415216
205556
449436
222556
136262
219910
177505
97452
349826
329755
252433
87442
230958
370804
741769
368049
190201
526884
253770
787977
348132
158389
165522
8232
693748
67137
660547
12630
25955
13654
357070
240038
219740
577946
24102
142270
363800
365842
472370
405681
218024
6942
13071
219225
197631
253919
257248
257316
360192
206433
231950
243920
249022
233560
331873
227170
201318
192180
227935
250395
199743
233984
263615
273038
231806
211532
182584
211831
187188
269518
244300
240920
270981
230393
162247
240795
210774
207059
210801
223242
229766
266860
289562
210297
198830
259217
220669
307967
187077
238237
199264
237869
299865
206340
243408
281013
273025
175942
233279
16887
204958
211098
324027
316670
225370
176796
183879
265269
281002
208029
257739
281444
283748
188421
245191
61257
298435
251577
224462
309312
237714
241294
262581
250533
222361
243793
212715
233422
251156
220002
240279
210820
214780
221600
293779
222607
219360
227998
251421
175324
256903
271248
258800
277398
228464
227606
247078
296397
232577
238078
231690
236122
213486
222708
232643
198386
245661
214336
239477
230834
262065
207271
260065
244352
227305
253647
201793
223207
239645
176784
247817
229369
247328
181815
294364
277628
193452
208951
219605
191820
174988
291482
191601
343716
286714
219774
195940
242070
176225
279561
252493
199640
207512
175362
315170
169371
296078
177151
295685
294944
236466
176651
353546
162910
223604
451515
239789
143702
157692
180425
297597
295709
309551
292464
149004
176138
288501
344101
304196
272890
402019
252073
171088
162991
219812
295399
189615
176774
181550
303901
292089
329389
336651
420421
113634
196133
182556
350183
230424
278891
156739
420102
319345
182971
198814
195644
180688
208706
220312
356046
167228
153877
293304
165064
199678
342416
199476
270735
150981
169510
173902
221158
191808
177674
240362
276700
290699
298325
134070
260456
184901
191734
336337
232184
176678
175669
159420
364297
255511
191359
211967
178719
173172
229638
311715
156903
217783
161191
365953
255706
166544
284010
264069
334437
287155
190315
223901
192763
