903860
472951
1026295
578943
333443
465464
388804
229257
756526
731787
576976
177738
472934
799113
1768792
838191
391739
1199005
595569
1793004
819369
353418
393757
27491
1570374
168851
1454991
43046
66082
42277
804864
564082
523295
1133697
66019
342611
748717
810041
1109365
973411
509742
23346
40924
511691
452564
589332
601658
615865
888415
471025
548528
572120
584814
557655
798672
516932
453808
439882
517344
596487
443431
555666
631070
636884
542966
485622
436086
476965
425801
644423
574792
557443
640931
541407
372533
556703
479052
484745
475732
516777
545501
577401
769673
467551
510837
571404
493144
791356
408062
612208
470176
562391
705804
518090
541654
571965
600552
369488
469122
46509
465521
474952
772998
752163
540788
445621
430439
578387
664541
506205
571358
637205
603332
466318
569804
155814
633644
639693
483845
690301
572069
558733
579258
572246
541648
584831
544772
523364
566421
531534
556503
541957
515705
502289
730807
502873
543150
512580
562179
360539
590060
638661
608395
691826
513790
509341
548287
720567
548212
573405
514707
524660
520538
514833
561170
482669
599118
488374
586270
595145
607799
471856
590587
573634
551217
608372
449542
525073
558349
354593
595564
534418
565573
447564
626839
669632
421673
379911
533180
447914
426059
639079
451996
837068
717345
581660
428432
526919
442456
695403
503109
434469
459272
394640
756612
378690
707644
481179
761440
653522
629058
399714
966514
436832
436098
945914
637033
385805
315246
460252
666760
670939
762775
657690
354954
365676
657432
886964
809399
686735
921123
526455
443488
381396
461754
633461
437634
402231
447564
638512
588386
692348
833077
957484
278793
433936
477423
759645
592989
577865
369970
882527
822792
442622
511921
448487
362505
478094
475549
825125
382308
403825
726724
399554
474081
821605
532457
592812
371334
429539
398166
502099
430978
436545
607363
623021
642709
666766
354714
590880
449944
476695
905110
566467
434527
414088
356479
892004
683977
487468
431677
452627
412178
559438
761451
370239
478151
376041
786655
509450
394365
616456
598465
760729
765482
423158
568881
475279
