248213
131808
273766
152571
99203
132442
114220
61985
211701
190732
157477
50422
145044
229530
494598
227562
111540
331456
164326
518168
232980
100936
102975
6168
437354
43919
410545
9790
16739
9663
223033
165908
141961
360184
15646
88661
210616
228322
304343
275258
141892
5223
9276
143373
129227
164468
168767
169952
237412
133321
152021
157208
161594
152596
215656
146923
127179
123230
145990
168152
122166
153947
172720
177740
145875
140424
121918
137689
121106
175379
156648
153666
177100
151821
104904
156539
139814
134285
135544
144682
152583
160761
221381
129275
141386
159777
138390
224537
113481
169902
134337
155861
189965
143570
150204
159521
165427
108454
130451
11731
129687
133520
213262
212858
151753
124611
121611
164360
184560
140009
156763
177790
166906
129637
160004
41638
178240
175385
135369
190595
152725
154758
164415
157536
152014
166611
145132
145756
156978
148494
153827
150586
144936
141035
198638
140530
152467
145801
158036
108028
165078
174904
169978
187596
143559
143775
150067
193345
150519
155488
143616
149024
145405
143929
154378
133224
164014
135932
154676
157931
164478
139228
160783
158770
153824
168408
129362
146893
156887
105068
165406
152468
156480
127652
180724
183592
115993
113251
146370
124808
119225
182594
123181
230974
213816
165218
120712
147555
121960
195980
144476
123462
125457
111865
213848
105409
200001
130392
210615
177437
169789
108782
268165
120309
126708
271271
178688
112282
89468
126501
183612
191005
209861
184037
98119
100900
180851
249876
220885
190873
254115
147574
120613
104826
129000
182439
119582
109788
125636
181943
158995
200043
230324
262344
79943
116484
128817
216320
162764
168287
103025
255521
222946
125849
143078
122328
100075
138582
132101
226227
103119
111587
207322
113931
126296
225150
144937
164824
102941
123962
111484
140007
118396
117119
169731
169952
181435
180654
98400
162312
120784
134912
248516
156726
120493
115157
101637
251094
186211
135785
125168
126654
115313
154089
210665
103601
133521
103720
218420
143241
110180
178939
165002
208369
210391
118559
157032
129469
