9	76
0	1	1	1	1	1	1	1	1	1	
0.14356292947398613	0.34154003374011366	0.5007085996880538	1.006554864308458	1.4404844693079417	1.8726584065556733	2.829099399079325	4.3488968853194425	7.001412915173637	
0.14610612972954592	0.322880567781512	0.5852554161548433	0.9046367080134667	1.044345210059355	2.1383266036986703	3.1749462776821793	4.813292864166039	7.109373656967207	
0.16689847544321634	0.36978222975891645	0.5336084454754998	1.169322461702237	1.4384682360640717	2.1529947977612833	3.242159346689249	4.5891381423455355	5.913383752845634	
0.14139506989679645	0.3592193602328651	0.5980348037870401	0.8794614962845599	1.3280630530771655	2.1728824989537574	3.167132404338222	5.17679684486221	4.4094181149641924	
0.16637260277883692	0.4273512373149099	0.475596586055511	0.8981300537505276	1.3768839561626018	1.8473849856356683	2.9972095765329656	4.000240869540377	7.0513622660541735	
0.16403517589721192	0.42831909360977805	0.6433003238425941	0.8249981852767978	1.3549936019219924	2.2552155306640023	2.8528084621101177	4.8208492935775755	5.8558047611051185	
0.14437768788675603	0.40701647879173264	0.6266557986891623	0.8964301465788256	1.5957841618810875	1.917571384566022	3.450179072256886	4.766895566085773	5.814272136411606	
0.15489199533363177	0.3324576840973585	0.655441621152414	0.912804101310802	1.3552506080657774	2.375536983554931	3.021088300573603	3.866192416636398	5.066022495885658	
0.1590901492701846	0.33134368460514124	0.7052876509190619	0.7363805650668138	1.6725932606654754	2.195368755448563	3.2185682386421224	4.2547864109359725	6.239481668611242	
0.14943547946362729	0.4219254715166278	0.6068536589197223	0.9439780638159546	1.3780034536534185	2.1377566908999706	3.3500355748899193	3.730424223304518	5.191088746736572	
0.1611489614103407	0.38649288664886183	0.5889609998188392	0.9317143557750817	1.4797041838667189	2.0339516687334873	2.9970509642442487	4.588130364793956	5.412976333430981	
0.15612379133571705	0.31530182303896204	0.6617493382395385	0.9739515658644131	1.4666122520068843	2.361278561548285	3.791279194450337	4.956466529258159	4.895475461201013	
0.13080634549896447	0.3562568940475642	0.60156546301265	0.9781422889036285	1.3262186347190543	2.1901548543625715	3.00450054698517	4.2248169886536235	5.156003341891067	
0.13615150130833645	0.3286359849865793	0.54144760482136	1.0279886870845292	1.2942359588970322	2.7159621439400388	3.410328317786289	4.583176255662693	5.484985331891272	
0.16050464819113486	0.3581257626029646	0.6073205888787216	1.1680878620589978	1.416263434339375	2.3970937651514204	3.0214676618340865	4.484255179276367	7.062480381381306	
0.14059549413318348	0.44887304520388327	0.6424651161273286	0.8776905898418331	1.5204343066849393	2.3590992066697467	3.452088237720589	3.7933988760492947	5.563717694505079	
0.14628722046672743	0.37717152969419826	0.6372403258530407	0.9465261930867928	1.2390457567044555	2.231742537966282	3.448440367217242	4.751905701568967	6.648468435332774	
0.16250883231823357	0.39744884301068056	0.5957900573124811	0.7755306331830129	1.4914354053359598	2.194652852740069	3.3382631220884966	3.9254631408808605	5.351366075755042	
0.16579729279999356	0.3784969041534471	0.6408900418423574	0.9326336089801329	1.4342551279478915	2.3517310182848394	3.0822854633293533	4.543254349623443	5.722634826776974	
0.14348255658851525	0.3682514593081917	0.6133280262980227	0.8854763781852967	1.6095731259570136	1.9576594300228067	3.189266715647558	4.302121023776621	6.86818673061224	
0.1529483216476736	0.41921009249980806	0.5108663776177816	0.9548356747258412	1.5572172037741514	2.167691057694216	3.596281121896239	4.267220197454832	6.845608464111348	
0.18448347185428876	0.36621213470329295	0.5732698487159537	1.0651647563719462	1.6558788168394918	2.0375850941620475	3.1134392844438463	4.373196926012772	5.193329693379433	
0.13622022080273702	0.3418426508634214	0.5539321460937522	0.9267743054730294	1.4634927067527226	2.4833576059550264	2.9255349367598926	4.942945079314463	5.871606693464694	
0.1492580443552135	0.40564314070233093	0.5326366787062621	0.9655641063951168	1.4538026657744672	2.255877021761752	3.343979809270041	5.6048850629599025	5.61735600944921	
0.14203504567497272	0.35632065999585893	0.5666713728503847	0.8707229971604938	1.6000293639483798	2.455408413317819	3.06450745453142	4.125439992103097	6.282849333831842	
0.14171665433578542	0.40405140907470943	0.612175381251078	0.7890357973052575	1.6512932437901988	2.536113699715537	3.0508436755925747	4.325534298028807	6.1715192344349425	
0.15501685184980538	0.4050246823615675	0.7206122723259809	0.9135439078430534	1.315843494031001	1.8534463659768765	3.012447737018876	4.485092862206791	7.076734718110672	
0.14223583051445743	0.3885039421622781	0.5990146262356348	1.040520574430672	1.7913513368999279	2.035863213822131	3.0909321811815778	4.969872394681082	6.4091348937757875	
0.1777006098860405	0.4021892710423866	0.5784424745527764	0.9849308992543848	1.5885446120233557	2.326403668957433	3.4148640601098723	4.980003610315119	6.701577354267404	
0.17073238486556291	0.4046509757284064	0.5899729151809887	0.9436443728382989	1.6025307822106951	1.9743588307377442	3.3698188253836934	4.322997534452687	6.017246893760889	
0.16917677793910949	0.38726176458475636	0.6027861928893689	0.8035333788888676	1.5367142599418926	2.2887790989453314	3.9530577850742747	4.3614997942711495	6.131490196598364	
0.15374075525566133	0.43994322463101204	0.5942822680567829	0.9559490018966417	1.516929200889465	2.190120961478617	3.104909075271078	4.587340496804238	6.644179049915863	
0.13460227050883408	0.3850528476175813	0.5579927511036495	1.0411393364900103	1.21218427261592	2.0298318028366085	3.3725938593959692	5.204485813155453	5.960549843356207	
0.141672007099602	0.45148396863874246	0.5131191659750254	0.7255110460343324	1.4929220663576264	2.0420583417641884	2.9180993344325183	4.81876040128471	6.146280428262719	
0.14153882053894906	0.33134843285050597	0.6523474396968086	0.9904687095501554	1.4158178514795483	2.547026954150248	2.9022224509440004	3.8135136730838677	5.584855158071253	
0.14931620975466753	0.3892468990742623	0.5855258365286202	0.9627411518758296	1.2510298623407665	2.4604093898757506	3.2233008670224153	5.002783124214657	6.205635207826623	
0.15685129828730676	0.4016511566488237	0.6268625136010388	0.9897732166676817	1.6200688118089377	2.1922520514858164	3.4804262212162667	4.459618937570748	6.864070329269683	
0.13985411546911095	0.448435736450611	0.5975905229613393	0.7969379155030215	1.4483189313322429	2.003573893642901	3.5232091534213352	4.206319209313924	5.732289940071132	
0.12165688903581702	0.3628123598685351	0.45456724040226254	0.7826970374158277	1.5387392958286343	2.3189470341099288	3.388273707580114	4.064860735591854	5.971373186314812	
0.14994596191364148	0.33598214181068337	0.6902038981060291	1.0115946930235376	1.398402123142358	2.155780455383824	3.317724412582955	3.581219309209069	5.851693570487642	
0.13977023628003302	0.34193843962399323	0.5831339824268427	1.0971848469970056	1.5216405291611823	2.027196517196699	3.436089403940752	5.129709946463701	6.554780209747662	
0.1508944555488026	0.3554164024471882	0.6418933988168154	0.9665941408442228	1.5580126304639657	2.2865619373616233	3.591104632478784	4.259144154797744	6.790436439380596	
0.152963994070386	0.4588599131597601	0.5586487309146259	1.0914446336943684	1.4583012420351584	2.009945129222894	3.0927371039323455	4.355843711312556	6.254499567841149	
0.1578425323205325	0.358199399850334	0.598538724464341	1.1292311433509035	1.6770386733244016	2.243809588979917	3.262351130404665	4.5540140970232175	6.368110783638251	
0.1346581115220239	0.3702196915779129	0.49988495556734464	0.967127750402291	1.5225490193774918	2.0461149106056347	3.76154569806926	3.9484054516489464	5.121375071874108	
0.15336677727839956	0.4197897354992619	0.7010356614874721	0.8873237635531885	1.5842513591806753	2.141720679057348	3.1938961275192335	4.897646971869002	6.391393727048053	
0.12635411764523624	0.4361085332895841	0.6828054812488471	0.8718226687596138	1.4865999052815495	2.2562164900507886	3.3347189738927696	4.2523626807695605	5.597025979237169	
0.14961668893512833	0.42456370273185584	0.632616009275666	0.8955328671159922	1.5403529156227134	1.5375633365645336	3.6233488526209334	3.717128799549855	5.78253543515812	
0.13320495158060783	0.33080210392260556	0.6696496072427112	0.8865037882779941	1.4795500550874923	2.1399120755409755	3.4050382688475143	4.534569850977115	5.230204665486858	
0.1649440022917071	0.36123724983987016	0.5066050860804149	0.8901852900301701	1.6446086500607064	2.332797674554401	3.1366880563174457	4.3428340330567075	5.807018969269571	
0.1811512197534126	0.3945135471847991	0.6258024988314642	1.0258163612249613	1.4641468497407915	2.094305938648549	3.186186299047382	4.467779433263671	5.977666658094095	
0.1609144431545547	0.38197394366067733	0.6439584046329346	0.922493358049902	1.4412448322152007	1.7203868528255968	3.5478064942783067	4.655919814154097	6.598806065915792	
0.10655616932709465	0.4593582387816677	0.5916246223106896	1.0330610019565891	1.281293452421049	2.281746389588452	2.9076399419685615	4.219303967686888	7.148418812320071	
0.1471397639885498	0.3882624491808295	0.6522040638413252	0.9760984155814524	1.4515099034355314	2.2284666155302384	4.03111006520244	4.474071541334887	6.120659428028981	
0.16575981594011419	0.4220099854524034	0.6712218183336227	0.9894019106487142	1.2665502974795408	2.5011877794447357	2.8774377472689263	4.636185959357565	5.547434489988385	
0.14903792480110511	0.39249297159153224	0.6192814329270163	0.9692386301438816	1.6607607114753864	2.247509874825506	3.170649093530539	4.933839225729761	6.713682293354784	
0.1315858827729451	0.4027012026542946	0.6420703645386538	0.9023265941875208	1.6267260743035614	2.1177380487880066	3.2908123473782513	4.422117679072259	6.00934742854888	
0.13355587369657196	0.3252780664614168	0.6956703037934984	0.8512325946063956	1.288230894027748	1.6870211255752012	3.042337432000912	3.904609592966626	6.985209096081822	
0.16514725634013952	0.3538502868832465	0.7351461483206585	1.0213041902902185	1.3835491121582668	1.6126277713021817	3.994556336091991	3.874692389956382	5.012760751825865	
0.1653385564801446	0.4727105914408924	0.6830563691106312	0.9824435481648695	1.515049870858136	2.3334843451377663	3.4966517916806987	4.626536140786219	6.062520662371125	
0.14906110308150716	0.3513493456230663	0.5831594953879935	0.7725550162798291	1.4159374333683508	1.9374529119625525	2.8913334719048747	4.580952368019066	6.83520137180676	
0.1637747490900347	0.32032097706231927	0.5406223118057797	1.0174917204829041	1.2895043027240216	2.10170387275064	3.4287669321829792	4.064244995311364	6.063225303687576	
0.12998961757622693	0.35714802952985386	0.6191869160485522	0.7818515827815549	1.4929878875283369	2.1457778732307635	3.429559235185573	4.600761360329098	6.818484257984306	
0.1518783675397186	0.3636825894372404	0.6073378501819371	0.980526716700384	1.4369869900565757	2.1587272136088345	3.0218527014628043	4.201694587102073	5.158436836920184	
0.1762436511478041	0.33273319705513116	0.5584256881322455	0.8631881243020647	1.5579741859030551	2.086585819167214	3.6555161736189636	4.196929219090259	6.167396497334281	
0.13746979420110364	0.4615156668553888	0.5287440948582292	0.9588133260511136	1.52063009397329	2.238966805952072	3.1897815108647447	4.441580685119958	6.026286883187465	
0.14779496997557265	0.4166274064382066	0.732631380095481	0.8781532639942715	1.2341181739201919	2.13101935960448	4.088405534737654	4.138346444413621	6.9834700832664405	
0.17516551221114662	0.35896364681509624	0.6341389847511164	1.0814408859509541	1.3757847330387893	2.106230222577992	3.0609537029666907	4.04335947118821	5.610433472960396	
0.13164089599856615	0.38129517179385053	0.5538016061364814	0.9517420897965395	1.2075069225928812	2.2211392499261082	3.5208969125229004	3.602818960842845	6.2244339419085435	
0.16841503488709939	0.3340336412897342	0.7003543432102621	0.9689687678710424	1.3291833046265475	2.1380096483035933	3.4314562465695597	4.534202426135586	6.323253595467822	
0.1361898961038095	0.38643571131337096	0.5151771301857011	0.919655976294571	1.300741207270535	1.9918610623432	3.6517302819433923	4.991089554267421	6.365482872544307	
0.1336153085299113	0.3679764789115975	0.672785861998751	0.9431796729685111	1.761664124217382	2.23456333546979	3.3124159628592604	4.360897591108874	6.08012454286937	
0.14771295245429183	0.40690812971416646	0.6574021390076751	0.8569029801727607	1.2396336876412377	1.755215844782791	3.415097181246577	4.003485027221757	4.70826564422851	
0.15582867906796447	0.474733981662446	0.5996357453076063	1.0079796420240026	1.4417015982723018	2.1287387245639042	3.548699856971025	4.369376455115107	6.160435388443142	
0.15482546709294018	0.35461256276156417	0.6595225409721914	0.9137287426273271	1.3219284421925233	2.2653496163676365	2.957997905917913	4.512681520816108	5.994528602013478	
0.16628843348747366	0.39803853284943824	0.5984983824752914	1.0060522658256268	1.6287996795094757	2.2699292158656506	3.253364601449099	3.9096736954424283	5.360931802154777	
