4	24
0	0	1	0	1	1	0	0	0	1	
0.34983703046734477	1.046729633975581	1.4910632428812631	6.113502843069772	
0.39473696734165375	0.9861500430738621	1.5184124334613809	5.509795894179221	
0.42790483477689806	0.9884121865884024	1.3735211888671592	6.463595677041287	
0.32936593333404746	1.009525248933924	1.4711880784924987	4.713239070381637	
0.4559194093296133	0.8084403198427491	1.5120845452922358	6.848602104118887	
0.28065880822832945	0.9516336685235945	1.5567311193830384	6.669660491479115	
0.42623913159161203	1.016111416908643	1.3819549210665114	6.275585591242544	
0.4564345005329806	1.0475148882324858	1.3346378060349176	6.639216986496222	
0.4315390390601004	0.848186858088209	1.4269899272574649	5.8284277622585545	
0.41513064992690435	0.8918959441315719	1.3400276726633282	6.654935329901903	
0.3342038172844403	0.9472542052658953	1.3257515896207603	6.654521633684601	
0.3567646961162822	0.9334140120285966	1.0880748135350025	6.001083429275468	
0.373287266190865	0.9366565137800992	1.616177985184149	6.358893257314836	
0.3950344365627008	0.8612994159547112	1.7355980212727644	4.897008907219359	
0.33453692109471567	0.8588991985461611	1.4571892304061052	6.026093336211202	
0.35133094548108285	0.9463831998621388	1.5956207631103354	6.033388765830921	
0.33215096436270813	0.9203354728846406	1.3130708906584656	5.161244072506415	
0.38147051709205115	0.8458704097128038	1.3826948860073855	6.253364933395412	
0.39218792699918764	1.0420636588695993	1.183940812075981	5.877330417581672	
0.4184528628247363	0.7738076784036818	1.4055933493570487	6.120418701446983	
0.3383273714059311	0.867131300952621	1.2599337917363542	6.167381051352709	
0.2850136438124046	0.8588205108478698	1.3270722373023929	6.5445661203441325	
0.3206469627199753	1.050576279450082	1.536846612334667	6.627045634055319	
0.3637793700999943	0.8909497525450735	1.3174692086864728	6.348431355579789	
