10	45
1	1	1	1	1	1	1	1	1	1	
0.09296936197487012	0.17390347517038068	0.40625447901516554	0.6766407805347132	0.8416359814524187	1.1514745001343907	2.2180221297805405	3.8524193156096573	4.281598923599057	6.061089813169399	
0.08430464843776758	0.15042309635610226	0.37525046415807345	0.47441733861539515	0.833527718492229	1.2703075910286947	1.8103587988163914	3.014422227842972	4.728946664999146	5.620090525060034	
0.11148489270048344	0.1445586050542138	0.39239629039524454	0.6298487809225742	1.0726508363940155	1.327596277853511	2.2451072941099897	2.9423463054189942	5.274943059642483	5.376186633515411	
0.10383676229156646	0.1733919055009733	0.3345321755455515	0.6357058324044321	0.8376714630352972	1.7629561165986598	1.7433552084126962	2.7568744633394537	3.9953153025227977	5.346408210754776	
0.10520869966079965	0.17699520409264383	0.4238949052493779	0.6140341372052489	0.9308912092979044	1.3432901927201555	2.2340806929651187	3.1821387574439064	4.585234907702138	5.555457041148147	
0.08798171397728803	0.15038204015695283	0.38012805336962013	0.5642440282588759	0.858714561368029	1.5098520993376014	2.2478138620871904	3.8598788009079423	5.1214184219046865	5.283694514051226	
0.09809174174110132	0.12952846925793285	0.310109036975358	0.7317293452586032	1.0676675748513993	1.339938040093584	2.4173258698748112	3.7023091016096603	3.635791123440507	6.51036219421035	
0.09508346398841416	0.15574642542566466	0.4943747634399408	0.6951217443252858	0.918076272002101	1.633299311071367	1.7367461051927606	3.413661170099912	4.737364525362898	6.423415818774306	
0.09491513254142796	0.15572960655182422	0.4125269624781884	0.46062228730105365	0.900595560191875	1.3008263457690183	2.2923600033561353	3.6977974538390614	4.22466628688278	5.346783878925723	
0.10117163945434311	0.13270183482310033	0.37139554687347703	0.580087066576526	0.9839495554339568	1.4750729686199937	2.184700336419366	3.781976416169401	4.621378287189358	5.749297334332689	
0.09704809588563561	0.13853542874361333	0.34129182103076544	0.5166394547708908	1.035483617543727	1.3272820908079899	2.217921827162253	3.152543473964921	4.486849202134846	6.692280670838353	
0.1017665642836205	0.13615987875181754	0.3585637235260944	0.6515967616772033	0.9749356039814524	1.561905104875221	2.098722191809549	2.7962857599903193	4.727991594911062	6.151691342965188	
0.10279008887160467	0.1292738453803681	0.35567177428309815	0.543697904943525	0.9671410978073882	1.4920325526134808	2.140650103385076	3.564465033560327	5.170820245456476	6.211833823606883	
0.10671071029924291	0.1418767494026307	0.3524337176984524	0.6605846331443779	0.8486489700988478	1.529680059621742	2.5196863008058727	3.4623816103836473	4.463580393684604	5.195805442566492	
0.10163302791146281	0.16513644201588593	0.37319952217072155	0.6612896356711067	0.9639472347184034	1.4716616984478805	2.081890523716436	2.776785755049635	4.308700123052575	5.740167405516701	
0.10575440826086041	0.14977163060891888	0.42116038480654616	0.6168811814099698	0.8830954664480605	1.3134727639628752	2.0202744416135867	3.302249904197682	4.332243056255802	5.354136427963387	
0.1100671585602219	0.15228467036699994	0.3904393408084841	0.5506425741258367	0.8331314102771118	1.4068002534554596	1.713933684816379	3.5034393257384107	4.183189481754818	5.839377153602574	
0.10426919298252602	0.14663047383590894	0.33560177068067026	0.6903420215886473	0.7874698732061494	1.1101740496440073	2.3380390722660986	2.7756848630720574	5.063752293540371	6.226132922626992	
0.10283003725841662	0.1414645754855353	0.3486347828444642	0.5774247496542786	0.8484187370200467	1.602696524704541	1.9903090162742059	3.4145628596856343	4.952343477659121	5.4712892759879415	
0.10376591418416502	0.13659180277339228	0.37340602249434146	0.572481903812962	0.8653240330839693	1.4525634511839518	1.8889648804125447	3.5519984214896434	4.013308034222235	5.239746866650714	
0.09747703464385074	0.1444124646897452	0.39351117383773004	0.6050899455394152	0.7786554750225342	1.5710790559150294	2.0903720168437987	3.328474272045033	5.490969848850974	6.77186536791423	
0.10210529263211002	0.12940395249435308	0.32845927113604406	0.6697226602504691	0.8926311354992221	1.405916675325724	1.903724279350909	3.394901649057395	5.013635769191826	6.914130075492798	
0.09551850180769435	0.15967317698818703	0.3763867008861157	0.6528167140707649	0.9296310503447801	1.312149968245851	2.4338338824937646	3.282025225140424	4.34184311126539	6.1066680803351545	
0.09263359695119057	0.15622878189829603	0.3725406097737303	0.5523123056040773	1.1510516379649507	1.2859571971329153	2.2259559893543375	3.2684588751331716	4.038481225644597	5.797601585943002	
0.08657448441520249	0.1809973382990951	0.3698176102562022	0.5890312028537671	1.1109038788011438	1.3121713098196133	2.428297939850553	3.4425711056499444	3.609456649614801	5.777345565776538	
0.1043660599126402	0.15053357742263715	0.3814538824234822	0.5635701154736393	0.8637028581268409	1.3858978384904492	2.571681518322165	2.9550054394925236	4.283007443999351	6.017307881591718	
0.08536846340037701	0.15647922334708586	0.3310558242502609	0.5347654673007648	0.8244213607989999	1.1953969113753258	2.422690509804816	3.419516348235604	4.91507425435998	6.498757820627518	
0.09831889805828337	0.1495571870903925	0.4185210778113742	0.6983057465665605	0.8129975704035742	1.7903547878330364	1.8671349923256237	3.0998646091152553	4.533330731298614	6.099542828618306	
0.11963832086739878	0.16517860599738568	0.3956877258525886	0.6621295985218362	0.9621549611049386	1.3334156400556731	2.254412270514613	3.2719548091811634	4.120714890987714	6.757674143910975	
0.09945544456879762	0.13319248993783966	0.34341910507562634	0.6320997621222998	1.0275972029707146	1.4988762766343813	2.254539754945623	2.9866448836782733	4.54179804749774	5.801933814221435	
0.09805033820397252	0.14832311614916713	0.3549224417575844	0.645099993757075	0.8361522178819709	1.2442962028861306	1.9811814172253368	3.537103409457857	4.652621353199129	4.930054857602001	
0.105972736873012	0.14927237880716793	0.36413945853513613	0.5854811986210768	0.8059725084908372	1.4547734343910328	1.8774764262248511	3.1362480400536494	4.343080329364978	6.461945654972441	
0.10039744249186831	0.16058986561264055	0.33456178131097064	0.5935319910845752	0.9793194293779403	1.60764877699139	1.9050751199842753	2.9766908159092966	4.72737914086644	6.966955978013178	
0.10285879816226379	0.13335058923290677	0.3385631215221428	0.6080907132230559	0.9632546264488642	1.398357875587494	1.9179998010375936	3.6079599511037785	4.34307608390876	6.316179100660888	
0.08226832062189203	0.16801731608892442	0.3539772141139368	0.6806810625268307	0.9869845897206236	1.225690185358669	2.2027882503125276	3.7883731423069027	4.230937192630992	6.994995325560174	
0.1038573354369347	0.17010536630922998	0.38606045903952735	0.5925614445822123	1.1008561434961643	1.5331604730191934	2.099405762920211	3.387763248446399	4.245819547313763	6.064730344294006	
0.11195621819210291	0.14757219540148905	0.34676819768579814	0.5419870399000388	0.9368464823918158	1.314519905047944	1.841960673334418	2.8604588260029336	5.02879486675052	5.9145765584595456	
0.10057763826653064	0.13550086194487437	0.3579032262259165	0.5631747213900443	0.904260470253015	1.1928489667439421	2.3842801177855804	3.2446618281010866	4.590938738232919	6.5486030304387555	
0.10837742547228287	0.14137378611701304	0.4029697621409205	0.6356507302743827	0.9593862266404057	1.5817402568885925	2.32189941462949	3.4863951243072537	5.1143765053438095	6.017195674430798	
0.1005776889935775	0.1622880527733095	0.37321875464771886	0.6288964603288301	0.8779100204476756	1.1040319711441884	2.2785429057463316	2.7466788903916504	4.1853977426688935	6.492007042805264	
0.10831762597914757	0.16762907831532012	0.3032505656181787	0.6177608051085381	0.9060352732429529	1.571314883065734	2.4674173831355306	2.8246026370567643	4.507147188534209	6.4995792896919315	
0.09662001654836544	0.1761854207942042	0.3647441572473968	0.581987895800586	0.8301824066242797	1.4520106533313721	1.501087358284093	3.1694765870564665	5.071036268666432	5.1619401904358675	
0.08381697313051256	0.16674335021381642	0.42756470852340894	0.5186587486992958	1.0911453803310225	1.4918406023729864	2.375479930650514	2.992642304719764	5.17007654155895	5.839190246052129	
0.09687965077447892	0.15723566878959394	0.36510304517769304	0.5087576254988588	0.9422543767800735	1.3844912460257006	1.9848990746874313	3.6531713253583646	5.576547006371581	5.4485248864941225	
0.10197441084766941	0.14402340607416178	0.46695917628803724	0.6295040871231278	1.0162068812569192	1.599002055672869	2.177983078789888	3.1894254142725664	5.183519541593403	6.466733025716944	
