8	42
1	1	1	1	1	1	0	1	1	0	
0.09805918746026282	0.14365522140229828	0.3786925002968153	0.554887433894975	0.9089565558994417	1.547400367001341	3.019826685906343	4.923105161165981	
0.09752991261617994	0.1663982902287987	0.43178690969895017	0.5400510300594029	0.7337797937548014	1.4536603375881392	3.3333583962287707	3.949571040934529	
0.11667909113835924	0.1445681404406806	0.40430482894089076	0.5560315758686271	0.7911515073692659	1.5969810485281857	2.9490663033965996	4.853584286599592	
0.09172464139824106	0.1467008228407627	0.3739551813936506	0.5984326290828627	0.8702475181621158	1.5329254172569997	3.5563751709351967	5.049626397177696	
0.09553448046298184	0.13321686247700373	0.38812478561013586	0.6222323903111387	0.9649970445463467	1.649298052101222	3.2860021087103215	5.44433003619002	
0.10879560913047248	0.16365635611699159	0.3833267245529085	0.5813082795056173	0.8732375289393448	1.4561859258642895	3.534706050822448	4.411410682969888	
0.09629369947378957	0.13453361984959386	0.39945736555633793	0.5358952723652719	0.9670111399752082	1.4705052909829213	3.204854173444229	5.042373401308677	
0.1159006076884976	0.11840280977833938	0.3234922398477911	0.635080146615407	1.0874673014336427	1.235279017306018	3.3869861188541384	3.7145316052272292	
0.08147033655675774	0.18102845826423827	0.39477481484822247	0.5077404730600469	0.9099217232457671	1.3183329082374464	3.1112074462767048	4.35899811360138	
0.10211148420583045	0.1567399274087374	0.35392487598478684	0.5557732749995343	0.9676048208313627	1.3369347395097078	3.0360237375524157	4.5475351674591735	
0.10030561664340393	0.14333687179604462	0.41998768158785243	0.6296321634189368	1.1176825381721953	1.3944811792579423	3.4792224686024054	5.1559666102724	
0.09106947178976318	0.14462196115615855	0.42659771803182	0.640399506507107	0.9278735302397513	1.232429957694074	2.828170105880333	4.29606952985847	
0.09197189245226606	0.13830850975493952	0.31034944620215915	0.5186079182488974	0.8480589252422375	1.44678085371598	3.1381918359966137	4.526306321341529	
0.1001498557290742	0.12449123762745641	0.420421605189985	0.6439825190162697	0.9339741666378405	1.3542908867631822	3.692045855120062	4.042893945986306	
0.10979113399556238	0.1369706438090138	0.43002144829134836	0.6278756195271336	1.0132463977560313	1.4603263777921636	3.395262921336259	4.514048532226955	
0.08983472260702802	0.16641220978966448	0.369894389080506	0.6058530738783124	0.7824439373117876	1.4046291968692954	3.3790646556791346	5.276630525737269	
0.09935126831602262	0.1448622559525973	0.35495872909697174	0.5619445677336596	1.0960709360762895	1.2777451376342102	3.1153292759885898	5.140565812095547	
0.11152671850809193	0.18474124570055325	0.4207693144172756	0.6146990791634033	0.9876378444462186	1.285333936275582	3.2173957485176863	4.06557358331044	
0.1142997246774125	0.12797053687050275	0.37065897984464496	0.5370085391702976	1.0238041453899607	1.4543042615437805	3.24032894215073	3.9683494041184537	
0.11426100360795399	0.13606549724650732	0.36460965148907654	0.5997438192628707	0.9799556021200188	1.3887828035524534	3.716992767701813	4.524976339804882	
0.1166620398648862	0.13620101098206436	0.4000663131501368	0.5556629512851475	0.9154802225923773	1.2394772141760808	3.6968123289527965	5.118417551925333	
0.11225885292235203	0.16442510942317742	0.4843417659254563	0.6126918476893061	1.0868246701133912	1.4285900844724544	3.4483377876368237	4.870560266411634	
0.08187046335191028	0.14830941686080937	0.37157044515503274	0.5985004880866842	0.8632368946065461	1.4536376724914397	3.3659917831013284	4.047917926260469	
0.10037530514279672	0.14627540102456477	0.42580844499974624	0.6347200068748896	0.8584546962140813	1.5698319521164694	3.233299436652748	4.528421541417327	
0.09076267299861934	0.1530332725258692	0.4158989746579104	0.5855632331986756	1.0769809142025912	1.559138461692849	2.9788178821247118	4.61764486450137	
0.08623353674447068	0.1355059094227382	0.3138695190313137	0.5036364056998003	0.902443596306864	1.4028534096871703	3.3238397957614847	4.09658804674347	
0.10833748461482962	0.14679416826472377	0.3917881973757726	0.40668712208244484	0.9302804725104168	1.54256309910919	2.5101866703082414	4.514837011384049	
0.09210894897853059	0.17310942007097405	0.33108773873099295	0.729667441127593	1.050181161650616	1.4462429793115792	2.783437940084874	4.293535891530954	
0.10686198926065456	0.15165438266765907	0.33825728294813945	0.6664513334052178	0.9210684107736594	1.4704273224232483	3.5733068664756353	4.897011356619854	
0.11080011025947274	0.16047935413538608	0.3545535041392029	0.5974618736112004	1.055509830165476	1.2371036943274645	2.883393561459507	4.743552502731391	
0.0990977058357971	0.12486871097832752	0.4065605071111038	0.6271752777632175	1.1749952403328117	1.4577077467171118	3.9390112877792443	4.94262518113271	
0.0811805516158938	0.1504588122511209	0.3775591252958065	0.5946568915804967	0.849624739913443	1.544671337574368	3.1381356053927	5.029144061966971	
0.11028944422350391	0.14641791481580338	0.35694978338504396	0.5664976639752588	0.9325065643833816	1.4760748498194993	3.1043631789616475	4.313262399196486	
0.1028521300576144	0.16549660280791303	0.3892438147746546	0.598326919065805	0.9520537946598477	1.17318649284869	3.174671328431732	3.9345037113877988	
0.09454777741542798	0.13627691637070785	0.3447189553739985	0.5408957556815767	1.1462565133363884	1.421925336104238	3.641430778068268	4.842294633048103	
0.10688455597724018	0.1581567136515281	0.45926677230468077	0.6256513538217768	0.7644207610605608	1.4050895308086553	2.909957250088058	3.8699987215035683	
0.10431649503162928	0.11888539705386245	0.38412851295374983	0.5011475167439551	0.9136843552668109	1.5410471897201852	3.037773995878213	3.9678160161100418	
0.09659429846303662	0.15928938645911492	0.3915299738909652	0.5957008803986269	0.8521917830955773	1.3718059119622006	3.474145166952571	4.439825885215873	
0.1024203211964343	0.14459747337473505	0.33705430292216737	0.7201549983317962	1.0029265777943575	1.4696541707620838	3.1965725442054014	5.139759848989328	
0.09203504139026451	0.1600471700426995	0.381436330914196	0.5842493754052522	0.904196585968257	1.6167341428722088	2.641843704829949	5.249327836987811	
0.11023812655867538	0.15056090747738474	0.37099074121319153	0.5993686401806508	0.9750694608107626	1.606521290141169	3.4072663799677256	4.625082383566751	
0.1002646812592154	0.12235185519296299	0.3169195129152702	0.6660210672936002	0.9739286012315013	1.5483172972704518	3.51293092303433	4.775882921658491	
