3	33
0	0	1	0	1	0	1	0	0	0	
0.33610396976943313	0.8132508683874372	2.2588235488238726	
0.400607478728203	1.008791583512293	1.8403467037812844	
0.3483906111007322	0.9579962544579483	2.2198557891243555	
0.45197485824926065	0.834902415529444	2.6093999462669046	
0.39966354092245937	1.038368254092052	2.2807382345357463	
0.3519237324672512	0.8782342039683425	2.1506627042971025	
0.3220922469218211	0.7783518317329369	2.0171318349857676	
0.40660857473423584	0.8687805262569916	2.1349242773792447	
0.3743545545853615	1.0238164310454807	2.2413106635955597	
0.41247026204321346	1.0384970511365115	1.937568578893196	
0.300782246559858	0.8919613353325353	2.3935858127695933	
0.40635342334484204	0.8948661104820221	2.562489355957248	
0.4095055154712541	0.8740052213269176	2.4005325605563956	
0.31988351958290695	0.9607767314661483	2.036098090748785	
0.3774255034657496	0.9862727455855052	2.3489234388794875	
0.3842558936804645	0.9094868150941147	1.7802895455185899	
0.32068246027159186	0.6906016554813889	2.1857531965245105	
0.41508415589209885	0.7080700025011264	2.37637778855374	
0.43282908965202577	0.9469002147217259	2.4812004381992145	
0.3783530397089258	0.813147091291443	2.0789821882849173	
0.4409789731250815	0.8729777859831062	2.2402162758675424	
0.40064887424160567	1.0393215957221242	1.749115920098183	
0.43263131363502483	0.8421022457777446	2.4759017742989933	
0.3661785605626816	0.8965751407129514	2.3156296760582067	
0.42954404858073153	0.886110417052926	2.0893549488471765	
0.3569005692309701	0.8765109299604256	2.256764881997848	
0.3765428800837857	1.047009158371496	2.0008849945646756	
0.4086161496376226	0.9961735409409035	2.0894881115894286	
0.3703145375201121	0.9753279695087956	2.001173351249654	
0.3661792878326524	0.8086510952075436	1.9545432854719018	
0.34068502994855937	0.8428241745438149	1.7723055078982997	
0.31724851468101406	1.0107848383294231	2.1196077270177183	
0.4273407555346442	1.027329337103961	2.050535868905636	
