5	69
0	0	1	0	1	1	0	1	1	0	
0.38858495761889594	0.8915773729558999	1.4876933186117944	3.5883295719138153	4.172648349946065	
0.3473733813415865	1.005994605605869	1.567836151277654	3.214739665724365	4.415867349976535	
0.41378556688794255	0.8558671516499329	1.0887861049990772	3.2864375018931007	4.550808581923191	
0.4154356981450621	1.0046377782628548	1.6680597136241795	3.3365170177276933	5.495223342832598	
0.4245047526457404	0.9403430342629268	1.582857082449841	2.9599689875179696	4.374861617757961	
0.3743030754382539	0.9124108628525797	1.5520728933162284	3.6085583175844604	4.852656108389631	
0.35620365462966574	0.9932036796346629	1.6035601995133482	3.485956005665515	3.865214384634177	
0.3432154299776389	0.9819448287536909	1.5963697152045784	2.932052738981508	4.497733434254442	
0.3816809159684674	0.8363303755886752	1.4704666648906404	3.378013423019466	4.576630711916775	
0.4179011432542163	0.9262964717204125	1.5312106956854943	3.38953595175464	4.797721398696608	
0.36223435012107014	0.9799135616234425	1.5964498975784793	3.554820419381582	5.053556442009573	
0.3873370134831608	1.079036376046815	1.3893795227320485	3.168732898960868	5.28970440442074	
0.3977549395090405	1.0149359210549576	1.1850189974810712	3.36855237639811	4.625727416640714	
0.402038555872575	0.9817727376286154	1.3819605643886266	4.04645584022883	4.1466643029727885	
0.3710677924976375	1.0173736508868891	1.2863142581401392	3.2346836336696683	4.853631414092398	
0.3627624407906274	0.8679817421638907	1.4939680188798685	3.3077565083006975	4.227380901305949	
0.38607250799527	0.9297657507240734	1.5733467775846284	2.9418760234117216	4.13145082756397	
0.37125271657255854	0.9062603649432107	1.5676716920844413	3.3035843926358557	4.800350400575335	
0.43488095841107954	0.8556315902120315	1.6379823380769758	3.261012920007399	3.4665004243055493	
0.3891701905330524	0.8017326052119322	1.2418738914940894	2.9281451727866212	4.469021204928011	
0.3326430241374341	1.0481501526394248	1.5904404174594886	4.096256340793315	4.465316852133686	
0.361843096209883	0.9504153743565733	1.5541971344599115	3.6711815392389004	4.228956827827485	
0.41837257050942905	1.0233756446171898	1.8534891398287905	3.7104846345306433	5.345243271040612	
0.4557127061098992	0.8688301119214805	1.3213395682621416	3.5753571317757724	4.3403483660015825	
0.40985775195345736	0.923553933082001	1.4893125323405147	3.359400352999117	4.827433630123076	
0.3352193810201002	0.8108638549762159	1.4168440100205861	3.2887796002458534	5.255185296386466	
0.39642716986644116	0.9526800012994924	1.3942764192958566	3.4193129443964176	4.396846000345056	
0.33505115901849336	1.0295563982398184	1.3592108639413683	3.1119761964742434	3.8609287616520334	
0.3945064675670046	1.0890645904318506	1.1856291294755046	2.7277843605859795	4.682171307200976	
0.39011170802009293	0.8859623388945428	1.350936254302918	3.34486697336434	3.645654700031909	
0.33040544026999	0.8361324313036271	1.3741545565807456	3.1318278658959735	3.330192256249883	
0.3305893604480406	0.9835982991410746	1.5025663120656452	3.5310826759042957	4.7357382308761435	
0.37600480257805813	0.839457687019515	1.2889375877171336	2.974167500534391	4.870364513794733	
0.40008305909540565	0.8401695077732226	1.484133390082656	3.4539294991060165	4.730554554372118	
0.414002385556707	0.9346547097132176	1.3922933734289287	3.2739073047684775	4.956845552426988	
0.4088320119443435	0.9387880880008854	1.5941470510464637	3.853605196587261	5.651612589368838	
0.47671377634543527	1.2290114624670054	1.622925144687823	2.38154681409184	4.595478797146774	
0.3242232235528229	1.0858970026256738	1.385262326946467	3.395335617649495	4.434362123095852	
0.4483410497819052	0.8197637277143252	1.5310838628139374	2.911076863473663	3.538695045937988	
0.38712802914780003	0.8161388118442447	1.2162039950085382	2.7397907582808085	4.3249041762841	
0.4154611982575265	0.7940920099763129	1.5846410031091158	3.0751310553519637	4.021055024962964	
0.426135915978677	1.0196538896364147	1.5463128384352398	3.3253028725512643	4.017396568508722	
0.42719800341962616	0.9326738207520261	1.4493535612303365	3.3776720016630275	4.946077352171927	
0.31813329191834006	0.9260584745370714	1.3651023152818167	3.7323479001912085	5.280622233573872	
0.3911327562370856	0.8078555438935673	1.3455522459909517	2.4291161939092576	4.956996684169959	
0.3582895920310346	1.0426658226399281	1.3499677768764335	3.185848649036848	4.330138764694634	
0.31934299938808464	0.7785791272935032	1.7123125488788336	3.002827801421227	4.836556262171357	
0.4799948356909559	0.8914577148671892	1.49586444060635	3.34389088527678	4.6503773838907225	
0.3985876701189063	0.818418899369803	1.2232213771493297	3.2388167886600168	5.13004487424512	
0.41494807908776893	0.798314398046599	1.5122827508950218	3.332073452582738	4.562225618561037	
0.3846468526195363	0.9586490956098167	1.425694188624167	3.055799349435422	4.399441093734873	
0.30974655911881427	0.9786006552655334	1.5012500828341555	3.7886784664792743	4.7755149226536	
0.3727287349948336	0.9752645718132058	1.3844591831154813	3.031886980492642	3.42430796995242	
0.39474941012555465	0.9763836348257088	1.6151845434070213	3.7195776883448324	4.656209617914217	
0.33265598509680994	0.8182413966772281	1.461695022821096	3.5416475567290835	4.931339897446869	
0.36350171699765776	0.7346659289591723	1.2575012384422473	2.6217094721778595	4.650910700822882	
0.3700056477038837	0.9022195486925754	1.4982940413390073	3.133064684871598	5.365641371274526	
0.37275960400539165	0.7691423894235735	1.0657913858495107	3.423491067599835	4.785391579309147	
0.403387705181246	0.8080465557707665	1.3034309520681573	3.794477565414235	4.4169610463006155	
0.3564615195504688	1.0587908733019846	1.2828020355177787	3.114873266283469	5.056914528743565	
0.4303657265842287	1.0557503188278836	1.535709979184914	3.905402703039085	4.923823738513012	
0.3925775033334682	0.9310928857000208	1.3866246735703889	2.8469696028936853	3.503608135513284	
0.4162303373094923	0.9206897572944657	1.3074054885406858	3.9102083680254327	5.038348896982111	
0.3740331255041782	0.9829539517970235	1.4261393981831956	3.1316940115936838	5.062162248764913	
0.3902472341087837	0.813822851507328	1.4819170202995706	3.456203487971106	5.263685629749249	
0.39103759768072366	0.9354219710358278	1.503516272467872	2.9078325148674806	5.725527263561674	
0.4546589589444666	1.0200502211463716	1.4753116034000062	2.8023451059983047	4.512820633594798	
0.3989526645000108	0.8346285330534219	1.3519954458905656	3.0923776275065333	4.218661990992846	
0.44405563174303064	0.9146435613237583	1.6231175680688184	3.0918290615373483	4.344548448298477	
