3	95
0	1	0	0	1	0	0	0	0	1	
0.14401276390086293	0.9377954265922599	5.3497740584054645	
0.14095016422981646	1.0000494987753508	6.119825613731385	
0.16793910247026703	1.008730660701808	5.766559842660987	
0.17153262673362238	1.071156825150531	4.928748265609297	
0.15047671230137907	0.8788649273857293	5.843714520229474	
0.13775773792392682	0.8424478579482878	6.5407039437193495	
0.1324790766064985	0.9386819747068221	5.190517746176904	
0.1690410871790266	0.932793148488661	6.4471753108078556	
0.15292658671800044	0.9064482933765395	6.041022540549022	
0.17261000129279655	0.8465393205364109	4.470390634528986	
0.13819702928232683	0.8175548658785605	6.5808086786993565	
0.14736406056262977	1.0069529508165973	6.019134949281801	
0.15013014062738356	0.9452468806593823	6.888014571479811	
0.15279791361640924	1.0331527960295492	6.6270983210503065	
0.14755062627876264	0.9231240899374082	5.773318400500033	
0.16924765838667663	0.8424812324638261	5.566204963133416	
0.1458563394723768	0.8232218332959242	5.6452231297745765	
0.1670409928837103	0.9905807252801297	5.747555883088819	
0.16204243367878787	1.1236174503870464	6.187867135717184	
0.171305391891499	1.0091977599621245	5.823337818908611	
0.15295946954571177	0.9789442694286221	5.5530181537967325	
0.110861270169837	0.8524309726522493	4.705115430928759	
0.13872819860038116	0.771207657198987	6.528065222445021	
0.1322610374889943	0.9806020522726494	6.459961237904084	
0.16052263160535277	0.756244734881995	6.673586637241316	
0.15630507549077208	1.0047967139318266	7.097925761522211	
0.16191498205660101	0.8200133053217015	6.391970064509293	
0.12744574659331548	0.9241441974480937	5.698062720131903	
0.15015225810542276	0.7896125780237154	5.163372554179065	
0.14325971377471322	0.9093053510132283	5.7445229526711685	
0.17175678747028814	0.9693987175745595	6.2377148758556284	
0.14426531487956978	0.8005596389097134	5.997527529095416	
0.17710904949224918	0.9508673053932263	6.667915456341135	
0.16859086330574283	0.9820373370821652	6.132164383040421	
0.13518402778935493	0.9106144158363362	5.783462858287442	
0.15494993336169222	0.7984918055057378	5.677625582608928	
0.1560602383517461	0.8647033217772617	5.4506341477297795	
0.13812877416779218	0.904665927743792	4.571585047340564	
0.13880761481008194	1.0186060486859532	6.194327148243923	
0.1563005786734503	0.7600247215700104	5.751480613166475	
0.14826181421158094	0.9731856297126035	6.66651331073729	
0.16432088873700318	0.8755601280715177	5.662510677265174	
0.17118023983591998	0.8965134358473142	5.350443179347768	
0.14689302212995434	1.055490460403581	5.457077293895939	
0.1435668021033946	0.8496934863797398	6.573836597235402	
0.154317810951745	1.016106862725525	6.939011328933194	
0.1273184733153409	0.8593989223705636	5.739886849924269	
0.1510325753943592	0.9770484775253125	5.705127823469598	
0.13962087707067747	1.0189693271966291	6.327658512194974	
0.15473822672023854	0.7304444163993493	6.724005899081433	
0.15275953711478982	0.9149359358920797	5.5084004149949	
0.14050628420916475	0.847144989671111	4.801455075084695	
0.13773717298633717	0.7812894755712645	5.963719619270595	
0.13273858699437122	0.9978838702873786	5.001407584888844	
0.16792117423796907	1.0078051853846843	5.360258568229793	
0.14858599278370344	0.8505428610478531	6.347159607304608	
0.17699785234730264	1.0398389530329344	5.587363126831578	
0.15171951922291543	1.0715703961229688	6.31456245944301	
0.16515169094832896	0.9905642553134413	6.045754943774252	
0.14895801697877234	0.8173859371062296	5.540511180035831	
0.13647292529691635	0.8973247872231521	6.059728813271216	
0.14838098849053044	0.9500753339876283	6.398541123427979	
0.1437662148681483	0.9986336872573525	6.682900130493904	
0.15622722848491546	0.8793589204319987	6.568006732883765	
0.15723972165336367	0.9875506590863202	6.921102896371858	
0.16064164025202035	1.0764072079745444	5.910901679863221	
0.14352856929209984	1.036850403437756	5.408552357066464	
0.17832614085456824	1.0510773864187475	6.052569012971976	
0.16801910452055965	0.991596999526683	5.225980928449673	
0.13775563262196858	0.956574495441898	6.0957261484674845	
0.1696219288928028	0.958091348181455	5.2387691708589665	
0.1418200853141066	0.9991049277519986	4.906430643403953	
0.12882961659462833	0.8953430992789615	6.55602916622172	
0.1467487786239854	0.9728667350986084	6.002888970307113	
0.14788721867934118	0.8691978495747206	6.50389537878836	
0.13118598174386353	0.908269891149882	6.687677602816036	
0.13853631153790338	0.7852606264538127	4.72990346592789	
0.15999411908928038	0.9982262518964183	5.793461867626832	
0.13093457466134442	0.9164129753468764	6.706856681016597	
0.1309605462556146	1.0284102210295292	4.982862596028295	
0.1329452450994278	0.9401627619067985	6.568591520229063	
0.1720746405457967	1.022233356249655	6.931358948612919	
0.15273090731894406	0.872192322170176	6.71045182147439	
0.1704525602954631	1.0165665445574559	6.367536410264461	
0.17087957485267805	0.9618033174267595	5.987681270514477	
0.16088282198998236	0.9744149094403459	6.531174673000844	
0.14802095503840243	1.014560279217336	6.514569879285757	
0.15320023914017095	0.8602219780727483	6.744374591154568	
0.13185513808487356	0.8409333631310839	6.100813708576432	
0.1123815074894149	1.0734952180781354	6.008815343671655	
0.17309224863939862	1.097775124759055	5.907101195161978	
0.17023126581225725	0.8314096372713071	6.259978273328238	
0.14289915525392366	0.9947731888671162	6.529544104245071	
0.1476013814812853	0.9806683845381411	6.566823781735321	
0.15281730202924423	1.1661307496248663	5.917716825536074	
