7	90
1	1	0	1	1	1	1	1	0	0	
0.10368873489407493	0.1573918639258085	0.6825185186042289	0.8915838823201677	1.6567983462048563	1.916927371651162	2.6779566228458154	
0.10593485821766305	0.16888539286914073	0.5892249971550112	0.7194276665653251	1.2167955357387465	2.2438010252269875	3.246732140540597	
0.11284280450983014	0.15109386594489357	0.5555647024635425	0.9587445445426677	1.5752325244742866	2.440515402566506	3.213921958565785	
0.10067424195632842	0.16168907897477536	0.5550834999488514	0.9985199269906537	1.3968181825697366	2.1337512235698584	3.2508698317089517	
0.10129589893026987	0.17870675820151302	0.5718610994645554	0.8911730612886375	1.6368834753911445	2.2456085317383745	3.4994556057714172	
0.08969749488418391	0.153696512682213	0.6486225447978691	0.8672836244500247	1.5198744791858325	2.106054533245192	3.040238242752507	
0.11013191442903987	0.1670686969122974	0.6077237333346416	0.9719155087600062	1.6194162379397994	2.0649702824444045	3.3632890093898338	
0.09613656546802608	0.13472313001636177	0.5763211318629602	0.8253802493352937	1.4908545063829377	1.983981247311571	2.7959575367773835	
0.10742706845725646	0.1601650930514016	0.5801841000301258	0.995397759154655	1.3147282805353309	2.069951966061954	3.3823822968448467	
0.11033801821386707	0.144263409641854	0.5642454138639259	1.0213731545918656	1.51761415774745	2.1819755525337103	3.633863625672571	
0.11947005514478067	0.15548875167792456	0.5646076939880601	0.97624974690799	1.3127494542229496	2.4170649947285487	3.021963934005439	
0.09806859574096559	0.13743485352384918	0.610930395946252	0.950223248777957	1.5361983714554102	2.175723070411614	3.2650367905002344	
0.09426119911605615	0.14570479035859923	0.5164252211408036	1.0596141844457958	1.4165148393881588	2.502749732794746	3.2106655595698443	
0.08097875681429648	0.1432440911638879	0.5998436261396507	0.9360775836400156	1.5267877234271061	2.187384304158055	3.1404762143779443	
0.09085010297647964	0.1439044746110695	0.6362715506165241	1.0098323819464607	1.3336384470160398	2.3665042380857444	3.4349458239924044	
0.09112915798788143	0.15370057575834875	0.6221860237795684	0.8310068194871759	1.2357148192831322	2.2518710947618246	3.102360303917878	
0.11512101710533638	0.17581599417502985	0.6283193573460918	1.018511829929714	1.283588957141443	1.863642212497402	3.2040403485807283	
0.08713439411740981	0.15461456563144152	0.5529794177612745	0.9477123900506828	1.4052464257042165	2.2870307600216306	3.356060103628513	
0.09596076858898583	0.12947421502352247	0.6097506352715468	0.7679496816993788	1.6081932882495302	2.263720827265397	3.5239017359932667	
0.09030515966690303	0.15534121657464792	0.560003831653027	0.9438634833259782	1.2872236334455571	2.1320599999608794	2.8019775873982122	
0.09839969409659044	0.12533427400469538	0.704826822535837	0.9449176637974124	1.4308122709079696	2.2953522669215918	2.8277252832652713	
0.09219249033100022	0.15796589722421353	0.609687279894396	0.8630725425251494	1.522670536503011	2.215087226743112	3.4143061136272146	
0.10389738480249983	0.1397789550022425	0.595449141790718	0.757293774273306	1.3569509948750953	2.0972511910794402	3.4536948658291946	
0.10512150903030576	0.1387187729855468	0.5535476436699648	1.0515486097919342	1.3879710988749414	2.174563732617681	3.5052058080079993	
0.0992049833196102	0.14772510116747217	0.5810800870534265	0.8826562110481992	1.450435061385502	1.7581703130984634	3.1326371485278006	
0.10540250882856986	0.15635518484047808	0.6846638798595395	1.0078798283378234	1.4883808519603243	2.1561625325344145	3.101626709243963	
0.10503268253478489	0.1548523429625166	0.5775430779823211	0.8493604735485389	1.4224069652043307	2.3985414971368266	3.2858173984126715	
0.10028397508629368	0.1563475048034851	0.6288792341386511	0.9531483753828734	1.4239825126167769	2.040740860697937	3.576578435368584	
0.0957303833754151	0.17358492881792353	0.6092615163591502	0.9349002839332441	1.5386769140370575	2.00956497701534	3.4365068533203957	
0.1011525825520081	0.15616322013426862	0.5589843297673149	0.8655537515884281	1.1679499851100272	2.05169050998381	3.084345425140449	
0.093326296653942	0.14826807428529631	0.603855922296823	0.9764759380384512	1.5109078679325894	2.2898528797311672	3.474997352254363	
0.10275312995758522	0.15082840324670685	0.655746216537117	0.9944755840320268	1.2180788845118546	2.1128505788303458	2.6638948532591296	
0.08177041013566097	0.14236687206869622	0.5923204248436841	0.8905514876307833	1.1760191470796124	2.3166456136932485	3.020243617356302	
0.10489376196771155	0.13980843399210935	0.5701420587294509	0.9703326249504509	1.3800719554996863	2.186659129777808	3.3401297726440995	
0.08572870092451514	0.15716683095790132	0.5437431428585777	0.826671133747948	1.3260958919633163	2.3251149186217406	2.729879849299379	
0.10650997841441118	0.1550932944685613	0.6044600245885449	0.9529409143181851	1.388515208302921	2.296691780030595	3.1113677733991207	
0.08375140458834968	0.14884167288981362	0.6480813980121144	0.9757595959810201	1.6894594745277187	2.095564620799777	3.1977556519365606	
0.09766690703576608	0.1383553361015178	0.5716112232116624	0.8333836781302837	1.1019753639900196	2.0252520982348767	3.257633749205284	
0.10630720845415885	0.14136516512359656	0.5661566465184196	1.0258476292468997	1.2396422005608951	2.114896258786015	3.561107771330788	
0.09291587147512803	0.12699696571834201	0.7024109748744425	1.0043344646506336	1.5487427247133938	2.130798457411565	3.4582038053199105	
0.0750961110488583	0.1434405900482884	0.6568541856190813	0.8001808737096261	1.3823161958283219	2.2187273151150495	2.9951100459832483	
0.10007375191689666	0.1557852738218698	0.6181183496167053	0.8927308928334112	1.3114454439684993	2.2351724361842837	3.3602244970613864	
0.1029002701326943	0.15171743308993357	0.6204087249036488	1.0115578475260156	1.474323203301448	2.171011556899967	3.0787702690381966	
0.11385878100366859	0.13315447914824236	0.5878326097101153	0.8826561565558679	1.1687242668374158	2.22606976737047	3.1839399247626647	
0.10031876101209569	0.1473176073839749	0.6451965994775881	1.011976287926558	1.272519004987347	2.5295477158516353	3.1719431071561095	
0.1058758047707767	0.15270471663593072	0.6063428139373255	0.981785704815243	1.6185193869404078	2.317067233148701	3.1709125218783023	
0.0991575111450913	0.14154759963206334	0.6429114781939892	0.9848608747555476	1.3810772211360978	2.43519949063724	3.598985261501359	
0.1182350611043125	0.13815259745401226	0.5939885762924035	0.9117246816971605	1.8023308209717441	2.152116155838775	3.6611808970639244	
0.11034767611809185	0.14874083856306067	0.6033306494546106	0.9786188323497683	1.6098715826892451	2.1130188099228473	3.0847114058895175	
0.1093228440011181	0.13279697023126769	0.6151644081105287	1.0285960828184268	1.4915253969497113	2.028100282868911	2.92459903257656	
0.1118707340965694	0.147365013503819	0.5459155867009147	1.0359137424509013	1.5445433151752004	1.923875660368205	4.067149155998312	
0.09459468031784196	0.1617607400493541	0.7191950588692421	1.0126044703400017	1.467062660247363	1.8420626160473244	3.9133344057347843	
0.10865136536011609	0.12877719200182458	0.692677603795475	0.9356871577420571	1.3902949337331492	2.026997719670265	3.3056275690177137	
0.10807963788981466	0.14257960965603583	0.6076550185496571	1.2443971474823547	1.4980250497030057	2.35767022094301	2.9385625547838448	
0.0864259703045489	0.1719679918828172	0.6707441055328668	1.0893888088824872	1.418617777653691	2.419677474025057	2.4198643319028452	
0.10541220886225469	0.1654953974135277	0.5587024912942046	1.028192551344443	1.4042901575198283	2.132864365382669	3.1659551154663155	
0.11581317893414939	0.14318453948354987	0.5654001212246466	0.8502776330933733	1.377293668644295	2.191925690399187	3.4575414257693207	
0.09246709050032488	0.1555935586483768	0.6367182524314929	0.8432518911050936	1.4390285400603449	2.131757578355382	3.2740011501408044	
0.09470010482778002	0.14796750412749088	0.6018642503614203	1.10335645875587	1.4363977001563848	2.4377590528108235	3.709586070871402	
0.08681031278148647	0.14563216198119222	0.684970398590031	0.9468430870376137	1.4133571058428946	2.311256439807869	3.5969456926459653	
0.09970628863429278	0.14582618715827364	0.4581858412835742	0.9343759752946443	1.3754947283940473	1.9335966023382396	3.1832660652688887	
0.0958258811856074	0.15253747460563974	0.5832598239203092	0.9715707558846255	1.4548685088152795	2.423813109752154	3.076353182938646	
0.11779849033589958	0.16600861771269684	0.6892046495619871	0.9535074290752057	1.3897717446859592	2.03434127976995	3.819526665504686	
0.11096661469273883	0.13487825520317656	0.6586569187969407	0.8532415131456237	1.4763735781455158	2.327575507840163	3.7238422373861657	
0.10237544422773237	0.14799005877496532	0.6026479323431937	1.0292167209934202	1.5427385824632356	2.1464882435275197	2.644411293249029	
0.07565525882572897	0.1533800402688637	0.5291250200770372	0.8808175154665447	1.3975472684692338	2.5964443723751245	3.2897710634656514	
0.10719976796179519	0.15756821010739852	0.4546867474478943	0.8928473334586573	1.255535676320909	2.5213486655693615	2.658722834285533	
0.0957917600872939	0.14608908916163432	0.540849616964111	0.9394324360922499	1.4239542426631542	2.185054814267244	3.413309673245259	
0.1023681886082898	0.15570714370696528	0.6667326979521154	0.7765811691541509	1.530095208729484	1.9251739719396683	3.0412203292766704	
0.10121085593402873	0.15616981524620374	0.6317432424149004	0.8421036683920852	1.6632607072438677	2.0601617141070268	3.0161926639633703	
0.08728064134835208	0.12944230226768708	0.5160120519087137	0.9592353288889808	1.5163976097561522	1.9641959204829509	2.878889384588797	
0.09788354445004255	0.1514592960466423	0.6157786490565121	0.8403213447812471	1.4060909331666636	2.4869431740707624	2.8617016636076813	
0.0997087161401061	0.15749971600679438	0.5419273712923591	0.9868522342150791	1.2384893451068433	2.286421219528034	3.264090868656261	
0.08580579236297532	0.1603149850197951	0.5462483769652139	0.9157420935772275	1.5201138651437314	1.9426446310842567	3.0783065627518496	
0.11126159227211935	0.11895289087840238	0.6851203939469186	0.7938243415430758	1.3300043231929801	2.210718654589062	3.446020451454809	
0.1029799002678749	0.150708980767551	0.5738373003703242	1.075200040737744	1.5405327610738815	2.4027550533839213	3.1130588775849612	
0.07671788098322706	0.16530045481299455	0.6213860140127527	0.9470061010797438	1.3488653988085675	2.0751545038575427	3.0553088315403283	
0.10045167830616107	0.1329648379315776	0.6457566528299276	1.1194065050930169	1.3445356788353118	1.8075500258962056	3.2168451094732853	
0.10315223336561104	0.1567988084145764	0.6961506291591417	1.005869673433894	1.1709437878060678	1.8842657120848083	3.3818374799741227	
0.09545846865523665	0.17272690588853237	0.5437720387865479	1.0193460256392366	1.3371443539272843	2.2063715354623668	2.9809240953759866	
0.10558859577674747	0.16609066957803248	0.615179712816173	1.1075493259768245	1.3269776208369712	2.1710632374546304	3.5249010553025153	
0.09050222145846612	0.15093431370068822	0.639842393394911	1.0164155869946627	1.5932835834178494	1.9631514833120787	3.3436839784164487	
0.08685088938544117	0.13913438682948437	0.5895532146911154	1.0363945653074842	1.5054918787569476	2.158619565510915	3.3958134310185333	
0.10521203889996628	0.15553535049187464	0.5654953826837523	0.8410278674002127	1.3980694783751533	1.9793198522970676	3.4519154321694936	
0.11528956164558712	0.15845460755743165	0.49139169180664866	0.8711076689614418	1.4325953164899143	1.8415187695483344	3.2601388645926033	
0.10469319396698513	0.17113287896393223	0.7091224214737388	0.8191882549080252	1.4133278963188396	2.127647199660242	3.0182721029269586	
0.10098648468618916	0.14879895500313345	0.636828173743026	1.056165095447858	1.4489280447837112	2.0446392970049336	2.9167066900626692	
0.12042460873033647	0.16360313412409438	0.6239826540426886	0.9145637937548818	1.6604986504099388	2.115680800431016	2.6935619530465074	
0.10265026421053652	0.13158290814461449	0.6161256409196286	1.0550044762520365	1.1908312634620473	1.9565786223913553	3.5310364110094143	
0.09500529258579647	0.15622746586574873	0.6250388317464691	1.0127300028211208	1.3375373936777917	1.6013567414720296	3.378981006565046	
