8	58
1	1	0	0	1	1	1	1	1	1	
0.10725102674633867	0.15193856643147766	1.0219332104710284	1.5510784161740327	1.7909657824407408	3.054349855425173	4.837331875246596	6.335140247862237	
0.10553194458171505	0.1658448619841258	1.0539516220340155	1.1892294803683223	2.072342094730057	3.4795412084470225	4.87812717455179	7.079182878460807	
0.1154508929571646	0.1680174076477871	0.8910656652079801	1.5599201149513744	2.588947677152147	3.7573263294937846	4.697169154063489	6.9057236715484995	
0.10286803925622603	0.15447607528670834	0.9152764322306168	1.2412758770939574	2.3697568737379586	3.239806180220852	4.596459911360503	6.348487212102898	
0.09492124402536914	0.16427881198674416	0.9228903699555893	1.424810389089937	1.4822793742918219	3.323187667949555	4.113188404385514	5.82915630499997	
0.09302210681944711	0.1404899528102424	0.9158654843853332	1.5103587122344546	2.4873434460618284	3.324775830943563	4.326284657223225	5.851457653564342	
0.11021753445782174	0.1574824659202624	0.8196730808427014	1.3396802207635288	2.1681177045110975	3.1983307009212427	4.259052661969804	5.895921489074601	
0.10297984330763194	0.15602837256403376	0.935464721227263	1.5642380547201122	2.250535951870934	2.92437403640984	4.355270142385238	5.9263902838076605	
0.0985971866363376	0.1383774163828462	0.8805414985432749	1.5613884997282992	1.9411475701397782	3.159948912392872	5.070215908484087	5.966484079666087	
0.12406965670646282	0.17448026845480977	0.729525263006773	1.2764007619782654	2.1666966111281174	3.1520145961541086	4.823188706733187	6.39609245055888	
0.08501698763880808	0.1676479882663773	1.1100409247310565	1.2358556608815023	2.0695103284763463	3.1462041941068644	5.064174503779975	6.909319969439738	
0.09568880388164575	0.14313337070162	1.024547032770572	1.400230328725142	2.19898747469178	3.5618355552494494	4.82966003659309	6.174755585702498	
0.086901555328813	0.15903260459990626	1.0223946647728188	1.5378657878345598	1.8548593979841388	3.516673506541308	4.1823664683226465	4.55867394108766	
0.09845626067229096	0.13280857846301772	0.9298122286155737	1.2515790422461424	2.10460305380204	2.722296924577232	4.195967871665877	6.201795560501927	
0.11769726735151985	0.1458035434346753	0.9287524690443609	1.5441478088647227	2.2371530538996294	3.398261886959364	4.814475570493883	5.771481759148272	
0.09212535827785695	0.15418633916182792	0.7132840390510724	1.1363555127535154	2.4715219139793954	3.618991783498544	4.194161705668766	5.261874117267796	
0.10542384346292376	0.1605482511826595	0.8470253574010126	1.4119033006852393	1.7625417039625477	3.1073034031882076	4.393789470514124	6.097573379778045	
0.12215660348131946	0.13231410665130797	1.0697051534861226	1.3468158191212736	2.003112946200356	3.5894212033378703	4.185832477608216	5.4655109809335265	
0.10608350426962798	0.1570860599306548	0.880773365973004	1.6869408923390001	2.0421613921431745	2.7322143923532147	3.9719725495497595	5.2772858055372724	
0.0962487750361913	0.1714552010913776	0.7610961741710608	1.6731315778176417	1.9970660424318316	3.0585597401553803	4.136779921903779	5.676662240178589	
0.0973380720529996	0.14772162442066325	0.9548352287318083	1.1268497138426494	2.1152905563242235	3.4025270872272393	4.461778361303062	5.826352406141535	
0.09473775128506573	0.16566422791237087	0.9729020973280837	1.3972095071190571	2.259015339512329	3.547504896412899	3.8789374770070015	6.295845224807127	
0.09148957321855486	0.1692407926096078	0.8403323948971219	1.4250001379979194	2.2072743667952635	2.6439286953707075	3.5579990920186737	5.743491864398274	
0.11670879403975723	0.1471276037997311	0.9739919551049072	0.9830941898778617	2.3285123395112026	3.4088868799972993	4.794733762367786	6.02355523758353	
0.08720228436441531	0.13863057768719958	0.8452351997218944	1.5076153786529083	2.099601977290969	3.5186405503367086	4.779708694316244	7.052932835530591	
0.10106379941327465	0.14659908881530612	0.9386798434253798	1.048157960689637	2.0695546015443	3.447507161855148	4.364913382218074	5.847475363546379	
0.09691686436725472	0.17365002850157496	0.9545523561226429	1.4063050093632092	2.668802594015317	2.8196564637484354	4.187811412529399	5.34311055432558	
0.09217967469277247	0.16851162218953986	0.835247507849098	1.4322511122531607	2.2486967275519256	3.4698291592627486	4.196570294514085	6.327798198537903	
0.09524188209749246	0.14992682663518686	0.8286330592793819	1.2403625165665466	2.222651818327209	4.021145753474487	4.346332606317368	5.9745171810623425	
0.10603375668537784	0.1658081302608455	1.0327343446997197	1.5063075730606996	2.1122970534849257	3.470838443552533	4.675969649829099	5.963657352918001	
0.10912593829138804	0.15640611842074262	0.8649220285688503	1.2776890129186604	1.807973620917875	2.943872005697533	4.5138163651401735	6.614979057482443	
0.09883694322053349	0.15442935325623486	0.9859347609972743	1.2561482058527278	2.0570647024751123	2.8719294608548394	4.348446041808079	6.159069484057044	
0.10078437391910611	0.13765104277210266	0.980735337955647	1.4675999998889022	2.242158209098106	3.3005734283215142	4.161908386003089	5.271932439424016	
0.10388675300176922	0.15635973338642448	0.9371504651895533	1.7309370331050724	2.051388271670145	3.3616218188164018	4.550427106115481	5.979920685264657	
0.08935332248503335	0.14595300660472152	1.019601396070004	1.514352499095297	2.333252580142473	3.0522395252307897	4.916372473802671	5.3431624246128315	
0.09804049125237435	0.13472089306006713	1.0949661483890072	1.4530751195430966	2.3534764381189963	3.3806003482805105	4.740061631461213	5.373302545685506	
0.09936327668818755	0.13378061118891071	0.8865479745054701	1.4334707920910885	1.9482749629457174	2.8274243893633066	3.948906545390247	6.369404487203063	
0.09665839626358086	0.13037831367931807	0.9224462935957608	1.5286835925553133	2.1182725539205634	2.7760930095730907	4.402551149619628	5.491389079352246	
0.10202921021621364	0.14370562943161877	0.9452352322586909	1.1756769338655273	2.1535184835681824	3.144980536110217	4.074704772150372	6.001641761666463	
0.09628025236614969	0.1480462879209381	0.8323821181628852	1.4422794654549036	1.7381840131329966	3.16392501857233	4.451059032976	6.961949743398595	
0.09651126510716077	0.1726245418703946	1.0275631399540461	1.3999230701538934	2.134273227079139	2.870385746524049	4.195846781877841	6.086816506603169	
0.09593332504402724	0.16197635896125553	0.9830701140201461	1.4598936291854585	2.2785707623046556	3.3606435681881686	4.494125030259367	5.535893825033235	
0.1181167697856018	0.15931989777822253	0.9606080143679665	1.3149911254415698	2.663782481588851	3.012609155704616	4.513174532604233	6.040515025041072	
0.08637344244703087	0.15654443764152143	0.9608593054038926	1.2760882518360774	2.3062160226551396	2.933342982998187	4.35326306794664	5.529650158522173	
0.10603115814361169	0.15746304367683564	0.8245831821996313	1.344466352934191	2.024570822456381	3.459989095811227	4.178416351790557	5.924965920692518	
0.09765309082835999	0.14507220766500112	1.0900203490349556	1.3331193913808903	2.101004354874545	3.367958069436136	4.308752581787525	5.647137254754493	
0.10339264449727362	0.1617458979396646	1.0511427495672236	1.4016969916882245	1.9843821772007546	2.9972968700713545	5.131242835442397	6.195048372238627	
0.09180702937585827	0.13980950021311467	0.8266990983827126	1.4186990533797224	2.2537051157795682	3.7523585313337433	4.988083403418088	6.021924102818236	
0.09307938617136766	0.15688337022002832	0.7654010668019817	1.3173260729521574	2.2865636700009375	3.534688427427024	5.088815398691297	5.932103325271122	
0.1129632183707554	0.14423911284275046	0.886934212873774	1.4739574898598569	2.3956401905074283	3.555194612747154	4.96505110403101	6.316034005597771	
0.10959069810422116	0.15042092724905318	0.9593642468689362	1.8285608718816264	2.3389191396713884	3.2565054619553577	4.861448311106375	5.366674871203332	
0.09678471561064218	0.14695618195972843	0.8633032786426228	1.6831118605555673	2.251941840025918	3.440140099659169	4.453132356137083	5.3083055497740075	
0.0993696616376067	0.14366140655569332	0.835512843952059	1.5386032160720744	2.092763847236853	2.6714168892609416	4.500344129301748	6.0115752905413835	
0.10753995783389186	0.15180217533879853	0.8730092153489452	1.5012002512850822	2.010502634673854	3.4792301388974334	5.020088595832011	4.512077608734186	
0.09250721962579526	0.15697125684965538	0.9385880945177556	1.615486597225706	2.4189472703031747	3.5509955079868214	3.7410067631408266	5.902170356615156	
0.1064050872369061	0.14960342573333477	0.9182624812743537	1.6069742500757718	2.227038261907076	3.167977380338338	3.9665145690019017	7.032256617828979	
0.10302463700261094	0.1430017993259539	1.0166135372157867	1.2007031507366872	2.5266982574539245	3.448584120687699	5.487446187169809	6.379811127147688	
0.10238694574926702	0.1409349869947248	0.8892426872920149	1.252577873043383	2.5751381127269064	3.293104883600698	4.891623560760005	6.617730629273348	
