8	34
1	1	1	1	1	0	0	1	1	1	
0.10337945220121542	0.15844117657959386	0.4075169482254982	0.6280790402173619	1.062695705241449	3.0699408121024048	4.023776476008648	5.647696367306079	
0.08653769183637615	0.15118169538291476	0.3746943774044051	0.6286522405197927	0.7796895430514508	3.2457709782358557	5.046516389392109	6.343337667266778	
0.08104464124263211	0.14982436565278281	0.3521545515028107	0.6007717131244565	0.8945992549820929	3.8152713329540466	4.538570932224936	6.190055228696262	
0.09955936391030706	0.15711675923926288	0.3717583572378934	0.6464110687601557	0.8935509300980281	3.6973473463314344	4.723401193491241	5.908465630213941	
0.1084209183108859	0.1573954507132356	0.4114379757454034	0.6051446327247946	0.9075695375996846	3.2939647593037966	4.274830526151699	6.587597186717363	
0.11469186814434054	0.15868556277378956	0.43388998918632565	0.6676118727665558	0.9050525875874186	3.5216325626204963	3.9226653474960864	6.111641267800892	
0.08817645643021108	0.14835516143638544	0.32529159774621763	0.665658243162363	0.8932757756622673	3.5445548298439453	4.466015716785707	4.893477151545892	
0.09515837882450073	0.14203932513586945	0.37943845508711976	0.6904821137590366	1.0856463583081355	3.1748495486951467	3.932874573636998	5.553534740588369	
0.10479609168878055	0.148376363051434	0.3201377470276232	0.5697844445985383	1.05197637476923	3.3449831861663295	4.521281138352264	5.76672363891837	
0.09540042359066775	0.15815940853317645	0.3853983068271748	0.6462609714544377	0.9808381969321258	3.2564090395171545	4.672894410395548	5.644480511958621	
0.09951831368961306	0.17011425633615437	0.38040698105180315	0.5869685669880623	0.9495750519317436	2.8711896410340274	4.599381728162135	7.017626409682872	
0.09191385645780532	0.15400582725398904	0.37910721884537696	0.5970547563158093	0.9237571193119574	3.4821503872254618	4.005845396540724	6.413204253944635	
0.10069134462916736	0.12355916040215087	0.39443385339728565	0.6068351934036	0.848926896808493	3.3021857728496387	3.9076808309543507	5.589177746282782	
0.10036975666915615	0.12471573844023046	0.3362473670311062	0.5398871064442694	0.9373630409236786	3.3934352026718546	4.098238894918516	5.430641410139335	
0.10138112110041148	0.15166724848777194	0.35339092795965293	0.7097232193564496	0.9471483792826644	3.1946963498599414	4.326259291712017	6.6052991724087455	
0.10545044395632774	0.12393533294920539	0.3535591760248522	0.5731928274906749	0.9288885429469752	3.4538188461905275	4.01843160586944	5.952355511934993	
0.11699266583858191	0.15043590603446913	0.35361677365210603	0.5199472922748768	0.8847181023342167	2.8994068018414834	4.322429965319293	6.325310182966566	
0.1003695902364869	0.14279977125866666	0.3119540488187875	0.6499197004139236	0.8972191696672741	3.285095680957653	4.089718944534968	5.754626185668115	
0.0942008461053829	0.1299912178459299	0.3454973481631653	0.5991175591037524	0.9577672442374549	3.027721561627654	3.958785356852454	5.786137171868668	
0.10779629221633763	0.13591271147096506	0.38048952082071136	0.5603736351137987	1.0349514756532383	3.08535311804666	4.797902744358403	6.609041098001622	
0.11541480641406664	0.12970031790872052	0.3268718078612931	0.6699131677772456	1.0231380094059213	3.049498574713638	3.0433528381064083	6.048532271525872	
0.0848250224246956	0.13758450784055304	0.3868853130128498	0.6189385984639418	1.077062268582772	3.128860618463203	4.060663833239666	6.550375187443309	
0.10377070562857418	0.14455302099788161	0.3812068987823897	0.5773179797421021	0.9943593661055986	3.798580334088574	4.173529448042301	6.252534798893482	
0.08470243472031434	0.1339116025279228	0.40137718699384456	0.5957759488763111	0.8268475195069197	3.252847499126638	4.8955108564976815	5.131843909459292	
0.1174653649671142	0.15859542076676456	0.40253260988077466	0.5999192847075988	1.0924829255925435	3.562754945361542	4.334590799129586	6.454433806361561	
0.09266859471067312	0.14579627517110022	0.4357320819719352	0.6232550042101345	0.9915216973245391	3.6301281535690384	4.746700456868395	5.513292990238476	
0.11661281289431505	0.1577422096441988	0.4022982889271193	0.6033525506931375	1.0333007245675376	3.872360799955833	4.331095608496053	6.639249015284767	
0.10034372702122318	0.12002838937915589	0.32664590973250335	0.6254574843985636	1.0239629986736771	3.4479495231637998	4.846094354462045	7.553763403256006	
0.10528383489039708	0.14602616627608392	0.3751875069372243	0.6981001040348787	0.81196542188543	3.652336855908532	4.507275485019145	5.5010523549645605	
0.0854985090740116	0.17220890515038428	0.3474202397617023	0.6037417178561963	0.8393482342038568	3.88890446515309	4.544177861533969	5.192172528822032	
0.09571184446712211	0.17089702836714446	0.34288040141663567	0.578314123828028	1.040405165521129	3.3612445337201704	3.9512439462846785	6.134011334551676	
0.09847249917645338	0.15078622324231244	0.4159691944775023	0.6144351157095888	0.9213712316999282	3.2038792984455045	4.984561854702871	5.567792500377722	
0.07832092577518224	0.14662057516217417	0.394374029724281	0.5750182868688967	0.8811427102167568	3.1316195079622133	4.488949948083716	5.2210239618740095	
0.10661383087773893	0.11006496544826987	0.4005202667405528	0.6187979993940452	0.9762234021064741	2.6232613095692017	4.631773388213154	5.674499458702581	
