10	82
1	1	1	1	1	1	1	1	1	1	
0.11726856255567107	0.14670539143815223	0.3692909234425116	0.5308153390598713	0.8730889098370787	1.264196406485671	1.8694616112908733	3.2235748852337287	4.278256191976331	6.722628086540308	
0.10304908291011963	0.16038518318818284	0.39801201341338655	0.5352169791037471	0.9111052927173944	1.490384684299603	1.7753736818296022	2.676129361242956	4.584220894752315	5.853034304598811	
0.06517231630541483	0.12307439164829384	0.3428192321056771	0.6300602579587892	0.8837871388399301	1.5943144784487078	1.9942865697896657	3.069366715407769	5.540978536771394	6.508749232650976	
0.1105550446343153	0.13887150519114044	0.3708714169671066	0.6017318598220796	0.9087537265691827	1.4538227209756482	2.183698803190336	3.188774696756295	4.385388660402404	6.83195650884724	
0.0913467253380696	0.14312113427106715	0.32541494022243334	0.5448613004605328	0.8856702415201968	1.445507930760002	2.3299917094940863	3.5284050303669376	5.108713284225486	5.403782161905438	
0.09145288589107876	0.13362329193941178	0.44770772096752165	0.6334634350543256	1.012108958594954	1.2650228923102582	2.1484007892713	3.431388172979482	3.858928642998893	5.70317386251972	
0.10435054650392202	0.11742778745238189	0.4363801387052391	0.6400491228570871	0.8235866052869815	1.4230954810343737	2.2523521640970046	3.2923898503734135	4.473735965582643	5.931209591970464	
0.10775319980164391	0.16223851808610837	0.4065665707663212	0.6423636299543007	0.97480820194119	1.5146389910444702	2.5112926824408524	3.2133950270376177	3.7358517957906514	6.745129419208618	
0.10452416126579196	0.15792973003528019	0.346987499860533	0.5003215014524365	0.9563775627528253	1.3928083066650854	2.146038161619779	3.0794798487516992	4.524984842841738	5.595809156524662	
0.1149863162704889	0.14708320697366203	0.41269434188077875	0.628467431371863	1.0507367643766576	1.4555333114510491	2.3479043224577354	3.484546958769652	5.197793077332047	6.426590350930038	
0.09223962902854033	0.14724326981786526	0.3337626798664337	0.5813539505937447	0.8018006572475876	1.5377208022435844	1.76350649984543	2.9032648424901915	4.643887593155275	6.481815047612147	
0.07989969689580571	0.15561105032284964	0.40448841159675536	0.49909096263853403	0.7633327991629769	1.4315955801897882	2.2507967823843638	3.098618644973725	4.5933842432850644	6.003979279877839	
0.11999087077244869	0.1163965765957192	0.3621410284786619	0.5765965127342391	0.7707481376731062	1.4811358945734179	2.0290352033887435	2.9596675594959296	3.9367434853573626	6.058979895097007	
0.10485487808309116	0.14733602018094719	0.4146125916019202	0.6224317528335251	1.0983979076282044	1.2739585264224023	1.8450007492120732	3.4463471514970005	4.3772428717150405	5.196643241729509	
0.0901038900378095	0.16120220421502787	0.4159854578020376	0.6462523415475786	0.9392230993393679	1.397198152286374	2.1106652339123544	3.333163772818355	4.57675063959779	5.4112855676634215	
0.11015511320560507	0.15068940319760737	0.29590932894899535	0.524875405062782	0.8913940856937015	1.4600579395488489	2.1516610306773014	3.0238414533964937	5.0552349169936175	6.450177409433463	
0.09965542065350266	0.12654083665673468	0.36838261485533563	0.5773778039550979	0.7736231375055187	1.5045196671508605	2.1904318294208673	2.934951330066021	4.611670031333087	6.586544986905763	
0.10510768642072764	0.14121905605822124	0.47107932714921474	0.626164977088009	0.8718233268641923	1.6630161170713966	1.7635586053821481	2.8708459935762725	4.277971892610087	6.584586668773408	
0.09337862786929163	0.14810458737331364	0.34503010948714163	0.6420756461098912	0.9742677944726194	1.2223283197813748	2.139917311373162	3.3320204133817177	4.415061273067478	5.95779440073651	
0.09310077771869522	0.16245843375747604	0.3509712292799537	0.6565930122581004	0.9298243393146364	1.35899877940344	2.1369694928651652	3.2776364554401334	4.344432927537443	5.772267308215598	
0.08997753815962639	0.17157236371602444	0.3492233308087377	0.5269625302407941	0.9702471236263661	1.1601288929195288	2.155691825035538	2.8882719459821344	4.698787211479166	5.884668486984946	
0.09112537305155269	0.1473980020294662	0.39662527095059524	0.573079159230473	0.8955875769637115	1.5626257982407237	2.239268712619867	3.0960459697914233	4.536440069137758	5.808068318073304	
0.11035866917043553	0.12443012819235709	0.40084315299061857	0.6289167517521124	0.8617327827723394	1.3003515654459308	2.3982659411382325	3.181231391300235	5.14644971791889	5.390438892420345	
0.09912533928089456	0.14146663529933556	0.36386748884707865	0.6205491126008483	0.8600671820573261	1.4048358949573516	1.986911586327791	3.446944510040101	5.364847158538078	6.777527309381219	
0.09035466862654075	0.14286211066548904	0.37802338572863187	0.4774969112664442	0.9249908463355291	1.4980985278124386	2.146436578706466	3.2181853104189173	4.20434515804956	5.791394082263947	
0.09523916564539252	0.13440258983191358	0.4152145408328701	0.694690997392073	0.8729619602208155	1.2849364337094544	1.987320079874565	2.932700807381515	4.2875124865218055	6.159320383891017	
0.11201943321584702	0.12615570511935378	0.4159354640824765	0.5997967082194546	0.7321103024390763	1.249978511733237	2.2589391741419185	2.9713162977067116	4.32558041749218	5.922570525041541	
0.11182581183612017	0.1308672958557008	0.4044403438793676	0.67639722451396	0.839102619325208	1.5417035113212585	2.0371457573922016	3.0250534187584845	4.351205783184861	6.137440038067978	
0.09253121163306671	0.16373122945640076	0.3634521584523561	0.47783304203367416	0.9233202016886003	1.247090502563368	2.0935902214490225	3.3696883473486627	4.204192990790605	4.969358579983762	
0.08994803078496504	0.1694782681046456	0.38721453589129445	0.6514906699725481	1.0848245675626662	1.7248020197379481	2.195539489231574	3.1580497939732055	4.218565669633149	6.0606080635490285	
0.10461242182094617	0.1605640842063993	0.3414070643724062	0.5398754426324035	0.9075855748111111	1.4303298484487539	2.4974418273887236	2.483211789981442	4.226820423866932	6.5073529715566325	
0.08998652338445047	0.14968069907547674	0.41651058732527346	0.6397453963275347	0.9934860262239236	1.4009876740624918	2.1760188971038685	3.3041050484052086	4.260732478152992	6.500057619513204	
0.08693050629377763	0.13999093163596674	0.41192634932558	0.481521655180808	0.9432909021673771	1.587672515345736	1.985547404595058	3.3842481563963527	4.55580634987758	6.393228169394527	
0.1001393514692484	0.16721132963048835	0.39416143546799753	0.651781790294056	1.0053097409310008	1.6240046935322217	1.9420324267681912	2.846662802726158	4.968976228930235	6.097518756117779	
0.11874468093736866	0.11710783742468718	0.3773117137723896	0.59884689400343	1.0133424468347383	1.7089780384991544	2.151507795032062	3.3868248446903357	3.6960026557857812	6.172059471968225	
0.10295596573137222	0.14144706095045642	0.3913461261866223	0.6149452762907445	1.0804282260328597	1.3212274139151188	1.959326193569818	2.97331593303322	4.3040812360794884	5.043805570944581	
0.09737996958767768	0.1505242587025875	0.43697613864552304	0.5925127842527073	1.0477248516942332	1.5485251790717547	2.1797014100470244	3.203725673252493	4.741290364660314	6.385503342214822	
0.09471882420953374	0.15879426969918103	0.3765666652091825	0.6327130826585646	1.0826671171740285	1.378370223389116	1.723149297781055	3.2326929907750115	4.016974270952607	6.157835867970538	
0.08992480704554248	0.14833867244194585	0.4419597967916812	0.7099330425073314	0.9635937099413558	1.3011017404583325	2.3378213804332724	3.0988453478981075	3.829574560585117	7.172125249329664	
0.09989557384257741	0.1582697762772064	0.36763832562596094	0.6320734149533899	0.853170843763575	1.4134698491302828	2.347116409285228	3.191657667014848	4.1205442499289875	6.552928320533464	
0.0963900595419574	0.14426938352297164	0.3370931384793287	0.6928495386748853	1.0289784836053473	1.3937163917933844	1.9627875887745525	3.470637882042699	4.681233230095541	5.753126952536502	
0.0990804515752878	0.1588684920024253	0.38868242626259786	0.6221688654841941	0.954302696734813	1.5342969887970979	2.030014723690287	3.3022020965357317	4.174953613669773	5.610503734045163	
0.11903571542187277	0.12862557181433984	0.4053865170657753	0.7630990082044379	1.0941090105367144	1.5105146743619673	2.5607566764657252	3.3802613522647653	4.367129774588649	6.012485288817805	
0.10900325020076998	0.18115994583182146	0.42038170507093037	0.5946857496331329	0.8706203619042464	1.1526242075373136	2.1206787128579783	2.9137371887325973	4.917167877396826	5.848656931207868	
0.10972618506444368	0.18761399453364838	0.37505149630766516	0.6097658720221512	0.9638022666807033	1.38960701319885	2.174950433249255	3.136225849133039	5.111085390569039	5.870665767868943	
0.08751483118747407	0.13256173994670073	0.34803212497606384	0.5731232700796703	1.0113934012745314	1.5461323916415561	2.342601976766094	3.255491749924072	4.947077509483419	5.85305779017758	
0.0816499402999102	0.16422800424057046	0.35396130554547994	0.5870095323227323	0.8962396033309434	1.504679665687158	2.184180762323524	3.175529495333151	5.2195369729471075	5.945532863233582	
0.09763043564358992	0.1621181469883031	0.4243629942322445	0.6534556247243716	0.8744048918288514	1.4825390762346122	2.168248341906501	3.1870322187378095	4.079490717860505	6.13221341366653	
0.11087594077947904	0.1744451504818884	0.4238228911236181	0.5730623203036878	0.8432428308048338	1.21650712939932	2.376760867196385	3.5174194537986376	4.250485319923118	5.545237661995182	
0.11268207521580689	0.1646043084567135	0.42911095273335154	0.6336779677739679	0.9901238089743958	1.1354707098212107	2.06953874445615	3.90746526869502	4.244428650549075	6.131232238106594	
0.11557670217728096	0.1631201183411471	0.3433138718740458	0.5295566972116454	1.07970108827737	1.5360095426398295	2.226361267898986	3.4133162440505656	4.333676673414454	5.4656504296390995	
0.1043999785244741	0.1409779544579559	0.35754159581022094	0.578002542763579	1.002916936250859	1.3295839710047035	1.9799580955444904	2.9416580992855224	4.4310810179609765	6.606443842462836	
0.09854393983886617	0.15003877275054997	0.38721889539279014	0.5802023478760897	0.845406109656657	1.368189541749645	2.028031742300021	3.2211453490639865	4.296662000627736	6.135217963831877	
0.09887584996943224	0.1406526697808388	0.43531350961701515	0.6288173350161496	0.9106368556006726	1.3526665386596726	2.3465129728117855	2.967964354790376	5.131708773529902	5.139801734909357	
0.1276766123874924	0.1436696917807742	0.3306644545190861	0.5598551615699099	0.9009906659564225	1.3494131479695735	2.2265157585674284	3.342479048980008	5.928841587743353	6.052316145084852	
0.08674490518998235	0.14741142540114993	0.38522607552174853	0.5693968338806082	0.989680445375233	1.539940872506595	2.0133131958224735	3.1354579775351517	3.6421092528446826	5.477689253663478	
0.0973356890557886	0.1521145072095331	0.37486849710688236	0.5494916882267828	1.0329501773637235	1.5740595174657823	2.3876512468002113	3.753885395712114	4.056971543115435	6.257406989971821	
0.10912513359982885	0.18407071998789565	0.4368715201163496	0.5846151840728776	0.7821936601814149	1.2569867550353615	2.29463822012345	3.270183655031688	4.1861799157150195	4.807995061876444	
0.10886105131882723	0.13270756303525996	0.43384228766472704	0.540036971855827	0.8886510460859859	1.334647776423976	2.286339072322333	3.031803145838917	4.4049124264592	5.790223095784439	
0.09121507394401826	0.15023627005089435	0.39006867179854215	0.6422806369315328	0.9867920708592463	1.5326455685118778	1.7692989077574772	3.2426100568701828	4.097500355718761	6.00598708450919	
0.10139293748920308	0.15311667474303134	0.31904100942462177	0.7436132354540027	1.144081153320572	1.340953366790291	1.9106388913655854	4.173628694800479	4.998136858398711	6.449312358218034	
0.0877548226656244	0.174175275340728	0.3469927621170156	0.588877946875174	1.0580749260832534	1.371115351169783	2.200098755629946	3.6318623586403196	3.955066138587489	6.697090382222493	
0.11607211149018085	0.14896767775374975	0.4268599750903861	0.5534334102683128	0.7870906183733073	1.1466524152727722	2.260330003699371	3.3972172711656357	4.236924511699553	6.703121139538452	
0.09355097090558212	0.1313739037515878	0.3439600411354429	0.6847080989967406	1.0082592297002626	1.4060341041094788	2.09200249223243	3.0658301279582267	3.4043651410330007	5.0403660214946235	
0.0986062864599102	0.15884815486324083	0.36756708943376487	0.5069393538595073	1.0812202801399153	1.2338673283021393	2.153557496935009	3.3016817174536053	5.55537335704016	5.433650230174048	
0.10046437728653267	0.15267798047116105	0.336793175918879	0.6181224849658691	0.8894114345616421	1.3856741273441295	1.9946003899772649	3.63262384614133	4.4430260803298065	5.518978920480102	
0.07834435803763508	0.1782163253023087	0.3828721328430732	0.6772777618882952	1.0452036971904763	1.483622325338358	2.3462692820883646	3.6614724154245417	4.032989683711617	6.5362799749768286	
0.10285213764258719	0.13665093102153814	0.41270783016246715	0.5423988700939092	0.9813698468280193	1.4708243467857867	2.0106529286790265	3.862379299168279	4.890540914114809	5.517364915752519	
0.11252909407822068	0.14475611157582327	0.36464055428375336	0.6574505946158634	0.9910258002221878	1.3945705661375687	2.4884763678568125	2.995813354604108	5.140540385032194	5.548813925457401	
0.10366754386640001	0.14465403783942554	0.41031575447770974	0.4778477186330582	0.8330869217095073	1.5122892649958881	2.3400325790368783	3.043342450345412	4.984351410116445	5.582495285927699	
0.10519529046875027	0.14790045848901234	0.322895801364253	0.7057260912687913	0.8780388348192201	1.3248514232516253	2.0679024216691877	3.11145034714329	4.592252819862823	5.715535226803573	
0.09476995047210414	0.1572494208330738	0.38026221073768207	0.6278185618967467	0.9033989143984671	1.4731465127158003	1.8228308747780209	3.604855682188142	4.315356817897518	5.868843345952417	
0.1054792479938638	0.15367985827668423	0.4041618754782563	0.6820468188819043	0.9073303474431657	1.4242875741313938	2.727892923085877	3.095876022984077	4.197205522556733	6.47447762720753	
0.10937980994303938	0.16268835762461978	0.3548642482357804	0.5915682286274364	0.9295804202887669	1.38784229677598	2.1854099174949204	3.1487135216321818	5.186263188136558	5.405050576515446	
0.11746603372437373	0.13125174609004803	0.4552573346575834	0.6556118563954085	0.8652279545340171	1.4293208870157608	2.3019160830942735	3.482956133829596	4.44641382577151	5.391627964947602	
0.11052538294217787	0.1541718848405943	0.4334110680458903	0.5934207003379767	0.948684011711818	1.6331840895997036	2.2019390118922813	2.827863185714586	3.850493650503261	4.966644204716289	
0.09123587070688356	0.1436644852521693	0.41383565855988513	0.6610483572314368	0.7350002044057607	1.5184458868370667	2.070847339742125	3.3635228081564548	5.367305039806001	5.507115018242457	
0.10494626264908682	0.1659435647021539	0.38313815868569967	0.5628589008102184	0.8708598452901017	1.3613417822125509	2.2003277835712582	3.0273144879141527	4.766247322249009	6.251452800826554	
0.08281768279577835	0.16687056876954834	0.4639502685170098	0.5711958796465287	1.0151788083476767	1.6226092816320816	2.304171151998099	3.4326331594775374	3.7381979450327183	5.829508553461228	
0.09848708706932885	0.1700352744890269	0.33132302053549983	0.71699386607043	1.0820665957019826	1.2880880100797953	1.8813792956898183	3.60155544593341	4.3695532848145024	5.85327338281328	
0.10980279155286748	0.13238791246424864	0.4168019101099389	0.5259255430143785	0.809461560768513	1.5610739837158751	2.2986105637570127	2.540101216425803	4.89813995946267	7.157918837116915	
0.10110117016185305	0.1692522414008118	0.37161145061509027	0.6651201476837603	0.6846657487873903	1.3416200178267665	2.7618600513132296	3.738219152746649	4.361323730840026	5.987777660507152	
