4	98
0	0	1	0	1	0	0	1	1	0	
0.3267509087501786	0.9822918981789128	3.1605526820025376	4.633325499662906	
0.3995356035956878	0.7689594774680497	3.326052296585958	4.990074027471917	
0.3977227109255632	0.89570434360373	2.790513425305567	4.728577670542434	
0.45129207266502175	0.9915538187579411	3.626258648067042	4.919857532747788	
0.3650630031449173	0.9384153836773671	3.532270037886532	3.7891259323203808	
0.4047662358686629	1.0470793574158328	3.2333082391132835	4.8663089035058364	
0.35893387564268736	0.9335557920247239	3.16123848875644	4.706915711025056	
0.376028026868067	0.7741153166418903	3.0166085819808606	5.374128866560871	
0.40156633694482186	0.7348933020011318	3.642541094362377	3.981230389850262	
0.41394824276964504	1.0501777782333608	3.2830492577201955	4.051398199923751	
0.3528237753510094	0.9885210069545592	2.880967591138322	4.238148082960937	
0.3994899713117932	0.8694407501009356	3.7117539492921283	4.032864252540853	
0.25505004421221056	0.8576254685932979	3.3507901092540964	4.888498460490677	
0.3644812331796572	0.9042175942526051	3.2399619236367374	5.283860509618643	
0.39439284020429644	0.8841720958829856	3.916823656915715	4.505043707272954	
0.3011379627663556	0.8010251112581435	3.4314269410325915	3.7002477489131236	
0.3989259412152818	0.8574629796217803	3.6327577429018616	4.575380789944994	
0.3177931484505737	1.0150227432774888	3.6931692043461473	3.9254250106457667	
0.3494940301175114	0.976721728984245	3.4715573408321823	5.558960537399503	
0.41385452502203884	1.1532729172360072	3.256308566528016	4.672632000447007	
0.3584111055552142	0.881397928014519	3.297807607439285	4.237873125115214	
0.28256472699323826	0.8679875366314599	3.5999255907550634	4.532764059100485	
0.38297956027369795	0.8589996216117697	3.358208862035857	5.246396222598536	
0.4332268422514253	0.9640258086396176	2.9725396857133286	5.295239128367134	
0.42025122226794137	0.7922815054904674	2.679041884216724	3.8585558476171125	
0.36124060378100475	1.0138658022713434	3.5353342268980463	4.653323930331584	
0.37466274499081037	1.1505316480933563	3.261046112287344	4.460856599768469	
0.36071201423023586	1.1357153776203512	3.4842924708187164	4.034480398416952	
0.3361874007293405	0.7737565245870773	3.2185498716800787	3.8256852900227045	
0.3356310937633079	1.0293557454006435	3.539573801735195	5.171130890468241	
0.3241278296468112	0.8367842275848241	3.045716500775695	5.2380382309620055	
0.3823895205010249	1.099448367637091	3.4539193690812207	4.4494103864024055	
0.40180584177156836	0.7691675664365473	2.5823728161048134	4.616665969795054	
0.38054727766092356	1.1098264307189671	2.8018413385478342	4.667603603421383	
0.40642058552390486	0.9618815882882856	3.6071574515961085	4.2154324902152736	
0.41162480227890097	0.9822218353063071	3.6289026337798673	4.2699763933126125	
0.33492427279303155	0.8715442706043977	2.9045060536602523	4.245759907369215	
0.3672972342840855	0.8452405939537553	3.2525264131095457	3.9694423090873987	
0.37721838391524176	0.8839443313349852	3.210599916508663	4.6770110880449405	
0.36410721941205504	0.8576494808980941	3.037278214533801	4.96040547423153	
0.4284999710706908	0.8821143936621642	3.199776733931533	3.7330205994069163	
0.3730862567908192	0.795005338566855	3.0912903298289947	4.984817586268149	
0.3229278141032893	0.8461129992714699	2.9584433362434033	3.749015954164011	
0.412782808135688	0.9557831371435	3.837877619888473	4.052106720298064	
0.3126582478569217	1.0175426501485871	3.1327277069947006	4.290019165102699	
0.4361650035628583	0.9457878997075714	3.543863639574781	4.219808691745016	
0.3524445033277216	0.8960202939078087	3.467869147610681	4.522905039955477	
0.3977825170461966	0.6878993754079026	2.638360293857427	3.530844345434143	
0.36558683353713217	0.8000176316690617	3.7991377981430188	4.490376765155629	
0.38823416121028903	0.8286493331753674	2.885678870502946	5.198057386594279	
0.44773166833459926	0.9686714471617097	2.589681952997464	4.308534841219297	
0.3919041644867093	0.9087991368849974	2.5609460205579855	5.332282009218954	
0.34825122978429557	0.8052731311565325	3.2399652363058884	5.032914059052227	
0.3994946253993912	0.8076454192544066	2.7688070771123217	3.5137895712964156	
0.3689190247698143	0.8860025431014321	3.417007946510105	4.191520390749293	
0.417000884785533	0.990885629542198	3.0131134652112372	4.6760285675577515	
0.4305009394673666	0.8406543466582003	3.180668441702028	4.395245313475367	
0.36640682858874163	1.0045763568068913	3.5363518380539256	4.6830029360170595	
0.3936395340838357	0.8777146167495057	3.3574215866790014	3.9216736601228166	
0.47418459645728767	1.0555747747968216	3.5608744305814546	4.683751820507993	
0.39554891663949365	0.7728187276918393	2.840951251743397	3.989713616207647	
0.38221732708257466	0.9038185601932069	3.513681714571344	4.06550354108406	
0.4190113088078508	0.853704633579012	3.1141618179832555	4.902950140406409	
0.39917687430238724	0.8136145930452396	3.5958197025162892	4.540043834694046	
0.2985961501805475	0.8516305825392464	3.1168713801051475	3.973797707711411	
0.43102308044863935	0.8951474270486539	3.3995594688721615	4.592964448436613	
0.4068183244464508	1.0855937096655452	3.4696026788817322	5.284176379283503	
0.4066855729307668	0.9422324707862162	3.354473233856505	3.318584158046533	
0.36270409250296987	0.9166468223542813	3.3923676482222724	4.488520671290363	
0.39268728727906477	0.8069433351256595	2.7360635665209565	3.967590520663987	
0.43970538875229026	0.8120854062033002	2.9937033735705016	4.547319065229072	
0.31951832814727804	0.848871931054295	3.4699540838194145	4.30288091992936	
0.44397247684391494	0.7720342856210975	3.137678963277832	4.302999852981853	
0.3796605021344315	0.815910985437573	3.061344689592539	4.85510554379433	
0.36976275018657523	0.8305153048157703	3.926016334467305	4.52209491480017	
0.4033070703515038	1.0010654210657688	3.2270037075950673	4.144615362953692	
0.387569511684483	0.8648896183958925	3.370759858899776	4.426091847003287	
0.4191177703676	0.8238404573120792	3.483518000010716	4.776201120793791	
0.37091711498766744	0.9979081855985064	3.3861401822373947	4.800218300716072	
0.40293361218496665	0.9346611946279144	3.0562336033437867	4.226510155545137	
0.37184343602299	1.0084123317650624	3.455480886626308	4.952691664772926	
0.4220385723764933	0.909819618612869	3.887787044950804	4.453208978050484	
0.3612319344536934	0.9609999671580417	3.4072063905622754	4.166297982267753	
0.3739712239100117	0.8884316578079252	3.2960014450005857	4.858136556152841	
0.3698954474885527	0.9832624939335012	2.798624535385112	4.900403621148675	
0.36276964643685505	0.8861726824230922	3.3801104653398046	4.703805644203139	
0.3757322967620575	0.847341720342397	3.0941400986218146	4.542859087743631	
0.3986139634436717	0.8534657351551019	3.0419538237253163	4.618324636001381	
0.3768373387944763	0.9436243403282992	2.4003066502402293	4.367289479548839	
0.4124242399547126	0.8727236277509437	3.4081208127495763	3.9560649099996925	
0.3206141673702307	0.9688570348728512	3.232298890558957	4.34885087209755	
0.41216572383939093	0.9009988101638109	3.044398744220412	4.166630997119245	
0.34381088313064784	0.9733982367115065	3.1485681299212835	5.014134424144539	
0.26781139657148584	1.0158241452520569	3.3668796250158524	4.459129147091087	
0.33092629588141464	0.7756314091928526	3.4941044527137732	4.60896597322673	
0.38848231181860066	0.9204702117921004	3.5261874807042455	4.236357670364498	
0.3672166044294587	0.9135766099199734	3.1805605370293906	5.101457621069605	
0.33233135833292393	0.7482249418164345	2.77744147306072	4.807642928036144	
