9	64
0	1	1	1	1	1	1	1	1	1	
0.14785150974154807	0.3555376792294573	0.6306470125904501	1.0056680591233875	1.3203597666136198	2.271548143793707	3.3314469828797213	4.126761250188237	6.002315058019039	
0.14180021128959838	0.42713285176764115	0.5610649636320194	1.0703252630400464	1.4487918345847177	1.7747146935050016	2.5437364533269413	4.406126785339094	6.800175712265004	
0.16845929766657466	0.3863198969865564	0.5557758858440848	0.8911912168266598	1.4596510419748294	2.3837708939806204	3.4349899274157147	4.935728054788795	6.386204794315224	
0.16408327360420996	0.2940744166190505	0.5464465319276917	0.8272524107188651	1.2584204813521291	2.1511975916786157	2.779634191840867	4.075305173009927	5.940776691111392	
0.1259458681803582	0.36152561210815964	0.6383305813652528	0.8160361713617557	1.5438707228547	1.9766726746279508	3.3382860019357197	4.002208510920887	6.2720158366828365	
0.1454462582392491	0.3977154842788118	0.5672880192783519	0.9817137681961782	1.5511066601479258	2.1757408811610013	3.0941489344510598	4.394837349889101	5.241441135130147	
0.15304377688211618	0.40367260445269887	0.6939761426697421	1.0516728824948292	1.2902431906483063	2.1956031065931074	3.206779436166678	5.048098300151047	5.574496403664749	
0.1631712145668934	0.34249277010625817	0.5936411247662109	0.847740447147517	1.1489991693936483	1.9555502957473236	3.166308469794728	5.141776187864983	5.3475889753459445	
0.14091405028584955	0.3252667336306546	0.6693167461993671	0.8871770274390568	1.3816135663317515	2.075237068761525	2.616064390182684	3.840027463952378	5.428930672431191	
0.1592402507882169	0.2850287105306949	0.6324784039478017	0.9619081546472944	1.1704707851211498	2.0818509968331216	3.628254644434694	4.018265412941647	5.668813983666756	
0.1914158394977637	0.39238411926163214	0.5845203629448769	0.885633548205605	1.483347525901916	2.2972552808927653	2.549377508544562	3.4947289987695194	5.4011716961147025	
0.14769234904730005	0.3828716320456296	0.49779248677971627	0.9109551202044518	1.419727037456962	1.9672828068493786	3.0762906348236436	4.173074617394246	6.278580183853135	
0.15010304286166215	0.3365932205732409	0.6573028049414896	0.8028417854246007	1.185054059561026	2.097292597021429	3.1686786204624653	4.53275415997134	5.291207394542029	
0.16339620697974602	0.4451600381814791	0.5987010970728728	0.9593889681938426	1.1275348361064634	2.0564986611053	3.023801139158157	4.113852888421638	5.605499510122607	
0.14163427341635126	0.3247125473315552	0.5707639221533384	0.8331236267584732	1.5427316694281163	2.2210208853031133	3.357802504321602	4.939553873966334	5.504232522771244	
0.15404683535866803	0.42066835184016915	0.5462303366505529	0.7412870733084428	1.3312309626019132	2.3556519777122378	2.940252344388268	4.290705358586136	5.53218295723182	
0.1471446956115994	0.34015691287431443	0.5110125446630397	0.8890012379093706	1.3913315434478473	2.390043491200458	3.2715352068413015	3.972728209813794	5.560990848484492	
0.16070239203100886	0.3638949807890529	0.5344135864538989	0.937656598685659	1.3170459912645025	2.252801137490506	3.367963996614436	3.9836788913158894	7.070981133334504	
0.14815576733110764	0.278776542531532	0.622833285446899	0.6883606433994929	1.578695692832545	2.1622684211431697	3.2024908748879253	4.461907607328578	6.301046607272177	
0.14152267283149841	0.37639412098121455	0.6020023901351798	0.6541661144925953	1.5028303372769638	2.295792064583072	3.3694149461156555	4.633522681690909	6.906871303261099	
0.14806419150042296	0.37640400983231476	0.5557710063938337	0.7441173734517762	1.4833301551678737	2.0147243070348875	2.5968629802562333	4.427915337398829	5.887115829874013	
0.145272484908382	0.3819254175570838	0.501242003603772	1.0143648865429082	1.4798400884409932	2.3989206803102707	3.042129398397675	4.655334269283225	4.827809637604398	
0.1362237733582519	0.32462845860787154	0.610492725528363	0.8193824864363416	1.3553028444710018	2.1308744376515163	3.089954189821694	3.86948020826812	6.936664377345065	
0.15045592103679092	0.4396638244245745	0.532991752434946	0.8871552364622246	1.4302976223115365	2.461210546823886	3.757985712714475	4.266419599520493	5.511264992010432	
0.14864452803223194	0.42238527556516586	0.6030524400474252	0.9516965161528829	1.588176285525597	2.353136127709693	3.5696296196132686	4.779919020936739	6.811257996082554	
0.13177426468415832	0.4654719813203593	0.663621549943968	0.9150913235234287	1.5886892077144503	2.07529902308562	3.404318296477166	4.766388692338984	6.517290982912792	
0.14310488034731805	0.41356857048854606	0.5734858893601413	0.9979805641675787	1.427443318399559	1.7578486462337923	3.010553199297601	4.8816551694654144	5.817809737882488	
0.16820321768711297	0.3338948782364236	0.6417682607046485	0.9255794965613524	1.39470971305725	1.8966642808652185	3.3182566118255776	4.045996417414142	5.618363458470778	
0.1478899818238339	0.36610243957366884	0.661667389089944	0.6891157478273279	1.4044923004146153	2.0720025999813956	3.2472339187934436	4.255076353076685	6.614328680986297	
0.1461343075250907	0.3850519582013096	0.6535353486903656	0.9348362360204225	1.248503037843132	2.0582843688812655	3.209661938973283	3.7590470174249764	5.572914430764001	
0.1489759991928443	0.45646374970999026	0.6222661176197611	0.9446697337968484	1.6717597995678966	2.276387339549804	3.486890854325221	4.316896897950966	5.240715304290427	
0.15392471325746324	0.4492435647089629	0.6907819222662475	0.9911791943113709	1.3318155539224266	1.8166136868845957	2.9827696332684974	4.597970219781043	5.717393295215228	
0.1650308352685257	0.323410853212887	0.5922744861554979	0.8586979645495526	1.5717541211435748	2.266661359128469	2.9799231928840957	4.8843943745501	5.026341928808716	
0.12320257554961606	0.3463635338516333	0.4810259372814585	0.9195316038120445	1.41844730869778	2.0628167063409935	3.4251476004122163	4.174473726278369	5.221418401191068	
0.1380415235414449	0.33362571164771276	0.5632946184721391	0.98542961173134	1.1788321930439378	2.0769668623195803	3.5612259249755347	4.9822697117307495	5.590784591178104	
0.18319835831128956	0.3400388725021228	0.5862917912458676	0.8211632433351015	1.4919312822936561	2.7522624558944333	3.849215834804151	4.880877195389918	5.635505739065989	
0.14748100531925454	0.4224097626756434	0.6449703761544622	0.9377113172468613	1.4502934744660507	2.376975676385209	3.6735985884466533	3.82466795322655	6.136217831870095	
0.15867259843969847	0.35977806353747804	0.6767412435642933	0.903167571549838	1.6168709817734708	2.070806394560048	3.3342967680402134	4.606767802243661	6.997576020474591	
0.16111495550144156	0.36260947856819914	0.5836647231993392	0.9043162606669702	1.432645131108499	1.9469215158911726	3.223567240078757	5.11563363092027	6.7941900386249205	
0.12652724043618568	0.3145185812375387	0.5644121066496256	0.7645432649374783	1.2493355819694811	2.225509916653435	3.2376880158565546	3.7255777195414486	6.702019780808232	
0.14367058516545536	0.3603054435865428	0.6609933489718071	0.9682117731489269	1.4239338324888917	2.043663582680457	3.435126755379508	4.305234358802504	5.862979356164414	
0.13235256411621057	0.42341729270233486	0.6931557448739853	0.9497060695925398	1.360480791901504	2.351121694878407	3.4413115509292815	4.300303696623968	6.690686023236426	
0.1436331471599191	0.33112716109446466	0.5960524855111595	1.0308439948205241	1.444695876931227	1.8978835440294581	3.1189845693743314	5.038341756886951	6.16429470054109	
0.1497168040101985	0.37504430154042423	0.6647926314217885	1.0243640951463548	1.2296314906689956	2.3520845534625314	3.417837411370404	5.216843624704211	5.958521102073033	
0.1670284907668429	0.3978194531137647	0.5331661410992962	1.0249155824386704	1.5457472424307703	2.0102658207090403	3.344091369633792	5.448489340901017	5.710176679343115	
0.16089252870831441	0.3383945611295659	0.5657814686853322	1.0053823954033103	1.4667054116414933	2.1067339210078466	3.8033113823574958	4.0851843374150505	5.912412469646813	
0.15737658774739127	0.3468827115165215	0.6305538139542634	1.0299448166200904	1.4136119084109633	2.0026692143699614	3.148456954486657	3.2947163504084296	6.603674198431111	
0.15396885498047463	0.37329580008517643	0.4999925852358534	1.0331406572671151	1.367423674784853	2.2715272906732817	3.2462971941697867	3.7732957117059165	6.7611258628823725	
0.16617875366991647	0.40903327573873527	0.6188908315051098	0.8186344760102297	1.5542618641651451	2.6240747514861766	3.28774412857259	4.561059737218234	5.338896493618691	
0.11894400163228762	0.3663536073531911	0.6889000901279672	1.0549695603735216	1.4206466161960385	2.2424777982921102	2.8540324293409043	4.550051816314178	5.685341314260514	
0.1508200673143483	0.3695631692912086	0.582449631605297	1.0226651012092312	1.71084095302189	2.1135670342123323	3.7110548754129757	3.9412960638971453	5.9446568382973535	
0.13055709552278502	0.3681301740123904	0.6429419313898095	1.0340329736513818	1.3186708590490932	2.2484843019447416	3.6497481629906185	4.989477418986792	6.15537421158688	
0.1411622364449579	0.35382424354740305	0.5494410008111534	0.927060134622727	1.3122887706243282	2.295778464202514	3.3242094276065393	4.582357595261707	4.895714672611623	
0.1504166986305324	0.362553504118929	0.7299850574472699	0.8109648787958134	1.4006242848916648	2.232366180365238	2.933868343809747	5.367713709056141	7.169272886715822	
0.13712373505416375	0.3575112886037522	0.7288087736270562	1.0597601827461975	1.3771834180697873	2.2427586957334773	2.799313282779669	5.4885322201570075	6.043716931286843	
0.15878379603821788	0.3444682545771082	0.5318345523420721	0.9719514895033646	1.7040307676921278	2.0337971354715623	2.931791535243022	4.637308896102734	6.982315820583002	
0.14042116658759715	0.3705040710037201	0.650227459872962	1.017830639827141	1.3893245415749849	2.38577894013798	3.421849714898809	4.5072860076382195	6.541473851387103	
0.16146907178667463	0.34021351579236	0.689010734844165	0.9621221503377624	1.6267127455994355	2.1611356394720413	3.3304827828171883	4.6794989955633675	6.3281097032296465	
0.17292299124416768	0.3977247724342221	0.5983206494531497	1.0238865752056552	1.4915499145789484	2.7854396166884325	3.344710824274688	5.056949024759734	6.529249282520166	
0.11925152578149854	0.352002045401072	0.5736345352914319	0.790532421274719	1.373478259561176	1.8551951394339523	2.889521395460743	4.6087119943121575	7.15163879826955	
0.12956684573083674	0.3338115915766024	0.5680356366164899	0.9163125549173963	1.2094748879400457	1.999696737608324	2.992778538537428	4.643263210910168	6.255377228221928	
0.1477085839696941	0.3656449455556222	0.5574179895208438	0.9347967616277145	1.2904197385131135	2.4826561710094213	2.763181923908837	4.204663299967301	6.520920872389553	
0.14402044029278774	0.40553498242468056	0.7030316305577954	1.0074785729817355	1.2581104012841466	1.9018409301449604	3.1890948667384573	4.699371508929222	6.723681335998382	
0.13822519871104338	0.36157364489311855	0.5849609935724006	0.9048234376664492	1.6438772643262116	2.1276298932806292	3.2997422770291083	4.91016748610549	6.9546527302636445	
