10	52
1	1	1	1	1	1	1	1	1	1	
0.10041125068641876	0.12912062428572402	0.44475587896624647	0.5930934183646056	0.8978295023986131	1.5571489969446561	1.908823512885984	3.0007691876485207	4.530632521161879	6.617261394854088	
0.10501685045168788	0.15372487713773822	0.3829684739389686	0.6240141513316065	0.9487537201770208	1.2827139647068981	2.159907032651127	2.9010511858517303	4.5364871443053705	5.711611235107055	
0.1253938162278286	0.14940158424372432	0.3266388964820596	0.5919491873593845	0.9783003633443236	1.6692910442998108	2.0232677340131757	2.735710908442317	4.867576655143942	5.171640776460209	
0.09563844558492515	0.1461356927173351	0.3773539287745959	0.6413498674244601	0.866422011747366	1.3908567169401531	2.1469318741158814	3.298619336193606	4.544022228618565	6.261603465133547	
0.10843839509641738	0.1558895117347645	0.3972362498933503	0.5050666099952112	0.9346711760224085	1.4985695793642297	2.3067223568326467	3.024985998374017	4.20343232630011	5.655539594829841	
0.10536413899891345	0.16550821582386313	0.3645165159229191	0.654477738817623	0.9414836222523074	1.4122271338657715	2.1045523905891366	3.492648693495701	4.646510017554181	7.3654952565885825	
0.09147775357002676	0.15777152553044962	0.35989036162716254	0.5478427807806813	0.9289893562557476	1.449641404555206	2.77740731433792	3.190152609902959	3.9914195717318925	6.163806430496631	
0.07925359962453632	0.14862064826093602	0.38060896072721606	0.6476760229767127	1.0205468691967898	1.3579895444961962	2.1176179868545644	3.001010730051532	3.9923718503365375	6.1859368676283815	
0.08726414451403401	0.14378059649142205	0.342183389523829	0.6329809911774156	1.0975329992317835	1.2438729184591235	1.7516010261770225	3.209411762261228	4.507064008180992	6.131195584054379	
0.09553679484765655	0.14699041051761852	0.39396539560054283	0.6624258535586903	0.7481804643603998	1.3772416602185007	2.1959688906973285	2.9516577660015106	5.279026334295285	5.618754071862758	
0.09958707312992718	0.15834033145263435	0.35753117802552803	0.48920561713173494	0.8901351289967625	1.5772099994975668	2.0775675477411952	2.974908852025832	4.916552494276225	5.801535062386169	
0.09489839186349783	0.15224184134494964	0.4092885079655139	0.7429028119039527	1.0069329580121404	1.5958571151935332	2.041217267217611	2.9165928655599203	4.528049107328605	6.064301949155759	
0.08921487258635404	0.1473705820514398	0.395174068865327	0.6216236037010847	0.9768987703647375	1.471607956409654	2.0409931382569377	3.082982296339126	3.9604718709027558	7.0708650235110575	
0.10013450364619295	0.14662720416307723	0.3447059009048066	0.7761394741396668	0.8301804930032708	1.3686747466383316	2.239404919801503	3.44506921386689	4.931069424847058	7.084565104661557	
0.10506157655460713	0.13415953800049998	0.3702360852453723	0.6184699423508331	1.1223450218600415	1.2301138165853256	2.4085539486234238	3.3084721701025854	4.877023740853266	5.93880317001844	
0.09157567369873675	0.16126309169102	0.40486837903001366	0.6583234179443833	0.928762668909787	1.3442254506652616	1.814860796069874	3.5162963121453075	4.690750267099794	5.420530420281624	
0.09461426326703376	0.14299861782072837	0.32364659158466813	0.550939056203692	0.824553776817009	1.3710155013000251	1.991180037859144	2.7212234007183067	5.410165603756266	6.751524438617539	
0.09220980578480015	0.15408632094980415	0.39586367341320927	0.6714651512864086	0.8538697325206127	1.5861712701094868	2.032200359595509	2.815844718645201	4.825861451691523	6.774455054473457	
0.12587908973530687	0.13200412102364678	0.4065589480330699	0.5754119253723881	1.002852360078735	1.219719994173931	1.8785044982248085	2.9978406824708927	4.535533820550638	5.615351240076986	
0.1065905434391342	0.1654034192738687	0.4027839465673235	0.6971272583796521	0.9686718765393469	1.2559837704213561	2.4431259504107428	3.053324223428051	4.909688324858506	6.944240529933064	
0.104566880107304	0.12755761780253025	0.34510793767262793	0.6793646680131081	0.9142715902352181	1.4413790154967296	2.3131472494751755	3.476304930176105	4.625459915573456	5.87479897726772	
0.09687331554267643	0.16286848237937016	0.40103564218057614	0.5845619999629326	1.030636445108362	1.411548121536441	1.9668926325181053	3.003334522856413	4.059566623660605	5.836553990037788	
0.11233724278336193	0.13792357228454236	0.3871620789186879	0.5605986392623552	0.9057912591617564	1.2140641066861089	2.1025842807313446	3.187045751563387	4.743129574816063	6.133968547953222	
0.08801607875047955	0.16626297366065312	0.3879915155284358	0.6119036110306492	0.9291460411351822	1.3559606850472226	2.196827503045976	3.4045662416767892	3.7138969388945005	5.6767434975923425	
0.09745053029596412	0.1538425590854142	0.4253458182252308	0.5536955511241931	0.8836895482459407	1.3567076221775434	1.9776715681275234	3.1371643890885146	4.846860998994587	5.367698702781393	
0.10427814395152904	0.12447146654972496	0.3586691561351962	0.5802306419869208	1.085761949581008	1.3907032704203655	1.6767326532080526	2.6003611052700935	4.515313313856006	6.368262513473945	
0.10375455857627254	0.15251355158701482	0.42416586470521533	0.5676245267557721	1.0132266817104947	1.1966218714412222	1.9554362159183156	2.66271154664716	4.376319614698593	5.972243269640194	
0.1011410149222652	0.15092825029330703	0.34475297342915434	0.588585549335207	0.7907374598196654	1.624941743443912	2.0847203943269297	3.0911120113108006	5.215023147799837	5.254652079870462	
0.0887441288596803	0.13355669512697152	0.3774208874954197	0.6258978977782558	0.9987898185349585	1.7977953304017804	1.6663720223468357	3.447839066465435	4.249291242342496	5.648150910666736	
0.09380227871746123	0.13636845493788038	0.44401194371493113	0.6505378396208342	0.932157226005836	1.6231952526056408	1.8248062724607417	2.817520832317449	3.5199145205123905	5.580351275926027	
0.10161698526704753	0.151542878668985	0.3856749926202755	0.515336590136035	1.0046933910631042	1.4642667351081766	2.30760667051519	2.634852292283233	4.640170886459005	5.287340856049484	
0.0960267674744864	0.15801547347954575	0.3834615570377247	0.5489076012132409	0.9305834035251509	1.210990449920159	2.3973074901181337	3.183282693663718	5.003347474914897	5.684080987742374	
0.09476424011593418	0.1385371982004323	0.4132946094043369	0.5574341305602915	0.9899473752146114	1.3753093071332914	1.7251678905233017	3.0646479279693986	3.9694013035367184	6.0203416342094025	
0.08809592264325511	0.16388962651071926	0.37653911730658496	0.5893442403144756	0.9909979688142453	1.5678386915728482	2.1456787683695246	2.9993599026464803	3.7017136727495417	5.588370145778892	
0.0938278775335204	0.15160586179488444	0.36688441851675496	0.6412759783230857	0.8729925557718259	1.4218431131400293	2.404557300287331	3.361093194535364	4.472983106240146	5.6388333348388935	
0.09366768603285024	0.13724080120572077	0.35944173910024985	0.6453399503246589	0.909364390769819	1.236982451078484	2.5301563980078536	3.3539886871221785	3.8668754697690737	5.734890643655506	
0.10110886382828417	0.17556888139946064	0.33789172658616295	0.6585624431613567	1.060152237708428	1.3401024343743364	2.09033457194505	2.913199494603525	4.408442486513863	5.978046015394241	
0.10659649998082371	0.1663527520653067	0.3515723495443774	0.4819604961464403	0.9280242355273096	1.4719758667855156	2.203624802852284	3.143831194559561	4.55613844484877	6.909266885011349	
0.10381734168962509	0.14439947362495373	0.3609924829503522	0.5898088585393361	1.0822168164502495	1.4037879985377537	2.1457442159280475	3.0932480894457015	4.994542510848884	7.175902352846806	
0.10450613049431388	0.15124159355678138	0.3813977476606209	0.4569415926728552	0.9992990303784881	1.4491857974874056	2.242093540892056	3.018774786922796	4.326994404460309	5.753385038098097	
0.11021622984073039	0.1443186024509536	0.4591410922401723	0.6258517451409021	0.811361512620397	1.4116178800649701	2.0098898487363708	2.536825697308492	5.219761923051205	6.4218855253320015	
0.10533207317899314	0.15248105490449554	0.3274833323896874	0.5709829716266738	1.0082856120549133	1.279675535741102	1.605669597006075	3.176190547471199	4.436209100687607	6.081338049848826	
0.10728518643514535	0.15956408718346812	0.38983325259926904	0.6717318832852026	0.7887358103843617	1.5021551994702667	2.2847057481174424	2.847142257023922	3.8237082260929247	5.552434724114639	
0.09338458557484708	0.16130129195253648	0.3566475262197384	0.5486190889031277	0.8731180624874061	1.5899644237840522	2.152804325491045	3.191743416759004	4.450497525584527	6.775236200595915	
0.09250828273396759	0.16973262436410155	0.3879988593590171	0.5903748370814791	1.1625837463078883	1.2790435529588007	2.0739575616930934	2.8494598472717	4.928607886741276	7.013513360191007	
0.1166992278140464	0.16835923129719008	0.3724904222237533	0.5780855413506092	0.7745812111580519	1.7211299155309965	2.2508302868019205	3.090114005917418	5.097625600044136	5.4163412899439995	
0.10406622034222675	0.14741056298563748	0.40426973131545146	0.5961855876488327	0.7950637061266562	1.4408074212918154	2.375505790503203	3.2405046680974547	4.848801804715088	5.372682308595568	
0.09973739206730148	0.14063234317367135	0.40838527192397894	0.6018894937357198	0.994176851899305	1.5855425909405747	2.2986979936510985	3.3387634911454342	4.050804483669868	5.99832833359986	
0.09466909597984167	0.1448390406494366	0.36576770227149047	0.5412044655130653	0.747967511210539	1.3344555440891293	2.191576582163694	2.8118424602360657	4.50705700641223	7.140161054586579	
0.1102305655525224	0.17465312263680793	0.3948628593234436	0.6700505893791867	0.8626712800664958	1.3378593418158562	1.561084855680443	3.635497279063747	5.193145790918949	5.668093652791638	
0.09746048293602766	0.13869206829463557	0.3945408349561447	0.6674959527181944	0.7679222064290633	1.4885497098818419	2.0905155690803836	3.2868531773891743	4.706547300753431	5.887078536736308	
0.0989641314659422	0.1467918724866804	0.41687201566795473	0.6251255976076499	0.9505142690095745	1.2482539038838034	2.0686053552091717	3.5420674771102316	4.516963457905765	6.395718881753483	
