5	43
1	1	0	0	0	1	0	0	1	1	
0.09964804119008343	0.1532842087259178	1.2425831743869347	3.5686687773414865	5.8072358418814165	
0.11417453063478913	0.131114569901301	1.5329391299295572	5.033632933870496	6.858271100633261	
0.10668125970801204	0.13802350463359825	1.2558334055803875	3.6515403767692534	7.120990952992006	
0.10868105597593775	0.15961550455519682	1.0894199538143579	4.783089715498546	6.120162129163657	
0.10330121347879184	0.14372381734555084	1.453414524179208	4.028710326383426	6.046227144286725	
0.08725583222605728	0.1653128615662913	1.5510525793394707	4.826636519989368	5.0952105013618665	
0.10089233351102252	0.16085562811577417	1.539226997023368	5.298443511661795	5.422064687439459	
0.09695631183813552	0.15650133231232108	1.4541045491823081	4.885159236212339	4.889508101000553	
0.09672000498427298	0.1451918559916864	1.5419381806750319	5.040879766000948	6.1947155958746265	
0.11999966438772561	0.14904279498211423	1.3420481705652485	5.232883212552616	5.897525219579686	
0.09256927868400172	0.16520726496755508	1.3272037847729408	4.748648058333266	6.8234638373740495	
0.10003298120462574	0.16960288149456332	1.4897960584451109	3.810059488433134	6.5697524471186455	
0.11553604121570323	0.15775545922633313	1.3835654756835856	4.639420558479631	5.692534921264481	
0.11430773902286247	0.15421699771822314	1.4846326472945894	4.444427102708155	6.667456139336714	
0.09124040529783951	0.18614148657055393	1.4412317102883654	4.617808563635105	5.455326978826919	
0.11702265560021126	0.15741025657080954	1.547444765406059	4.263874516185254	6.834218296037392	
0.09423887498091976	0.16420515401079605	1.3796628916659206	3.9761203879583866	5.722761323634043	
0.0887889492169313	0.1494959329470848	1.6586089590236444	5.316722801961554	7.497210066257896	
0.09778961086939014	0.14895456561648718	1.47058522980558	3.7679023155785565	5.666410091337237	
0.09416533991338605	0.13689999332156264	1.3825029334103562	3.8639810590733306	6.06165376059912	
0.08420400941457343	0.14112719915880947	1.1900234647937062	5.016748950322461	7.203594194329305	
0.09465556624050166	0.1371546944652772	1.5244256207619282	4.221773108049747	5.277855061741745	
0.08269720387053835	0.13132453845990533	1.5982864047542111	5.052391379914314	5.697892351402124	
0.10458684151155842	0.1693788412260532	1.2450174086187782	4.607625780350171	4.9417792064795245	
0.09790389193587559	0.16169969719465205	1.6302957027748728	4.790311851735674	4.650718392363206	
0.08891964208224436	0.14628985698294958	1.467532016873695	4.583267135294352	5.579692431810892	
0.11004485332776728	0.15102518222079134	1.2683460985175246	4.23570724280369	7.63288224786245	
0.11304659187409881	0.1639575357738111	1.475670876535401	4.05395035643467	5.954794980221792	
0.09344819361986652	0.14825975814189915	1.2983064466821301	4.748422946290435	5.541428077058588	
0.09333160965691958	0.15668986512784291	1.713788520063554	4.028482313867333	5.589682375851673	
0.10058258205132364	0.14282576727494056	1.1151660048636949	5.224312580459853	5.366263545976459	
0.10324688231260729	0.1612758617939739	1.2727472626628045	4.626855699479527	6.391217262741508	
0.0795897377400576	0.1472664906979751	1.487940365967415	4.933930447965312	4.953171699175993	
0.10100362242925005	0.16392881024411218	1.476326643942975	4.83369242447907	6.433496515288697	
0.09100582887172612	0.16396224718486782	1.5374034878188243	4.27927678408098	5.958250757747333	
0.10824747295690029	0.16927926033519852	1.404211863310604	4.675729550446372	6.816769659548774	
0.09489282033122985	0.17316719039407386	1.3056364453906688	4.422781471338068	6.457920651076101	
0.1119124501386965	0.1531669645028806	1.1665871045548655	4.412220682788098	5.864792598523243	
0.09872708474268288	0.16836085826483663	1.2702372012623315	4.461220884939018	5.898939205895205	
0.09774335466626967	0.13623650508745766	1.4633545328109427	4.326545991971732	5.600347319237405	
0.09511138379222409	0.14131002463735368	1.2925793163900314	4.148942223891528	5.107992858032315	
0.11757335582054061	0.1528896467375058	1.4147627524435773	4.95385830622654	6.162057801122355	
0.10614511961322377	0.15255691803543556	1.6808533313767218	5.660119902699778	7.12336054496255	
