9	72
1	1	1	1	1	1	1	1	0	1	
0.09874023763968087	0.15155085874788893	0.4184977496668801	0.6385517851191224	0.960555589643609	1.7599351389471263	1.9977643179483608	2.808032058607943	6.7044912586025704	
0.11866838112897188	0.14047211810013988	0.4323564700986663	0.5679926509566571	0.9843820304421353	1.5215590283054226	2.014323628108051	3.850185629388256	7.1769495742613	
0.08978793491384139	0.1530158136957227	0.4147510864644768	0.4870449997335928	0.9324394470228146	1.1935955689128597	2.2935091144296043	3.2779412880039898	5.775738544196093	
0.08433098591590835	0.1410209727911206	0.3997294852603337	0.5975417927382389	1.0409053670355102	1.591269470119519	2.383338365293582	3.075225178153223	6.176985175609516	
0.09034765759866853	0.13110098378773022	0.4249104291237104	0.5288085586544962	0.8096623041236166	1.4450428358164285	2.091804685805371	3.1901290569740266	7.383392704437196	
0.09005533648992087	0.15742549817128912	0.38329431720258034	0.6605603356754738	0.8569216348094193	1.3979015284505834	2.1745415339166754	2.7840081144750797	4.916669802395822	
0.09979201360649659	0.17006456154917535	0.3666162582182586	0.5870949242937776	1.0370156325613398	1.4087193234361046	2.3170354292247035	4.116602005922301	5.653761419931112	
0.09822945278906083	0.15594327215842219	0.4366817027376788	0.5930923933826305	0.997822040226057	1.4797475715185562	2.13446840736857	3.113362981986091	5.63447083257049	
0.13065525898375918	0.12688427662549615	0.3250409921402038	0.6146844268735847	0.9489037379009357	1.490968454669903	1.9619728212588545	2.9163964391125217	5.828701902518926	
0.10907614238897922	0.13473398357334646	0.3857427430420955	0.5692644276520609	0.7882232755601641	1.246758701521319	2.3457247727163546	3.053754289043293	6.746285208130606	
0.09962752380110995	0.1294826065917825	0.39813355831264907	0.5519195313925714	0.8949533942668978	1.5919795509967105	1.8727191108202896	3.1038750490327622	5.349880798413144	
0.0880966707489565	0.1429021321757378	0.3474123497600717	0.5835655786145003	0.9894121256759577	1.322626948274296	1.834340712692577	3.4584796987034943	5.54545277828524	
0.11827769001363692	0.1438650579191801	0.37483294296830105	0.461754462083295	0.8219587662903878	1.1040829013270623	2.2132287740241834	3.2234160557345106	6.378073926258513	
0.10807409975951239	0.16442207903226586	0.3714484728862239	0.6051247668347032	0.9838416079882313	1.3163538931532734	1.948327323956653	3.7505218529164184	4.916301474972613	
0.10500004085322863	0.1551181757481353	0.3373138181662929	0.5599294164923452	0.8968137842109111	1.4609841368642231	2.225609322882316	3.2399478981416174	6.113035579280989	
0.10659450268377038	0.15919894844768503	0.4383036434463004	0.6625881441505322	0.931654593125203	1.521617535665293	2.2411219761958683	3.3034321386156518	5.4788409408319625	
0.10162255874571738	0.11902126968860999	0.42074835700440455	0.6210208630022046	0.9151957918792236	1.36983728639261	2.290718048366907	3.847192076065697	6.225047937979463	
0.119022478557194	0.16176531323309945	0.34939470516563065	0.6292637551918521	0.9662763323236557	1.3147431270137686	2.062338833479775	3.1110461549846975	6.060135287496054	
0.0971996122484968	0.15403000268429293	0.39636607760344633	0.6760601060228006	0.9810700006707085	1.3296224629405922	2.6038871265973915	3.023973148928304	5.7674445730043855	
0.10597495820343272	0.1934294953183199	0.3952602471566853	0.5615050876760446	0.7775426430277508	1.186067127475362	2.1523560103393957	3.427042375125766	5.148111997979667	
0.10221972201377592	0.13029641952629833	0.3448726162235826	0.637904899236955	0.8604707420314994	1.6173416878771896	2.024358716537967	3.610568602880144	7.3591291102664655	
0.09254318622029631	0.18699043010371097	0.3805124722000617	0.56204596192485	0.9024681769721841	1.372307312771716	2.451384914475351	3.678297152552878	6.7835808909758075	
0.08700587091828653	0.15283954036208985	0.3211116162141177	0.660665911990218	0.8850202424257064	1.5019401755319306	2.042100421083843	2.6793477918747715	6.531091947072333	
0.10962391146642353	0.15209053683563797	0.299766783072288	0.6450212586744439	0.8614043060236176	1.5038704128494234	2.044520398181857	3.1239126213827126	6.298570502796976	
0.09179095076071059	0.14749973811158856	0.399364756616013	0.7299869476989816	0.9230743534265555	1.5500469720167205	1.8980612482434285	3.800755674410292	5.515177144713018	
0.09867808455017309	0.15766823061167354	0.35036326007182134	0.6648545039488758	0.8684519167050371	1.5487792210120521	2.3795559243460493	3.437989389034768	6.4250585807065725	
0.1253087454915885	0.15624816407492004	0.384173893542333	0.6201739760235309	1.0482333848114722	1.7630863658398033	2.1142098647727376	2.95347671926429	6.697529661942346	
0.08636911864224753	0.1538663816790368	0.3915757537670877	0.5935597715281661	0.9254857635414461	1.193693414349837	1.9633195046047638	3.554554519134882	4.775238723640545	
0.09914005787596732	0.14531151173912765	0.3042873311254617	0.7015425869362214	0.8341850674253938	1.5084965199952167	2.0491870142298927	2.9754205718364877	5.858411660748548	
0.0964364592078485	0.14719899731024833	0.3500958322007696	0.5391609254003876	1.0234144474301017	1.4309917939735466	2.1370326046068575	2.960269630299525	6.944639314277216	
0.09912571423934784	0.1215643621418297	0.39048129860271985	0.5541483698579749	1.0147075585269034	1.5784957222930707	2.348430761015237	3.1000427557047283	5.932260989832576	
0.10248605622046972	0.16338991976005898	0.3405653788547649	0.605605557548402	1.1037168333271439	1.3534387147500648	2.144394784540818	4.099383455353696	5.8552580322172965	
0.08461205943483979	0.14913929057110104	0.4435713231074044	0.6634028759724879	0.8388887352143134	1.489401444061018	2.112193357074899	3.5139109616568676	5.630761539767735	
0.10494517703133399	0.1786537923509391	0.2807300776924597	0.6355735556543186	1.0526732378894756	1.2074438115197237	1.9950716757938054	3.1220463172659443	5.561453911758717	
0.09194186336577342	0.1443788562164583	0.4123644040338272	0.6892591394112375	1.0511468301022462	1.572113520137218	2.5439047450208663	3.910181484520268	6.09963547022035	
0.1143096525567638	0.15635878797782737	0.3717829163508471	0.5970138772577942	1.0241641243224315	1.6395795366093897	2.274797688507629	3.12128768739343	5.706312643957892	
0.08146715518214118	0.1554140104791586	0.3911299185640553	0.5373217589695177	0.9739987576111148	1.4952556708326852	1.831001829885864	3.1454332072316085	6.845427431186308	
0.09366819475947868	0.15026462523770476	0.3860973585658287	0.5984198282788789	0.9940494765877268	1.563736703604075	2.4218852784977374	3.1481131733333627	6.314319963357204	
0.1083982928728034	0.14822499852269808	0.35267185558557057	0.6086146912233088	0.8736669675673804	1.3292953825793685	2.197328790252976	3.188797196577602	6.105313136837893	
0.08448773431629776	0.14736679306145467	0.2941099337313541	0.5372717895218142	0.9217291797137812	1.603476526760227	2.2654229351508897	3.279339982170793	5.773953016884874	
0.09749407538746752	0.1695866879681931	0.337958753345523	0.5564677043663075	1.0292082531176445	1.3808184180216503	2.5669034870129672	3.474477462291015	6.692974238004343	
0.08374372479197406	0.16589139934174435	0.34772319203654106	0.642945874214487	0.8961757790383367	1.4618608888541562	1.9121604894444748	2.6908113702490226	6.090333858275581	
0.09706200107567692	0.1365930656497662	0.3160821004557082	0.4394967583058809	0.9786910084630148	1.3935257307009428	2.020169031096503	3.319163739075112	6.608642556177728	
0.1026956652692064	0.1433530646516568	0.4610345628144341	0.5618548390506015	0.7989043256249619	1.4442736361939037	2.09505443107231	3.5578056290647257	5.684226785355067	
0.09834846093451817	0.137013483731386	0.41069102383323575	0.6086141998910412	0.9044078170649862	1.4085513776478307	2.1454182426812727	2.782857688784329	6.697625028945088	
0.11104028311740227	0.1506102058410401	0.3774847630092213	0.540200519213705	1.0906421514985225	1.6424200027951208	2.234794867682803	3.5165156281682726	6.738288580734711	
0.1102747005492078	0.137157075428271	0.36817719336394567	0.6280909311563679	0.9489092187046859	1.5376874468698138	2.288400961643328	3.3302656816860656	4.437757976113016	
0.11172836278290832	0.1625855372362344	0.4586301368989365	0.5713501448657051	0.7586097299183552	1.4041958873285385	2.2481862728586233	3.106337369895666	6.823076200855276	
0.09339860514918685	0.14848672014804776	0.3706523827679145	0.7664586875568058	0.845734777609067	1.513473600379718	1.8917403863906073	3.36146354324553	5.42731969196532	
0.11099944565240974	0.16362192923726473	0.3903177697443608	0.5165142316845129	0.9250519998889961	1.3865083084025618	2.328534465813167	2.9566912658270943	6.693036888691468	
0.10967387068153439	0.1293839860874397	0.3716550829428046	0.5969198718072675	1.0235531509204554	1.3317846437423504	2.1946348963925546	3.6071940185724176	6.150761587757195	
0.08142679054884217	0.1425821891739937	0.4143608313484617	0.64676252811994	0.7208066677044378	1.4587055040572523	2.3533909805466333	3.4251504586519084	6.392144998047252	
0.12062316420494841	0.14934820290626705	0.39158150871405256	0.5436302693067241	0.8709755855646888	1.3825276839860818	2.332691016221628	3.00702714664525	6.74077385376102	
0.08906833768254158	0.15959407354382585	0.4009785292385768	0.6154486852392983	1.0215713952913705	1.3238165843038983	2.049782758884971	2.9369102073435136	6.005407202579744	
0.09880057913103324	0.16284682587753022	0.3946988442420147	0.6413650394631586	0.9116669938687142	1.4880114499123684	2.5397381147599005	2.8126988227422993	4.896543436434438	
0.10636913022432207	0.13727185899653288	0.3274942113075608	0.632034467390786	0.8365930180365031	1.6500850201693296	2.1836409670048607	3.184153104374331	5.507051749530493	
0.10215188373831091	0.1261361799199488	0.28620497896686575	0.5067507568872234	1.0357586845571654	1.2978481023257664	1.8415820127804063	3.2211395441318973	7.334812577394221	
0.1109189460866076	0.1379933287962801	0.3488983640044265	0.5522426932731473	0.8453453893832045	1.507762441629044	2.0777710756405376	2.8882295398620736	5.19823972648971	
0.12301033609213352	0.1610811933206544	0.347468574702394	0.6727415680477572	0.8228278068055288	1.4103931994366556	2.0969886996549216	3.3092560042154453	5.434738676707085	
0.10128491248819704	0.12377430533685235	0.3656841872672871	0.6801138461789814	1.0253577810692995	1.3304699846595769	1.8219237851948902	2.5404779105833333	6.370482513733814	
0.10278389532681637	0.1557850978195739	0.44424290653527004	0.6091736546841106	0.95121163772404	1.2301747183849359	2.4991464698707655	3.196713708902069	5.509874347372696	
0.10207856643367469	0.1800046741851055	0.46113756921125615	0.5417760254635399	1.0393095595459163	1.4780095980560177	2.36233231961306	3.339932800398968	6.368930932848773	
0.11321305248578768	0.12376245388605747	0.3936942110620568	0.5298292681631173	0.8868852651591624	1.4301388936769188	1.9333161087450483	3.0610489661255893	5.159570123259559	
0.09406720039260791	0.15767777266887234	0.41288720103132276	0.5538372748650694	1.053484594380641	1.512565944084441	2.458178650404414	2.6744971902713757	6.1867505253488675	
0.10611213148096713	0.12422213893514113	0.47174141988095675	0.5618062474550982	0.9805788582105676	1.5625244182408644	2.1717543202507774	3.7003941235495663	7.197127920591213	
0.08890388346077494	0.15174219106836617	0.41479572053219854	0.502017677195489	1.028977415413622	1.6740346056897626	2.426035675403825	3.392494588281288	6.923675781279945	
0.10357451275334109	0.13020574877736935	0.3601680075036693	0.5846625535190347	0.9240526152336769	1.4165251448466631	2.0772761808940072	3.3211241452876177	6.902541782480102	
0.10214112514469945	0.15943074722737235	0.2966309832715041	0.6075586310854666	1.0310756368334273	1.6082995597188827	2.396197029974261	3.3486087608420494	6.2483611390877885	
0.0932727876815533	0.16267527514342328	0.3546390348805693	0.6408536530277035	0.9338607037123844	1.4321366467321517	2.3652670024792046	3.4323922566440492	6.169558450475668	
0.09502273201935633	0.17403469852334746	0.39265261197807333	0.6448432396224515	0.9375280813171447	1.3307962806929197	2.226313265178372	3.056376094184922	6.262666684487667	
0.06734698719983932	0.1439877907200868	0.3794547497571551	0.5427342974482252	0.9638317431044122	1.3696220030327317	2.1487294391235414	3.070754153402669	6.583146595531283	
0.10545971837296785	0.15446858935436514	0.38235565172276953	0.7518379255983739	0.9153608906753841	1.330345248710395	1.8977919155791132	3.5442404116809154	6.978731291441948	
