5	84
0	0	1	1	0	1	1	0	0	1	
0.3237163182732506	0.612960512517632	1.1958522371371727	2.0145661334931266	6.298907592883326	
0.43440011812181567	0.6167882178274128	1.4841546610752316	2.294682671092933	5.044774595001964	
0.4033142768052428	0.6002185628779919	1.3158944069312486	1.943312730338797	5.950842664656854	
0.41102500198271824	0.6652082062806622	1.4119580516768058	2.3749783025625173	5.349667464019222	
0.36309362269748885	0.7026602293079248	1.601043933591386	1.9768867048437637	6.445522357873646	
0.3584317473866703	0.5822223580617377	1.4226464224411055	1.8633175445052292	6.181358635194185	
0.43221507074878845	0.5910599811623782	1.3514082653244703	2.0245104122054127	4.693269052885997	
0.28788931934873613	0.7117609530762538	1.366549663187387	1.9524032242646876	5.468301610635558	
0.3776893209863863	0.5852650191723737	1.4855233812046098	1.8727393122281653	6.263408781884128	
0.40195743377748633	0.5826429983857103	1.5469734183830706	2.43242986026644	5.831006772146962	
0.3777959932904031	0.6198777882562714	1.5218383527302601	2.314680430032711	6.4068656133890824	
0.40785464354553147	0.6106210513860791	1.543177684683477	2.3123016785016883	5.920597950714226	
0.4299122437891063	0.513745352189009	1.4507896512967697	2.237836380307674	5.987765841456406	
0.44881685179296216	0.5942807483986052	1.6292106422140025	2.0375987301025207	5.88738347501953	
0.38974811026012457	0.5920163905626222	1.2616463553481339	2.2291988897775488	6.048805436457412	
0.3579115994177566	0.46810614915636917	1.2103792855546271	1.8298086967946554	5.962564569955061	
0.42216147238309176	0.555382005309045	1.5158965024902042	1.928495225314858	5.855224191465819	
0.36902540124487154	0.6033514122325244	1.4008019795764506	2.1608597001710472	6.485810281294071	
0.3996340949869134	0.6131343428524005	1.4564084633183016	1.9813867324318652	5.7204640210955535	
0.3828642285859047	0.6108846464314102	1.2596298453647834	1.6862207985863638	5.98073264939797	
0.342642381868474	0.6834419066259847	1.5262780272111598	2.27585720499599	5.197714105343995	
0.4132379627607342	0.5623483681627153	1.5394200000255476	2.3357567343437435	5.061462048957613	
0.3421721541877529	0.6877273059147785	1.2177205896906504	2.2657384644051484	5.362521261426591	
0.4243371933555318	0.5866688076107551	1.4197643399557314	2.396044839348802	7.008821346166071	
0.3756913296154969	0.6316009417894711	1.425901841540432	2.532389877614502	6.88410255389168	
0.38424661284873607	0.6384814425671815	1.5844596347750366	2.0080328301432973	5.9032984563825215	
0.41844320516799	0.5203903789947034	1.5224272791976567	2.2686824389444142	5.575345861150385	
0.4218331725860921	0.6248529358949523	1.3369376307308398	1.8477768422299663	5.723921948246039	
0.3447898261739809	0.5700033047634631	1.3691261720341086	2.4064566898836475	5.210297593819044	
0.3394814934861291	0.5743921798887571	1.7997397118861296	1.812597049785867	4.779344143953036	
0.4285740703069124	0.5693756809166706	1.3134282239744943	2.2307305563069613	6.416524790043965	
0.41150390920422963	0.6338964242176515	1.3300941861437567	2.2917527500067916	6.241533112265713	
0.430934401278578	0.6880880890335966	1.3005986378323737	2.514276247886661	5.726227221559528	
0.32570886191299475	0.6998345317279876	1.546950250587155	1.723436204924628	5.696623709192872	
0.35282293464460884	0.5657160258103028	1.6962966130812094	2.1041601980230675	5.713320139514	
0.41871568500260536	0.5712588722194661	1.7715900458882754	2.1933959121524236	6.584527014934319	
0.45399241683359765	0.5514026275588565	1.5413106802885235	2.032883152345655	6.123867127328465	
0.308211837923554	0.5680323890086023	1.6252228192426046	2.3264930684591465	5.819686358513193	
0.38421226022862065	0.6450898968944806	1.541206443865638	2.240652064497009	6.607083543919048	
0.3734557984509555	0.5122112014878111	1.2918976343090907	2.054042471155418	4.834267592876098	
0.33743831657611895	0.5416578766120183	1.243406275750445	1.794104632026356	7.036686677845977	
0.41519710807691657	0.5838623572721144	1.454285093424849	2.0601350077150324	5.740852070350689	
0.41474820227129494	0.6131828226489051	1.283358373769812	2.3956225762015073	6.256691988470175	
0.4138138838873558	0.6114946488606713	1.4412878574145684	2.1213503626108112	6.314953342205316	
0.3350138241708121	0.6323796181413104	1.2036385001689642	2.0176921973582265	6.867487400487846	
0.3384559836296538	0.5658575580124231	1.35624240072798	1.977549361073506	5.855499398951096	
0.38557654576238537	0.6844780524877896	1.5773821665037102	2.2762742760408514	5.91968667033081	
0.35317637746443126	0.6341718194508559	1.4889031481504313	2.2562254010881015	5.768147099946891	
0.38547182781988165	0.6134847528994845	1.345316331541442	2.3898764190316997	5.045667098595757	
0.35475495879223434	0.547266072058594	1.375268415349621	2.0294143909623488	5.652935669820008	
0.41072897202248804	0.6138242501157113	1.3109589485159592	2.262593929802298	6.2623411418828425	
0.30807305055333883	0.5716775698988107	1.5174157523489493	2.2307197054066776	6.358738244618355	
0.348734786057248	0.6234345116722059	1.1770430384571462	2.1064087982626147	7.039136119188512	
0.41341519976348756	0.6112024663303022	1.34951875925511	2.4183594381791007	5.995832524102815	
0.36484429939837215	0.680638683964962	1.439239430693993	2.226116717531072	5.14164367710856	
0.36112186245800254	0.6437436462838658	1.4217295136597603	2.1250372569038474	5.350864728904206	
0.4135225536024034	0.577932968005101	1.4635893666564674	2.4445126686681453	7.0351131952383845	
0.3497693264637279	0.5819121739590749	1.5135555256288578	2.0050603097507658	6.597532572351118	
0.40506299673910734	0.6369743418859173	1.399518052711877	2.1674139478211036	6.307286180116479	
0.38753507384489044	0.5098817871069258	1.6241853218246065	2.1818736835558243	6.011450296991072	
0.426570124468749	0.5940972621275002	1.2856054706832076	2.084161418507148	6.731234650059056	
0.34356770900826	0.4861403880551198	1.3472602762891877	2.247432785001666	6.704105457923855	
0.3880120457686175	0.5780577607150892	1.226715952239733	2.035792416036671	4.860830406535258	
0.421053713528862	0.5357249540464769	1.3183239368281279	1.8781396649436093	5.9031367438620705	
0.3908148287286692	0.6655078958100012	1.4199305078645161	1.9959431525067481	6.580014973506928	
0.39316446366361124	0.597702453235322	1.3703232690087719	1.952046974034021	6.374210230513121	
0.37784929772868653	0.5083629032936797	1.395005402835018	2.3488612381530714	7.357922728292376	
0.3701722745663906	0.6466406180313086	1.3727022021788908	2.172665840689871	6.194363301986478	
0.4335259780445619	0.6674342899909778	1.5187094935278418	1.9743066030373868	6.300782443047442	
0.4373460650789536	0.6338378573482976	1.5299688012307426	2.181593552139163	5.811975599021559	
0.40044188612177695	0.5876689220508583	1.2058052859236121	2.44125385062633	6.401656268078865	
0.30529622899823444	0.4525452883823301	1.4026193705090004	2.2816520330998724	5.638703528914785	
0.3459060254885019	0.5910630147509677	1.408712016342841	2.0993296304323406	5.307834249691767	
0.38650412348100566	0.6005377185278976	1.21556850554111	2.2525836668083583	5.774343479126601	
0.3498099963140657	0.6103593459417006	1.3854839043624483	2.07093071662241	5.508621636689236	
0.3902507866339829	0.6716756280341252	1.4192871946572783	2.0057933902430602	6.520356928604684	
0.38279808033907253	0.516637339763024	1.4607342008692519	2.00396196899353	6.462979224988511	
0.30618499266956867	0.5930136586118941	1.5896257347267893	2.0738737799425224	5.919602837181919	
0.35232014446724874	0.5890063410078843	1.2284004613155033	1.88544624378169	5.224799208439416	
0.4339561972871193	0.5103965256535631	1.3142218350411008	1.816595090303225	6.907994031192736	
0.3601608586049412	0.5141803612127285	1.3230278553141117	1.9460603046204328	6.545640511819447	
0.3713362844951718	0.5295119061547566	1.6338415166500158	2.269408442437333	5.4678345162802096	
0.39496852290096224	0.5074421835684041	1.1791220068071844	1.9020135043967108	6.457840129613261	
0.4365417721284953	0.5348408169863033	1.4357798098438344	2.5150769841488883	6.4526661945129105	
