5	20
0	1	1	1	1	0	0	0	1	0	
0.13889321996625206	0.397129765785081	0.5445586480580269	1.0024013226062523	4.506846980343865	
0.15353210578370843	0.44572865398019074	0.5130552568605036	0.9322712452263436	4.787136770127569	
0.14075649514595823	0.41614241835647775	0.5673188275925994	0.9571209450186052	4.4444275311928365	
0.15242677650118353	0.3828100517398027	0.5980820585471739	0.8859675628155234	4.200882844900118	
0.15473978749434306	0.3820028330914116	0.5584741254733027	0.9619347271292923	4.291850996888089	
0.17333159994468408	0.4745888518718096	0.6833428108416125	1.0539991817434111	4.866375320828936	
0.1468525267260919	0.3078357054638936	0.5384996454217251	0.8670632288737028	5.043481703785013	
0.15384197914922274	0.35493810877351906	0.48928881954391157	1.1455876643477039	4.739991100183339	
0.16362764750142686	0.3596448982137005	0.5916832637602326	0.8980205127029861	4.528951532532672	
0.1776868074364352	0.3342373175442676	0.597524150682144	0.9635613314063595	4.4474322271737705	
0.1649298727274825	0.3140455119448645	0.7130261426099261	0.8025417138184681	3.9914515487553777	
0.14325820244217477	0.355391733610756	0.6254702073893355	0.958708340026199	4.551100647838757	
0.12873177423006318	0.37470080785833926	0.6011839537332666	1.044601518838871	4.589749597398839	
0.1557398614739298	0.4545748042448607	0.5303935979438515	0.8939059900940076	3.9888675584861897	
0.17409779097672853	0.4436440591004279	0.6917115611747335	0.9809079361804643	4.671225768797235	
0.14312937806982454	0.4092384629922169	0.5231179302168298	0.8105154477559697	4.311057431055849	
0.17830501509659433	0.3604886979229808	0.5772972746607254	0.9567628116295644	4.904375878658287	
0.16878031108816616	0.33742570344438927	0.5941995091220675	0.9508797572883257	4.6461444894215544	
0.16298690349668893	0.4111631915882122	0.6015296703819151	1.0371712636262371	4.935953265394184	
0.16332572886310243	0.35990527590868354	0.6427738663513204	1.041931793754572	4.268767631986099	
