4	73
1	0	0	1	1	0	0	1	0	0	
0.10297122054519244	0.6654505145766385	0.8693471483813475	3.381794847098493	
0.0967510928736602	0.6129427536512146	0.9311444757584124	3.5743446032454855	
0.09883211246315553	0.5991516699211463	1.1005617663678657	2.8002895581493954	
0.10690506001640546	0.7117536518075029	0.9192402298528827	2.8214382673935403	
0.09387296190099238	0.5841173172448177	1.069392186925125	2.746572722350892	
0.10423780036125373	0.5120742230580059	0.8814492073672971	3.6334172119634984	
0.1060328311774663	0.6234713652012426	1.0236456822548619	3.2488647214892366	
0.10158378202707133	0.5931346585050055	0.9714274937307161	3.3800532646455532	
0.11616618544066966	0.5078417108737902	0.9179634648928049	3.1835445506797697	
0.11320194617299124	0.5460689312106195	0.9014824424622089	3.2608645383861625	
0.10466038886227091	0.5894989284846099	0.8788336430789927	3.0325225567545324	
0.08905725155319417	0.5454923505111752	0.8960338864853404	3.010324457348338	
0.11974069323103367	0.6266453272310337	0.8344724286209563	3.3913776332065924	
0.08437143063749351	0.6758007395985014	0.8863357986452959	3.6069257597945628	
0.1006588977703895	0.6164086034574793	0.9413729898351795	2.343037925165332	
0.10531429485883162	0.5426412531671574	0.9316578308568177	3.429350579911034	
0.11413514239319394	0.6656331241073745	0.8312744439826589	2.81238537034309	
0.10141989395007872	0.6339034284444701	0.9964497493134857	3.5392892120161927	
0.09481036151062892	0.6076432813182991	0.8152438682135869	3.6706920578119155	
0.11176388253181338	0.593778908679245	0.861129711693482	2.896177869084489	
0.10238034568296875	0.5359557873067351	0.9940649192898157	3.2721339300780405	
0.09724706643450468	0.6471720782193032	0.7617071455264787	3.393484685984868	
0.09977637823708768	0.5864971421246933	0.9961638851780281	3.6810203523307363	
0.1021343614232993	0.6294223490240604	0.8899892473034478	3.0348874839983813	
0.10270161566104954	0.579394737949656	0.896587681792764	3.742137839020983	
0.11298690680858672	0.5254218920151209	1.0189592124720508	3.4922981476820003	
0.101991409268808	0.6653519594983835	1.0746576386986888	3.499956271494762	
0.09633720156574167	0.57427458427876	0.8814490255251628	3.372850765346666	
0.11246830193797207	0.5250942946248497	1.0138640758045951	3.715599638276536	
0.08390502547991364	0.576987977914913	0.8191482060222663	3.3893208545421394	
0.0916335482717173	0.540219695271531	1.0503168230004012	2.944586878706844	
0.1029835701414035	0.5978351618828057	0.8801964253538055	3.216485157990902	
0.0980145163179973	0.6659184636094603	1.0238459516558625	3.3848023591626193	
0.11472916396476154	0.6400299205852145	0.8603486150964137	3.049452400047258	
0.12044975284346625	0.6491602791733425	0.9459795842478458	3.3145966149657387	
0.10066430521062815	0.7418230321127249	0.856006228824247	3.532436495939175	
0.1122986509909047	0.5592197957990996	0.860096998532474	2.7759022415897556	
0.09032552245908404	0.6490959831720997	0.9195664726091126	3.45964595879999	
0.1083185887366118	0.5992794397697789	0.8456352680970128	3.452618010034775	
0.07529686369299929	0.6732579298841034	0.7242385269714128	2.8439182006483095	
0.09605933946462933	0.5301809703317382	0.7592338638752629	3.283416301220084	
0.09521302949502114	0.5692427858925158	0.9081438514483329	2.8096098310836357	
0.10676928616748647	0.5456305806786629	0.9739828859357422	3.1924999583311817	
0.0982617504374299	0.5760032664293863	1.0110288921450932	3.6152525979068533	
0.11031271511507788	0.5867341583475296	0.9315479304259319	2.99515000930308	
0.09490944418727193	0.5274106773985449	0.8746306152791458	3.346047137070295	
0.09905247685457898	0.5672384760720497	1.0169934739460953	2.934881288060474	
0.10024986899417206	0.7430295643345359	1.0702817220126541	3.0778311741579616	
0.11219178370379537	0.5620505680260196	0.9702533948581975	3.827192094674303	
0.09688326975846816	0.6471925537980626	0.9153598179507544	3.0672742473175236	
0.10656385749873175	0.6318632016798517	0.8064648787769991	3.148181935037357	
0.0882690526905277	0.4998345528179765	0.914546631402449	3.3583844821593156	
0.10977219418167779	0.5075739393598363	0.8236267637855105	3.7254557486617275	
0.09241363826997984	0.5142018069545772	1.0886960210563466	3.205972649804669	
0.09531575381106676	0.5581895175308873	0.8407610616177087	3.2052696417925994	
0.10337789513658678	0.6262618721724738	0.762711781744411	3.7437132114337026	
0.0983354087536885	0.6212916796269509	1.00197666983601	3.13004905614393	
0.1049314086485198	0.6082906941915964	0.9035119449160932	3.2787426429228885	
0.09442083789813273	0.550413985318044	0.9433145480164832	3.3016491363461213	
0.1026326683568988	0.6856595637081456	0.9586226319720255	3.1337919493171196	
0.10212167080366502	0.7352414784211433	0.8266770179849353	3.808796127236473	
0.10418598540257294	0.6047426279670811	0.9035318986980967	3.115635083608409	
0.08307544916187469	0.6101341605378822	1.0127100672889373	3.2026160603884763	
0.09554891888562174	0.5552296265855886	0.9367046312826744	3.4375061750664	
0.11026699801204423	0.4874242878339009	0.8858536086686366	3.4853541373477577	
0.08822924442428925	0.5891529548642469	1.0005520082141266	3.220876556764586	
0.1006477764397282	0.5311605013395664	0.8799766603528028	3.34605258702745	
0.10772810893290506	0.578257746122948	1.039565558082298	3.2581025750014234	
0.09989552811157276	0.6846702849790529	0.7381924555589352	2.449772375424682	
0.10881095756200967	0.5837288464563788	0.9726401071636266	3.2566024254003554	
0.10471755255340275	0.6412867123137916	1.0280144070472816	3.3891962259033885	
0.11145427804346338	0.5684418802574844	0.9703425318884044	2.794179143522043	
0.09313436925550041	0.6418486172091601	1.0021700066865904	3.1904678341424697	
