4	25
1	0	0	0	1	1	0	1	0	0	
0.10008788501895563	1.032309455727777	1.504651274678662	3.0480284745331665	
0.09547657089005061	1.0106927435849928	1.433397899831696	3.7596591602075295	
0.11582098725311672	0.962985236442788	1.3150288029120085	3.1934168467556296	
0.10956901967598918	0.8220596929972411	1.5771140618431994	2.9896120025597326	
0.09412027831078212	0.8614910110645486	1.2568233619919102	3.7189747345838464	
0.10343085640437287	0.8529085769424363	1.3548396307850024	3.7169296886199583	
0.09750699353732617	1.0009341723921688	1.4007927538901819	3.5155738678085946	
0.0920255308206594	0.8396085489923352	1.4185937454114295	3.481862941751796	
0.09563991662509627	0.9110739999097694	1.4538380298926465	3.071370345978984	
0.09316598187128443	0.9477912720885775	1.6178645610202738	3.0190204904802966	
0.09723921525332851	0.9720373360810258	1.461089961410908	3.706031409310702	
0.0998024534318418	0.8034629778570375	1.2615053044930922	3.6657427029364342	
0.08784847875666468	0.9162435522565324	1.275232599702635	3.259941843726425	
0.10275232535091072	0.9602034004829069	1.4144030698156833	2.8055511081891176	
0.09439655205651949	0.8733441953083736	1.57212337170877	3.059339643452165	
0.0810151415646759	1.0097004009586212	1.499191515249456	3.0458778769100703	
0.08749330358682714	0.8873642427429262	1.42947052618175	3.443278929139581	
0.11776924132897307	0.9590563105688731	1.5263166305069436	2.7337769917999553	
0.08901904851214004	1.0328941953836999	1.2426446110346645	3.0027402434435455	
0.10381655267802692	0.9649356080922258	1.2988789844778141	3.75509946177655	
0.08864919232703944	0.9578654318418347	1.6814275409393409	3.361692916870911	
0.08364670159106884	1.0170774085026966	1.4031983041177334	3.477792284087744	
0.11415011816062917	0.7806722190391554	1.4931338797807219	3.651449041917875	
0.10355635356885605	1.0704675554451673	1.4600764763738818	3.8000640162510737	
0.08363945354282674	1.0140305504590554	1.0685895260060168	3.361818157143489	
