10	35
1	1	1	1	1	1	1	1	1	1	
0.1124696233181467	0.15167232008257506	0.38464028659347466	0.5654130533525684	0.9474746569633411	1.4192888561364978	2.383075737557593	3.9129720851845335	5.200884141401339	7.359573813597269	
0.10653844077091393	0.15506004845683533	0.37940392519223626	0.6223213030740381	0.9614589391660758	1.61938614524188	2.1118683611920557	2.909919121491771	4.486368381666779	5.446067557209457	
0.09785624490269837	0.12413282606760215	0.38137571299296746	0.5470673894936691	0.9993268134374327	1.3759112274259628	1.7381911024596022	3.1178891638053297	4.462432292244255	6.199504907793905	
0.10530978576950212	0.13790967655798034	0.3510586920433296	0.598261768986817	0.9582704639771683	1.4976099887154366	2.3545344544121756	2.705276480238567	4.9365931974608666	6.49124408989173	
0.10850145379669246	0.14666409643216308	0.389683038496249	0.6295628091731886	0.9128467580767845	1.5660516042582215	1.8959711398719234	3.483917840298656	4.722572109857314	6.91171501963271	
0.11938571100449383	0.1471243294551168	0.43844777302008264	0.6182048040864039	0.9608354042087701	1.4865348641879341	1.8622361772277398	3.618973687293318	3.8754895271556835	6.302613025898603	
0.0749430899568563	0.14674393188359827	0.3796050049186315	0.6383572373343451	1.0649253759198398	1.419202512751938	1.8820337456688336	3.1043966790810615	4.606334847446972	6.0927888609133465	
0.08260925183781627	0.14231310758383445	0.3597366819089396	0.5875446390601039	0.9858336405940177	1.317190253100195	2.3793520436224314	3.4900828684774416	3.558751847359137	5.749263315784978	
0.10211961374559389	0.17266093997173163	0.3344534836780209	0.4965401891422349	0.9507824420029202	1.285991390689146	2.1342644871200283	3.012972867722128	4.91442143570453	6.44570610862441	
0.09393573112661507	0.17266319469952338	0.38241721112584875	0.6198353436279753	0.8684114721774083	1.3246307662970684	2.479621919113582	3.287690619248443	4.60221787205727	5.693137627940127	
0.10272770142448268	0.1502683581105374	0.3793128773754292	0.6990379636449819	0.9424389470854028	1.268119150380316	2.2571179837634854	3.1303719214020944	4.043720264329208	5.571018441106292	
0.11089773009402636	0.1345819875351677	0.3428488008612131	0.6037682452486091	0.899480529261516	1.289784541726546	2.3477772559495604	3.1127663422627556	3.9172329163203887	6.179205427383996	
0.1081449687705995	0.1570542772489194	0.4050138477092644	0.6384958179718018	0.9051207824180366	1.3636520901491005	2.0056150189533577	3.247759102500166	3.7638747763158356	5.306999180231929	
0.1132850817022339	0.163452334990636	0.3858899399903797	0.6916625941985588	0.965560180283771	1.4339397171102608	1.8588690992519206	3.159815235326082	4.940678020231037	6.336226848028678	
0.11957404448534881	0.15036136440644346	0.28274386546243174	0.6230911064641025	0.7022560126857486	1.3615254231689777	2.3420483398395064	3.7972573460260968	4.034382579963288	6.23926139625109	
0.11575657100263735	0.15144392453470343	0.3565975500050552	0.710817415743931	1.0222460818686447	1.439538665095002	1.821308911137501	3.1341867425185304	4.171451954822871	4.969276170836849	
0.1134932377953864	0.15859711929882023	0.35302417087432186	0.5648972664274433	0.8873763392525668	1.2872207589326001	2.7621763120706704	3.0173122773223984	4.355034717064412	5.587309831690056	
0.08207620307143154	0.1315119713843669	0.4202706823214055	0.5804428596398491	0.968555930328836	1.4953331287229281	2.24878100803344	3.024525702106119	5.260262856351746	6.552714839259157	
0.10476154007823282	0.15376646609643674	0.32765666170233493	0.6497664389030194	0.9177274182263195	1.3141379942067217	1.9304599796307693	3.569310940610328	3.8715663069151214	5.760381903551811	
0.10160003543526092	0.14778080849199918	0.3958266236718858	0.6704789047997723	0.9875367416065557	1.439247150712388	2.0540389560092467	2.7841157640626535	4.471120211398641	5.775170372169044	
0.1052816218755372	0.1479592866833599	0.41950480774300547	0.5735866815099773	0.8779638647486344	1.4904739121408968	2.1731148099496433	3.3734505866053373	4.440686382899574	6.01563744926149	
0.09703569387072437	0.15199333978745191	0.42697673071196435	0.5694501984072851	0.8736344088052426	1.47569913228162	2.1101590154414867	3.7090916012722857	4.814866372769373	6.513190074262534	
0.10945298541071609	0.1401537310395428	0.3842792318910247	0.640639901847312	0.9304255822505846	1.3017365252288255	2.3496070391295043	3.193272102207572	4.635991372375606	6.349364469548709	
0.11512670698694323	0.1530629273455453	0.3033882264584868	0.610932210789371	0.9561665509451748	1.1914443501465137	2.4665868250568614	2.3894951250454888	4.760781879775304	5.081419599142722	
0.11068745703639643	0.1584675068095698	0.43604347065862475	0.6310967088319126	0.9629376766824653	1.383143039963159	1.7769323667908712	3.9586337610562827	4.282170088083305	6.202546100371616	
0.09176720445024915	0.1339053004173227	0.38226219634610864	0.6249689066286801	1.093440137260544	1.5738615035949266	2.2104514644210522	3.230487830430855	4.655104810688527	5.843176206743214	
0.10259021618298657	0.1380629912883093	0.3589486545882899	0.5969136874007301	0.9600916453565135	1.4130428783668363	2.191518668610673	2.9534845978844406	3.9595303510636994	5.970029201064387	
0.08313397035095423	0.16289961999050384	0.3277612143359126	0.5765621722615221	0.9767871669083197	1.5609762169265282	2.288041720525831	3.4076793312566753	5.657598903270996	5.3679900740074995	
0.10313598022464028	0.15949407736696133	0.39355198616242965	0.5721383440508917	0.9806815012051183	1.4979284334645628	2.417531500825248	3.403828234219024	3.6449577325050666	6.47351516436895	
0.09598598858460483	0.14714603328473816	0.3365529025506888	0.6081831236869328	1.1135856384605514	1.582576821482251	1.8952669598826823	3.1851058786870103	4.9539065795506305	5.8924502241213785	
0.07952837050270033	0.1418087325754986	0.4324584075816745	0.690425899338797	0.9135709142510147	1.3907535248260847	1.656705339173324	3.2187863584416383	4.243073264857343	4.863853597751186	
0.09046643676045507	0.13034082274241787	0.38220348913043883	0.6930516941589816	0.9158137720336486	1.4673823989700003	2.679460777449286	2.630903511644413	4.586298469569869	6.686618744948399	
0.10312709605576237	0.12560064696355525	0.4532897945509607	0.6503403384591362	0.9549814513931194	1.2323956141491137	2.642601323655075	3.4406960143446024	4.700647035758687	6.351348046195832	
0.10958054340473655	0.15171229837189187	0.375517087527068	0.46546774437737765	0.8569875083055121	1.7132263702464916	1.971443777424632	3.1534981061199834	3.981212880869297	6.305809405708741	
0.09743996992534931	0.14562960562863783	0.34957415868322317	0.625037979907948	1.0668821829756412	1.1879763083838188	2.084748313785184	3.1972880671116366	4.156341074865075	6.694016581281845	
