9	24
1	1	1	1	1	1	1	1	0	1	
0.08972418745751942	0.14070369315520315	0.2973614904626251	0.6152636231119853	0.9600638944249501	1.3859218089533372	1.9363174247218022	3.2565934541229122	5.886650380820242	
0.0931324524048962	0.15026511369237422	0.4142516841173893	0.575550336278186	0.8760243861719066	1.3744208114764538	2.066922639385108	3.3981229225804066	6.244790985557691	
0.10435078231587583	0.14887747734552254	0.38672825109813613	0.49828065161530455	0.8381432874507574	1.425376289138609	2.170268382382233	3.544086649064716	5.714928268311546	
0.08133342222578693	0.15757165788478003	0.30896578725968465	0.5757595934220602	0.7720592049343852	1.7042756703674002	1.8880162903648268	3.261935988850096	5.8915893863831945	
0.08304262324307043	0.1719887687991084	0.40486462766345327	0.5707098733724855	0.8084413213437418	1.2759028119434326	1.7709839524673356	3.154946700989643	6.145185271725165	
0.11232316554634457	0.16226709116106422	0.41221604394115235	0.6241785878126386	0.9592549290157584	1.4015371499297122	2.3042255376536063	3.0483713075359593	5.9534373332039205	
0.10150254990167443	0.16100998687231777	0.36022315438474267	0.7036000519840188	1.1709101860538498	1.2056285779715328	2.253977419227905	3.6609350331057495	5.664659881242191	
0.10613932014357137	0.14087714639190008	0.35681193409702244	0.5925776993053772	0.8351553540622291	1.397347008213255	1.9325254527075386	3.2501365673425036	6.037402688227953	
0.10212875278800922	0.1567156894179083	0.39003002563109407	0.6497274837789678	0.8746142930053055	1.5639179539791492	2.238381002610638	3.212819117199481	5.6756399906005655	
0.08401698335679349	0.13267853033016322	0.44164688274117075	0.5309041818106894	0.8653673729800362	1.3927731189399912	2.1506337184977613	3.117160670477587	6.3739443445264605	
0.10227910877176304	0.15813037477890032	0.43187913690577295	0.6130121472837368	0.9079288876902878	1.114269336407389	2.6405092552510654	3.802596740803081	6.759824552294662	
0.10188938623470008	0.14825505205228315	0.37913764546193457	0.6212945136503342	1.0064262806697022	1.3215450706997316	2.07001317732416	3.152233511351903	6.322435699562822	
0.10987151756211017	0.16927571853095158	0.3896788227969766	0.7088480138599188	0.9388300464643008	1.6816492153107772	2.364442262003208	3.139313817952952	7.390897588693237	
0.08593717310175825	0.17282141037785595	0.37265626175692657	0.49184317007086686	1.1580725461374928	1.4828800772573272	2.103214715171168	3.1837588761043873	6.648298525161158	
0.10108326604316831	0.1819886021625657	0.3635600443552929	0.5321971753257866	0.9637889893473478	1.4916984474241095	1.941537901920003	2.819775302499056	5.503453147430543	
0.09635725250798739	0.13921036590715236	0.4315499199909448	0.5849056178230689	1.0638183323743362	1.1178240501198464	2.2535297160515686	3.3274846776572518	6.745561948418098	
0.09950005776303611	0.135987173003225	0.3898326251961824	0.6137670058906611	0.8709200960845217	1.4063716633457672	2.0650038667444064	3.8043116841431575	5.959422757940116	
0.09948661084736148	0.1468335118463968	0.3678624288456656	0.6155991128346769	0.8620763223673511	1.4146467619850462	1.8259084190427584	3.325888365725263	6.155403275069163	
0.08890867264515157	0.15943284691116977	0.3672425611469394	0.6865404569890811	0.911085135747559	1.621807520519639	2.2877867523064355	2.8753365415875383	5.687067137571299	
0.1166254955681277	0.16309988788675064	0.3427771858172921	0.6311270372966495	0.8708595986034237	1.3878358927738743	2.4583188934213034	3.4118594370469766	5.2950437232553496	
0.10097500356439465	0.16751867318174754	0.3949884613394628	0.5980773791148033	0.8817706458000554	1.4359586609528356	1.5109873586225506	3.286181967227886	5.390838161989548	
0.08844377208707259	0.15489604983424632	0.38813811703309126	0.5899989068220937	0.921393056278295	1.34104105782281	1.7656943390739361	3.2201173674152037	6.356490521721279	
0.08910799186369955	0.14238137927904512	0.3749700009138226	0.5894610994257286	0.9293235698719593	1.4394586848204851	1.9371463328775012	3.402457425368815	5.7217239870629415	
0.10694995414572737	0.15205055921423616	0.3939164362564393	0.6581379219846301	0.9717659582285918	1.5383206712099047	2.4802971967216014	2.8515968440115986	5.623844363883383	
