6	88
1	0	1	1	0	0	1	1	0	1	
0.09040907093622308	0.3676781147402744	0.598156334649475	2.3040463148969037	3.3375007461233785	5.76630992341418	
0.10236450313497636	0.38628839055061776	0.584896168230549	2.1749964086391236	2.5507512278643865	6.5600909280909185	
0.10547950191096592	0.4369233226830588	0.5513430191259397	2.272872493012705	2.6308804446999936	4.94062142417353	
0.09763052099070901	0.35801066602218656	0.6628403865939123	2.40334395865685	3.6671803328885764	6.35873465947125	
0.10641009477028285	0.3312954626879905	0.6839821138721245	2.419156809265881	2.801519331374284	6.280828250825092	
0.0945328609117445	0.450285379086898	0.5414992613161822	2.169907169603332	3.31043996545364	5.96798700406829	
0.12148355755732959	0.44426001906304546	0.5017438419244744	2.2547316782892457	3.2463112456787706	6.500575189316212	
0.10212896027581847	0.34912091968087205	0.5377503355811118	2.0635900818159767	3.21082504552538	6.116344632868201	
0.09429443756234421	0.4448270041737356	0.6321152710965376	2.337900815042349	3.204912612505138	5.377484005517609	
0.10883340806957549	0.34224835234032364	0.47863116250196447	2.2716089496030407	3.0044257240718926	5.799443099011967	
0.10693989062218004	0.34464559737409134	0.5038675857098257	2.4121760830691095	3.2310497181739186	6.754406725663971	
0.10626132901246117	0.404914584490792	0.6098061006891293	2.1849604340044224	3.618715999343417	6.488683187092436	
0.09410977060654442	0.39873403156915627	0.5628393946383757	2.082789699493555	3.4347244352332544	5.619337219108213	
0.10147612920525857	0.39444389542650443	0.5796399407627665	2.304732020740116	3.1071736427436636	6.565578329392024	
0.1013069594391237	0.3865681430563776	0.5460747072907207	2.099555881768744	3.3133283349566103	6.614652484298987	
0.09678315662870154	0.4187869400363155	0.5546627048935874	2.2218450379913666	3.0852978070444177	6.9265015146881925	
0.11363675109773258	0.3908568567220616	0.5678956737709664	1.8238505605706485	3.3729445472610315	6.124522494921158	
0.1085815981215132	0.32427822694111685	0.6084911563241483	2.242231940655874	2.9568595705792573	6.06991532581919	
0.09273051013092481	0.34863656182904	0.5681636889465532	2.092788854785392	3.6525888351064326	5.806937186975393	
0.0915414868590532	0.410889832519072	0.6616613242834671	2.3261812966939663	3.695011874279517	6.115355784774241	
0.10155606147591922	0.35325275602599543	0.6839411196933501	2.1301847436718893	3.1513388002715725	5.764195172891984	
0.10636573575340101	0.38317470872834447	0.6113701045735832	2.08022499046387	3.1855523695418966	5.91116063023807	
0.11421570512007989	0.31155319808487864	0.6268914787339109	2.383954904212745	2.6524783490921813	5.957112851845053	
0.10982110785982618	0.35138718816755804	0.6161124594442313	1.9496247664817334	3.260752695236837	6.766553386436122	
0.11695611216631913	0.38969899401999797	0.5232620791327167	2.0832486732942797	2.6607199814372486	5.8236082071705235	
0.10964698372539322	0.3282104603155454	0.5875755694312524	1.9745196162023981	3.8329489857512544	6.239211893912685	
0.1085037384614568	0.3911186337858765	0.6456590303157618	2.382337786806224	3.262448298706889	5.681288258637144	
0.09064756885378206	0.4468318076728294	0.6492407191212987	1.6720115797703399	3.1704972778525984	6.249650162900529	
0.11672256155014477	0.33809832528115297	0.6255810443854076	2.064058031542293	2.8609973264663897	6.807257913119809	
0.09035829709424564	0.4168897876098069	0.5043249263638961	2.044647122303642	3.4359110155758295	6.430066376388168	
0.10436881954215607	0.4174459136322197	0.582683919207362	2.4493633077123675	3.3659005649106346	6.440884012173607	
0.10363592183004938	0.39867456965334813	0.5399312562061577	1.9475445477091238	3.0741156233237024	6.308590008410153	
0.09411386626245077	0.36874911702021673	0.595641530641494	2.4548423271271673	3.4459052714823137	5.123216594783756	
0.10159689522202348	0.36846995484806416	0.586300398698287	2.150138564606544	3.615898493271315	5.511896788403669	
0.10203883366414429	0.3910441535204816	0.5867174860223604	2.012760642293039	3.004515523909338	5.747616504168336	
0.10737624917533595	0.36638316845319047	0.5940516646416063	1.9012512389181004	3.095836653493365	6.137613581015289	
0.08332777147188178	0.41970593150795954	0.5644283226916863	2.52904232546953	3.3864949977673318	4.899091221543569	
0.10277527852697842	0.36791508747761115	0.6173990255030122	2.4975981917668117	3.4791159630484136	5.864564529497616	
0.08603124060973731	0.41316556289146866	0.6305839994427015	2.3989489553897645	3.203569450853998	6.177065440112052	
0.09753736296965843	0.3833002272214408	0.5091286615021285	2.218427854329568	3.374278378683621	5.697688756219746	
0.106066562186031	0.4131573490340091	0.684009881252192	1.9306888510979503	3.467550063009235	6.802739804943021	
0.09649204841982334	0.43300692714409894	0.5564455783794596	2.1649873795524726	2.6887143115670065	4.879644212502626	
0.08446625049835248	0.4339118760235742	0.5534646593137788	1.983794045611979	3.3826811020430037	5.553867515007384	
0.11204990258214304	0.4508185042888656	0.4667002257208503	2.2618562551594934	2.580343283942487	5.183922704426413	
0.10477647981890492	0.34413948856614107	0.6156552154026566	2.1566780015572142	2.714379345336427	6.394447723900397	
0.10298997658227874	0.38147541413522024	0.5611170286869549	2.2337790364217507	2.829484182913636	5.395183557870364	
0.10320927739005369	0.4191457822402423	0.5713721770820531	2.2482573444376373	3.316611409204362	6.248582747072643	
0.09308216629483462	0.37432860810345087	0.5977059212449372	2.4721533194554994	2.8910387581843273	5.157725888998294	
0.1299938957237504	0.39174085037412043	0.6329103982599406	2.288066002461013	3.5008626972549948	6.5393993923421005	
0.10776457227037778	0.42282676906629535	0.6100434762984754	2.3805283172291043	3.864895603498462	6.117549463632244	
0.10480785509508544	0.35796720419268035	0.5901103784654295	2.2258633820096057	3.123498969216419	6.055487225064633	
0.10341327982846318	0.4377836644445069	0.5481724500450039	2.2403350562731004	3.0536465156487917	6.459621788490503	
0.10845499435975642	0.4437435283414598	0.5744587158463554	2.1812952676973913	3.5113195230714838	6.395182182158714	
0.07512200924710988	0.3538770264454143	0.6342069853493321	2.10489389133895	3.513721624188327	6.625244451631199	
0.09786509534621593	0.40283128199238627	0.6873685142570681	2.3689782374897126	2.9995396841143136	5.88891992807347	
0.10027480653052097	0.34446141275355047	0.6641996648801968	2.011334557341281	3.217037107895773	6.64310430512149	
0.09549006813519269	0.36720888922330536	0.6202830128867003	2.062083525879638	3.7480985586175737	5.45073307310168	
0.07705187133679747	0.4120338685971956	0.5785458796899946	1.976359404924896	3.3747720550884814	6.251634684389272	
0.0923811667142669	0.4251017941277539	0.6517126207858459	2.574533256489102	3.1009439313895686	6.093761206615452	
0.10233331765220594	0.3675760025540465	0.6241931350344626	2.252861240710397	3.4056359164241847	5.80410414854213	
0.09790677999655369	0.3584503882623029	0.5549506696828246	2.1362509508795777	3.7428729328783614	7.2234295355599265	
0.11313858228763246	0.3623726243611966	0.6244603053312718	1.7099136055751447	3.1996237817973108	5.766867753881289	
0.11874337155238004	0.3898955529842858	0.6030432963387683	2.135286672592595	3.1554696650580705	6.318934319200576	
0.09337597730733299	0.4008949889205674	0.6859054016144275	2.17421773262666	3.147842354259945	5.954807820556693	
0.11200685460627738	0.3852902640920087	0.5634399565101648	2.3238605162340713	3.0190252391354386	5.859943452363974	
0.10229162889118218	0.3493328488488811	0.4928153312283057	2.2466303064675106	2.537652175217278	5.44406287471742	
0.10778186039278166	0.39592957242819443	0.5905241716206145	1.9574686634492826	3.1099198792229825	6.345891946042729	
0.09867633581862839	0.333063971441387	0.5472043943822443	2.056556210950026	3.369268972386835	6.062736871265674	
0.08753546238675533	0.4311881403530519	0.5554259442962007	2.244824999129685	2.942106867708628	7.489158985906643	
0.11325017062389953	0.3505722864101496	0.6053076357016159	1.9287161201462435	3.134304471186668	6.253767753160307	
0.10845047321404647	0.33294130975763636	0.5550865466967908	2.35247955413866	3.6802717034322443	5.536123749062241	
0.10956855202048599	0.3330474855002798	0.582149936689353	1.9039522752792069	3.118135828388246	7.145563372411125	
0.09945099056309593	0.36928660425210097	0.5661135357841143	2.085539113099457	2.987234967077627	6.082082204537613	
0.09967406017958633	0.36261850760389036	0.56728386742097	2.189309774194769	3.012969299205035	5.855918844095552	
0.09548781401906456	0.2961683463264787	0.6516055019137578	1.7559798767414398	2.675308000983574	6.537202153452917	
0.08891535350368412	0.30109363921657983	0.6802425328348466	2.0128258593833963	3.6447880681304095	5.450837396286352	
0.08356518512453276	0.36777752929397206	0.5275197040950981	2.2369145436067055	3.469750758399899	6.557824310015748	
0.09688381237539771	0.43245280811237435	0.544339258057951	2.1788318634810757	3.205033494276646	7.1835756613166994	
0.11207796582145901	0.381221940054008	0.6119067246763353	2.4801491639483206	3.0057342013103985	4.780161181935919	
0.09032348167088683	0.3642490815522803	0.6816456605515155	2.3726914126105845	3.235745399085614	6.279948172634442	
0.09291096246026805	0.4593641368965429	0.6727850101341175	2.161513370224426	3.2260782703998316	6.420904310103023	
0.09942825443912362	0.3107875461653833	0.6919958047441138	2.401257334839582	3.3709013433212216	5.748236652311369	
0.10009817142374236	0.2795325065869099	0.5335565902308087	2.5299261390538375	3.418112620419203	4.830780475194795	
0.09172278951386581	0.30683900826947086	0.5531724790068969	2.114489842793929	3.7705215751460335	6.471066035256961	
0.09697854024016003	0.3703851582199397	0.5519680088038169	2.3844187412707556	3.6431012824408864	5.19703834464918	
0.08279345633616671	0.367896374273422	0.5882452721863102	2.2056130591424936	2.705722610463507	5.5706295125528245	
0.09917597196580091	0.3504055583144854	0.6514716564116273	2.551734540236876	3.0749418717044397	6.533519399354898	
0.09642826511891905	0.344653481840335	0.5572655454755691	2.315255187117655	3.0414722274168304	5.73236580783301	
