8	94
1	0	1	1	0	1	1	1	1	1	
0.11502088199842915	0.37838365964114107	0.5360274758886301	1.4390865741595462	2.3005530405279484	3.2115002368451946	4.149540651886771	5.386701099074079	
0.10301461171289315	0.3949524552860555	0.662824046779344	1.2830643651986917	2.1688707685528406	2.974733384703195	4.5715828508306116	5.144845802505689	
0.11234086382319985	0.30175413327447353	0.5397803432851692	1.4539442284297848	1.9503965794970886	2.9581705640952047	4.798348754402076	4.286717565082514	
0.08123301950135631	0.3359776949944697	0.5298236309272089	1.5430739247480545	2.2452832065547126	3.290310125591572	5.055452198857073	4.1330983786393585	
0.10057325170660676	0.4472372251711984	0.6192926849401851	1.2820961288204724	2.287234966057575	3.254031304376666	4.5360825540685585	5.463078571498668	
0.11497430554142332	0.43549595894565807	0.5896573219666972	1.3669608861148923	2.3368807023870346	2.8773052156115897	4.123261152146893	6.406740406385573	
0.09940121224925924	0.4295759832655662	0.546512254992304	1.2790986020825459	2.291109710863062	2.7670633140861964	4.822416470752942	6.026520414325189	
0.09077644145882485	0.33613330558367704	0.5652771537089843	1.2196397439251787	2.5961029234368045	3.2327329039579267	4.610856388936337	5.192796285490225	
0.09088188697870274	0.41060919654662403	0.5310140757563195	1.3470403328271998	2.2129936457040675	3.105432912440831	4.20010825897304	5.215162641658365	
0.10832582736536459	0.43054651247564024	0.7214972833558632	1.3903459080545182	2.227631725928631	3.5932467152347694	4.549412872145355	6.608093804330409	
0.10486104958181322	0.40588293590567953	0.5481850896115302	1.1685849330623634	2.302135750598553	3.2327147446976774	4.485336293867992	4.909979361466242	
0.11343786843562947	0.3644654355580495	0.4659777109713462	1.7137653244963358	2.1186662172534656	3.423391789482848	5.814674895451545	5.676848701988524	
0.10039745247852797	0.35458500358659795	0.6728793057564026	1.2401734572173355	2.441400111346473	3.549410715992534	4.106469251621522	5.866105857756827	
0.11761648788727525	0.3019482981089743	0.6025537881929303	1.3689394144471265	2.0369600621123185	2.4510669057833114	4.465294256592715	4.842247177804346	
0.10254293115008076	0.3928184520861666	0.69144276838143	1.6298031582386334	2.139345936217498	3.563623411149319	5.007745427023422	6.073956268258329	
0.09592995931275672	0.43885217539995786	0.6105944842569769	1.154044646306976	2.227057702186513	3.0050841454835853	5.564622503549758	5.468708760386952	
0.095884816289066	0.41767937359200336	0.7774965235197059	1.4084873455009255	1.9406272029797114	2.941010984902367	3.742627588739535	6.109045434285225	
0.10361485808213278	0.32722358894029036	0.581582194065898	1.3804930546050753	1.9989290372459532	3.452242670513271	4.243520902082464	6.88725983853735	
0.08299856222903668	0.3744841959155605	0.482072721102538	1.5117280008419138	2.09614105203892	3.1765915261902373	4.245730313373808	6.6517514433309834	
0.11066322974679131	0.3946040179954182	0.5744700840159395	1.457679945971909	2.21049128316439	3.1748021883719293	5.587197158189094	5.576369181291751	
0.09988102063343746	0.3630482384327993	0.7080888759267264	1.3343363402411312	2.351863570462256	2.967801261603426	4.552867825604663	7.24041405383077	
0.08523387494223574	0.34476218208252074	0.7455516785046233	1.5884918124543854	1.7400820218563608	3.0708748456736528	4.337463596593789	6.433802947606983	
0.10658539120332922	0.3906425201558064	0.522306004644954	1.6328109577987335	2.3187338835622007	3.103637583326631	5.6571836889917435	5.834028712257195	
0.1083499275582383	0.4703967407526085	0.6004293214300807	1.347006013927887	2.31430777043165	3.2882678057189567	5.097640361383859	6.48811724274155	
0.11010688942846847	0.3475612812489847	0.6575386359440922	1.2603445333716747	2.2900461024912397	3.4644741931852883	3.475201860998513	6.701480084922135	
0.09895226644847446	0.3579586710823226	0.5948589648432374	1.2298794320119426	2.5073514612035277	3.505124202420617	5.4435346164331	5.894766162370266	
0.0966161943130895	0.41700147734773124	0.6650792154812194	1.614200745890879	2.3895114907582506	3.841867692622868	4.864544217044225	6.345089759032519	
0.11619906771243052	0.337094921324862	0.6492992747201106	1.3145765833612044	2.218862638200795	3.401438133173952	3.998932837698892	5.983762151600254	
0.10200528822401972	0.3890365087354318	0.6484370964746459	1.4950324020496686	2.2048557130184845	3.255580129612881	4.359658632128641	6.1874939507309445	
0.08827764436201464	0.36678685344516476	0.6003264884739568	1.2093646294366522	2.3050605251124496	3.170712875462714	4.451427695630745	6.104314755982243	
0.08863146296045593	0.383658231535171	0.5698152469750914	1.5525002768882623	2.3058083588134766	2.976571125583769	4.460743314089856	5.2833948817420575	
0.0921994048630026	0.38641737038213786	0.6488427039304951	1.3934062773241853	2.0698936684712104	3.491239559500314	4.696142622214094	5.138739747712318	
0.09800962659968904	0.3685433430512449	0.5725353630590695	1.3553630589355843	2.270354039953571	2.8430160078524205	5.0101272091942874	5.977682565271945	
0.09991561017140484	0.4459219478153287	0.6533872268094814	1.356185183070786	2.200507496775786	3.0726420951883764	4.538197606187249	5.399025827662113	
0.09776351829461058	0.3930307262450436	0.5862842258059913	1.3441592092050207	2.531547924293336	3.1942181201415725	4.1198786786816655	5.8882842441669645	
0.10014623141254289	0.40305337326578133	0.6113428915579487	1.4230648815034117	2.201235428978469	3.9650957647845826	4.140571673271559	5.497580496869586	
0.11309875483549676	0.35265667012392093	0.5703839624779304	1.502436934666963	2.033958233543465	3.5793340345293014	4.246330514366356	5.667883055055219	
0.11557209949477446	0.3718992246183421	0.5271252407929216	1.7774161529026475	2.1594202508469045	3.142019132747992	4.200341730381272	6.173669575832924	
0.10249736962616074	0.45369309013264025	0.5871962725169164	1.5664715379450105	2.7843322219786204	3.40478548707433	4.61384648608667	6.189889897755167	
0.10331253121008188	0.36881163403616396	0.5223424640807485	1.5416171083825347	2.0904663157457444	3.16629215751459	4.7977069050640475	5.818830002469225	
0.11338947683550318	0.33315583172286317	0.6048269274947653	1.287685380379762	1.9398034887026347	3.1029366672932976	4.746548142012525	6.310227554313295	
0.11043152056414794	0.3300580708146973	0.5697848028268219	1.4132540865349152	2.5393658018401664	2.689651710490349	4.60545668010252	5.937051697003328	
0.07949382973052763	0.4151895935353968	0.5493790804389199	1.6082398789240808	1.9709581679816512	3.0942053110131233	5.050718090581499	5.598254789090298	
0.10570747834369026	0.3105687359269098	0.6139867270833508	1.500546673883034	2.380365868534123	3.3085902401394267	4.024342273335902	5.64452922857862	
0.08321138191473604	0.3572833150682828	0.5951019440284097	1.4747673808400836	1.8852946634359247	3.5324601398329643	4.44674287504386	6.528658587844006	
0.1173265709559933	0.3562130425125803	0.6061216966972324	1.3029229581245756	2.0338070367573446	3.1065540617734353	4.369983849367707	5.944840080928394	
0.11105949884020903	0.3407503995637577	0.5954105436392053	1.5263023006610852	2.412822943492034	2.8249414096585483	4.799738530922772	5.565679017909664	
0.10344083495162902	0.3776448889207461	0.611584217419257	1.5024780601668908	1.966121748156801	3.3591476164996155	4.8147417489769495	5.746006934684341	
0.08956130677301118	0.30836779180085616	0.5847883088509298	1.598597481560484	2.0643868341166765	3.306587135957411	4.615967360691307	6.8587578981060915	
0.07917706228267597	0.4158525210272758	0.601253146094202	1.5624504705643028	2.3105441851050386	3.0706340867152937	5.158245755420989	7.0430691170882245	
0.11183498365632505	0.4567499911940669	0.5885198776891308	1.3049959314197654	2.3042962082177287	3.3503434940886696	4.756899598597685	5.660952685264369	
0.11843711653615539	0.38702099070333573	0.5309425198985888	1.4549760292552418	2.2746125397312933	2.9577263040685136	4.749376455304106	6.0833960799766755	
0.08926644235931747	0.3547822465880971	0.6087993033760187	1.4369197921714063	1.7655165323477844	3.4007479832113563	4.5941943113628625	6.466973092461334	
0.10510905797945519	0.36894089976900635	0.6033639664500979	1.7770190836915283	1.981495379821772	3.1381068274482926	4.151873901324495	5.299077538307223	
0.09603426986252034	0.372538353315863	0.552318799141436	1.7952795520520903	2.1309248616082614	2.9360665765413354	4.896490117424284	5.43349614168681	
0.09830307017679721	0.3170650141254878	0.6403027654382251	1.5223110855816426	2.2688952829977405	3.4895950647103233	4.371132786589149	6.4553068602063775	
0.12168017093119539	0.39470156107035603	0.6009193339888759	1.227083359781452	2.2103415526370296	2.9428609067580522	4.503494912554157	5.440788945568713	
0.09008419041997985	0.37627735899720766	0.7123645858029931	1.3386310481535004	1.9315056787742002	3.995654624732803	4.2605069200227375	5.902564057413471	
0.09889505221772635	0.39967497821242937	0.5389384467541483	1.3972949218128388	2.235938130703975	3.258855648219278	4.124270893913886	5.337164628290676	
0.10517834095482721	0.36584044013803524	0.6786787584745978	1.4156314100158454	2.2470677797438703	3.456224409192557	4.696788159906585	5.524775824522539	
0.10854647766301838	0.40932784297518743	0.5628499880266022	1.3646641713867738	2.1984403124491214	3.4386477060524934	4.31684684855673	6.145503685176201	
0.09333034116142408	0.37491929230497645	0.5913337696533884	1.7361803258719146	2.345028839154922	3.2144856997593867	4.55695472722418	5.702136332561688	
0.09740651449340149	0.3827105369096664	0.5699742522625337	1.4893094511099592	2.2435748377397564	4.023845564882876	3.4763739207502122	5.828820163130274	
0.09254375504131318	0.28219060367661963	0.6219831873468125	1.4056490283217713	2.3042165089317588	3.5082003028468423	4.092196619752829	5.7520609876512365	
0.11311660050056448	0.3080695824136999	0.5736703138805963	1.4298712510868716	2.013936893666467	3.1459008373422788	5.099052729185644	6.615654303789945	
0.08689974514765965	0.4128809937400443	0.6097132479787429	1.5397277142409176	2.4146908743193385	3.37330744800115	5.283758298741254	6.847697544930615	
0.11503430447855667	0.3732174297914176	0.6138554413015913	1.418656132108521	2.0003806509529256	3.5972334425630743	4.787119029820623	5.657543113005465	
0.1035624412412935	0.3293434492134577	0.4371476811648252	1.469954697109189	2.520490413498342	3.0450943844765397	4.398203152083508	5.4854973164079865	
0.0995778765922144	0.3654884027775526	0.5975290054334733	1.2825339487245904	2.098952476650034	2.9738859048203907	3.5386579296696157	6.434656693402973	
0.10260480769138652	0.3816034818087926	0.6237084635073423	1.2073240030787245	2.445442564885504	3.2085913002337376	4.972840945125999	5.154375605692829	
0.0965438498434722	0.44653909414975734	0.6451441920097408	1.2323410215100938	2.269290144543776	3.042546556007662	3.9787399886307857	5.6212436990488595	
0.10145889971556193	0.3844121193911304	0.5479672857429786	1.406027874225442	1.9310279382281847	3.2094265293364668	4.674789312324939	5.022501293860124	
0.08757004389053054	0.3555631101091061	0.6314154846163852	1.2636220758934165	2.3143874191300084	2.8657517322108617	4.0587864118149355	5.738423461773197	
0.09421877150879489	0.34916238759353496	0.5186041929885588	1.2018044489298012	2.3192544044296874	3.249627865901479	5.244412344756804	5.975463819260206	
0.10395584905440532	0.4327262367362742	0.6339508648509341	1.3795764730066873	2.0325782411199196	3.3627198914705234	4.719324297296385	6.246160219416248	
0.09829698977169209	0.3635829722500928	0.628469353825853	1.412065257550216	1.8570451915532065	3.015732087896369	4.016348007321428	6.226290787415007	
0.09273892347156858	0.46331514638743226	0.6327216634475056	1.6589909246359327	2.500530123162543	3.1390281214186677	4.999321301106004	6.058218341184353	
0.11194549587587987	0.32672554007184973	0.6208475382671687	1.483613255843324	2.449845699736895	2.887664695719882	4.38400103035707	6.1428699712459895	
0.10427712140389278	0.45178042352272424	0.6175364382839755	1.4989670175980279	2.347809688001101	3.3146887304886987	4.197075353548648	5.5427660734176705	
0.10789323892709168	0.37380282893150396	0.5356777796375113	1.2863952231718283	2.1644321478122754	3.4355137573662007	4.875965064220104	6.143189934705092	
0.08618425413937156	0.3551844954274325	0.48572653222808315	1.6451255750029703	1.7121722583855197	3.357007306597429	4.880649381789816	6.447026591913927	
0.1195108200038956	0.34795799317921317	0.5721013753424088	1.1505922372438306	2.180006510027908	2.966443556581422	4.84505719874619	5.563987713933356	
0.10336381580224528	0.4443878308078171	0.5538261439813571	1.6230290512843115	1.7638704848480138	3.386216695446023	4.687792900495975	5.803983650395581	
0.10734934201255614	0.39141245326744817	0.6212565278819328	1.3432008445338484	2.069635332705518	3.5606919525755596	4.0645604961386335	5.662963279463237	
0.08557490195377931	0.37721547596332705	0.723029401308926	1.4991710161456158	1.8833702559648908	3.711292948727852	4.0316995625977095	6.544645664073728	
0.0993142297259869	0.398303376712288	0.6675160558202836	1.2154132622171758	2.079194300430754	3.5252210265199686	4.410134647917176	5.647540879083763	
0.09862924442061584	0.3592417232500824	0.5759355950796887	1.630938825861922	2.066424733594001	3.69398815450766	4.9817972002548565	6.2938721173162815	
0.09435810784066725	0.38951514608915666	0.6051181082649211	1.350339881085775	2.174841624945709	3.095030640674072	5.334387821599515	5.330291852709382	
0.10695977883264288	0.3812711533798204	0.6451881215966823	1.5508675846802347	2.39559418803479	3.1265173080875432	3.8325777065853033	7.585547671727731	
0.09699558847984913	0.3235745836849179	0.6193193870964663	1.4108241572004812	2.3226762655729876	3.2342911492471145	5.089782162774388	5.850045331413511	
0.08746550272870612	0.4039890353033109	0.5307174175720608	1.4495381196718014	2.38805588889564	3.0445200485295025	4.779519471327145	6.179905529734426	
0.09450835411992667	0.43507446236154496	0.6373887432663328	1.6186025573797558	1.9927506841650873	3.298376629098362	4.992680591025333	6.0710103130853605	
0.11761593540502804	0.3592943079366627	0.6046404144887568	1.5606798964674065	2.25037714930492	3.3635316572906997	4.682100875798	4.8708373373955505	
0.09840644494692447	0.39157096471128217	0.6248939364263413	1.30623554188598	2.2145666986400783	3.404077268553842	4.621772956106295	6.010036155630292	
