10	48
1	1	1	1	1	1	1	1	1	1	
0.10186365918786773	0.1694463106251469	0.3720432638670049	0.658471620910795	0.9941363457730513	1.5283543615175086	2.118684195767961	3.408059236442471	4.2948105116938455	5.55384306096466	
0.10171815610026486	0.1601101976391027	0.3811160309566219	0.5182669130574197	0.9026163351454665	1.4675522815876532	2.4879699903241277	3.536621797377027	4.997000017087293	4.611346994688805	
0.11800812214262298	0.15722412358024931	0.33584194825587027	0.5255492546781316	0.8682220046899453	1.308419916917536	2.2092794885892424	3.033141460968932	4.620198492146289	5.905617374431662	
0.11007487286475204	0.14865313006361391	0.3174700249732385	0.534429471128338	0.9825234100700192	1.6423586823975793	2.240821065293595	3.925364557095415	3.606589188895438	6.091041251608237	
0.08463907724754585	0.15950348832071462	0.42952531212960043	0.5135708422254797	1.0284309802766607	1.6981436742615843	1.9625125239897092	3.8121769774667187	4.123041025863705	6.117176004487151	
0.12593829903721782	0.14264050513205484	0.36894301175035893	0.5971882897249452	0.8921183492368451	1.6930392263943008	2.183924674432918	3.856664992627852	4.9513180836710315	5.312301726236204	
0.10926725884959194	0.1481800423758268	0.38268043831471227	0.7136109838249037	0.8846833517628088	1.4228425424615483	2.5066122690347243	3.203636807613113	4.642175819598279	5.815398296726647	
0.09721108118633362	0.1404572695906158	0.33028501753965334	0.5615942176291798	0.9617196345819896	1.2918895011603426	2.0986185177188754	3.5847822155024414	4.5332365709659985	7.337261609861782	
0.10630972948494655	0.12210908730687328	0.342592259449044	0.4552845005386998	0.9102342034569221	1.6282295443176924	2.199719101326013	3.0130662235744006	5.240200871384658	5.483062447869333	
0.1070432440377181	0.13885706509663992	0.39663190904162504	0.5719717598476789	0.8229338877701051	1.2008096456420037	2.256509277844446	3.5332867400036916	4.754849826108408	6.01968323079873	
0.08370240110284187	0.1515520053299437	0.38520782921479146	0.7209068377088902	0.8873203504986741	1.3740985531403436	2.2006885939031835	3.226404401378602	4.457716802435092	5.301115176852609	
0.10416444553234475	0.14755964359690024	0.3304045893645838	0.5649549881371017	0.8178048170242916	1.4191502479902922	2.456986572183492	3.009333448531603	4.461376428160643	6.010460780086758	
0.1136806443732273	0.14986352847492138	0.3344691581196548	0.7525196683014166	1.0257467002536909	1.088898400649558	2.2095946483976214	3.5979089247066143	4.519643337151443	6.227170316346432	
0.09964921824446767	0.14311697631627437	0.33206348634757354	0.5752286112264062	0.7118336538765335	1.685576971565538	2.1551622650455897	2.829397064709297	4.5157826614582826	6.7603626159730155	
0.10687178884686031	0.1343307994408023	0.3662034806244838	0.6520163475248496	0.8625274883471102	1.4837099403062237	2.03037917269298	3.2235551181284654	5.013838852891498	5.6193559291287976	
0.08329405791975525	0.18395103571155294	0.3681967894152997	0.6200765083155035	1.1261393485056062	1.5090358487733264	2.1324592028445317	3.2620664911940804	5.3718897628634315	6.5393109091298065	
0.0952453488186126	0.16376142912145758	0.35833238556784813	0.616521486589155	0.9952264795679581	1.3282559861345837	2.050877936136949	3.077555200727458	3.955544387253993	6.04069963647964	
0.09931898811917461	0.1543366940302017	0.3949730967525995	0.569207245188282	1.007499484286835	1.4477874259995867	1.8357140568443873	3.3601918702286344	4.204182659620141	4.386000542283026	
0.11807392414286702	0.12161525400275595	0.34447334203629365	0.5839034372864863	0.9433671240157604	1.4566424712321797	2.074321296432787	2.719638134053617	4.697740159094176	5.364707812396777	
0.10549164997476122	0.1588365939984591	0.3820135246088078	0.5360673259561659	0.8865918505978216	1.6905141473313485	2.1183585212629104	2.742098236853178	4.806373033817417	5.576666054995891	
0.11182418535506052	0.1146316689019786	0.39101603227328324	0.7190914824515124	1.0014990444405385	1.5281198080196945	1.9770312746873857	2.916770005026983	4.282191895264868	6.334557033573764	
0.09753877495137336	0.12603894668209087	0.4060112670368644	0.6034373627815797	0.9662458680039068	1.3766907108477517	2.164463342061893	3.4339252509671416	4.301820964633293	5.447330244062655	
0.08620099332890054	0.14917462051983185	0.3872048800649775	0.6508357693233398	0.99809644293046	1.4273574456679914	2.191968168277308	3.810434857134274	4.789149134985885	6.153518561540379	
0.0901502994644329	0.14276435301035498	0.32053100460205763	0.6169035767934884	0.8597929637739402	1.2808528103667474	2.222752195135143	3.593514778498915	4.196566703370674	5.795517312933536	
0.09690878480745488	0.17115571169145036	0.3356484325065371	0.4478150665250214	0.9675474113286425	1.0563206679029393	1.928313490109632	3.884644970364844	4.465387683262033	6.213076722312161	
0.10880905236774452	0.1276993303458516	0.38999706454002214	0.49226565467737066	0.8578567237139236	1.4185440387088037	1.945978620613819	3.2085635396786225	4.874803941104179	5.497565326636203	
0.10521017105952145	0.13480130555869038	0.4238344581172539	0.6423157576810019	0.9928446956856615	1.5525520850545576	2.5998217989429375	3.326125414204154	4.092388124871989	6.365907457540425	
0.10182891276646018	0.1532729847846421	0.3919365990330421	0.49890474781422434	0.8441346252397256	1.227897313821512	2.6432234264348806	3.8838942684093003	5.584448573346026	7.047352622667932	
0.09906283774993034	0.13296534251791026	0.3831569303329581	0.7120880355589169	0.9579173029766608	1.4417593493500802	2.182389824410502	3.2756085225494695	4.482212968556482	5.784122315318536	
0.1135199480525231	0.13564445662290595	0.3862292441713797	0.5748073052789378	0.8253074003853917	1.3465531252550964	1.955529262459151	2.855223830762699	4.641940653811177	6.8668079597398535	
0.09035740849199285	0.14248323284317543	0.36988848600655394	0.6142940035934933	0.9559467200542514	1.5207190653213167	1.8967614939010566	2.722143678123758	4.086987566212905	5.589071505808713	
0.0953253115977039	0.13373891952394618	0.3790609472037236	0.6204689209507915	1.0067137167327653	1.3134898695219237	2.165919821033102	3.5701661844397323	3.731250767082953	5.617628876470476	
0.08672448532652921	0.15435159119122413	0.44911763956045986	0.5592540839117112	1.0526855843503768	1.5737829930877343	2.1645181570213325	3.120592252648761	4.26536970464289	7.018145363875661	
0.09259961840510726	0.156652141198379	0.35010371170484866	0.5035196441053414	0.8524649905457801	1.6484076028633217	2.4222200915151832	3.0909733047940495	5.72786411345104	6.85152325076136	
0.09306689565041669	0.14605864606665908	0.37006467001533355	0.5596710637802308	0.9829415702154205	1.475813206114468	2.26389473704003	3.4304340891794225	4.647867955380791	5.459538085311411	
0.09842137769545267	0.14967835455176412	0.3725665214111133	0.6426767533319423	0.9290291773637479	1.6425345040421981	2.115304788305521	3.7500624210984035	4.419254517504899	6.156760952100874	
0.1029320317997845	0.12841764481675016	0.324636981546421	0.6140374481326457	0.8202405614891397	1.503298971734427	2.484342715193461	2.972705992401097	4.359402983206459	4.577360227840687	
0.07983207677506615	0.15852539449947084	0.3807945086790453	0.5512273872202156	0.6768258400656824	1.365458393820253	2.177465781246338	3.6696421870674083	4.35118757851453	7.60851995349678	
0.09547065975189273	0.13234556247091053	0.4427646767628633	0.6846387637083058	1.0571231257053484	1.685905085948806	2.2863268181141136	3.028053638562867	3.642325553069386	5.920834437315638	
0.09029795837758409	0.1476009690793521	0.2983267435035559	0.4983704509203938	0.969131993915286	1.4773565577666357	2.048504153254397	2.738960554765482	4.572055782583678	5.711110994051047	
0.09453607504498582	0.16750175336118203	0.4337222021938677	0.6286511874222714	0.9646431670888229	1.6241729458984664	2.1266698528713004	3.0541342577644497	4.511482571719675	6.501956667583487	
0.10255645043257074	0.11660190934678505	0.4208853299996925	0.625624304954698	0.9627306606889939	1.5526618716318994	2.1078194975212265	3.338520418487745	4.8776541434872875	6.348312629922665	
0.09099705600654005	0.14617504640612272	0.358905337073183	0.5895537685711577	1.0492425809515338	1.5781420778690054	2.3310128002374997	2.8318338377854766	4.30554802021712	4.466941499225108	
0.10052942792303705	0.14574832251381856	0.36795695021954206	0.6707058388612567	0.8699161080711462	1.4954225392155502	2.465052430814098	3.2987276806968406	4.979670114696043	6.416325775536851	
0.0937566460726864	0.1554646210946311	0.44620634208319787	0.5920411898704546	0.9061101319974115	1.4446333364103907	2.902798654236015	3.0714681440280502	4.377902565846175	5.922293823572318	
0.09510070086505325	0.14961398052166183	0.32418495177842993	0.5554646369150048	0.8541007626120627	1.2683905065052652	2.3160485526359653	3.548028580860214	4.789256521200869	5.8353483113623685	
0.09285876754722328	0.1541281863096083	0.3634681022077131	0.5218534320510204	1.0852238995600427	1.1476032874088071	2.442760325872988	2.9318474688686225	4.283034927505556	6.105879390572959	
0.11430978977266369	0.1445588677812187	0.35688689134860213	0.7282471621215585	1.012764665122596	1.6015870313392802	2.5932002528788516	3.3974267724658556	4.747969238503785	6.137310364130512	
