3	82
1	0	0	1	0	0	0	1	0	0	
0.11418929004178735	0.6410656656250985	3.228336970227691	
0.10773901795799104	0.637070206962115	3.1794804400397916	
0.0825282003021915	0.5697883232787653	3.8164091009881442	
0.103400596507057	0.5616269921237944	3.331461762722567	
0.10676644068327801	0.561656063432902	3.651499765589616	
0.10495698021163652	0.5340054736096596	3.5283190431262716	
0.09590386615202305	0.5892521744216637	2.919810173485364	
0.10631446412689832	0.5910680863982747	3.4689710102126976	
0.0944901761093443	0.5600758027277952	3.007407951730731	
0.1039603217954293	0.5591790105298358	3.1839883891639156	
0.09481573012693668	0.6264050354938605	2.6860267048535986	
0.10247032870223338	0.7038805913457483	3.6517084853384523	
0.09383346878026529	0.629676106569899	3.3476837786729687	
0.11469392063162138	0.4493931046606339	3.611681894903928	
0.0973248232723613	0.555406263632975	2.9991643406417468	
0.0870009368378872	0.5631528955515638	2.8990864324722962	
0.10180217170507318	0.6353962579397029	3.1666136418675324	
0.11499723206256166	0.5670947228725837	3.1496197127211074	
0.09527059357071577	0.6359171324348637	3.477361388426864	
0.10495366883971098	0.5925534807637518	2.814297570799686	
0.09680559419189494	0.6886883828340318	3.5793023134163704	
0.10294050396686721	0.5769328765728934	3.2455739948662794	
0.09619995760964287	0.6715831012850128	2.9773357255221398	
0.10923669282296977	0.5682478457004739	3.6793012198676474	
0.10426775923808007	0.5550367560033078	3.1494734656118477	
0.10711640606723327	0.5700514305855564	3.257194357748892	
0.09487055830851056	0.7055470288949127	3.8775983652091823	
0.11463123953391724	0.5925375620919701	3.119105389820235	
0.09220836420485871	0.6921432774481863	3.55248520597788	
0.10978760881507342	0.5850043237871465	2.6786833176161795	
0.08472042390459238	0.6034580437741506	3.080130866680941	
0.09362298705607369	0.6207089024237173	3.579439444704335	
0.09298772931403251	0.5216634188606293	3.029821867969739	
0.08956036037448067	0.6355699569555593	3.2486646548817752	
0.1188048922823556	0.6440811071782958	3.8395032445244035	
0.08596124640092384	0.40482847221410295	3.328972409241506	
0.10123220240992109	0.5926328751271238	3.2811339358296343	
0.08875973815269392	0.633790721873067	3.48926280303326	
0.08800251282996893	0.5787818147490424	3.155144249029578	
0.09329189097839721	0.5303332565920067	3.2540641220832627	
0.10260805520664298	0.5633890734741422	2.895493705729151	
0.10410557245041373	0.5539607714858606	3.1495082080802583	
0.09563923371841782	0.6747425198501796	3.015535099182574	
0.11725526579008985	0.6451381162884904	3.8417920696315395	
0.10664638829579674	0.5867373331378697	2.951855943025537	
0.09644588609225727	0.6892368615133937	3.2344198924879124	
0.10660919387155109	0.6124182807039594	3.3311398830155037	
0.10288159683964915	0.6297204892099472	2.985415065395487	
0.09725095729093806	0.6185587999809803	3.3031333473125635	
0.09538795396387767	0.6249960548856662	2.999379059118904	
0.08776993831063731	0.6176991460733486	2.860490185305754	
0.10280124002419636	0.4827191402640748	3.0143789522740403	
0.09672423086950886	0.5036018895229403	3.1288815113162185	
0.11185019637952412	0.5237814763869867	3.137753695205561	
0.117026446693722	0.5362883482193539	3.704097589313508	
0.09720994719954038	0.6061147251529749	3.6697317252080497	
0.09514902060698982	0.6378615404042091	3.5374940596858164	
0.09349185992757933	0.5543141899740722	3.175703993914086	
0.09802684658838762	0.5352631212545286	3.04147983793289	
0.06533095843127842	0.5799436390023356	3.5406781085979278	
0.08333310865225452	0.572211328107388	4.0437581625490475	
0.09977439958666467	0.6814076620684781	2.921127520450361	
0.10448818405772226	0.5290669061974986	3.3803459998568925	
0.10842248234759784	0.6362985507317805	3.1378953691372566	
0.10274933566017892	0.6170695161245696	3.4664466380229246	
0.09876233051793415	0.655868328014114	3.716246754771219	
0.09682132553295	0.6027863836765176	2.955935195261193	
0.1034025732382427	0.6207982636668476	3.268845575135953	
0.1013339965430127	0.7153095833444513	2.31181508867937	
0.0950334312204053	0.5793765793144752	3.723496599210148	
0.10475288809318582	0.6299811501682894	3.659453262043515	
0.09820043298196719	0.6391395921496938	3.077501086350159	
0.08946693674154538	0.7076500192381793	3.3699353121733426	
0.10644662594874602	0.53518951891408	3.415864609905113	
0.1177823274687184	0.5833529958969362	2.841865181616954	
0.10183976193654112	0.5378461856873823	2.743715423646918	
0.09265234305259215	0.5704441323134398	2.9291438167709387	
0.11326466782138561	0.7133766002783685	3.450878605267415	
0.10384195492103061	0.5914771132373333	2.9586918354132545	
0.11602910231073636	0.5962287901745793	3.0996597215783876	
0.11014756624003204	0.5955849486071751	3.5676206290047308	
0.09590251293464457	0.6610582155272203	3.5684243455059437	
