7	68
1	1	1	1	1	1	0	0	1	0	
0.1023877932953967	0.14708934590559433	0.45582148397982175	0.7313507531245027	0.9402626168901673	1.4014451068185947	4.337708488518329	
0.10159051859547528	0.1790526960573298	0.3866261211658207	0.5846432963939179	0.9274115330073485	1.4995434727924806	4.292427993926586	
0.0971035569825074	0.1403390750821747	0.34178264011470716	0.6346343745762091	0.8391994129706736	1.4208624610790042	4.349076769848034	
0.10904396520825764	0.14548317162919128	0.4020916992950713	0.5038192075531476	1.0411226672931582	1.509524831905385	5.080934226947636	
0.10283746765235763	0.15360387252646374	0.36197352629432256	0.6146711610448249	0.8255826125770476	1.3143781729075312	4.192689757316326	
0.0965933083980287	0.11085979997292955	0.3362428789358448	0.5072464407152019	1.0742459417815349	1.2725121313371779	4.067832438784346	
0.09874472448132797	0.15276215632738346	0.39507723064197653	0.5614140209300391	0.9134228304342827	1.641871399625196	4.459340301526798	
0.10101265435393336	0.1635618369603575	0.4095745037427186	0.49137320842671417	0.9646902197107725	1.432287972488041	5.258884053444434	
0.08912363031950804	0.13617535875971548	0.36408937717839573	0.6468875679351824	1.0373481152695836	1.3848626338911463	4.78254377756051	
0.09382298742636398	0.14935512812803894	0.3981358580387746	0.7145559287937221	1.0246707968338058	1.5966177380685507	4.367051295101157	
0.08269423767605522	0.18437361886167153	0.3176550200329535	0.5745738902864233	0.9137092647466367	1.6111751634904845	5.019303993924825	
0.0938392926649429	0.152922405462202	0.3524431920615048	0.5522739110283995	0.9958281288552729	1.2248378923964107	4.600065104030243	
0.09355832206139458	0.11742822847074808	0.37170525888887107	0.658285792739235	0.9552028038665558	1.2583228336374042	4.56906260256456	
0.08270553023156113	0.18233978324172026	0.3850955199066606	0.6379610138306249	1.063445382092647	1.4525269275661963	4.564180465313096	
0.09118615810219306	0.11845848262048643	0.35238787960463475	0.6086258664089257	0.9383614297337839	1.4678111033988737	3.954217470851439	
0.093172495601713	0.16389450062538505	0.38736817028316284	0.5166322581587568	1.0357100967261006	1.6590094154254866	4.068999620075284	
0.09960745960432543	0.14665209598372114	0.3369224051989294	0.5978698011608151	0.9651050782593066	1.4606283320504596	5.402627287077699	
0.09014131530206526	0.13301506766663018	0.421461059776006	0.6577795366727309	0.7305987081882751	1.3046051088591673	3.694428447058504	
0.1100519445257579	0.16402726497617293	0.37793732141441144	0.6674152398803888	0.9928557559343272	1.4834487150964144	4.271195198242622	
0.08558654629965023	0.1457552831195972	0.3793858827967389	0.6336934068737744	0.9483042146411145	1.422269683066733	4.6237924363785385	
0.08987457724410951	0.1422252547541968	0.41123828713374044	0.5736003048345027	0.9056310311332292	1.5049511760372178	4.159072434125436	
0.0951637830107095	0.12369560725418385	0.4212193982961539	0.6750935585401476	1.017009223222856	1.4546030555452405	3.970482537856953	
0.09516086514023539	0.13672538622418398	0.3492480218434252	0.5767233770534457	0.8896515340008042	1.5827511969763413	4.517989503924075	
0.1134434706949052	0.139121071277428	0.3939842666332915	0.5861574580924073	0.9763730104613616	1.5496636562553512	5.009882002734832	
0.09640692341339614	0.1498752380108472	0.41519194919686797	0.713369651090986	0.9375657386921544	1.4042543412443926	4.451034370292072	
0.08013895977195096	0.15475763176372911	0.35586397456031543	0.5325766178478905	0.982563682591834	1.4188188407143578	4.891578325809444	
0.09968918333595572	0.13189254118917199	0.3862053113072692	0.4845639919887853	1.0020932986095545	1.627658661814601	4.370851288042033	
0.1019504904925248	0.17011307606752168	0.3793997118566623	0.4976922702244797	1.0608663838426609	1.3572934627135271	4.396176333770747	
0.11604735894204053	0.1868893478052807	0.3523070454043623	0.6596205732935129	0.9564836972101469	1.6843454583108506	4.381707806823903	
0.10347393073360725	0.14264148312607483	0.44964171741854264	0.5689722023802208	0.8827223457643817	1.5290346323091675	4.13772064521969	
0.10356009763109536	0.1449951697810695	0.3572468729275384	0.591745469293323	0.8296947147722643	1.2584810867819283	4.247630010741842	
0.12154232210855141	0.14007503521726	0.44814339642610934	0.6386335038337946	0.9077396587147805	1.3502272774413737	4.548452612291458	
0.11909844563229749	0.1297920770506517	0.36758728150813724	0.6544431302148225	0.9179838837469958	1.4492059555104848	3.500661838456825	
0.10204783689203599	0.1568860414330593	0.375903455983478	0.5823221877626638	1.045908110568721	1.5149214251822225	4.676610605220265	
0.1212178424611135	0.1452175670656533	0.3804935556485688	0.7040006288271408	0.8934015653500772	1.7034221434009853	4.459935095325017	
0.11180086157078438	0.16170363087100678	0.3485406209165064	0.6245386102354612	0.9731283174120808	1.5049087015450944	5.475335998165209	
0.10640767801244094	0.1482009479448025	0.3394864439690024	0.6052026391990559	0.8819391335228771	1.3091738249204774	4.455722013713679	
0.08572457107226494	0.11963082015071928	0.39035716293113126	0.7447035777253254	1.0174650775872374	1.3061459826303634	4.893388312023343	
0.12706660356604796	0.1427100328013904	0.3316062620314906	0.6365929790383421	1.1144464622602812	1.4771891005664965	4.478620503423272	
0.09524683945284483	0.135247436398312	0.3545169849184778	0.5903279970564413	1.1095742932453136	1.0700831441565528	5.58513025375205	
0.11041794009288818	0.14536176486423547	0.4004974692651605	0.5525628624217775	1.1243859498656679	1.2291308815827067	3.838017493094828	
0.10694837185223834	0.15206319783259054	0.3834066050891852	0.5831039299605931	0.8638542145940779	1.382035173175074	5.041937769591625	
0.11279451963461207	0.1636427297820014	0.3565141885721109	0.5300047266410765	1.0980853183184978	1.1971673383364414	4.400634479491236	
0.10170322713189427	0.19792724988282986	0.3805535606495853	0.6415907130774473	0.9805833515776753	1.6189792231782711	4.9224518587726775	
0.10626988144808786	0.15560626060895086	0.408980788843095	0.5807965302077792	0.6671413692964518	1.3333899982471604	4.745901374470904	
0.09344671029345976	0.14895779204245807	0.37087164993873617	0.5788664637396513	0.9936602404727181	1.4603015616026338	4.502651596427089	
0.07711951810614406	0.1246409114327095	0.4010296198181208	0.5388865446414616	0.9925067766808753	1.3523822088449442	4.242050078362894	
0.0834368557383179	0.1479393547678876	0.30465139142070335	0.5354368574969635	0.8847692310838586	1.511940059655345	4.603810561909025	
0.09901119925202861	0.16124262380927298	0.3555026278720433	0.6155707976983341	0.8302496773119152	1.4038942450710974	4.127596614523535	
0.10128396719202933	0.15615232040283883	0.4022082377513501	0.5668084862998269	0.9838725141864004	1.4599200931265932	4.305357707318996	
0.09690220743850779	0.16064006463182454	0.3887925419983976	0.5731484277801208	1.0600716290046794	1.162918506808488	4.157124789748198	
0.09109315782405344	0.13266861193312948	0.36099975135291207	0.6948454668049059	0.8291008540966647	1.4794070954109764	4.598149886304003	
0.11263827491254803	0.15822459022922067	0.41158845222694684	0.7086566556779187	0.863777491309783	1.4159526478499165	4.195227473585683	
0.08039497944411984	0.12622163357466482	0.3786616753102061	0.5379703281487346	0.8594036949896356	1.5905328013341962	4.650405561110402	
0.11245849840361817	0.15788439413664293	0.39125634156268907	0.6728928086981353	0.9241813070372725	1.4838929053496517	4.280935575909054	
0.10005222184815046	0.1435503967001331	0.3911496731138635	0.5202186345412096	0.9005709121548762	1.5326236452036397	3.948097130086068	
0.10500787669315842	0.16486318712189604	0.4345325432209053	0.5238784818416963	0.8808637538755449	1.5337886263511291	4.236548610242141	
0.09289947163461931	0.1493861971170948	0.364790433388516	0.6264318155253102	0.8577730454883864	1.3807510363725974	4.501077844605878	
0.09707766657245875	0.1365602091294952	0.3278907755507602	0.626158034540793	0.8862066796389956	1.4398608148288083	3.9142813098461127	
0.10828105111645636	0.14909391200333985	0.36166438806701046	0.697554837482014	0.8662884058820565	1.4875360992191045	4.617013702459586	
0.09385400452971522	0.14858096670580273	0.3850994909797498	0.6279366328060617	0.9217945287255993	1.4479510841755194	4.626793637722581	
0.0772387759461342	0.14303211651986855	0.38419724608301287	0.4520716292426453	0.9406639594810271	1.712382282852892	4.837132819718995	
0.09199971466315622	0.18335471327503503	0.32557217536013544	0.5667147683398084	1.0527887717431097	1.4326057125035534	4.849530056869551	
0.11020232050708234	0.1622212988656908	0.32912686725031787	0.5549164586993359	0.9090970411558663	1.5029566615430305	4.495136870162677	
0.09005687458262458	0.1417107258844358	0.4112795895467151	0.46421252221811476	0.9205131222486598	1.5642622729952198	5.011642385284284	
0.08145185024760684	0.13844191351132482	0.44522277628541035	0.5092986504801726	0.9707284116938423	1.5653127310187143	4.817859592458813	
0.10521999228500059	0.14996974009444683	0.3870479270017793	0.5424493700495051	0.939482033646895	1.5901604649008771	3.7866856058469764	
0.09653211559059446	0.13813724027725074	0.4211654868231499	0.5684041081116249	1.1475381967323746	1.6613019626337049	4.063267839759547	
