10	91
1	1	1	1	1	1	1	1	1	1	
0.09326724845923576	0.14403329570579496	0.4383216622614536	0.5720096461003604	0.8799434427685251	1.7641945101112388	2.373749042257558	3.121378376671088	4.783147340584339	4.5610775021258885	
0.09323222610555754	0.1453669791259167	0.36038694706853175	0.5532177709086245	0.9831440665234813	1.38544971700992	2.1185205812160466	3.126123574127327	4.2781633018083065	6.379664353640508	
0.10659528629675262	0.16138816452703802	0.37997548810030335	0.5998050518492446	0.8993336609530349	1.5495120194216399	1.980871991705085	3.2850838230993027	4.4576806701845095	5.38048989874856	
0.09731972811406553	0.14577387197799224	0.41627983730760065	0.6154872466121902	0.9978097846884448	1.2103546375711052	1.9541559159587782	3.6476239620216746	4.11562140297776	6.087305714039963	
0.09393243353016927	0.16184401962278835	0.36718232770894094	0.5924815865281805	0.85546993028907	1.369368318479935	2.3327620035518093	3.2292878369290983	4.024737569439273	6.44444796481808	
0.09253226148394045	0.1535920061448716	0.36701652673217106	0.6653222523200498	1.0652278523627623	1.4397688737963779	1.5376131163088995	3.1577019253537966	4.278079576877887	5.929139396965999	
0.10841367352529377	0.14186364760457787	0.37557658661058024	0.6189896939554956	0.9746392383031223	1.4791139073077497	1.9685988307314128	3.5881251484103314	4.593169055465307	4.884919919646417	
0.08940767085907886	0.1479707394214853	0.3943808987453931	0.6484567230170972	1.0873288441269042	1.4160995060753325	2.161272645465556	2.8516038705377804	4.589342989616085	6.21262941348181	
0.1088869420930388	0.1631566139170705	0.3907318389679418	0.6215765201590207	0.9484420547848635	1.4130053338272393	2.225373946237509	3.097701624190001	3.9438711652649525	5.529558867325669	
0.10171819946161316	0.15734396109858365	0.41677506586423557	0.7365789292709408	0.9660075653139399	1.2870903617979632	2.0461910833658	3.6417959906872333	4.926218380819973	6.192645653759701	
0.08933592706857692	0.16095253753814154	0.3789220444117463	0.6153719330178652	1.1236103492264125	1.3848568815279665	1.7658750752435917	3.5094951530041496	3.99062546539537	5.024857361431193	
0.10750574499410581	0.15102414334568684	0.35533062460431336	0.6211992842730141	1.0255347317082604	1.6623577583123985	2.291185768006237	2.957456520594354	3.7957469910876704	6.472116919603563	
0.09410431954554838	0.13480422649154522	0.3919148404306281	0.5800567460188254	0.9252690707950616	1.4042865980669528	2.4500771137685926	3.549816418092837	4.15457615045728	5.951389128084858	
0.10393720928880056	0.1388064984929925	0.4221139619214939	0.525983235990773	0.9960749822812635	1.5525055837784612	2.2516194714374214	3.8015475466287407	3.8973094368672143	5.820401133593218	
0.08369772729155366	0.1549556641037648	0.36749718858244124	0.7453332435769403	1.0239488073624325	1.520026310420592	2.411186756153294	3.0270465962595994	4.717793986488834	4.777991255082123	
0.09242307543424165	0.1615240276017948	0.4422856794774576	0.7151752297455197	0.9056656767593014	1.524976129693004	2.1057243442263704	3.050560617902698	5.5634052121714825	5.472331910747571	
0.09694536484509318	0.16750375274836243	0.30610033476776344	0.5406898185286999	0.8742534611523269	1.3813171550170091	2.30072441450313	3.259179092153085	4.348332669283054	5.557119337315164	
0.09657084846789502	0.14066560024993655	0.42242169998562124	0.6231220764374654	1.0299759572355112	1.1500202892197646	2.5109282357444873	3.3154147852794322	4.340951307779948	5.3485656878765235	
0.09426713293103664	0.1687311588698486	0.37653841592620707	0.6025928180390863	0.8287406100463818	1.5348807451377404	1.672433249058709	3.2678609615858996	4.188915430604636	6.642445666863793	
0.101445639444523	0.15808713730822993	0.360439920560915	0.6180525727811789	0.9469740199339668	1.450565794240753	2.1979752442096765	3.201798564206729	4.6177441267736965	5.70981167622908	
0.09241657639933122	0.14272052465466878	0.4136110026581348	0.5725785979402579	1.0357872734359792	1.493735009572983	2.2326678186119895	2.9545326086526273	4.869713157973422	5.7861989722057015	
0.07163042205483301	0.16148239174404536	0.41056872051658316	0.5714655253816636	0.9881858452794544	1.2189211135251643	2.12854026591534	3.879115249201682	4.118104495797779	5.006105072837537	
0.09946273504855532	0.1712773665967904	0.3155450872727686	0.5896249072120194	1.0138484353578872	1.5493884724476017	2.182709109299638	3.129580678766178	4.680728420073029	6.722690029981261	
0.09423270339208997	0.1633768457462658	0.4092980682722307	0.591419589311145	0.8165279667578894	1.3164233475168334	2.504163525102816	3.748834987910666	4.671531267620764	7.474524186831726	
0.10081046284042539	0.13162428001963625	0.3258792692789986	0.525344885907047	0.9705330819147	1.3610392064598265	2.021805073463531	3.2467756641932755	5.320441094756422	7.132536462662506	
0.10342312284695808	0.16383377371731092	0.4125348659890215	0.6271500957583817	0.8283693449855165	1.51737057567628	2.0394394697609037	3.038668766632749	4.738882804296497	7.03901359424301	
0.10392705339588443	0.14607367463453064	0.3706967849280376	0.642347300156184	0.9105165632176623	1.4026367800545103	2.024001480105101	3.069613122233807	4.991242244037918	6.09336610597238	
0.09477908001750429	0.15138978378066423	0.40023954999750094	0.5440329079281698	0.9699019276908283	1.518546432929977	2.5270646594491986	3.389694630482733	3.8668214168469883	6.396371222570023	
0.10289393779438183	0.15218299398151605	0.42621138797363745	0.6280158432475144	0.9982265764290629	1.3312934570182096	2.2522045183259958	3.105103785181483	4.298963724895423	5.768970965101671	
0.0863387152929862	0.14553374046614048	0.37536791294374605	0.5597074406916059	1.0746102002404292	1.4363430895489746	2.073454277419621	3.0350175520091005	5.100841829760718	5.637984102708455	
0.1009946798225599	0.1609684214950417	0.33533512589059217	0.582032425382189	0.9509680724638421	1.4166219200317838	2.2389056700614227	3.2741375773310013	4.857464610827925	5.357347098883143	
0.10476097344830218	0.14974977621320976	0.38286006500629266	0.6213751364397725	0.8248450767674752	1.3893976589346466	2.366942908280522	2.9751670704861715	4.576009630321865	6.098072256490404	
0.10242915112439135	0.1131137659879153	0.43730656531393985	0.5440653991523196	1.059505409630604	1.2942911971187776	2.240506716270463	3.1101253300865146	4.133473641790563	7.586204269838982	
0.09755997963252566	0.12861885625395783	0.43450328107641945	0.6502467281052928	1.0749840538824507	1.2385557659105328	1.9560366719644695	3.371439942686108	4.336200214554165	5.647744955729835	
0.10698543605602395	0.13166758115164331	0.3344192366979501	0.6176148823417549	0.8390786092012025	1.3637442625246814	2.1952963003735233	3.0298542757105893	4.11351057526193	6.768140524085469	
0.09786667173318543	0.15975981996166702	0.35783334469586137	0.5904742873769361	0.9492207249565675	1.4311399705068168	2.2004216271143906	3.9445976230204307	4.9293372564028894	6.33732492516609	
0.11110817780789423	0.14365393759256467	0.44262370183996963	0.5108305446466029	0.9791636426819281	1.6251705210609566	1.845016492297609	3.279269907965892	4.26343609896034	5.201397130620004	
0.1021548527176734	0.14489588698054326	0.42240859222906	0.5964916678561906	0.8306555049261738	1.4079466367715356	2.045888739069629	3.725939232544962	4.666352930088575	6.003705160783218	
0.11958460815464136	0.15459474852783825	0.3639286039260154	0.5808514744608485	0.9799629428643337	1.3234236182157018	2.811774527965561	3.3472226934139773	4.573669762424606	4.908756143240506	
0.07726196973738371	0.14059137554915926	0.3596458139073794	0.5573605179884564	0.9148822030140396	1.1481714717690117	2.281618542284026	3.2335855927456785	4.705280692027716	6.164043181087386	
0.09214433904990423	0.15564161169667406	0.43157915780689593	0.5561189417469034	1.0233266428248151	1.6145121936882088	2.1765271247862894	3.200524175260319	4.379023627283769	6.066816158504005	
0.1233841718749676	0.14038855314785986	0.4003986193146929	0.6215553119853727	1.0278863646865897	1.424276401363295	2.2240157031306764	2.995099394570004	4.243427289068421	5.960642798970677	
0.08364947210442229	0.14432216539290843	0.39741300146864955	0.6719525776048365	0.8805519406991966	1.4188258308014285	2.1558602641983624	3.072029600554484	4.3348632189508205	6.457178409819008	
0.12206715639359973	0.15402557523682475	0.4201440862649914	0.5191878513713202	0.9626432559819178	1.6485033137823626	2.3854125553795287	3.187308003094833	4.943411858165397	6.19279775181357	
0.08626628388615737	0.13780160038600103	0.407015377076978	0.5865148808210834	0.7904508209586606	1.4612547646076859	2.01982291592475	2.37327069971297	4.448897686093362	4.938610784620171	
0.09924616982462893	0.14833629205657187	0.4692228266605995	0.635307227049383	0.9592874614516629	1.6123799225480733	2.0610686946119032	3.115489610647567	4.168955550271969	6.692817722687279	
0.10189531576878313	0.1400871839878479	0.40991702749132974	0.5279029075214381	0.8506992587527978	1.3865897056010121	2.172030443229922	3.3576253669635583	4.402225175833033	6.143230478823055	
0.10767397336220674	0.1732039910312114	0.3814954497463079	0.7010960123626911	0.9415710997031539	1.3916637357550588	2.040736263805481	2.8316374346306246	4.292480171328901	6.4467601916595	
0.09232817288017144	0.13841417491863572	0.36103753936406774	0.6368469438775051	0.8700752661251081	1.149380332976004	1.7727202667333213	2.963887366237705	4.5239661803405316	5.840147954192296	
0.09875437678463445	0.1703746192295338	0.4457446133854398	0.5354381135670816	0.8106875604372363	1.5794431826308184	2.1652701312549762	3.2581030011862326	4.053635182919252	5.212020388036446	
0.07538217781243758	0.15141888860825334	0.4132136195750857	0.6327788647428819	0.9539989491985554	1.2886535445435505	1.8528218617187986	3.4661662180501494	3.961077850445099	5.500033341734407	
0.09226742789570563	0.1497756736485361	0.38160398554068514	0.6487415390956789	0.9333468847611339	1.4153640678040178	2.3960688266815735	3.0451297600977885	4.5106121959440335	5.381106381269818	
0.10152647835584738	0.16211854159897668	0.3561632445502757	0.6993340181743137	0.9328572507587737	1.509653586805466	1.8189034462420337	3.7060327748128588	4.990968914690708	4.816887295488231	
0.0862007088841563	0.1619507925717218	0.4159504227793516	0.4882024856909535	0.9980474407162765	1.3346235117959084	2.128173270441558	3.179879110987793	4.154882274978902	5.852718719553295	
0.09074485087707189	0.14082012343635256	0.33555944968599105	0.6746523495368437	0.8825256066812299	1.56788822243955	2.2722088261982245	3.604649725029727	4.296375738307752	5.877294657823516	
0.10101089151851497	0.13171010234472882	0.38283759671756784	0.5816924340108319	1.040232024029456	1.6338075488041783	2.538900247453231	2.667061945849566	4.812036471878043	5.799350581144337	
0.09316042137836544	0.17282196108908543	0.34156180060549657	0.6124568125119423	0.8422876801561392	1.0831287661850466	1.8268511181680538	2.5009811667474393	4.303233106015935	5.227069129917047	
0.11156076693819164	0.15867791823870228	0.34498070767622396	0.5381978946999717	0.8764702870782201	1.3762348569848408	2.4126487916238406	3.0786562647755975	4.544063065468606	5.668312653195607	
0.10568857599165399	0.16083678358574433	0.42512780678929024	0.6555369525668462	0.7052325336606116	1.212452556695741	2.1947978332417493	3.326778955196352	4.3728897515990415	6.576181703241997	
0.1150414756498202	0.13968352496944356	0.32082787852959527	0.6262152844542906	0.8736632263780011	1.125077970400569	2.211684616992404	3.3938256202110324	4.182009635020478	5.9037843610903415	
0.10315907519168113	0.17201146544063634	0.40337984919126746	0.5100989162385869	1.0678886385406625	1.6736874114772693	2.240736548702016	3.6157788045001054	3.9549364934784825	6.023340439103052	
0.10853153967937966	0.1538887130391824	0.3517791686736	0.5396763373820175	0.9568490447365936	1.5381792825054104	1.903609789377962	3.075006618180445	5.557100810579868	6.385154230520007	
0.09751539605958853	0.16471192892232078	0.40805873454338304	0.6137445715895635	0.9532520633855	1.335303191165259	2.3526890205776616	2.9901585236041766	4.892325328378096	6.565092361536465	
0.09435077951363731	0.1246860658974424	0.40722444008008285	0.64681525466061	0.9704941316959265	1.2213331102767075	2.2142283068637467	3.82314004992414	5.239495452772837	6.7524948340935245	
0.10584709021869963	0.15761047624320143	0.3611234366956856	0.6999881786164661	0.9482617124502316	1.5963765552113942	2.0879869375675275	3.449784877298587	4.451181246662788	5.090980629112221	
0.09244830597216129	0.14403933062459262	0.43797028173721864	0.5335841651913807	0.8382504439719901	1.3259498503343816	2.411746986146188	3.203024590069959	4.447553437136044	6.486200157882925	
0.11663900105227498	0.1794965312533911	0.4390369949017749	0.5889979558534878	0.8948345645232482	1.4078339048167474	1.7779492671741683	2.7930487072055454	4.77997819589574	5.080935407423318	
0.0895316621661032	0.15286292957987122	0.3397678656418943	0.5663471727449585	0.8793095917412074	1.0840852629022226	2.1374185193073476	3.12950623559652	4.396893833737869	5.167780015875163	
0.09140494385923696	0.1434110089242766	0.33847487802363796	0.5688761695421395	1.1601211131281395	1.4777252864069188	2.054220172400859	3.2164512825604135	5.048477550603333	5.624000303557053	
0.10261915479454092	0.17004451652109104	0.37817798942785225	0.58646372832859	1.0698909291927545	1.5765277918862763	2.2642264987961696	3.2165208951762914	3.977376005080995	7.220048030304114	
0.11106939418877937	0.1487782595668776	0.42554353441532994	0.6605132767962523	0.8733091387505602	1.390291243862071	2.3176537268475133	2.9649762007947174	4.810060822249107	5.863649173837394	
0.09245491690525365	0.13599601531606276	0.37144860777985267	0.6183004538893055	0.8752903245993474	1.3788896814326619	2.189332293584324	4.190270550044955	4.647326980632502	6.247406546987882	
0.09998788390897485	0.18168502332173045	0.3050356463924548	0.5346100499405322	0.8523351825125448	1.5563750814574493	2.052598166458903	3.511233491898647	3.34526275731594	6.1942677959880355	
0.08765524253076336	0.16319236368605466	0.3389572391501848	0.5527881354780232	0.801799093399858	1.270617278106597	2.1415722429914865	3.1304301666317254	4.17027588702385	5.051153348188463	
0.09258375121846307	0.1659280777016981	0.38548546725551136	0.6227607810551536	1.0587099774771027	1.5589710566355113	2.417716477492886	3.3095383781265113	4.234363555650769	6.058033563877777	
0.10109041488100201	0.11984315220629022	0.3668577634188352	0.6644207312627275	0.7445955935391997	1.1793172232162095	1.9251708623746555	3.046739789189433	4.409550513429915	7.108042575544864	
0.10713682054382619	0.15379917174920393	0.3730079399836847	0.5944160614024815	1.0132342420487657	1.6009741108453492	1.9909545971032596	3.3853498984451758	4.573042846319244	6.647809167096245	
0.11448485663626506	0.15538334444329188	0.3737031722241931	0.5052637851932168	0.825045435311356	1.4607645735940484	2.40597230816965	3.8005910238804406	3.512636280618555	5.733881509098323	
0.10230950334779287	0.16307995719892474	0.3647105724977573	0.5819666542482261	0.9452466319307358	1.1590488937470946	2.0657340767399535	3.107241957446861	4.662554550993977	6.26316449693111	
0.09355335637775801	0.14977287701913777	0.38254823780036007	0.5828297932727525	1.0249401601610901	1.4040541068065318	2.610717977501223	2.9878450416024944	4.838522570737277	6.654744682251284	
0.08879122457601603	0.157574336123905	0.43262867879215566	0.6357292747711687	0.7184015610619177	1.5489093505457854	2.252641551673755	3.417168251899512	4.378598767282131	5.416422738361583	
0.11650058017825203	0.16873527162914695	0.4276842915583012	0.5861170401730412	0.9535349446622726	1.520562016260304	2.2021803186274314	3.291239581638029	4.8687955876631595	5.568792531208699	
0.11516234171576112	0.15078815595786385	0.35028838062541484	0.5482879745938893	0.7733245954751766	1.5080917124051065	1.9871234839919265	3.2854854526645143	4.609715644938548	4.388551907576865	
0.09743085348586197	0.1803760094791133	0.4059334950604449	0.6173420471985083	0.8954795988701202	1.02242212392656	2.1715623787346523	3.320855184758075	4.058318453803612	5.468364862461504	
0.09465001983570187	0.15328970572340947	0.3174645603861501	0.48388666551655524	0.9967927771308555	1.353725964047104	2.4208851850168944	2.9065057941603096	4.419687857554726	6.67529614645211	
0.11210524582538253	0.15096484292573475	0.33552275898519796	0.4892228474564111	0.9208289486496669	1.5590276683624427	1.9800505189328197	3.4939867044394024	3.7627982128064987	6.016621626591552	
0.10836449613849215	0.16445818096785478	0.39014914822123825	0.5733677428077278	0.8665234952092413	1.1923506198275122	2.0389472797657153	3.7307318905570055	4.409378705416171	6.044249598283799	
0.10269697624327415	0.1445429536344156	0.412743319910581	0.609839778700378	0.91336676069685	1.3249643831643618	2.3126334783259805	3.312806634950448	4.506794216727856	5.972198961800839	
0.10457263339083636	0.1351532050834817	0.3405725927621045	0.6212512022525221	1.0037004670902125	1.2126481097581112	2.2898718459422094	3.669841799373827	3.5572746795616714	5.602092781021476	
0.10031318618982073	0.1865099360833279	0.3689316700255886	0.5762975543973023	0.9584532831595004	1.3066586239261957	2.149713873946007	3.2006367965408944	5.098526272267895	5.986800695790995	
0.12385057560767386	0.1300877129439601	0.37381971646017464	0.60252297117708	0.9375845277270878	1.2317244575191617	2.217698845059023	2.704154167170188	4.02286631585657	5.562993375276917	
