4	59
0	1	0	0	0	1	0	1	0	1	
0.13634979305266143	1.411681291382905	2.97064693120618	7.298653079875946	
0.12302790358630403	1.0980866726184317	3.0684656276949513	6.220079514032435	
0.17034430726597313	1.4494129675154872	3.141938769942025	6.004154348948562	
0.16158564097291642	1.262731696974791	3.570181689304343	4.882239518694291	
0.14632594174801333	1.415896184890374	2.7861549551470763	6.020494029084652	
0.14342988422701125	1.464698162714563	3.343703992534864	6.223097138867614	
0.1423872282816365	1.4517104465531459	3.643752179275065	6.478164175616787	
0.15454519944384593	1.291804983722202	2.407633414735319	4.807480416198123	
0.15959212379115476	1.3152202710120393	2.834089527984263	5.607288681856485	
0.14795599217169492	1.442046953364451	3.011648503232386	6.548956262555922	
0.14672440549985558	1.3938970388211178	2.949509468904469	7.169439887719909	
0.14752532199943674	1.5076490822583686	3.306257161008999	6.746281512297503	
0.13727699152672687	1.505171139332138	3.1476224987453523	6.113575078592083	
0.14482004211279942	1.7037050440572978	3.213474377036316	5.066633232804045	
0.14805964349258155	1.4490550904434336	3.2925586835967264	5.236484854748627	
0.13223973423613683	1.6957563307638606	3.1765736679772805	5.9268336952375735	
0.18133363516247675	1.5447065441751218	3.2389072488933413	6.141475402191042	
0.17992845439306235	1.3394297900374221	3.521253119001353	6.4087841771511105	
0.15090440323280155	1.3519192417914332	3.3809659542623582	5.9983917651040795	
0.16078473195710843	1.1956485564856145	4.284509422777306	6.356669971932781	
0.15725874842459978	1.7238970887700698	3.046927669076943	5.58326219147493	
0.14510075636946135	1.7406403707122722	3.2199024026158	7.6546822747354994	
0.142013139583439	1.055450282890158	2.7032697142378392	6.353923886174908	
0.15971657499683767	1.4818688855391897	2.9155544639116453	5.28389241752955	
0.12831641279107517	1.3850669990858169	3.3634548353694766	6.770840017099019	
0.16414330208297878	1.4559237684024449	4.122438427886229	6.031610968516128	
0.11611841709081723	1.2396214996480364	3.2859910655927305	5.199193284448501	
0.16977118512359193	1.463358998753907	3.6880455726891794	6.166862295420622	
0.11365426844373305	1.646679035850693	3.2318234623424	5.997026753715957	
0.15716341690107835	1.4104552491882711	3.4349953159350086	6.143005029684362	
0.14936765333459123	1.2255905641570075	3.2644415913738367	5.929899958433513	
0.16048416783473504	1.5445560998419083	3.189378252452071	5.816821549647642	
0.1682372694850406	1.5346076593030373	3.039150393291502	5.062585690197697	
0.1772083691935569	1.5473563877638783	3.5566343601385064	5.326044305723958	
0.1621648385467187	1.2915796260462313	3.597324347033138	5.926191298221793	
0.1300533600502873	1.4569753776069085	3.4208744334109817	6.365825353629306	
0.1508025540520967	1.1407702206711368	3.727924473373435	6.373127139569524	
0.15092763907134385	1.6139182468442645	2.8249625905902587	5.782600433684221	
0.1651464896319313	1.741276706386027	3.101310556410794	4.934369136268138	
0.16099061565038586	1.6275917366205366	2.6765100601446727	5.915092661720962	
0.16685859824906699	1.6415137960209385	2.7382501528202323	5.8490888395255975	
0.14246955629678063	1.2846661436212021	3.317234201894966	6.1998199349070795	
0.17695259742157837	1.0829506283778076	3.4230763485648863	5.522005388888368	
0.13237370762564493	1.3912804528602447	3.34234180237594	5.648289000558913	
0.14603418980023625	1.428629627634609	3.3863535935129923	6.683816311482264	
0.14702781237005688	1.444290833984939	3.2616573638251554	7.038655587681813	
0.15728306147856072	1.4852851111021168	3.23690188941852	6.015345617989148	
0.12081978444923326	1.3691855852228978	3.4227801285102157	6.005815561985505	
0.14751843758605274	1.633923370260756	3.3787384128732243	5.292785211753106	
0.12632785262051027	1.56569161704825	2.957687250691482	6.164410349629514	
0.16196936720046398	1.4685444049288172	3.76347038895918	5.899908309910673	
0.15458425079717183	1.369891746046088	3.1589442140986654	6.481346797289626	
0.16388238714179404	1.207787736892769	2.998801544744268	6.1261511605278836	
0.15879706815549768	1.2550905971211186	3.070085464885033	6.324356195199924	
0.16085304167117923	1.4863952664815305	3.1982371354466936	5.40023936961429	
0.14439455338278576	1.5747997516750525	3.547835309533456	5.48389157408632	
0.17389555819080346	1.3204414318316544	3.298873331952708	5.370037554086798	
0.17540241195437106	1.5514952963316415	3.310833258940851	5.746036855241	
0.18263908789935054	1.5044022626484062	3.9127117140865826	6.090122846900818	
