9	61
1	1	1	1	1	0	1	1	1	1	
0.09707388189227786	0.16211661290303545	0.4112928980974276	0.706747281442436	0.987810534065645	1.929547736747389	3.5071000104450634	4.185985407400442	5.9606353989342455	
0.11112533815012933	0.13641901531465883	0.37721819694867187	0.5264534701405935	0.8380531180025335	2.0324243741945103	3.7798201666930495	4.515016703665359	7.586449845895106	
0.10954899484740899	0.16473116220860848	0.3384311520104361	0.5907904451922105	0.8237008567570477	2.0833883456100204	3.101470307691652	4.481142250968807	6.4953173002800035	
0.09738074365865335	0.16265300739878577	0.3242954609383997	0.6268958403231809	0.8894783214264003	2.2044992065029074	3.5304514827501565	3.8513153147602432	6.881454163549243	
0.09806351328417816	0.17792891493861804	0.3826984650793442	0.679253275895552	0.9355571083241268	2.207454148400569	3.2877725508135587	4.40121280907225	5.845591945145845	
0.10225563637158044	0.15822515299182024	0.3888755691651025	0.6311506344351538	0.7888140538573429	2.344357085709008	3.0086618823606543	3.7586624660281847	7.108514583509548	
0.114101985913728	0.14984275037730616	0.4206459375501091	0.5801263991271867	0.8863453076734046	2.0222204167465936	3.0420842289470333	4.383414429535639	5.571630027192885	
0.07151473138570112	0.14724859319045494	0.34317029920534436	0.6178362079086696	0.9076963542599865	2.286484786670508	3.2542422767908796	3.9301084658663523	5.240318772991953	
0.08759004963222489	0.13704287307576724	0.3532971036492554	0.6551604617411501	0.9473243149883342	1.749877376494898	2.965441225875918	4.483510647596136	5.397434802340815	
0.10081025787045622	0.13741476765781876	0.37490195251459624	0.5658586384299273	0.940433388330551	2.4597670413376354	3.5402107516336745	4.013457063277998	7.506741852088431	
0.1118078496177156	0.13971136528300923	0.34708013288662504	0.6204294895628215	0.995510613830449	2.529937588954491	3.4152477234711944	4.201313136756383	5.695584328863209	
0.10626613465210005	0.12989318200809036	0.4367967341310311	0.5673222460148902	1.0192348573931787	2.407876650968635	4.242845487409608	4.362623575158803	5.83326277705781	
0.09670385481913084	0.15260591686669675	0.35550634995360725	0.6727153141905174	1.0237590629876911	2.0947463656491063	3.0190287872737356	4.303715313759636	5.718536515202459	
0.10493790156754075	0.15289618790004283	0.4112321929254247	0.6892410283125909	0.9577750699665554	2.277507277981641	4.048297993656226	4.756804446104573	5.706195837614146	
0.09931675810741869	0.12501260404146075	0.40072765109212966	0.5670294149403211	0.8471579800713845	1.9640070739266113	3.621623203389366	4.383520003135022	6.458594116206314	
0.10385740328215623	0.1530052569481792	0.3654369282636486	0.6297444632978325	0.8903911731820349	2.183638590587609	3.6095284694901406	5.092656218748463	5.738377996022162	
0.1037218469095067	0.1587640991884672	0.38902239861729826	0.6458137967959378	1.0020427507893552	2.5450932523316276	3.950788480965082	4.425827177164198	6.996179533158052	
0.10439094736944665	0.14733766742145926	0.4030694110710654	0.5860198122875602	0.9260308233774448	1.9142442312862238	3.276138002552406	4.919704957361336	6.4323357493256035	
0.1036369414459588	0.17605120752920156	0.4610961993640899	0.6298962193999474	1.078587547282778	2.2250735029170676	3.27859711868219	4.932381579169288	5.957699722914294	
0.07640355664012953	0.14611888398384512	0.322786017083177	0.5767261998493786	0.8792970744355594	2.0340688769869186	2.9082344184309603	3.9605139074203657	5.611805467364407	
0.09629004028479063	0.14552842834152785	0.3898388228139291	0.6423822235136398	0.83608885088081	1.961948269290616	3.7910367538267717	4.840803671045174	5.534632870889293	
0.08746577714918086	0.14252268733902224	0.3703797924935803	0.6409117733721549	0.715916428471565	1.9426054883720116	3.834985580118683	4.5073033873055035	6.0374052120887205	
0.09435570396819953	0.16183017029712402	0.3114578703913383	0.5745016712015709	0.7364501638313793	2.14574055581171	3.1050318210326577	3.766556271418027	6.6063253039287355	
0.10690080164256302	0.16544656234540367	0.32274673451665165	0.5397797896406782	1.041793408294334	2.32425938730831	3.70615167960301	4.392024119711176	5.934393395819031	
0.10616126108954249	0.12973312439218518	0.3874406978791154	0.7521029839010397	0.8967210391095759	1.8052614894453236	3.3836069458317204	4.094478026567365	5.935809824958549	
0.11087568702034678	0.15837165539519263	0.36143623634246785	0.6503095336205722	0.7748824934625935	2.1923780224425626	3.1252008273609206	3.4381372921954876	5.273572529682061	
0.09985385711060658	0.16120061909162112	0.38082731335167447	0.5822358940166178	1.0053099099735585	2.208962359473021	3.574114249407756	4.758493544811832	5.572784724410198	
0.1067090804003502	0.16441419941377405	0.4332066487755794	0.5683717098273875	0.8962292701064439	2.339284147386214	3.523505204217688	4.2703562729767865	5.596542979571156	
0.09566972282349974	0.15118886179412558	0.34626316800243384	0.6251838886085856	0.7694072817698085	1.9711870026107834	3.309806137818409	4.086286472921925	5.748977604745941	
0.09872700103120587	0.18181558328095546	0.33036808366009746	0.6141409174609919	0.834690406689642	1.921597454652366	2.965612437839511	4.429561420516314	6.860280902934741	
0.11174836061537696	0.14312730661659862	0.3698738588199999	0.6354800808058557	0.9353621148187918	2.0131206253557092	3.4649603030615754	5.229436538300718	6.6350561760193045	
0.11356580382040893	0.14790933890266955	0.3388598743824786	0.4799835513402823	0.7373066992201268	2.106279979445955	3.414718522874795	4.879386936452599	6.145856595279152	
0.09278388669615302	0.15981749464572287	0.3344701756704679	0.533775210545977	0.9870032077265956	1.8848663476769536	3.001286628702859	4.060041156608278	6.101481508058166	
0.10588205512398574	0.15920933719259275	0.3579480835644019	0.5899293521667432	0.9983614655199889	2.035969326805415	2.9533029876012487	4.211291913877046	5.635281764785454	
0.1003069738313728	0.14959688939642937	0.37363820858589064	0.5519941737968039	0.8432998074474918	2.289576826230654	3.3615236620065145	4.304332649838484	5.965869818429706	
0.11212136100765842	0.1489211619269856	0.37976240723465426	0.691643794611046	1.0295420291394006	2.0122218877192655	3.5978777536995854	4.423529018799661	5.369639561241982	
0.11304167417507943	0.13935740767834928	0.3606215116746476	0.5771203328060341	1.1194397919881744	1.945327882746117	3.0541435032779125	4.345966103995523	6.316326863523962	
0.09930504201646187	0.1399902976509633	0.4037041226022247	0.6813899774397891	0.7790468742899234	2.0034705468874847	3.4163795199529603	3.945226440303866	5.90706414078016	
0.11270732753193989	0.15933982170248137	0.39979822007451715	0.644840365876461	0.9602180441888908	2.0774942579934743	3.5635816816834898	4.285875415152654	5.90309182026833	
0.08344101313097921	0.1428335337716264	0.3829878094774726	0.6015849693441916	1.0159163848134407	2.0558572193433062	3.1207938555727086	4.256476133471464	6.144816466933654	
0.11546303351197018	0.11534434045366589	0.3614684525561592	0.5789410144883201	0.7317597877415681	2.1233255579724393	3.1351734087365397	4.302510322150544	5.337986295206995	
0.09912620474777467	0.13250329862059762	0.3480019482511271	0.5880334869493572	1.0250086731092338	2.238221485445646	3.44950535310638	5.382720026998597	6.264292550589873	
0.08953175730766917	0.14155875606426735	0.34743028259705705	0.5918564428078866	0.8917403901117313	1.9473331540773153	3.5503083177894443	4.9479973548674785	6.107651746790531	
0.08998051784454382	0.1518234253454417	0.3567513827561456	0.6771470578495045	0.8188021768773985	2.291385665974502	3.4568597723593495	4.903400996281181	6.117777030792849	
0.0966989711384774	0.18589670403891492	0.3466717177156482	0.643086470999721	0.9317141841467459	2.223722174209291	3.359700678412569	4.0128796458702345	5.1946362978000815	
0.0872280493109793	0.14330962294494715	0.38943230965431386	0.5587584806952759	0.7964161242705929	2.347488730779228	2.7499423539213206	4.715892331789995	5.549159957698433	
0.11217573221778272	0.1421159268703991	0.3130984502288985	0.5976258582407227	0.8518457219690353	2.3243315340156325	3.3571646706734897	4.216912558610738	5.398382817588586	
0.08902430726058648	0.14121137861492777	0.4318217576286201	0.5913749114624808	1.0180737688616779	1.8316117556935272	2.6256815945728262	4.07455878763505	6.39425188563073	
0.09711127828123993	0.16334518231455178	0.42802478614811595	0.542566442672655	1.0075926719946942	2.4484280398579044	3.585893580419266	3.7827260313086923	4.887040351959473	
0.09551373772655915	0.14383836615940954	0.4120288529358583	0.5419414821361336	0.9686640419322305	1.91711150423274	3.362145387635724	4.294307184224735	6.215102227726048	
0.09636173779214631	0.11688879968887408	0.39934086979747274	0.6702022659072042	0.8522670481941332	2.3240489096065646	3.0506583240631158	3.8925424343169692	5.63321465058211	
0.0981618686555672	0.13019370618163667	0.4312860273190401	0.5081501172057888	0.8796474401538147	1.9517152221310294	3.689985177063862	3.8216820588309157	6.495106547906635	
0.10197151401466722	0.13128399869161822	0.36664027487146944	0.5890459003836817	0.9844005309639785	2.011332935542961	3.4552189001145615	4.521948576499586	6.27072743284538	
0.09118778153420516	0.14638311771031515	0.3841887654315834	0.6048988076520443	0.9263213117562686	2.5998443376678155	3.4366457116183557	4.8273529506283985	6.148137836930333	
0.10533261712298876	0.1529790778154223	0.44907543877346234	0.5963952199419632	1.007314855433582	2.5983425062250607	3.4622412105567637	4.371974949925883	5.559586481487579	
0.09504441665519688	0.1558756466154654	0.4478016618681009	0.6362174794307233	0.8940506677191834	2.0844410847511736	3.2014301809814416	3.8967166155079758	5.725365715463601	
0.09498445998121689	0.19167168351113725	0.41522122664251754	0.535614796394247	0.7840638599132023	1.869207299739733	3.7094290365119202	3.892932066657282	6.96584145782725	
0.10239733433163059	0.14631031452550672	0.33650417939855587	0.6758304220103627	0.9807982039301574	2.3435222167938607	3.1614310441333746	4.799990822302738	6.8889712871357975	
0.10595270246891729	0.13416441875634066	0.3997572046986738	0.64528770569309	1.0859479374240444	2.2757719882187697	3.6079926334105776	4.777332903747684	5.187017692269016	
0.10829384603418105	0.15179954171192148	0.45588470307622747	0.5136436885462687	0.8247104018977176	2.305960473718819	3.7412732399565742	4.445880639349651	5.931008251108957	
0.10207148589686701	0.14273783995458164	0.41752642207110274	0.5710430964766889	0.9951310003236381	1.8654994698630505	3.8085234484147925	3.545835959027346	5.362046779802892	
