3	71
0	0	0	0	1	1	0	0	1	0	
0.9056104032076375	1.367294336966391	5.018871758923312	
0.9751918288646141	1.5373918847955506	5.091896630687344	
0.8457829882758974	1.5018918168868738	4.523092380173639	
0.9699988796231082	1.594327486852574	4.431732324921281	
0.8652024205015086	1.2796924910477472	5.289383172081938	
0.9260917815817755	1.234397508193819	5.12234608879334	
0.7709763496619937	1.2083619506470267	4.357804875129634	
0.8791438760259112	1.4746063398962674	3.6331356038170624	
0.9603248380583923	1.6128123952859967	4.05813898915734	
0.8948120042905782	1.3153780109527204	4.644172242178357	
0.8299818578186463	1.2582861407657637	4.432002190661942	
0.9613439551657513	1.4515198718492048	4.302181727721809	
0.9921546358069104	1.4629422265215615	3.9738621145159048	
0.6811450585582087	1.5045925128920687	4.384540674520436	
0.8267748047716907	1.662426897703203	5.226691757961295	
1.0484410602315095	1.4623447578654145	3.076038706374897	
1.039299808733512	1.2983607771154682	4.248378595744804	
1.0136273875409196	1.7205493962686167	5.193485929335413	
0.9460573413311245	1.5356703982097393	4.002423851779723	
0.7790988685820734	1.5844361432218759	4.645165097641495	
0.7953065728298947	1.423136276132775	4.777626662930614	
1.01433099370082	1.5198284018491148	4.336568533297818	
0.851105120180307	1.4467482363922104	4.8609633955607405	
1.0141880880107714	1.6559864736791985	4.515751937288039	
0.8267437864999637	1.5853692540539543	4.537337926154965	
0.8107089412536291	1.5191917353975175	5.135343324257058	
0.9656215260147867	1.6336427522879848	4.281967726592698	
0.8623387640611981	1.5521968502697225	4.341261137388972	
1.042083948691578	1.4544195586996755	5.048418950917193	
0.9887080877518171	1.3012921776042652	3.6038166365345754	
1.0027202633379166	1.510816511854456	4.041915830189176	
1.0042677618748372	1.6288573257082257	4.1817070797789695	
0.7501817473718967	1.568798779861976	5.07258984199846	
0.8617486659066983	1.5406826007068495	4.649227529443629	
0.919813367542905	1.513020712833935	4.274072955567344	
0.8275753039792998	1.4880351288854792	4.620656075967125	
0.6931414935075192	1.2610952904561865	4.197509299252475	
0.9788178442699689	1.212268297512339	4.356168759072457	
1.1102031062229345	1.4395516804700617	4.558090679688466	
0.924326410851115	1.5704337570654132	4.518780698714318	
0.9095493037845912	1.4517634129744383	5.0965884960754195	
0.9673916057615016	1.4382193350591064	5.02991811034187	
0.8814377365884263	0.9721056720037389	4.701482692096019	
0.9705556251433564	1.34102192343196	4.378968644282928	
1.0469894670016104	1.4949128092686603	5.163599066888209	
0.9549759620751065	1.408025682511277	4.818508279917059	
0.9642355324119974	1.4927429039074978	4.396368708955819	
0.8768062276771966	1.3535879492962613	4.733970866229219	
0.990402190161391	1.0541051416706142	4.170244447543505	
0.7820778866406916	1.358742505025437	4.228518161259856	
0.9437755682675342	1.4565870453419527	5.458670343466682	
0.9646771223960087	1.521309346595664	3.8601442642359256	
0.8988642194896258	1.275085831794199	4.769350555853988	
0.9348488662031867	1.3811579980084971	4.930399770378055	
0.9049559659891944	1.6207570337778074	5.094291551533323	
0.8708843482950428	1.589229058582995	4.5507094440957765	
0.8933533793657039	1.4864586278963636	3.785826313790092	
0.8799743150027174	1.489743657304078	4.367553959910386	
1.0302666415040302	1.3730763425083659	4.554663113882516	
0.9188116694107122	1.2115043048336485	4.6765710078842275	
0.9594959578524497	1.1536215647496706	3.388605155321636	
0.8878249418783994	1.6059752380151073	5.72325237348922	
0.7606594375224685	1.6624609113725262	5.022689639350441	
0.8757487392503988	1.6992955684897935	4.709943000876881	
0.9088453509510328	1.1753959498889313	4.545937910084046	
0.9338509126633863	1.7501489657358058	4.074362582970931	
0.8475932979160847	1.356974523090016	5.695290415946713	
0.8230035963215657	1.6170592832123798	3.798995014660081	
0.9701436116305296	1.444044593225492	4.185120671110675	
0.9967597738238667	1.3155382623173577	3.7731746943734215	
0.9010191422111459	1.2988249767580489	4.616657165265445	
