4	66
0	0	1	0	0	0	1	1	0	1	
0.42486886071902247	1.8114163648537147	3.1599701494702557	6.568620713496385	
0.3586192477499383	1.72065803470995	3.0879951016635006	5.640290385645051	
0.42156920600557857	2.295132741337622	3.868951335438851	6.175021587716259	
0.4764973216319613	2.5955749065641514	3.4478767550386666	6.5698608323900185	
0.4166091140351526	2.307843888033074	2.9626469450375157	5.8898664708529065	
0.3716228381164531	2.380725274839849	3.43062471039429	6.110412319075579	
0.33356469379302583	2.0388845913092886	3.0663303817615177	7.223623577335917	
0.3719662112998212	1.9665311234397786	3.3004815870019435	6.1692313149836755	
0.3747545987903904	2.467481569805417	3.6374036412143433	5.6028262421721164	
0.35033201363159183	1.8382713773126669	4.431325293907089	5.6180242328710674	
0.38038352083075666	2.051174952251797	2.8399632760556632	6.803221604652428	
0.398552395045886	2.0960243307095694	2.654151854698692	5.926503529759016	
0.39925260420889036	1.9310239568500662	3.5535189619686673	6.7205266824762315	
0.39845132732706995	1.9433473493772522	3.04325544905217	6.284602086318826	
0.42367124859377153	2.0476443836544456	3.2214629255033755	5.594067226342749	
0.3672807432605925	2.4296227822406404	3.2396216773123667	5.369801357458587	
0.3274751783937281	2.1008327454584257	3.7292144657451596	5.379297922304528	
0.40123372523480927	2.3044395603989933	2.819253280038687	5.422808413282828	
0.35913519040072167	2.273536815373697	2.6095002949883233	6.758963668950017	
0.34165216760640393	2.0355909785694526	2.5415276002941094	5.627291840937856	
0.44182323977246385	1.935520333138488	3.7230606334126786	5.012863506468877	
0.34477994846963533	2.15062865153418	3.3448820452215933	6.210555661610461	
0.3247831929817146	2.474821034929904	3.1954513036790257	6.538442927223218	
0.35192618917319535	2.2242969490588376	3.12812194587441	6.620231594262385	
0.40232264106179616	2.2156548433019165	3.2630029735261465	4.987974735571817	
0.4370274036725794	2.64196395820505	3.332452431635061	5.585715994243834	
0.37005870214276926	2.422685550125069	3.130609069785709	6.914820453469548	
0.39598696595398153	1.938240893608246	3.5764486058738734	6.476576904619117	
0.3544338921405707	2.2026186568192694	2.8483651677109947	6.020023622067678	
0.40271847611157846	2.0178710285226584	3.501197015017405	5.898658698644927	
0.3613058470355047	2.5560674801972763	3.5786683444822334	4.551403596219112	
0.4294776488813965	2.1671527870397855	3.365451279854882	5.744694320247052	
0.343175480740674	2.4662390416353146	3.16616791433302	5.747412044599709	
0.3252797191429557	2.2890384545247366	2.9281117577841154	5.370811855531443	
0.4174184321572823	1.5679352946671732	2.836284945707448	6.414545696078385	
0.4216630846270608	1.8538491355553224	3.7014858217600177	6.432544559650933	
0.3486284915984245	2.306114836030931	3.329874135813545	5.82645682202156	
0.4029797213241783	2.0150827951655526	3.500720751185156	5.660184690310764	
0.39828575625604734	2.007224772148156	3.1706170478596407	5.380080213864455	
0.3359063169349455	2.4129153385260445	3.561432382713074	6.857884244724567	
0.39771050912838235	2.607858232686732	2.9879718838932154	6.201524611187512	
0.29577610697069523	2.21791098829072	2.9180137358060216	5.886363666925261	
0.3257381175227564	1.9764809128450334	3.8513885296648223	6.408420452279494	
0.33691189605046185	2.1502880988851274	3.634249387429831	4.744994790417345	
0.4219862641861246	2.1175689894676304	4.118696919992521	5.4972740665991395	
0.4102260581634654	1.7216096006588093	3.20144127223688	5.866037926273225	
0.3496820714162733	2.1385137030099504	3.449138567139284	6.991750082210963	
0.3918297070530521	2.140701927242728	3.3272336461311833	6.304153766348891	
0.38072673250771066	2.4495155309265795	3.1389423547382087	5.099816400495274	
0.3682430709223784	2.1826600774616467	3.3515850215462772	6.56734236219837	
0.4324382907351201	1.9019848179241652	3.233210762179409	7.080465268333626	
0.33044843210429664	1.98947809882589	3.3624319704355283	4.7586246907357195	
0.3207033619433056	2.291237509012101	3.4649787457937036	6.364927516791094	
0.39139512152781647	1.953812272732817	3.2244257860038132	6.6296014556527805	
0.3196051841017686	2.3829639830642813	2.7808817514563273	6.490057676129493	
0.35496932159968597	2.0465162724276613	2.849916497291489	7.943838332119819	
0.3943986335247809	2.439556710973936	2.669719651157514	6.537405679879351	
0.42015198925805214	2.1673640406503996	3.1178289651912894	5.456350656853818	
0.4044579298577826	1.956732283611446	3.3277862698387937	6.6694926763844276	
0.438086180849895	2.257358372255798	3.137994037602131	6.37015428202483	
0.4100711719791511	1.822196703250977	3.1766220696135865	5.599996870383886	
0.4050432072895339	1.6422415500995413	3.1673349319635165	6.288531898229985	
0.33249538496937525	2.1460283057722007	3.3719916907419987	4.59629512192989	
0.37967310869551874	1.9882686358769124	2.944474742821853	6.598517668449705	
0.4629311011789428	2.3009956806634326	3.473534527980365	4.959837715444618	
0.3608111873099218	2.1985555762741513	2.9844901801328554	7.490311695027213	
