6	70
1	0	0	0	1	0	1	1	1	1	
0.09697968977217238	0.9343480928024378	2.450570329208701	2.3465952621164505	4.035057181765607	5.883467451321098	
0.09003142371367312	0.8557760175315655	2.042680149384631	2.942606594175863	4.152409052663035	6.817939538216671	
0.1061431834016198	1.0010467310610065	2.1426636071465395	3.5786091941183225	4.881509243087752	6.359122748664216	
0.0934583594485789	0.8888905451997416	2.377497971227459	3.0820615340284396	3.920164138680995	5.678389155141613	
0.1155940568221912	0.8802415902115815	2.220445780277139	3.049901424254279	4.843541499518415	6.322079514421814	
0.08508815258834639	0.9549269747989961	1.7882438192308079	3.0699279658356042	4.49485473751543	7.1081195492774985	
0.10317912465099177	0.8586609938845371	2.081799827958931	3.5503639516938144	4.160917421217015	6.658187098800894	
0.09476948721952605	0.8448753185373731	2.0444343634059043	2.7247075686713775	3.5223403584820674	5.9504787664074845	
0.0993270212165644	0.95385094596191	2.131193050284002	4.007007265334392	4.575784204472714	5.174122286330038	
0.08880085144297417	0.9300283342494317	2.0563832772249286	2.850744033421874	4.473518362815212	5.973465462370595	
0.11595693733496715	0.8448036572376451	2.0601885217297427	3.7676003264560802	4.647863793568774	5.446827163488371	
0.09285267815489091	0.8170832357817766	2.166613614949837	3.585126995071593	5.233905574034547	5.1082309614391335	
0.1086911723698333	0.945281090195451	2.093684971560099	3.1143651370392225	3.6355806738473784	6.382799177440948	
0.08681143224156651	0.8604177891996332	2.2398666964289586	2.659593439604041	3.9056427257333852	6.731197595486123	
0.10122058879572729	0.8684152728574334	2.177089173175254	3.467579809690664	5.006145551056955	5.332538894784126	
0.08975161837087822	0.9865759267771216	2.2876887022275216	2.813210080924712	4.0557101960300415	5.883751619483127	
0.10023576244430513	0.9348294785893214	1.8577453815632754	3.2635940254136337	4.177183187308301	5.300209424045802	
0.09989003951588632	0.9194915924390457	2.322364046225035	2.9701852806393774	4.605826696640361	5.058794886942845	
0.09725144322787477	0.973122038654596	2.267824563830613	3.430320983689809	4.861969108762649	5.732526099688524	
0.10495725438422965	1.103793262916371	2.0495664803347466	3.69856435516686	4.894412829993766	5.840205940594291	
0.0981712449882239	0.9410114194490515	2.326335473716794	3.380856255248392	4.286251081251818	4.7507681989427235	
0.10672173958918818	0.7502777115709366	1.8563143630057293	3.119194911721954	3.953664630148932	6.190517056682094	
0.09703811800382738	1.0030264811792884	1.804340730357555	3.0348832422392906	4.501889719798153	6.025636878303573	
0.10694036405476721	0.8449432620234004	2.049377788724355	3.41488863978612	3.510647667289345	6.230961151135376	
0.10763948615694924	0.8059695527909236	2.082270066118722	3.7351144403648227	4.796922733979017	6.26818336378252	
0.10990959315124488	1.097822695937963	2.15398482501095	3.117663573627842	4.944842284938269	5.887528118430294	
0.09071981341981057	0.8797738384721865	2.217150860142552	3.103881364216464	4.331261138657439	5.383610511212877	
0.11435366516202812	0.8981357150690652	1.9970251413177234	3.0533350878531755	4.861136688732965	6.343919147101897	
0.09498145295857129	0.9330051125317141	2.2094914511282844	3.0211737749356784	3.8067197456745028	6.3090224516587465	
0.09351265836001725	0.9709523965857045	2.2190207280832217	3.268132497908041	4.308242783044649	5.619643066490508	
0.08861582594963777	0.8728284402418148	2.27229522748329	3.7042933661902975	5.062994704009044	6.087253809704928	
0.11397294060681638	0.9014659606089475	1.8724249632592596	3.87428418624334	4.7397637289055465	5.079221549676047	
0.11559048578637361	0.8608617088848831	2.0369353145890963	3.5819495202020417	5.112768201145512	5.399556582935242	
0.11470990762026778	1.0113040220660783	1.978054005433192	3.170080464107861	5.182261153458101	5.063663038435024	
0.11380714375892219	1.0087158628887969	2.2594652638882002	3.2928010987855774	5.386562092108115	7.270754160422942	
0.09384770249982347	0.986935045212545	2.552990946893234	2.9948605111749966	4.609412808440345	6.602325265369495	
0.07985106595058931	1.0070556362689038	1.9159871149667644	3.3125076936105926	5.014955182901319	4.566491582436043	
0.10785858887743896	1.1195645955706672	2.035340285071839	3.4374242977048404	5.100878848814725	5.044232971074016	
0.10757369758533752	1.0252102596315937	2.287303347286405	3.2781523749666643	4.049814248187244	6.834854012121745	
0.10034503565231659	0.8459391216260057	2.0816244464608675	3.36972528468377	3.797466769402105	6.0107582115504705	
0.09583122782942011	1.054250462767037	1.746898521583138	3.555096233813307	5.1376926715211315	4.897746817711282	
0.08282817514192925	1.0960887043306826	1.9555600095503693	4.255819464158746	3.687371984015925	6.102028442992273	
0.09976606262747284	0.910637793616459	2.249536907551743	3.419210088036947	4.424553457816903	5.391495633703638	
0.1104776036424138	0.9884088976667038	2.174635493482456	3.443819431785642	4.8460236525410085	5.542960773911208	
0.10560680373481807	0.8785676775267942	2.322437171666162	3.18747013441245	4.775273808156774	5.739722820174286	
0.10663702435937672	0.8389744616922112	2.1577763091706443	3.5687055674107286	4.710242095760666	6.115217240069527	
0.1180356133965064	1.0251982287694699	2.3339410890894223	3.4638590281478643	4.852213592510999	6.9942612063312986	
0.09582331312279006	1.0238745687705975	2.226644896086577	3.125486800431452	4.455123703631425	6.131492808927806	
0.09140059932330578	1.0103531881215415	2.1278869438208567	3.2776019777288687	5.110741147467513	6.077848923136082	
0.11552668444421106	0.8811922506727516	1.91412998465915	3.155752227242913	3.2333783852286837	6.543457051482566	
0.08961101458712506	0.872554325805497	2.303999890748499	3.2887143568233146	4.301754543863946	4.778074576486938	
0.11300808029897194	0.9972464431133112	2.5919800858851243	3.0561765533031178	3.8454973810298965	6.596853171158655	
0.09811940082599649	0.988419796893413	2.4982817867752094	3.3761497563508573	4.57528450524549	6.138001671783353	
0.08362751814035335	1.0330475534819235	2.40199852488357	3.4224352581128206	3.818067914281126	5.927310704917792	
0.11438525775392855	0.8773849093434675	2.4046144061614365	3.2679063601134777	4.820626727782183	5.7527151523051305	
0.10084380881645667	0.9706145180797057	1.9171046956127502	3.3390217669181785	3.2901636150914126	5.639098927906936	
0.10543883014363781	1.0341844516112022	2.251641710486834	2.7981470485049353	4.964786157989511	5.316510161086359	
0.1061419855142435	0.8271574617528643	1.9837606660621363	2.9391865308225933	4.562531365176774	5.88267929182526	
0.10508909437630692	0.9282669600034009	1.8236572074787867	3.339639052131842	3.7070254573052086	5.469687604170598	
0.09636086667921	0.8897120831313632	1.7958062779912043	3.6956268548999125	5.241601255525515	7.35046506258537	
0.11147651417489657	0.8932234718925046	2.061273902996056	3.097934503243702	5.393536958801599	5.930675118620904	
0.11269232906920229	1.0408034529279078	2.190752789057387	2.778216725787911	4.457736612607087	6.088179765727771	
0.11277921289902987	0.9318095858253271	1.8901498038206666	3.571070749262804	4.3976064048761305	4.472850270218078	
0.10324984574576745	0.9765717303531796	1.9687682885338553	3.1875851147974963	4.795972661688277	6.199070880721369	
0.08437343049885002	1.0465801654842553	2.5168610832008103	3.084190237039651	3.6405577921848358	6.4626676840817705	
0.09326907560821907	0.9797967379429282	2.623466650311913	2.7474500367636234	4.141520604084454	5.883312243870931	
0.11291678361358942	1.260672393048455	2.20312331522642	2.719527609264531	4.34451538158695	5.53508190825721	
0.1072158547768579	0.9650502774068007	1.9260101258790112	2.9791172371196826	4.3379742498415474	5.856385013962351	
0.09957811083830423	0.9345452090130807	2.4154928656129253	3.121231421093032	4.255394921889038	5.196735587466071	
0.09776140767382475	0.9538262508959537	1.7793192822574664	3.138710707146764	5.022132358464019	6.388983625620726	
