6	42
0	1	1	0	1	1	0	0	1	1	
0.15878961496976346	0.36824304859401974	0.9043491281678926	1.4909170318734315	4.666604417312175	6.743665883794149	
0.16200062326890804	0.39697702576838517	0.780731149188048	1.556313427171057	4.575637572947953	5.719379016469197	
0.1487430972869198	0.2825200615320132	1.0693716998022529	1.4812987254038297	5.30589681850865	7.520308616058694	
0.10996200945256525	0.3537256160305654	0.9060741024980106	1.439515218754106	4.075837958869867	6.68114135666305	
0.17074295719150243	0.32140564609470823	1.0011155555596738	1.256018228763498	4.6573297088406855	5.477495139603317	
0.16474210726349744	0.42065905922043645	0.9388449696928788	1.650921006836931	4.330829046450848	6.308792943794165	
0.15708280692125084	0.3754146898448744	0.9934704692967103	1.5462241759642843	4.224973798416686	6.198842286183046	
0.1488922864429729	0.3860939718934278	1.0762680870134251	1.282440671510335	5.053153636104101	5.741502160295915	
0.14366540659235802	0.3645279237937581	0.9218584183514801	1.441627400076353	4.187907336486957	4.652024051069192	
0.1564451564769886	0.3687445009524165	0.8281892192256541	1.4034887962002462	4.4506794229871645	7.35569930113301	
0.15883922673537357	0.4175157180037409	0.9468104905730692	1.4518783035317495	4.646787015515665	5.251966782273257	
0.1428116165052496	0.3558176126686009	0.8689119868256259	1.2557088301796173	4.201627656876829	6.627070262840114	
0.12529430541599895	0.4024883446731161	1.1350129748334494	1.7391666717736671	4.473977270262591	6.116932645803564	
0.17389041696522015	0.3480765119331485	1.0764119051417818	1.424310566413325	5.2616375542412035	5.52352051083522	
0.159840954337747	0.42714958036519707	0.9372789399393918	1.224732135424637	4.931293198086778	6.409526132350626	
0.13898563390454727	0.39260713926408575	0.9311796945628668	1.3149444240326718	4.062373339691944	5.046094212106447	
0.16205151637106688	0.358303045586809	0.9820297137319373	1.57459433504544	4.12574534099067	5.945451594211043	
0.1320050684441913	0.412498332867994	0.7917033919140782	1.4679674794315012	4.348474884064892	6.505989273759383	
0.14896871383290855	0.45536353544034835	0.9205027110396642	1.4522372416905955	4.875284292721015	6.295377589566694	
0.13819059654798452	0.3916403405200443	0.8778298130815109	1.6855739857342602	3.5323442201246102	6.753081837416628	
0.1491041262293233	0.3309273700300887	0.8070186336417144	1.4496429619553164	3.967013130447987	6.2843043481803225	
0.14408554292245868	0.3929287115136288	0.7917822758756022	1.0823470865409854	3.885115055057578	7.007795762148847	
0.16792455681542595	0.40672258381830734	1.0105275812863195	1.492189720134341	5.520721244824567	5.792160224104817	
0.16060939849560874	0.3655105189289197	0.972614749886406	1.6340603117903383	4.239430327159287	4.9152115212112415	
0.14218125632176504	0.3162058994986956	0.9479213082351688	1.4107116743701835	3.7985970397701756	4.334446461361505	
0.15033096157438158	0.5084607005599975	0.9062780485424228	1.3444873572701668	3.8533275549060924	6.429078836378734	
0.136171916432758	0.33238526117927775	1.0425987649368704	1.338805315920727	4.558456016637992	6.388432010970966	
0.12672714594245058	0.34897967465966256	1.105114228249975	1.3211659347024374	4.240078113573768	5.763438476487167	
0.16655990112225896	0.44397313517827564	0.9516298901923077	1.4382965146162177	4.311404923546402	6.506577466109712	
0.1430091500312238	0.374367621183325	1.0936180479008015	1.4550715802449734	4.749623784574914	5.738973477121885	
0.14455394617150907	0.31701513035063594	1.0218459235471316	1.377578583511767	4.394922688326696	6.771430983033296	
0.16798799220340527	0.3572429381508966	0.8934934146356802	1.150937627989257	4.747605452363374	6.344850864772135	
0.13959072339472411	0.39325633429981344	1.0051456914883046	1.2904958270104334	4.409528647202027	6.130667059969759	
0.15775380792309726	0.40209954037842904	0.9017346312089178	1.3215278764781908	3.747836218719944	5.826194262445063	
0.1593572475752329	0.45037375644026834	1.014511148249392	1.4498626866081112	4.498708802262062	5.655483631480723	
0.13158855192818406	0.41397681118379365	1.0435771172951096	1.2615031893577227	5.065028462258056	6.156734178100324	
0.1624903769643418	0.44852308340570096	0.8136214549004335	1.2858406923891559	4.408007268452048	5.491891992933945	
0.13975277949710416	0.4148345336849792	0.9495311186035175	1.4679810053103026	4.552501217030588	5.662234301481911	
0.15382483840985667	0.37571776517613936	1.0176374444190894	1.5310667670335478	4.718163794419071	6.038216801243665	
0.14423390388257312	0.3365415312964831	1.2081842609029267	1.4303879585608832	4.83064237525119	6.533191512273388	
0.15078389239597498	0.37604796685659275	0.8787459762919835	1.2067906411645615	5.334601257868987	5.71362070391821	
0.13479342831737687	0.4374781831724543	0.9110310156859913	1.4541370049471691	4.3128285466905005	5.1142193641969005	
