8	83
1	1	1	1	1	0	1	0	1	1	
0.08944718493895173	0.11585536961032945	0.39736522718815476	0.7128281096398708	1.0357123669626416	1.6317826882279016	4.678804954162156	6.1295781160286005	
0.10271661094101787	0.15160699976349554	0.36759464667426506	0.4604791698092308	0.9589157027532167	2.284887343180386	4.250087700336893	6.755144490103411	
0.08359813723260415	0.12412017885644785	0.38322951656783544	0.5590975668557662	1.0203998334884232	2.058073153449002	5.111116938977496	5.566784095571933	
0.1014370796193451	0.12023250513873524	0.3779763220174558	0.6043616559228462	1.0424908580643317	1.8251169649155563	4.3726566553030315	6.871699770989332	
0.11585386994997325	0.13748449380066624	0.35394378625887113	0.49801983639155634	0.7325607044584104	2.066390184103116	4.209624701241604	7.236911690907634	
0.10347709232057584	0.14687041741892984	0.4049279825446602	0.6617074149332854	1.0428718056612905	2.2058097845943934	4.489366736301763	6.094913542339195	
0.09941528115114324	0.14206158503137237	0.4196412391139394	0.5884285739653767	0.8356661153560229	2.1544232623217874	4.822498779644718	5.126436591752691	
0.09731127812528435	0.13796833558870347	0.4629423055508728	0.6055056019881795	1.0743541126380456	2.202485761391941	4.650052130609442	5.963150479279958	
0.09776987576907319	0.1488919234689357	0.355019350454419	0.599336427220006	0.7789966704464102	2.187290786376769	3.957825590404383	6.056658616787619	
0.10320958183807863	0.171256037669796	0.39203727605217426	0.5840188228440943	0.8715153963924541	2.304009211498972	4.455395349240615	5.548557125414844	
0.10153385736801859	0.12214585347448642	0.3830399093848087	0.5531741616775231	0.8996496598605443	2.5787516775875923	4.281619985538812	6.473901689094196	
0.11049213931355875	0.1628064142989006	0.39410422998176325	0.5335423912799951	0.8694990474979916	1.8993603192387611	4.341619838035015	5.795808112867993	
0.09086241135464307	0.15821029964357944	0.36124979783706024	0.5782343404749869	0.7840963729461654	2.1648946757714675	4.4575999340605525	5.640314161928587	
0.10381121168984922	0.1517830029943495	0.40232782663150224	0.6379594263642065	0.996500347663317	2.5087695580063243	4.557869165898691	5.432359749313731	
0.09570049497264119	0.14395130096833383	0.3450470674268273	0.4491992093564278	0.9515038165510663	2.1572383297057884	5.36125779830888	7.110246560031352	
0.10679824563153045	0.15844021169993464	0.3484738711126221	0.6113179682801745	0.9191623032307163	2.1813415538021244	4.153980468461249	6.2514691031693665	
0.08630657894006748	0.1955324011675028	0.4349885516582256	0.679633529399747	0.8113900939382469	1.801547492911171	4.623646993589609	5.817329703717561	
0.11847725954208346	0.1594165421791476	0.3784327999667249	0.6887929960517609	0.9469377800251612	2.1992342226139314	4.968954826152762	5.593501361863883	
0.11018694185074906	0.15849041914601306	0.3450122176704617	0.717483245726764	0.8874553416915035	1.798586434329483	4.1500857577288155	5.378562263619539	
0.1019569350326868	0.17433776657968617	0.3894505678996071	0.6951517620778144	1.0291948188060476	1.5767047291371743	4.90476108228881	5.651409856960725	
0.10512704254739531	0.1491318583058411	0.48587322384619325	0.6261641068067167	0.9842936899894346	2.3818246191863794	3.829898972266096	6.650074581765566	
0.0978439542391846	0.13962824373049515	0.41116117654665957	0.5107006065637443	1.01732131870317	2.1161406711645885	4.45493670531043	4.653477575052111	
0.10900420451583281	0.15371439730885558	0.36224724616563203	0.5443537104272288	1.0026870456282029	2.2248592970858265	4.502332542474095	5.407048013317084	
0.10302786589187052	0.15364860150332985	0.43000382378602764	0.5281530943286696	0.8634276121352679	2.5678768313562834	4.586194341426054	6.151637614843818	
0.10965958775488452	0.1771856535306876	0.3358495650723194	0.7309100469152585	0.9259408605465668	2.206727641646066	4.527029162240306	6.898688408209901	
0.10958458110243297	0.1478256167864408	0.33717710216276864	0.5854261966760013	0.8056211377981459	2.341589616125291	4.194700809669105	5.938529565232441	
0.11173164537856276	0.16210598285946173	0.39456140027471787	0.5522617107993792	0.9751234314131095	1.9790071085055332	4.72245929913585	5.215769342767205	
0.11207169999955757	0.15299324903219208	0.37951468308035397	0.6234711417307865	0.9192616817110879	2.164621439778806	5.081084348961519	6.634279044299777	
0.10712986150647222	0.15377979772505315	0.3679745864954237	0.6643736830333226	0.8453201190004299	2.533556666465391	4.8202163827815685	6.709100252675444	
0.1046782324253137	0.1481649495666256	0.4160374009164731	0.5155588311009321	0.875257770042732	2.1089186763421233	3.878581706680212	6.3822213229263856	
0.11265883968331235	0.12436741842495895	0.36421114230157725	0.5898250658295411	0.9600329129969942	2.3338157685386016	4.374514183119999	6.564515234339105	
0.10088382076014145	0.1409573102338373	0.388762904928854	0.5242040896618437	0.9063250086539854	2.112268789042177	4.2278321879459675	7.519560418446102	
0.11301550186331595	0.15299711525896256	0.39625103318332733	0.6310160984123419	0.9880846231053948	2.485847561143995	4.917352693872073	4.808581033196161	
0.10833579422814604	0.1374494251412671	0.35893981603859215	0.6588792579577792	0.7567251141430762	2.518203188577919	4.867798273470207	6.200228059954009	
0.10833854640573085	0.16722735154030002	0.38846978560041395	0.64644255952568	0.8388716949825957	2.324565433535423	4.773463850810845	6.863535317073434	
0.10174142633469754	0.1545963802967375	0.3449138577936035	0.5999671364006772	0.986857902220977	2.301808795934677	5.270915859061465	6.276891259636955	
0.09907238836753823	0.15834999223973195	0.3588179662898311	0.679503565881785	0.8655019908076679	2.0628901647247053	4.016025840708957	6.049713769036211	
0.10645184975072913	0.1747991195748306	0.3778192660144545	0.5865351092160648	0.6818241262811275	2.1979737743644328	4.512419844428214	6.0094789261996615	
0.11505806299881374	0.1581919503824241	0.3641882815491202	0.5456546326787598	0.8223690038905164	2.0542022133576974	4.668304972819926	4.734182544294134	
0.0986495290276308	0.1620274330079593	0.3406581109670484	0.5893100565658349	0.8377830162885711	1.5677425822519138	4.139837792997312	5.361877112237563	
0.10775103406976241	0.1572080449263774	0.3404115031066195	0.6775589466205753	0.9974440422167505	2.094864744605921	4.6485250326153436	5.432776854746192	
0.07538047676246612	0.151363141318451	0.3281639519099449	0.586389921661789	0.9682237817725918	1.732113991300728	4.592993728238101	6.495867448021365	
0.07921039532625838	0.16058156639028412	0.45216127390067296	0.5846953743585825	0.9988589285943205	1.9339938936335523	4.914104595281192	6.306083063406097	
0.10217753860797676	0.15241290366349816	0.3949890516501445	0.5961599983776967	0.8395174974856358	2.1182119700258735	4.478542050538709	5.295656164990036	
0.09889516613149672	0.14907372784302955	0.3602164078020471	0.621137442453542	0.9848260498024425	2.007307947456969	4.567108549752077	6.545515297430777	
0.08989630934297825	0.12505170502508595	0.3442363294553379	0.6316135361026786	0.8875256729061146	1.883713541069714	5.071229126673077	5.291793936380633	
0.09829422786079046	0.16104860473672908	0.4054651440142877	0.6250389001678034	0.8678804709551369	2.269948400693921	4.506645364923955	6.243935420732677	
0.11370641081557183	0.1320937873164917	0.3946388456389627	0.608528490262067	1.0178248594439916	2.532337960426163	5.286221805477472	6.501003204385666	
0.09401313792593063	0.14366543264362777	0.40741279304015954	0.5228068661991359	0.9082852205794956	1.9912879915452613	3.97046376320835	6.14868100957677	
0.1078958396187071	0.1590044924974738	0.3844906648924942	0.5788641454380274	0.8812103209620997	2.3373613654190266	4.2698246676494955	5.675940917564978	
0.10411158251532367	0.13528375432974515	0.38323638663732934	0.5682483597248255	0.8675552674353901	2.096259362129908	4.839502406895874	6.106053719256594	
0.10293124741278503	0.16138416693135785	0.40370029796857004	0.5892847265601616	0.9817564852140501	2.113785474237416	4.697202947430959	6.624971112681232	
0.10520638167811312	0.13130387388842812	0.36112221828128543	0.6388539870221497	0.7295774383269796	2.2195707903051276	4.6203096350188515	7.636408613274876	
0.10432279579983317	0.14837262986428174	0.42421959719048935	0.5793360281896067	0.9339309966872191	2.169102638252084	4.77009923029776	5.446028590502454	
0.10833506203618955	0.14211392358032093	0.4582585983832238	0.5092132927682373	0.8595655789610241	1.713702812575499	5.834183098402412	5.263854800876191	
0.10760050673542282	0.16090553315670864	0.3455719181777672	0.6463820754791633	0.8305839382165635	1.975086073760536	3.7971448184293783	6.401795254090761	
0.08041142440831427	0.15590187039527445	0.375303019035211	0.7045815167495357	0.9330328857669216	2.3323130302915396	4.7301012739162935	5.938083320029486	
0.11114921910818938	0.15569848769570807	0.41415037645055464	0.5443337830591921	0.9791298377434942	2.3223771221232057	4.009948298578205	5.955674866199356	
0.08261660558685839	0.12619500033067535	0.37772467661232917	0.7080140482401038	1.1046116406713014	2.0844442939216	4.071834216036472	6.556284688249111	
0.07996444316956657	0.14395236590162822	0.3515693693419052	0.5948209126256878	1.0579046216890207	1.5935157677740492	4.639660195564732	6.2059415735830665	
0.09939011707533454	0.15437067357759554	0.39954200186081895	0.6094999024782729	0.7407444478326689	1.9588220510525014	5.21891741442329	5.299781684888393	
0.1008061416356328	0.13918008525846362	0.40260264251749556	0.5878415376101601	0.9908906195017355	2.232352909540132	4.324600450960602	4.662543342648346	
0.09133600965128948	0.1319056387899407	0.3338744584488024	0.6302115366737352	1.1182889486159098	1.619986907542685	3.822184238078142	6.139255037568615	
0.09746586191305945	0.15679976920033986	0.3782221739350752	0.679052676112071	0.9830412348212499	2.338545877205898	4.958075357636134	5.284430782379518	
0.10587178510638409	0.1596428788056078	0.36701581129025135	0.579115984214954	0.900233800393382	1.9609203646716638	3.8788096412626	7.287371586119413	
0.110801387925341	0.15038942305566738	0.32423798584071467	0.6327475309681253	0.8961340760083564	2.1163268935339934	5.511534653574668	7.1387616487592425	
0.07634947634633715	0.15547971295797958	0.3862918242219936	0.6213092566380575	0.8781227787561667	2.1506223530165824	4.007748884112377	6.622501551347577	
0.1100694301107132	0.17461472769238304	0.35059832462485474	0.6161810918795615	1.1200395421118472	2.0048056052197274	4.045769521473652	6.1801802386122695	
0.11165117149683866	0.13999336111556704	0.45344838412247607	0.5450548258472354	0.9912101703946804	2.0045178463039823	4.290334558900704	6.493577411844704	
0.09790781668364673	0.12721293266884168	0.3496510858469692	0.6433016227568781	0.9669656165185733	2.3059968855470507	4.22879627864685	5.364025149506275	
0.0918119540721094	0.13874474697289263	0.378220295620813	0.528961640681325	1.0290837476718802	2.2608851024610823	4.110915277509121	5.88084752684286	
0.09113284849901158	0.1477603233372905	0.3482766872651695	0.7285401385594045	0.782057786913771	1.877045359139708	4.392993141931571	6.056240236796434	
0.10100135495941945	0.16376661139477947	0.39681534279237346	0.54469777496874	1.0287774550286115	2.2850762747243727	5.1240806766728335	6.030817396408372	
0.11090105321256849	0.10915997129055696	0.3615449217627071	0.5452417131649534	0.9952747086743591	1.9909911528318434	4.93903174389918	6.472433934615347	
0.09392602928001059	0.15358135173891754	0.37185060728372166	0.6069815917229477	0.9997168197456693	2.0799216267987664	3.7547616751779542	6.357361776985586	
0.11072469618125598	0.12450378920751914	0.3786113379269084	0.5440962556972295	1.0348052099767635	2.404228626945959	4.135643105520451	5.210630217381995	
0.10244696612336275	0.1333629153085285	0.41259488921654675	0.5921294842937325	1.079311642452686	2.504738496859332	5.198421424128943	6.241762524401519	
0.09054242370681673	0.12775315027629974	0.40259530449143194	0.6401619916737851	0.9543683139174387	1.864293795671017	4.1410604491124126	6.049992918881653	
0.09386868022481934	0.13836178455196232	0.3432715603103033	0.5918810795366893	0.9107068415266774	1.9722712560464002	4.504613695690573	6.149662013349815	
0.1035295158112046	0.13563866328214016	0.3683290710696443	0.6009625491575072	0.9416414836231692	1.8629759884721295	4.346454972609066	6.35563198636553	
0.09406130940372587	0.15533484435885844	0.38055514826308273	0.5724057649282637	1.047338781064436	2.0849246534633017	4.405320737900593	5.709136091958376	
0.11480476733960505	0.17086102673314213	0.4235773532887936	0.6521684254501663	0.8477697466239831	2.053292195790921	4.153196775616644	6.618197082974257	
0.12335586371287147	0.1601889163840931	0.4436883582037953	0.6274418845156401	0.9594599445905365	2.025277272820843	4.775862195313927	6.547786178239308	
