8	96
1	1	0	1	1	1	1	0	1	1	
0.11582626388375626	0.1529996819415657	0.5599228439689454	0.9773746764910894	1.132014158131092	2.650426966489488	3.92369675410029	5.986443107224087	
0.10389233131068198	0.11426964379810751	0.5557441619768586	1.0944939498526611	1.6066648987059051	2.4819356284726495	4.344601589418351	6.761788086832679	
0.10583168199299663	0.14829641337294597	0.638785145890841	0.951794664429431	1.507795434459012	1.8888773277351896	4.891670085417671	4.703298681950124	
0.09326624084238236	0.1261552324903971	0.7270043846030567	1.2889882881033448	1.7126461682462102	2.4137574964685036	4.072665714568395	5.352368821218228	
0.10194698576628321	0.1467915918953298	0.5442456531396965	0.9264285720456686	1.148740893805284	2.0023395707760367	4.071162515905713	6.346699509793082	
0.08783169499265257	0.14365010177850732	0.5738804347703836	0.9583938560067814	1.467045133517695	2.0222270223256804	4.748010734407435	5.307318583328143	
0.09264542921097924	0.14605035757991217	0.6894003172965565	1.0478194019018363	1.1319887879626849	2.2690315866302764	4.6148939004025875	6.3517670206716055	
0.09031723783771106	0.1916439813702248	0.5631025208665944	0.9372661440830867	1.7469405763359507	2.1213061567691853	4.246672003184008	6.5660277669096265	
0.09695701391525624	0.15177551907194534	0.5196432850231352	0.8379665405986272	1.4657074245119224	2.0398328437223223	3.938442476953145	5.650894011656962	
0.09496763363470469	0.15031718671681324	0.6039174074146348	0.9824401094493207	1.266703814107308	1.9568010229562922	4.027118993442633	5.595853439058462	
0.09350025824755526	0.12947730704341057	0.7063006985916295	0.9450723748550574	1.3210346881231998	2.0615757128805052	4.479693512297231	5.898499933421898	
0.09364299865946195	0.16620947990611934	0.6033378821949404	0.9264449573758703	1.6510642176460966	2.6445148429268346	4.536143124256281	6.205526529208743	
0.0839329477708512	0.15135903174127885	0.6647841555118694	0.7406317080887936	1.2081523183418115	2.631436868754735	4.111147636518808	6.286273735365298	
0.1039661226550353	0.1592096236340241	0.6425859669909112	1.00772022485928	1.424453060556441	2.0686244548870274	4.018475097529798	5.486912635076628	
0.09520618113014441	0.14000163256907255	0.6177401789351519	0.9476736777041772	1.240661854221665	1.9524769631284988	4.637309616156788	4.896353810959189	
0.10093031817308228	0.14150429102079168	0.5991021588077392	1.0075291268010602	1.3621505960860132	2.127500658433709	4.003156332875789	6.086923022997771	
0.08096775415095443	0.14425937630515126	0.5792282692510274	0.9543447347157551	1.5945393355528672	1.926476663696442	4.5482955923595725	6.785979477491128	
0.0973376226297853	0.16154908311279106	0.5791524055151932	0.9241563605607347	1.2923930485636672	2.33270469161844	4.62053962204682	5.04606742505338	
0.10567550469084097	0.1521476767757363	0.6020465630317618	0.6966070598613382	1.3844318118421508	1.7454237032798912	4.893947329399477	6.813053037759877	
0.10034498046052578	0.17484085549872416	0.5533837681965532	1.0345195737871054	1.438655153024677	2.0289595168887598	5.298169960203209	6.787894927220628	
0.10127199359100061	0.14023080137089378	0.5778874157812467	0.8172741776969336	1.2698197953004686	1.9783482778292083	5.19825603319777	5.811870732325153	
0.10062176754452828	0.12625540453258502	0.6817361465431132	0.8122025957719511	1.7054182286375785	2.3350404306036423	4.502473232234467	6.227549755182881	
0.09853671387994341	0.14332382728913837	0.6452649111926828	0.9763372774177322	1.3535573324820802	2.690026537058	4.316523460459718	5.902499704744527	
0.08019971963031956	0.14913448389952777	0.7283487683606994	0.9816971701395478	1.550990327325469	2.141853416954899	4.642780285219083	6.876340161861433	
0.11219420142717187	0.14463955257612704	0.6024163839525437	0.9965383017343621	1.3385015311590411	2.1712112085893014	4.319484814954357	5.999222115738619	
0.10436985573376596	0.14867740528076065	0.64735114711397	1.0122073440419819	1.5011941451029966	2.2371986710809906	4.822221132656694	6.641505435117802	
0.0836438420531927	0.13840483858576047	0.5667569369207538	0.8297846797812082	1.3702737079283638	2.19895886487439	4.4092473774844265	5.845577488420645	
0.1088401011080768	0.15656013307927924	0.5758683231122049	0.8796502061507545	1.3305722481337445	2.6092454343153575	4.0334767329604215	6.242987169933839	
0.07956204991937464	0.14223719847010294	0.4942154005514826	0.8790466823858457	1.4891805586074582	1.9596741493925203	3.960209567581778	6.516298753489897	
0.10506513689811812	0.15126981737167008	0.4841421852610069	0.965845955822285	1.5581040793195846	2.0386862129252967	3.7233111715809026	5.949564405395007	
0.10950272369804542	0.1551148751138635	0.5747895481405275	0.9514874241120007	1.5820705036741367	2.034229833391389	4.8077323249337764	5.840848664045533	
0.10725322191316769	0.14898803470302696	0.54052245703212	0.7000166090138767	1.3499215521599566	2.160674897894148	4.839515533327081	5.164618344740434	
0.09205681058903721	0.13066804151945244	0.5014485044058175	1.0287466325958754	1.4486008744805126	2.5317072572948627	4.156529595537998	6.411031744797371	
0.08632651889829637	0.16592931600188363	0.5340955372106598	0.8821315291541111	1.410541295432458	2.2726646263083268	4.817503606455921	6.367574595570396	
0.10560333841860459	0.15894474239028536	0.5871459279615315	0.9874880550295124	1.366432547627276	2.0821749888211785	4.380130867079276	5.489660270958307	
0.10602975358334628	0.16113383459309438	0.6096281556124212	0.7999367578995811	1.5815582293053052	2.0549187125095414	4.740961788794999	6.315104623576161	
0.11385125894259791	0.1517072525195705	0.6110122273032688	1.0908670670239895	1.3456892148936386	2.430779415784863	4.754605051044044	6.769917881493271	
0.08480683320829999	0.13804727901681027	0.5433885372143596	0.8190219418502986	1.5646240320545928	2.143714781762898	3.77957494222564	4.979052035816783	
0.09928451904591083	0.15306641544886498	0.5019157216211659	0.8654246218327815	1.7778997634314273	2.2150022443341126	4.07133944103577	6.272867148142518	
0.09808794900435382	0.14038377967576993	0.5587396918113343	0.845583645994007	1.4750769733870635	2.145436060502019	4.237652075786779	6.421412584632336	
0.1029763590177078	0.1347582030696105	0.5853270678287695	0.9585543379019889	1.5161360807316344	1.935572722907324	4.056668910713611	5.596432626229562	
0.11011121951198773	0.14168730897504703	0.5282506758382345	1.017508465964626	1.2354750981507006	2.056614126246616	3.8252947340613708	6.176222514586953	
0.09836301379792789	0.15455728670758465	0.553627720932882	1.0737083059829757	1.3845737689883366	2.2956445790033873	4.413131364916216	5.7365605147769045	
0.10191836412147876	0.18075812382578613	0.6104685428115734	0.8728049322347196	1.5619910220068771	1.7383589182917005	5.647911594505956	6.298756211502669	
0.09083450741055032	0.138456439849662	0.6119895333036298	0.7626860716298276	1.5959479296167394	2.3540666352232167	4.81802826249961	5.7346819407411	
0.12897695503850706	0.13669512935342767	0.5656466326910865	0.8061747075139309	1.4449210825794399	2.0198250873909394	4.628070166111735	6.976630086104608	
0.10943509280964586	0.14266636707288383	0.5922507742122901	0.8794843582353237	1.5470124126492595	1.9094525618631564	5.2279104543089545	6.208283235140378	
0.08211525117021509	0.1461181845415959	0.4725111526121509	0.9282415642877293	1.3632212739674374	1.7628487582643981	5.078867322925273	7.119128011381276	
0.09779942193535757	0.14540984513844582	0.5988062877606067	0.9152520219512383	1.3648015861044	2.458805051267151	4.62700549584841	5.955237005495677	
0.1066351168904851	0.15333833207089193	0.6070830275123643	0.8513363928249972	1.4668441570340667	2.300042267641911	4.196949159095794	6.533384448525812	
0.10450048357724168	0.16172854231643172	0.585275781140468	0.8500131471606397	1.4845928275719005	2.2979567420464346	5.367925694071273	5.25612351782442	
0.10145215815564411	0.15974593961301078	0.6422334229235257	0.8247413116015816	1.534190279560457	1.8422596797832191	3.9043929209639017	6.829150349442822	
0.09120957119733962	0.16532417672328462	0.6136431052347439	1.0296788436866606	1.364974562705163	2.060504525523284	4.73060912298112	6.781421333300511	
0.11134675617200428	0.14007859256026503	0.7207366853341663	0.8254061575556498	1.3965554567548273	2.3886044661386743	4.6828910652895654	6.937228784923296	
0.09903307059727044	0.16327652904183354	0.5366882902626275	0.8443169884437077	1.3554858601603155	1.9085388381425243	4.014691685634837	5.883335135746519	
0.10128952841328931	0.15104132417721255	0.6441249473747672	0.9158247704215072	1.2269553214644051	2.0648901868439564	4.792666380073495	6.128087701352227	
0.08670004712792603	0.13334895644013575	0.573153255964971	0.9973803466217248	1.3760853169967606	2.263453141140345	4.914883918483774	6.338691959331003	
0.10408676337375854	0.12229878713118748	0.5371497612160322	0.9620505300397921	1.311966121580303	2.1245051850436827	5.0666631209205475	5.355012036689388	
0.10259923779333587	0.1698280119889854	0.4844470862636372	0.8574387405761879	1.3122443224784228	2.2407532271611887	4.36716434236506	6.329786262579429	
0.08857946162809523	0.14304202694513685	0.5705245969456447	0.9274005072537472	1.4542650352050728	2.005703202721561	4.530379323800506	6.09396177135695	
0.07869100026148695	0.15327842910920336	0.6046247784918574	1.1401419193832474	1.4588356923579626	2.1101389019782446	5.103419253800204	5.652944472337719	
0.09165927445596289	0.14497741516382343	0.6321589988563713	1.1140665861718209	1.4695187478520433	2.0870275930605495	4.264161291497407	4.913168699062832	
0.08352507924840409	0.14968003351608022	0.554203437705547	0.930336841867746	1.3448659916086854	1.9713786612153037	3.916562665559166	5.5642541191564625	
0.12089159917862542	0.14424279727891656	0.5821028309062829	0.9207204508100001	1.5555185969079672	2.2164558315396894	4.417899959327281	5.869484930180217	
0.09606486424719995	0.12261089240367894	0.564446563271299	1.093935331093258	1.6341127871271757	1.9243001057599498	4.0581666819535265	7.122959759269834	
0.08860372029218672	0.12703947691477147	0.551575816616734	0.9125773919804786	1.5039720113362824	1.9237923042984209	4.859207432111011	5.599438345432841	
0.09786332726144147	0.17212292194709977	0.7085926257647969	0.9922762805236465	1.4711480724705859	1.8040165141730105	5.211426713352616	6.052396878995019	
0.10128060248345075	0.14878483989842006	0.5923780031573709	0.7036729774016304	1.3190232874373726	2.07841025703599	4.13294064746234	5.808812677293904	
0.08899548070408121	0.1475080602067342	0.5830495776699147	0.9363433586180621	1.693073120519205	2.278151607624875	4.313778853726888	6.862528044219813	
0.09215516080647507	0.15890944692108724	0.6510430544529874	0.7521345199610445	1.4287261854173745	2.0599120905547754	4.759761553241653	5.870352086397887	
0.09491263171110595	0.12938705232128764	0.6502534624195238	0.875767799471442	1.2623543419700727	2.051632322358228	4.5153478104878335	5.795065583948281	
0.08521402271743342	0.1496203617621361	0.5165531251725732	0.8464314235529075	1.3036757553572127	2.45383806658391	4.625638414927341	5.989629597531902	
0.10297789338672246	0.16116937690233923	0.46881651397105517	0.9061153734941884	1.3573669317706483	2.0024358099048465	4.10663939890106	4.654665450639509	
0.09449984372596404	0.15075477504721432	0.5967880872585778	0.8596092495956845	1.4563792156710904	2.2184244981524954	4.290753714061556	6.025459479995269	
0.10185450643967064	0.14076093888421023	0.6193322836146958	0.80828002000562	1.2402123896218642	2.1079892557409967	4.950719701501129	5.946404065586787	
0.09754373558616705	0.12704343960020306	0.6548176042104386	0.9990187329304512	1.2172320196424635	2.3765264675678557	4.166890024867994	6.021615610903381	
0.11596344275559406	0.13012060408493106	0.5967262254755392	0.8512547354433839	1.1691721356443192	2.018533734799096	3.881729390846926	5.9725827753994185	
0.11191126061941144	0.1482608494595277	0.5226845831326047	0.8129287609490022	1.4994571109260595	2.401898746923538	4.723071952203961	4.489997773363388	
0.08857588618161871	0.15478266941466984	0.7411573878727881	0.7139299282499206	1.5464843452287804	1.9807385436738971	4.302849211085455	5.902328413566721	
0.10920801365106166	0.1540097855704102	0.56822502781	0.8820664279645872	1.4372543973635574	2.1487654471020736	4.063845962358353	6.52672256590204	
0.11751331605062382	0.15667363423108546	0.6120103943995805	1.04166326347053	1.4732002694367208	2.0162881225969387	5.375445257528579	6.006381248052077	
0.10145180915659585	0.1629548643586092	0.6336116902966185	0.8481733127574378	1.5001615064500147	2.2027279080165267	4.77183163738349	6.285655258767392	
0.09487822085725088	0.16248798112781468	0.5677913395547871	0.932349731207389	1.4398871634120447	2.013568381402084	5.399619853879207	5.534386796258338	
0.07999882418201522	0.1636037005647743	0.5743715186670653	1.0561577496720775	1.394182285410234	2.137178059346974	5.709332943531027	5.911103668425796	
0.10063477910886534	0.16527880993730668	0.6081338705025788	0.9073389678471124	1.3742210567192932	1.9571808707648337	4.282547178910279	6.449156076706748	
0.10951558080113939	0.13993642913000365	0.6679803680041436	0.9992600132220827	1.3750343688023792	2.2851373243025304	5.088015102816834	6.143424484345244	
0.09968589427608632	0.13672821576098387	0.5777354420637852	0.9241380962649066	1.2406657980619114	1.929379770196378	4.811550480823726	5.6827187644526	
0.08130312875340046	0.1430369945587328	0.5729210551622658	0.9408791950766576	1.4771837370406433	2.2713990466620513	4.362323860990147	5.863061702063964	
0.08754727018109282	0.14214392240408794	0.5473761811849943	0.9805467029921449	1.748719529842788	2.2329883229344567	5.016242470233841	6.4378631340152515	
0.08518891672881612	0.15022432919787174	0.5312140774792105	0.7877566747285809	1.5721652460356368	2.468346581805047	2.989439567730308	5.623596226920141	
0.10164084354395886	0.14429180454340915	0.6108680021944187	0.9431849470211267	1.4807395584130607	2.3258654330350716	4.7526753084686355	5.809903535277365	
0.10967691475117594	0.1226849658907147	0.6589932636700705	0.9160098120077724	1.3111157405066902	1.893893963214592	4.985408837475591	5.831999616111271	
0.08841174132503016	0.13504819877750907	0.5712324290397502	1.047533912213693	1.5465135851935405	2.226915699969162	4.410810649239041	5.084771980038749	
0.12759451555982146	0.14209498065192053	0.5645178091567175	0.9338054928579426	1.6664173723605575	2.166527051120858	4.368695504976582	4.866074402635914	
0.09702594343343021	0.15030896638173505	0.5540469506109307	0.9704675654143484	1.3260920575881578	1.9887867751188897	4.485966713486425	5.591473840057003	
0.0977583754267223	0.15345595586527272	0.5633802529620646	0.97645433056204	1.2770554184323761	1.966156656803248	4.22967911170753	6.152686951239568	
