7	66
1	1	1	1	1	1	0	0	1	0	
0.10373433172760793	0.156843742327928	0.2643030515087598	0.6612981128296564	1.063582227184669	1.2798233251572813	4.062465789869324	
0.0954974661222173	0.13865993970815094	0.38850922120997106	0.4832084828184681	0.8260327324525832	1.6501051996250116	4.082301014693392	
0.11243428278102925	0.15533007293385204	0.31124782684564617	0.6381197517129723	0.9190569408960647	1.364868210956287	4.610230691927402	
0.10474633485566792	0.1606138773296193	0.4247736082068241	0.6244881547667013	0.8020660297428684	1.3622686995558797	5.824371750870879	
0.10724491060381727	0.18553930951217246	0.43302649512356906	0.6145081242933449	0.9580308574896439	1.424769054297611	3.717987922869075	
0.10018047252468226	0.16816011828813296	0.3572136801967943	0.6247171799437085	1.0091979672680675	1.299915697178316	4.296913711045351	
0.08982088509522841	0.1376675158996589	0.33107099922118366	0.5459730923173184	1.062009378314199	1.2990867848400882	4.556906648577311	
0.09497131246329045	0.1676829890555541	0.4298241672709374	0.6518441989283368	0.9584705134385563	1.3969584862317515	3.9636563831139373	
0.11943528881122197	0.1386049047337117	0.405218561187248	0.6635739343574039	0.8783589137878044	1.5784357914061824	4.843895941502485	
0.11727963835381766	0.14295980300359934	0.33113716734337084	0.5696706146733292	0.9494233794556928	1.438324419973163	4.322952946676452	
0.08090802541022757	0.1570572449419366	0.4549490902051236	0.6278550742873802	0.9866496032719768	1.5118596787801797	4.678671001447079	
0.10931665966868094	0.15593060521778498	0.3681182675531755	0.5522406653994748	0.9068454500588973	1.4749205179924452	4.357762667494662	
0.1031433868313143	0.15658725200550624	0.4116608183882669	0.6769676981303389	0.9372546899185339	1.2429879511838846	4.344703156431365	
0.100440625674066	0.12246346865734364	0.43276925176389436	0.6085426747506278	0.9654658136159665	1.6252702841412558	4.216435726435944	
0.10574041930884032	0.14835203815347095	0.37300469905339506	0.5536684567317373	1.084901098872847	1.3763034942691932	4.814758911103066	
0.08124992612528065	0.1676998279453468	0.41998402392636824	0.6058460466178381	0.908894350649173	1.4872000008027397	5.52995579739613	
0.08236763301096515	0.1617304108136119	0.34535854251815173	0.5988048962220162	0.9069471489256844	1.368750489134921	4.495290691926272	
0.0886582885472221	0.1654377065419195	0.3118225465744532	0.6323858707697005	0.899632165714285	1.2625577401855341	4.591072516769413	
0.08443048913293522	0.15059570732579453	0.32593067750316096	0.6276763250590699	0.8440347679723751	1.3655078555648088	4.632277224574423	
0.09227457888157764	0.14913054000497547	0.32247444095269556	0.6378525362157693	1.0941369839162218	1.8292858681111246	4.541025665999897	
0.10788204140797186	0.12329061490638765	0.43710390439961233	0.6465737102834463	0.8849941896195354	1.6069168544413281	4.385485765509596	
0.09541974816985443	0.15713002388141237	0.3395925290064479	0.661297485863997	0.8317929474908037	1.2798421650552843	4.090639595216249	
0.10759500037516123	0.14074836957720438	0.3287761601940476	0.5636592000038522	0.9270200595267147	1.2611209348359929	3.981743500934545	
0.12111296334099585	0.1370915189427917	0.36772438998662577	0.5779657799520429	0.890813816877349	1.5188525838155815	4.926664327712421	
0.09694045568468408	0.13145282570111477	0.4284287286582583	0.594279534528199	1.0909199287817166	1.1088812166481816	4.5879314495774945	
0.11918606333876208	0.14470103796842762	0.37143124991328386	0.6177307014954202	0.878031988843699	1.385373713716459	4.3479832076138685	
0.09372579265573627	0.1684328482530084	0.39752096522726454	0.6150376939261981	1.005197103640781	1.3921971158519042	4.151608281741194	
0.09397375695385443	0.15002674561656912	0.3397499550818297	0.5699843390047994	0.8820011523059567	1.7338115408655488	3.2517832770297375	
0.09820380278594368	0.17588540689222157	0.38463008963703327	0.6452050484052655	0.9392838473042784	1.3345713264860433	3.491137829470989	
0.10205455687036302	0.13836590093096413	0.3495872545657185	0.5700607646412532	1.0922721108159847	1.773891768542318	4.59774357188778	
0.09535232776088273	0.13234160373823184	0.3978045261387506	0.7069743360039086	0.9069973440066604	1.089803566172289	4.8015223523169865	
0.1098539971145005	0.12621231539421227	0.38670639897919223	0.6270735609681659	0.9232010209131687	1.3169197585707944	4.9571717506036	
0.09596620254031318	0.127722207559501	0.3021199695445521	0.6756509711999585	0.9873497498118141	1.4425802172394713	4.301876413417139	
0.09471001585796873	0.1338639502733758	0.36360468550672437	0.4727947670927895	0.8615460802274283	1.3855359351617935	4.774446021235688	
0.09960073536626636	0.16192384670813337	0.4312671339943104	0.6634902056294462	0.9737574158062059	1.4316963631228523	4.058645396213898	
0.10739944051379316	0.17519621073332292	0.3930000295067159	0.7150355489055673	0.7881218311503192	1.2649546359765254	4.884840678486718	
0.10264290210153251	0.1697067326485771	0.3794120776523839	0.5479214746483001	0.9101358284749311	1.210826192157906	3.992134197106335	
0.10972443997918012	0.16309181121704414	0.3937941628226309	0.4967353487423718	0.8966684674773013	1.2548250159216126	5.029439964204495	
0.094162778664374	0.13371378433827674	0.38113225427461417	0.5615907325899233	1.0679881836489449	1.3249220416526106	3.8703472833489156	
0.07847086484242485	0.14953820246379876	0.35864665567339876	0.5142657236092963	1.0405980608967882	1.5254160560823817	4.487301954478246	
0.11364326244170866	0.15993804050097918	0.34873147574229957	0.5376467901605541	1.006072283634209	1.4866804747748312	4.5763864955867986	
0.09153502197131093	0.1591192135050863	0.3512910424409099	0.5938808007243793	1.064565805613989	1.3355007042791491	3.7921548343172127	
0.08947452808129891	0.16491448240031434	0.38967978322044794	0.5922673572786747	0.8826542761060241	1.4994064667801064	4.117902817054399	
0.10305665568642597	0.13903118146780563	0.34588894335954795	0.5617507539104993	0.8950871074769916	1.4230173334614804	4.605955107800002	
0.06311634708571556	0.1378852416337985	0.3651203408604705	0.6903037223164998	0.8295597574204617	1.4532799163882872	5.172763639381127	
0.08687031470052728	0.15590962838796604	0.34951367031048824	0.5697219754626459	0.8553106924423418	1.3253444048965282	5.724860466557922	
0.10844455872071666	0.16652606792679314	0.3986957524997869	0.5036245926958824	0.9667310912400675	1.5834289348745507	4.1159702366824	
0.10965326667161127	0.1605650431478112	0.45037752170291945	0.5749330192491828	0.8279221786483574	1.3782871803597259	5.146006946923631	
0.08171594119158038	0.11897436426853451	0.38339702059940134	0.5734446424335506	0.9307186940653387	1.5651795832867288	4.251343794246517	
0.08126994169069379	0.18066722335799915	0.3421053250773265	0.5364577726792741	1.0326459612762013	1.375018055691063	4.471474566584335	
0.10482790124060318	0.16625374654664993	0.36732849365909265	0.691197120354858	0.7313706140676631	1.53864957488429	4.122212598892054	
0.11372271316607992	0.15213066718245818	0.35442959738364277	0.639770465581298	1.0130665162902746	1.521790859568785	4.036636692165123	
0.09515982876377915	0.14993890744317848	0.3784321331992977	0.6449847285263008	0.7426141853768855	1.4778087688011508	4.369508390503512	
0.09161499383616048	0.138862698333456	0.37184756874831737	0.3839348937324289	0.8647800699163859	1.30475848007558	4.739752444195181	
0.09194473317489481	0.14677329299744266	0.4386065118511294	0.6596610911889255	1.0139112401947412	1.358518242451248	4.744364525680344	
0.09766102199546406	0.14705860183984593	0.3955680430623689	0.5641803846947441	1.068849288713218	1.407101390037495	4.77826225481685	
0.11455600479257298	0.1654748066186276	0.3264610740977601	0.6266937537005931	1.0091169036848402	1.557536412168987	3.999017324648416	
0.09342964762982676	0.1649183735361243	0.35105310591405947	0.5820182366001411	1.0765564502836833	1.423164707194975	4.17295163797477	
0.09122382643137095	0.1549907899437778	0.32934037567786606	0.5851598421662149	0.9609904397540721	1.6157784243383164	4.800396636166498	
0.09285934882017821	0.16767628976345578	0.3686184285731959	0.5258578186770354	0.9140001535883111	1.6356581957638354	4.574358022529216	
0.10012521864329788	0.1745581746705428	0.3256085158119318	0.5228640531568336	0.7797262782000847	1.4832886906666478	4.574921907201806	
0.11542736367279777	0.15365212615705154	0.3646420279397865	0.6001076923726864	0.9409467899168691	1.190938137914072	5.719649239950702	
0.10519871018101912	0.15315012462033883	0.40337623140258605	0.6425646588351962	0.9169285258482739	1.3397325175175796	4.769752808844767	
0.10385710840531454	0.1378516485136589	0.433923353231956	0.6176011221793789	0.9978732006908896	1.6290446869382282	4.509849969524176	
0.10316952006984115	0.16215040857759175	0.352455278815598	0.6032430997707601	0.9416760185585568	1.2932836271092745	5.542936554903245	
0.08592706556507598	0.13052844144469264	0.429940609876736	0.6427959750477925	0.8345852719742877	1.516842329159542	5.1605327002487895	
