9	100
1	1	1	0	1	1	1	1	1	1	
0.10826691827343021	0.17040468761417676	0.40185597067516665	1.1292988814301441	1.3444394765700902	2.2852406539022745	2.925657270563644	4.01351026349681	5.269368724326734	
0.08220121102473327	0.1475843752478954	0.37568763689711004	1.0491378686875659	1.428775918404938	2.1418798131362866	3.8106439139783927	4.953166297498395	5.996290081638284	
0.09074766667852863	0.13119142231272496	0.3697609057142415	1.0968010227249585	1.2718879050678922	1.7223279988677331	2.7633041040274517	4.417356085438871	6.206276938752289	
0.11259285056413407	0.16783458608802573	0.35187281165844553	0.9062312297134214	1.539725018163705	2.08312369425907	2.9554230262885923	4.2068365110214225	6.905752590208409	
0.0927795626493106	0.13442358957169032	0.39355759715454314	0.9514270681256723	1.1801940015676082	2.3066797794520135	3.1606184102870363	5.258691807864109	5.668005451456944	
0.10234047863820231	0.16174277644887874	0.40644650788220227	0.8714648586819969	1.281103142751152	2.2543440250787414	3.2166818016413954	5.04783477121413	6.234982252557067	
0.10537794484416155	0.13556779807814334	0.41534041914877323	1.0351652828179834	1.4566000651421454	2.096773023016771	3.3365121517174754	4.079267353041997	4.618241466052627	
0.07190353747896075	0.13087602452274874	0.36668990655245093	1.0634835315110596	1.4381890328518918	2.284235558270667	3.221890893647113	4.197339548555208	5.775181256082257	
0.09273004182388508	0.1336913797844073	0.40662480330301987	0.9057884505356049	1.3034640978871994	2.1882693355411957	3.5464105240172636	4.1130995978314395	6.589603687726547	
0.101463315033962	0.16419246611090366	0.4310892954842353	0.8122117812067859	1.2048171789057966	2.008576915091713	3.1267299782705855	4.616079426262446	6.19300973614293	
0.12076124774563479	0.11792655669023397	0.3869987285707755	1.0173445926796565	1.271214994308286	2.0551053784298086	3.6420060351609496	3.81150221668058	6.292871780937922	
0.11375874246375112	0.11861354806031976	0.3587088818035129	1.0823701751000694	1.5036990628421143	2.2042667180388853	3.5605507004632226	4.013866249419642	5.749571443710941	
0.09810625495231577	0.15359248484447252	0.3612348727304428	0.7530043234066686	1.4932754945772728	1.9799076267198978	3.3160198238731486	4.524468723419774	5.606584650074879	
0.09158088563390679	0.18163543588079076	0.44066878789579	0.928359745505216	1.5703308834485066	2.279896964492593	3.498591735888461	4.562756620011492	6.511043174662646	
0.11041359862808103	0.16364861411607703	0.30698941106864286	0.9349409797526109	1.7064934376739116	2.3070503189833036	2.8925548066566193	3.7531994794663084	6.0606367521576585	
0.07895191238868306	0.15558138709223768	0.3781804509904931	0.8602416832664146	1.6134300665720203	2.0993892391355504	2.9861069542470022	5.012221525135867	6.166815252965725	
0.095731179370887	0.12826932601435403	0.3745447210141111	0.8436753443919934	1.5334806241338501	1.8343177030091184	3.6221060782571244	5.035231146448516	5.897868429692611	
0.1078263925899537	0.16592006372369	0.35211354445281023	0.9786453485276836	1.5426715360565924	1.9958723094598214	3.5862614823141192	4.750869314672827	6.623098960346292	
0.10675675300263764	0.16887782122596823	0.39248611609845807	0.8847804980469779	1.4016102230189742	2.05429849613065	3.1259233791686984	4.9111569833604305	5.962530918839486	
0.10176734288971415	0.12059660055372842	0.3894728522872604	0.949683554492357	1.4568547729463168	1.765738101384117	3.0833961659206257	3.8020808920958173	5.618033000929922	
0.09842743538144566	0.1511719457124613	0.3680990799684179	0.9032437217144244	1.3916018948409858	1.8815337190430954	3.035678550750602	4.848078633218812	6.763207295457205	
0.09901655029626621	0.15696156401515649	0.36612089610410176	0.8745693527945276	1.3377872868215288	2.6207382232986016	2.9361336569391834	4.772321298686381	5.272452484419559	
0.12255406888287648	0.16443997147612885	0.3883564864595958	1.0863836579198571	1.4633904174902235	2.3238900291978157	3.6458790858257757	4.429064305381535	5.996840230465713	
0.10117709873347987	0.13448112585390842	0.36714196160117446	0.885912717358425	1.560578301680653	1.9043579364645487	3.5048850608694946	4.666364474101003	5.120130182174217	
0.10692991166307193	0.15979176578149906	0.3603912944462336	0.9258882778672313	1.297081606584131	2.5178333469070933	3.210048019962402	4.499358900842771	6.113989895762494	
0.105292845741703	0.15622020547032814	0.3836741038615826	0.899138704030029	1.4794566337761113	2.2796525366544858	3.4619183924302517	4.758071597911453	6.12233572944875	
0.10817631916774895	0.13119598787586348	0.32502447501803583	0.7597947028051089	1.474280108027965	2.57908146283497	3.613351338787881	4.390604189742522	6.076752192166529	
0.09201694519069414	0.16853201592353528	0.38268951335505613	0.9013969516598602	1.3602965004837073	2.216775324904676	2.8177645107775646	4.185622855478107	6.565039202640385	
0.07938966278526978	0.12864289966759873	0.41803867751898777	1.0413445189774313	1.5918534714218846	2.1481062081363995	3.3246341086980857	4.890500303743346	5.750830314283746	
0.09800613207001758	0.13132672825420533	0.34233265491618664	0.9626288759362769	1.4107346586928942	2.024551326754978	3.6625344892245915	4.150013272051097	5.748756559560169	
0.10029075042517033	0.1479616288285033	0.3710404415063745	0.8234135077000421	1.4935044078993893	2.135811357660254	3.3781609504069876	4.546551229396859	7.131794781052914	
0.11108743426247912	0.13381185801905082	0.4648445286056869	0.8923535084445915	1.3496711207664116	2.038180606751962	3.09577760108216	4.211042877070585	6.264327930802859	
0.10624392664812565	0.14742386726602763	0.3563279871524089	0.9446399618172846	1.4187818678224076	1.7906567607017567	3.485317573931816	4.395089341098815	6.621072474087839	
0.0885262449169616	0.15156963089618142	0.4117463718390954	1.0165150988683251	1.3922581947354438	1.853254803576445	3.3100926633761834	4.128861013562174	5.593592719430053	
0.09028864350582144	0.16868639783698797	0.36066295519469743	0.9380166561002197	1.2729356506869969	2.360759698971851	3.2920337169114173	5.070072061103129	5.536534065053145	
0.09995183699563973	0.14074839815867804	0.35907276725199777	1.0012849125998629	1.4452460788473058	1.9715204949489595	2.7165457706550495	4.5003914863908445	5.821992294790457	
0.11138781260513744	0.16851833744046874	0.3994548737816506	0.9805502621637189	1.3475921579196473	2.2221666186574223	3.4999464445413175	4.395093887562199	6.515023044850226	
0.09743197458666054	0.14921417850127855	0.407481101742255	0.7979231634233108	1.3671073792496846	2.6714981216289657	2.749541637696221	4.958689051119319	5.608510145598226	
0.09066130673356275	0.14348509800214373	0.3212123670577732	0.8583692657170193	1.5927177377683932	2.4437069255826227	2.925725032882574	4.403665054373435	6.2214607324163005	
0.10738610267750318	0.17108508568619993	0.3652087779311981	0.931599616908538	1.2515601502975857	2.0414043391153736	3.1103967521151406	4.190188839294633	6.314033619503525	
0.12083012384747988	0.13310577467069784	0.3723966754712301	0.9203821148072888	1.6479968380613153	2.07940017754741	3.2834556456838153	4.5202772285947725	6.589140716838674	
0.11041548700935806	0.14280497340974152	0.35865212434330046	0.9881789659758186	1.61996232377327	1.8012546883740859	3.1248089466421267	4.496640939092116	4.826566823030634	
0.0946566349255582	0.15120611647613766	0.34362990680006306	0.7996005708027799	1.4713455888265108	2.2235679002616155	3.0168348873262385	4.719839731986371	4.553910677871742	
0.1050249938917488	0.17038300330360076	0.4273738690555251	0.9326311908373921	1.5878174023434446	2.112352841231131	3.559834699246049	4.037861689796273	5.999555377927541	
0.11550949526710746	0.1560559056157872	0.4106072653005923	0.9740189986909875	1.4007783636083941	2.418257811703973	2.968970665844019	4.1565815287269245	6.239723429742363	
0.11802684316485434	0.12378968578680533	0.33497605351284426	0.9446894164567832	1.496244137051512	2.2307356467265356	3.340111596013419	4.25036688589197	5.865878552831396	
0.10119672441290846	0.1754447129914037	0.4309965938697826	1.1124657431690907	1.447736878672355	1.9722813995959603	2.965193358664732	4.6009963479867615	6.318616752363545	
0.11640731087756445	0.13523064466708018	0.34807301877107644	1.0280633500983587	1.284555748673053	2.161168729881995	3.7779669749747695	4.8937072788478	6.100162894104884	
0.10497067049486218	0.12055025774367047	0.4413793284664946	0.7643609353660654	1.355733492449026	2.0026773508456874	3.272233795210032	4.235039563417059	5.506979510286285	
0.09195047499787741	0.19612854633279989	0.37176745934210237	0.9470231901689609	1.5439442924523548	2.1715780255376735	2.8552647498364494	4.895025847772782	5.925306833557775	
0.09327389334595	0.13348985007312245	0.3762367058745736	1.1179395471844484	1.3976287633489937	1.8182899308554992	3.20511184409907	5.170412075024277	6.422557803840494	
0.09249338493057485	0.12849001349932554	0.4543888856341372	0.851065714459082	1.231760285361367	2.1618829188472493	3.158560535120267	4.866498039910097	6.741188343978048	
0.09516361624813702	0.12671971519603262	0.38778548514346645	0.9582889140566638	1.7894509398190501	1.910416036753217	3.7064462884946363	5.24211090878549	5.155532410651595	
0.09346167853490021	0.15277758818124257	0.36321731691474446	0.95172376393936	1.4833155703797165	2.196857386821701	3.272910094648586	4.645635360949139	5.422776704841594	
0.10773707273217444	0.15949611098379907	0.41781081134876663	0.9235313536625925	1.186735124983948	2.3413176559936852	3.6466366369983527	4.023080298254851	5.124283759841276	
0.09464959968439136	0.11246492140301598	0.3802947700753293	0.9899034127899289	1.3648207991413528	2.0580838983856062	3.4551549229629286	4.395044174913141	5.981639066445183	
0.1145749131642458	0.1501399247970434	0.40257715387731524	0.9314448247066796	1.456562187503209	1.8079372303933696	2.422643680242419	4.306738221362066	6.628600748233333	
0.10395826172563355	0.1470627754739042	0.3979391671411324	0.888405239515261	1.5056825118825146	1.976862179785168	3.072387056924017	3.9917944561812604	5.336868708194468	
0.09513635437054091	0.17208843245451896	0.37939872983520334	0.9154657300655653	1.6301493559276843	1.9159528129755068	2.994599127708276	4.2926617173445765	6.143651405606369	
0.11955351410279569	0.18204804283344234	0.3771675836156836	0.8367297578750114	1.3324873432884434	2.0399778153169836	3.6796866477126966	4.875912498990228	6.238636901982812	
0.08536232081688305	0.1605763857933934	0.29725831832644206	0.8436014152625935	1.3622079974706158	2.345363300091986	3.550293923831566	4.424121919570293	5.581400660783115	
0.10268310627791427	0.14237297853112374	0.37834330616376594	0.898490561751629	1.4927571228050693	1.951079090477735	3.1063075363899744	3.890241827141737	5.603082175873627	
0.10500872067960404	0.14861860245440406	0.2677301315168702	0.9186657768895972	1.41849350715982	2.409242692862176	3.3312355298806398	5.367543027216164	6.635210793719723	
0.08904584364763089	0.18424226208321692	0.36612634830254104	0.889763558136093	1.256997185511406	1.9323972582558047	2.407040834210882	4.818300338822367	6.61958733590536	
0.10415337043675373	0.14921204848976757	0.35605899852668255	0.936337922879673	1.4232448422530772	2.366473124329747	3.287860102639409	4.120306869469757	6.236417736068859	
0.09540166291616523	0.16310255088315587	0.3822382495198923	1.0875835470371955	1.4598043923128483	2.524295145148654	3.2560586361617796	4.854597180371251	5.954400403453699	
0.09301100126145767	0.13478372696605787	0.39454199384291355	0.9840579817692096	1.3115551130881786	1.9841883033213223	3.706490211830394	5.1170507406091135	6.407443829449853	
0.10614160471446149	0.1658888295994986	0.43513637332596594	0.9880742889504277	1.5946188990254235	1.9884314389731927	3.01214289557582	4.9084469809312825	5.422406364629251	
0.11210867738926607	0.13745916835089841	0.40302454773507135	0.9446075473661054	1.3224950501726762	2.1534563007701184	3.2459366949261734	4.655463447002188	5.338365369270671	
0.10395068342047063	0.1596591097595967	0.4297209999303115	0.8035212459345444	1.5169641302522745	2.043231560208938	3.6730223580579238	4.321583667109453	5.958538468907891	
0.11060811336719507	0.1413664913420058	0.3298141233806265	0.641012930825016	1.4240498171933231	1.6662292319444556	2.743300708619636	4.354003286087817	6.340012041501904	
0.0964723374279955	0.13014382278424502	0.3630172057767421	0.721374564679625	1.4561888778051035	2.568047096475914	3.6739385695445046	3.9814291829959716	5.281384877431645	
0.08652195886355052	0.1305501078186372	0.3405883996189521	0.847825140284593	1.5079498547382941	2.3552158254208506	2.9099349918892936	3.7877370925251315	6.492576234644929	
0.11000866334235147	0.17045658442473405	0.3530307850758143	0.8248351335787867	1.5508455315229854	2.4908618768304156	3.2734330649030015	5.127779923338383	5.755008788101463	
0.09634803205511666	0.17094343869607748	0.3839302794242255	0.9970047767300931	1.2900511141303745	2.0595825296651187	2.740946209139588	4.502402022275214	5.56663537906481	
0.10310208313131444	0.14553030373453152	0.4504305368145202	0.9585449416544293	1.4427565957046415	1.9946738800811743	3.264399699150557	4.828266534216266	5.08674979062066	
0.11068157817911939	0.1632229724888872	0.3899414058624492	1.0348027109607032	1.3289674265879368	1.8090861687036928	3.400037576492754	3.7750471798087544	5.260946121419062	
0.08998787433242894	0.14877572824006405	0.3662676507957078	0.8334777167564433	1.7211881584018196	2.3799430297564035	3.2961272528688883	4.8803197028847505	5.916272186831639	
0.11754330173838755	0.18766843405093162	0.40479244182891383	0.7491735166017739	1.462297470449921	2.163294247072706	3.3307860432181444	5.004546334893166	5.653377530604367	
0.09843918443755431	0.15167977255901377	0.36238985068014057	0.9921704879328549	1.2797738516235906	2.242964567377229	3.5710303458293255	4.863976151571764	5.975329614666844	
0.11185158372845445	0.12823556106791545	0.39034265799354007	1.2013208322040207	1.6357780662671755	2.280396647871571	3.5385592140335125	4.591181853275537	6.011437917247664	
0.10670738680285224	0.15757891461891768	0.4286130971279079	0.927698671773786	1.4481141022149138	2.437608558456442	3.0484594061112427	4.542605319185558	6.631536894422414	
0.09142384945605733	0.1507990708689263	0.307095146673	0.8856264642798662	1.316796088960374	2.031456891253275	3.763714061008594	3.6121684999171597	6.522826550145539	
0.09576964300728198	0.1557465713354991	0.34921656618490365	1.016522600239029	1.3630811727731442	1.8638336675600287	3.216969914162663	4.392039841922183	5.558102620909567	
0.09993210984492233	0.13613690372065132	0.3635834739145332	0.9990977037237574	1.5330886092542086	2.1576266190812383	3.195333340358313	5.14560662569298	6.757721213497666	
0.10007631290785585	0.11407722844263647	0.409782630043119	0.9114478680051831	1.3661064138098775	2.068352453179126	3.7066049688234513	4.7156392919435985	6.161784805378263	
0.09609115182863598	0.16930444504396425	0.3747466565480106	1.0947634581453403	1.4474154921204407	2.4174894257192183	2.9698187356495	4.3833789570010895	7.230591248724769	
0.11589835813227972	0.17170751499680606	0.3870804729829671	1.0354685694704655	1.7160611456524208	2.4649881288915854	3.233674943415237	5.199247152022972	5.763237433156125	
0.08618342241176301	0.14150604353072826	0.37392887097092015	0.9748108232607987	1.4914286174019638	1.9596757647141718	2.869536960501664	4.587338036920825	4.792292061566344	
0.1100378348438556	0.14879614603054486	0.329621187855788	0.9275419221758427	1.5120493906201362	2.2329207987227524	3.698432156948273	4.756921580880514	6.169313898992879	
0.09805526216814535	0.13912131407825165	0.37085676869842404	1.0497544411490023	1.344601073939364	2.7078596030711823	2.9992828248383536	5.060772705443692	6.993396330483476	
0.08481777459119129	0.16833607565111494	0.3682960670641245	0.784316401301892	1.20801036671273	2.3557436328570396	3.691980007702277	4.499349448153012	7.060825815487165	
0.08278904248433504	0.1529199848104011	0.40551425259849	0.9913157682650734	1.1743311766811229	2.2859063516958407	3.2345811952946883	4.759607452745965	5.289256430841438	
0.11447116750090872	0.15786306151235402	0.39296903295430297	1.0191879110074813	1.5634310362701216	2.339563490939954	3.369605551080094	4.587711111364701	5.776369508555056	
0.09351525678894168	0.14852726740834551	0.41455509369973603	1.020096318130916	1.0970246804352426	2.3320336927297127	2.7165715225716034	4.383228622685538	6.566507291274882	
0.09511700675999671	0.14377507699493922	0.3628630124174332	0.9494466556017633	1.2812494805411736	2.2702109047570986	3.6104889214344364	5.339158178211704	5.766041387358424	
0.11426453071549494	0.14939845797508525	0.36769529293177516	0.9459852009809789	1.4402801066554354	2.2166164846649186	2.7343927106292907	4.558197210317571	5.63897343754809	
0.1184865989488765	0.13834120620329934	0.35625166534161684	0.8780768858424728	1.395157748845522	2.289039666905771	3.004852407415034	4.788181064122156	5.4086965651850605	
0.1089483764250558	0.16748787466829027	0.3272144678924325	0.889924151548355	1.5467749429083364	1.9832642823837745	3.4157390565862604	4.169218777078436	6.405605907841747	
0.10325961023530153	0.16440981395994017	0.39130232696776557	1.012332483216575	1.4739876637996758	2.204818333447999	3.9034185898583633	4.337808380625429	5.997846316314991	
