4	53
0	0	0	1	1	0	0	0	1	1	
0.5512436287601525	0.8409116957649073	4.795336361172761	5.921296366722469	
0.5912797222094611	0.8016865623157953	4.714653421837843	6.619486488708757	
0.5782551882406513	0.9680672762616818	4.316904248398993	6.3563176446185725	
0.6296308662985329	0.8942592640329519	3.5427360093648863	5.520326248640787	
0.6206768758091897	1.0122098962233104	4.227868850551257	6.8067180019057405	
0.689627102079598	0.9949453628726581	3.9888055367821136	6.426815854147264	
0.567695883193042	0.874828777239094	4.7038382793045255	6.257134872627458	
0.6273622805090728	0.9910954029242542	4.474378576636003	5.130690490281464	
0.7249623469377876	0.8936444362291258	4.179237089577773	5.271088353737153	
0.6091012020413299	0.9333200518520645	4.445856327492017	6.899028594534403	
0.6395144949636752	0.8353551549306166	5.4332471826014945	5.0908473776136365	
0.5930550896908073	0.8620893937856741	4.666715706844609	6.381682472733393	
0.5752258782695934	1.0276922863416138	4.589580786338711	6.87660233156239	
0.6557445612526303	0.8861736969325835	4.974827761854229	5.612853387113219	
0.6375902655162319	0.9789637417720568	4.267332902205612	4.803400367891573	
0.6886626703772601	0.968951975149333	4.509248635370231	6.011241976918702	
0.6584865890432477	1.1332307304849705	4.906236798754259	6.220534400194628	
0.617157961106633	0.9638547132837578	4.0482962870440184	6.351019379912874	
0.5213647500730764	0.9710947080537345	4.287772021459869	6.519442852066364	
0.6228406404510833	0.8973754973715066	4.045260669407908	6.885715702538223	
0.5948181754571344	1.0918039338064691	3.9460131065316246	5.848239467362887	
0.46495893703624225	1.0003306960004705	4.877181299175581	5.636939740031798	
0.5607378314776779	0.8938760036906905	4.39205278408286	5.664300633753207	
0.664855090646639	0.8863969385095591	3.6466560118149274	5.847083908222338	
0.5692551095026147	0.8083739889764449	4.585094911422073	4.84436908957904	
0.622852505739033	0.9269259595305452	4.246492996059623	5.312450287300059	
0.5121976200642013	1.0119983273963227	4.3652363295342775	4.992773920232985	
0.5992927742537116	0.9045934646436694	5.135837969096576	5.752830613353817	
0.6587641203491159	0.9096538862892036	3.9682675008282193	6.282927495248735	
0.673056743039416	1.014340697084092	4.641282977363909	6.598371974111563	
0.6102195137055888	0.9376188148181149	3.8373252505362236	6.127386110450056	
0.6904771724056018	0.7778503666753003	3.9095228506764683	5.8037502017183815	
0.5186566430447365	0.9936380597688765	3.722605916909237	6.408357853666068	
0.660260492816329	0.9910919299928477	4.509195777810057	6.320562611365748	
0.5306819296328075	0.9541532041627457	4.2217224706383805	6.534463032181183	
0.6426137466534106	0.8546343008804944	4.658246432673965	6.235869525935165	
0.5715555869712847	0.9320883547913331	4.730192962794728	5.725975251492252	
0.5468485342424054	0.9511894325864143	5.167525538369861	5.9084538732355085	
0.5788694081717713	0.8562872890159453	5.017533786906629	6.525113673177978	
0.5912268460081437	0.8567739347445879	4.141513909729375	5.486742580536128	
0.5704040351128802	0.8778484824206232	4.1678610845919275	6.669076322740686	
0.6951158758524228	0.8286930964808713	4.2428922719638535	5.431256211892423	
0.6191090836352413	0.8983987524607596	4.036219554101702	6.991567202708167	
0.6292620689751323	0.8389114065773077	5.178017807363615	5.3118886860457595	
0.6368670921545154	1.1548592398343076	4.440963209817334	5.827026911994137	
0.6100557914051311	1.136970578944712	5.164300470676518	5.733967349811033	
0.6182719719355172	1.0158308345170066	4.306956757854197	5.321044266412216	
0.6650609098833832	0.9774077807059071	4.643489161525612	6.664119746945799	
0.5312829523895615	0.9084508295984667	5.687184393298723	6.340590052134971	
0.6376808033949602	0.9398433455428218	3.6714926549417957	5.509202644798362	
0.6548072283403981	0.8796101127047953	4.42353084679376	6.174836680895947	
0.5413863720011906	0.8107326220757854	4.49434271808031	5.77753038242694	
0.6136684437658712	0.7968418973633064	4.259377721140659	6.413359155816183	
