5	78
0	0	1	1	1	0	0	1	1	0	
0.49194061936956385	0.6409217179664332	0.840826399633201	3.1339210077536617	4.612453476379757	
0.34327784252657023	0.6259996858734523	0.7517711454772529	3.5139573492260494	4.432315505107335	
0.40637621134314894	0.6598147488055821	1.061102750063871	3.3373224076868775	3.720041218712265	
0.3130691334977087	0.5241193591726382	0.9969826789753361	2.792192954199213	4.394605405167969	
0.3639565336904557	0.6216515157587389	0.9965175741182715	3.2808481914767142	4.860790188187844	
0.33817570489583626	0.6612481179849363	0.9422236664799645	3.4968770699849867	4.267265043508865	
0.302070753302248	0.6399365566081909	0.9166611895840254	3.6405959040374753	4.689837317646892	
0.49217272453385497	0.6762530960310332	0.9068852629334807	2.734914028668416	4.107868247889894	
0.34437123932573716	0.5687387629840568	0.9183439496937272	3.353274418962542	5.118360422841271	
0.3469095904690252	0.5166894608672428	1.0072823765849848	3.6829883547882245	4.279290104529451	
0.41956282838137826	0.6462159516758966	0.7711206913742795	3.0430892829469838	4.285460178786331	
0.45556692100052154	0.6305163663615818	0.8831837893167997	3.0234286777166046	3.7935347605314647	
0.42051314134625295	0.6237375315222892	0.9876084997422678	2.8321874356286623	4.831108146090144	
0.37095315843577475	0.5563723189514135	0.9777183073937974	2.859971080134857	4.580567214589534	
0.3699128748269697	0.6643515208008756	1.0129459037437512	3.279531484780624	4.626416246602478	
0.4027469856687218	0.5994539661590977	0.8539539472185849	3.0930534687919446	3.9507404767309784	
0.4151655204665522	0.6238741964596994	0.8906539405136036	3.014420130393093	4.606344839473396	
0.3263067264836482	0.5358793726419455	0.928178454937066	4.043358612326637	4.703577342056012	
0.38704136951429646	0.5297530937121759	0.8432278971145293	3.6908014706426004	4.292148490297949	
0.38268486402534413	0.6355085595180565	0.8909356968316584	3.0849990176550883	3.7238490721669653	
0.33379935533089883	0.6352092613894212	0.889215890693243	3.467261559072581	3.786844864182717	
0.4108303811214225	0.5976207150491887	0.7932283176252884	3.616986961397648	3.8670029192927764	
0.42093744854422416	0.5980611012911815	0.8468890562009223	3.850731430742032	4.682353327785343	
0.426159837172508	0.6259555276817895	0.9098707179562004	2.967008539801055	4.418460195286936	
0.3862099562389834	0.6489969176181772	0.893437873249784	3.4169019134242182	5.255322669090111	
0.38601189744121356	0.48245600695432667	0.9345108896232291	3.2192235646011746	4.443143638476096	
0.3193646193233259	0.6165880534888822	0.880534251815731	3.2157023955242154	4.926601701776908	
0.3491620293241678	0.5938563454225642	0.9111896668144832	3.1961239822946297	4.30031651541246	
0.3651825309942127	0.7005037406266154	0.8906728617677088	3.3379837366270566	4.547231340460705	
0.38276828880293245	0.6288142241110265	0.8711348030484687	3.705460472783459	4.085975566941153	
0.37374776480432803	0.5288062530625111	1.0134246926053292	2.950615732165389	4.840064968809071	
0.3900661260346301	0.6105713314446816	1.033810426661753	3.0535341293251776	5.160147569592258	
0.36540895711941446	0.6259025791497802	0.9120159713696653	3.4506024648925298	4.048779128795828	
0.38407035391130756	0.6010931538248289	0.9705542069842541	3.381778700895851	4.1127432396910635	
0.4296363637810432	0.5965476637108609	0.9979363773981309	2.840213356190551	4.313400757337475	
0.42098718055293677	0.6981209612558706	0.9694626711616702	3.2213718398302635	4.021982104458501	
0.4102969591742065	0.6183914685002292	0.7111471273795141	2.686843361200067	4.657619749415295	
0.34837675682397684	0.5376257779030681	0.9203234286132856	3.36154113872688	5.143696725239632	
0.34893815247350085	0.6261485220310486	0.8345253965539849	3.089075088932704	4.58500159296724	
0.3743893874080475	0.5180299967814004	0.9777513721558333	3.49090277893094	5.561675078355902	
0.38843272208078855	0.6104241827663814	0.958203331923063	2.8066471187188333	3.9169585191892704	
0.37686081704712426	0.46217910245227845	0.8248430880236575	3.088288341841315	4.953965309154725	
0.38985538252021223	0.50892437253249	0.926254554928726	3.4396182769506556	4.82137918163609	
0.41972936979471714	0.6718831628289398	0.9830010148371853	3.4083054809858266	4.604649544151739	
0.41201046476316994	0.5527292712274579	0.9109891618106319	3.0227013231963595	4.695096570387347	
0.37016380797092074	0.6608063373948753	0.9348580154233149	3.5956440819359554	3.5499685211628074	
0.35264669079290795	0.656290151042784	0.9318901087180148	3.5931593689042267	4.6129061217315	
0.34451355668203404	0.707606570145538	0.868299314124765	3.0076668005810703	4.868860154930025	
0.34536677581596376	0.5224074775117703	0.8586077421047814	3.5165535568863757	5.462808148281788	
0.3801856546955636	0.556551091333658	1.0448182808702609	3.0500323410333303	4.300137143624145	
0.39583027190280196	0.668466048870458	0.936558337058607	3.134717330030647	5.544578399916128	
0.35451370557455886	0.5664160087358843	0.8938862518097498	3.4291202915975707	4.289797513253021	
0.4110557489803817	0.5968920063305847	0.9003274331164691	3.067352237450681	4.488690589294463	
0.3969905170420307	0.5978920245238525	0.9516242682603785	2.9980725805493997	4.177806908455804	
0.3798189590301017	0.6071747887022435	0.934443449430046	3.05814729071344	4.532795476016658	
0.3809657308739754	0.5927304123062137	0.8693453512792071	3.4187566895602957	4.494671910314987	
0.35149039139697014	0.5925010148540629	0.87580369678499	3.251025756040692	5.142718140662931	
0.38561909119114135	0.6120885182040324	1.0624621331251105	3.3380983486987614	4.695179576204846	
0.38548455299689427	0.57691587483854	0.9716721801477429	3.8032037090236526	3.905620082110841	
0.3626261897701885	0.5488201177482731	0.8610621690002552	3.647616995868834	4.428794566852372	
0.4074727390728686	0.5599781132829068	0.8700292764467912	2.919251399745986	5.150269232302584	
0.4094541693188606	0.5369694098406587	1.0362309337463433	3.165662489848073	4.703948083134806	
0.3817864422648943	0.5138026905704077	0.8530198749645898	3.690031835925653	4.922684905962906	
0.3411769516367897	0.6124790533731973	0.9100378022623328	3.621135087310051	4.407805472603217	
0.3508097308218915	0.6442253138619128	1.040586722464553	3.377900918325868	4.7574460412168635	
0.3345833270794792	0.5233249362029709	0.8044502189622305	3.591507886637429	4.325745278097638	
0.41139940741493153	0.5639846979739108	0.9286474656035453	2.988152402654024	4.35259357034791	
0.3150359454077786	0.5809411925554846	0.8922471357476073	2.699154895987825	4.691155092540862	
0.401822750740688	0.5602775937376073	0.8179130063306627	3.8123803944461168	4.615273191872573	
0.2895593045454801	0.5743003754766837	0.8694016909110283	3.014230070698584	4.991483768381726	
0.3896122655760778	0.638118489210752	0.9171747303191939	3.5273392437699904	4.332013471805027	
0.3888481563495464	0.6292381640875554	0.8720676942018428	2.5686046104517435	3.7380583977241395	
0.4678523899887742	0.6390674314013389	0.994931492826688	3.711980316471635	3.9937911473166574	
0.3524764350144323	0.5337124562400208	1.149162536437564	2.925702960413436	5.064411392117542	
0.3549615788668608	0.6051179654407677	1.0481392607192574	3.3429476714631425	4.440757497297573	
0.466198463989531	0.4899654004321147	0.842200647955105	3.149376713435175	4.969924844627486	
0.36086210976219907	0.6580629811950842	0.76981436457577	3.623192210633969	4.902104756091806	
0.33915958026720533	0.5979303274908198	0.9049450080718521	3.3963033032874153	5.022528675925605	
