9	33
1	1	1	1	0	1	1	1	1	1	
0.11166257406949964	0.1396842456049812	0.33674323337186773	0.6015276385634865	1.4229775976022834	2.186448513065823	3.361631674514793	4.5303614292749215	5.53345147826791	
0.10284011576819391	0.173035370735015	0.3811505825112102	0.6146655802917663	1.6097682849235886	1.9587892599658314	3.2252901891940104	5.011321581938355	6.499757046078619	
0.10792683186586818	0.11576471186680155	0.3553589950957425	0.5144056920567541	1.6375192746100788	2.2638765971174513	3.2467249756482053	4.179049454565531	5.810983031231796	
0.12219948359089434	0.15053874364445397	0.3578079510604322	0.5315323210013208	1.696658142276817	2.1527530193529576	3.147216834604015	3.913397358433863	5.467520709245772	
0.11224463829182847	0.1266296854595238	0.33324813607404313	0.5796675730464543	1.5027322121312596	2.1807046381356567	3.0880514821160148	4.260175116136081	5.6411553386457935	
0.09936250239604001	0.13785250748455743	0.39131685663611104	0.6777941533177144	1.5897637008914454	1.8131732202721216	2.9253100256688747	4.735298189867736	6.112380930954844	
0.10254827535457776	0.1730257901419278	0.4661355173674483	0.6485624631978175	1.2200297643230178	2.118619533606761	3.7084063369860334	5.307670120496195	5.887393743460132	
0.10536030344694969	0.1609530462646616	0.4142426638405198	0.6696225025092644	1.058756636485853	2.3073343063300067	3.228985602376305	4.598635696233232	5.4437596452737	
0.09204782214383495	0.1465719351537929	0.4034860815660548	0.5164668042048256	1.4410040221466338	2.508901642033132	3.972885311133623	4.5538137245299914	5.81962189839372	
0.09670829039482182	0.1602285843892043	0.40462502710655857	0.5855488264954538	1.3216572750787972	1.905138606370307	3.202641510096656	5.041947398347597	5.551371528725346	
0.09509541567581567	0.14800977378602717	0.34996112816247243	0.7225868506152914	1.509053025308147	2.3257467932828972	2.883905894742582	4.395149888707713	6.45920888162221	
0.10321344497322137	0.19198950453801175	0.40875986878844756	0.563961904517738	1.4379832884409531	2.242745042065152	3.596540581322158	3.402879364115926	5.489614071993989	
0.10346194629843149	0.11534011868910761	0.42676153131882444	0.6082978713936195	1.4134145312504862	1.8476768265500718	3.7913826184276056	3.9263810747775505	6.697117110516697	
0.1226506905206192	0.17678194060896926	0.39075602752579786	0.5865767860365428	1.5672788805128517	2.134972300643444	3.3612237157062563	3.9734662721162946	6.540315467198225	
0.09357428676159753	0.17136337152260767	0.332912954513425	0.5706237241732325	1.4012245501023342	2.0266679133405585	3.0787881407206776	4.552119417192863	5.641256874866723	
0.09274483554671466	0.146541575737116	0.4142893054812855	0.675899753516464	1.3447502471900117	2.203424686442035	3.3789180101026037	5.156493642912652	7.248697408888706	
0.07711994111667438	0.12245771508199597	0.37622368171941767	0.530763433034413	1.3088677021551938	1.834121822741034	3.3463054404550827	4.344503298239425	6.68145684983674	
0.09814810631376848	0.1517329966023616	0.44123054409595736	0.6158099367685906	1.4489326145971437	1.8978501821400122	3.2916706722866684	4.237008962368502	6.052844149850502	
0.08501401747932472	0.1462481358641065	0.335921459540335	0.7005731522403956	1.5709720769458613	2.1579383374180816	3.279196651236197	4.49670154245741	6.7138329517488815	
0.09449660168081225	0.20251167062444456	0.37286673580047475	0.5038648425452252	1.459229501610035	2.1833857449544296	3.102991084243074	4.0680498647149745	5.023063180357406	
0.09376182451682535	0.1567782574018635	0.4148536775481042	0.7132594731895638	1.691433982598832	1.8902952416953622	2.8164447932372134	4.143636825802042	6.107580265110878	
0.09187390999460082	0.14803534287884498	0.37279945020399957	0.6251351585344084	1.437975447497126	2.3176182394434144	3.1547881385685796	4.926651901583589	4.897857206528066	
0.09600605873729368	0.1563706332094363	0.37423076904583535	0.4974186395324038	1.2594561986504538	1.968405831567281	2.9160528916105886	4.506142674667656	5.313810786601398	
0.11027705044942991	0.13880512994892932	0.34079773839373656	0.6595694861498868	1.4151092005279566	1.94881307986177	3.4266485355408403	4.093140576681268	6.270025205962975	
0.09602933276987118	0.12069201216220767	0.3615652525674768	0.7324563911499544	1.6783489000045098	2.3206700056188105	3.802119333343024	4.520617284630752	6.29570444421762	
0.09935211832862625	0.13681965963372814	0.34302512215061215	0.6422561265958914	1.2130498583617835	2.0380845175464755	3.5311360000109873	5.288216682797281	6.591244305446374	
0.0912134195526984	0.15201101728050584	0.3522473685355926	0.5983881525049057	1.5796432757040446	1.9056873996517436	3.1780817724412915	3.4172921720602583	5.740245049423201	
0.10091431317430688	0.13645116264239496	0.30862468371161583	0.5563146707470475	1.230128758113991	2.7138570786574623	3.184376213036698	4.958809463269911	5.352531350468135	
0.09044181348589513	0.130439648595858	0.3891873861689612	0.5485769763555867	1.438628944371786	2.1407768738016233	3.3868902518501245	4.197194250368309	5.749337540256113	
0.12090663228060182	0.1314482208869847	0.38226507109857877	0.6047879562175715	1.3601826344461145	1.8236806271210215	2.952669129810723	4.265737950814298	5.72786679925599	
0.0899397206612903	0.14478239849397673	0.38806698233763237	0.5175722820074624	1.4096510419466308	2.1311605872314128	3.1862011238963643	4.9837966099362445	6.667032076648246	
0.10478031421628675	0.1626189207554945	0.39829433384284463	0.6245816788052986	1.2816644991980912	2.130949039049051	3.6945408468909537	4.3307359771440685	5.907587528455601	
0.11074941904300822	0.14909282101003685	0.3761733773401372	0.5997701041102095	1.3785357184494806	2.2116135914516097	3.090985804258645	4.222568579724352	6.372724800509833	
