5	80
0	1	0	1	1	1	0	1	0	0	
0.1368526730559584	0.6076527202597541	0.9461364500420627	1.365573176237699	3.1121960035294003	
0.15311014760814365	0.6765152843161396	1.0044181370127596	1.504060265462441	2.7797731289842305	
0.1645177472427625	0.6239438166474323	1.162518943538043	1.4434214128028684	3.4894980660467936	
0.15768722046693398	0.5991191151577535	0.9328953341861078	1.365743091177702	3.456950571152047	
0.13141868232663503	0.7706034310938809	0.9228429907800267	1.3619981121259759	3.2016284050167942	
0.16504494667868094	0.6452965814550566	0.9315515606932852	1.3772067334521454	2.9249217453162832	
0.15003457099907982	0.6250091607802736	0.7332236004518655	1.574760088646114	3.4365915856465725	
0.14608502547926808	0.6047109882134233	0.8544834552673827	1.4542590451044664	2.6002055198669147	
0.16569750182026516	0.5905861551268958	0.7594867456679781	1.590191684974789	3.1193481132084973	
0.14261727701131494	0.5777673503682135	0.8840988108275111	1.5226912133498023	3.2201340003706473	
0.1442948262425807	0.5836247469852947	1.0488595347240806	1.34113145322691	3.2366565082917678	
0.13567352737501306	0.6773832904808716	0.873049053963503	1.65487049299037	4.056198147420583	
0.16118234026134973	0.5624056205609017	0.8442533696519321	1.6055494158251917	3.355715752603519	
0.15044072175472067	0.633656318571662	0.8464314115772645	1.4043886545845963	2.95184774182312	
0.1560644698897452	0.6425557752644603	1.0378840558795743	1.3455071420573228	3.5970876214898215	
0.12467301991115533	0.5370758060248643	0.9934689532308668	1.5141459233161343	3.396106516405987	
0.12677442643857972	0.6661102804643859	0.9631548927059551	1.4629671859549207	3.5030810432857824	
0.1441286132579765	0.6757067582038521	0.9595360609331385	1.4920498731462828	3.5205331531918898	
0.12540804357703644	0.5759520373431998	0.8993743156651941	1.3399725489317114	3.353142394018518	
0.14493338666612654	0.6533694508655621	0.9577083867050155	1.334491467268848	3.3376696463086235	
0.13506520158533128	0.5298142748736061	0.9079891803928307	1.511976581240138	3.453281534500358	
0.15986755224736818	0.5685365486456156	0.878252621635809	1.0842457430816859	2.7902425602139247	
0.175850703082343	0.6058008385228607	0.8898270260248131	1.5543131675430384	3.407851266028293	
0.1551501136195064	0.5765047214832028	0.9236886967713153	1.5247066199489585	3.5879215509305666	
0.14846099101323257	0.6393840449040625	0.7761150041938586	1.3206410182003856	3.143358590393216	
0.13396822233508	0.5722634615014544	1.1761145227425083	1.6964728978802004	2.841775833974616	
0.14637875655763186	0.5797168919235232	0.8705568546457598	1.2388848659660172	3.209542453969045	
0.13790484616875495	0.5219520596107613	0.8678794505409511	1.5961114162319616	3.0827406832086006	
0.14198445840441853	0.6011914684881168	1.029979611187822	1.2275248985022973	3.446888095635482	
0.15288889317970264	0.6528559129158988	0.9870698579665694	1.7016324710090227	3.061744802819202	
0.13678582952832838	0.5606056452482852	0.9554530727743461	1.595200481132641	3.7144662293057715	
0.1410608396646458	0.7062350272342043	0.9530094870515249	1.4212808527338539	3.229916723775373	
0.17019603327683064	0.5456095244468043	0.9644300951205029	1.454450827177191	2.8185945743510934	
0.1108477314492319	0.6063591818082718	0.8154832539249636	1.390718493629464	3.233620630446543	
0.12464735279836373	0.5889865432922753	0.8794430352336655	1.3506691485878517	3.089500380031129	
0.14407786175014764	0.5360936056524485	1.294195122959207	1.18563380299115	3.3830701982026468	
0.14516720749256756	0.5523372779687732	0.9843798213116901	1.5819319596176584	3.3018314287106887	
0.15215782130010222	0.6129734735371287	0.9086266812637284	1.5316040330160292	2.8640009102346835	
0.1310109131915612	0.6661515628415714	0.7651059961235636	1.3915851255332168	2.832372569411507	
0.1471296738055507	0.5649656774686409	1.0166924739921492	1.678417428748822	2.884570114931258	
0.13725552256158693	0.569508574660109	0.911015988495517	1.554666654411802	2.9198580026715746	
0.14593117397836777	0.5855475281235348	0.8879297040234434	1.51497328869793	3.1708812776656856	
0.12541003924734076	0.5187715543493538	0.9187303311460004	1.690560791872708	3.419841145704332	
0.1644963872973768	0.5977260361079134	0.9313353229878739	1.4652792203946645	3.269532445221334	
0.1529089871186714	0.66531162201658	0.9378808518968521	1.4168881472880583	3.775412313295236	
0.1575975491924461	0.4930938441056961	0.8535001705559788	1.242024662380451	3.423422903601648	
0.16973314049243052	0.6473585197032373	0.9169926176263157	1.6804410297980688	3.346967672897833	
0.16366482252331943	0.6237037900705943	0.8281199511166788	1.3735283757644574	3.412162315923994	
0.15518951095375916	0.5906414695602074	0.8913210443559733	1.5148226842300376	3.572839458387033	
0.15406019755133504	0.6959798494160422	1.0408468459365356	1.3653238822436817	3.5047033521523256	
0.19269697576679023	0.5519339145274512	0.9865985271989708	1.1885944879847727	3.4912561852311454	
0.16382133269031568	0.5965293774243334	0.9033111552629012	1.4300139291566487	2.8630328167740133	
0.1450451647901121	0.593804012509675	1.0046102498550766	1.1037043076105566	3.3089606114783567	
0.13730398694677906	0.6027052155140148	1.1180427845629144	1.3569963812493733	2.8119535191915612	
0.12593740802831352	0.6080603317484463	1.0450966185341675	1.1928995673597576	3.4824529789824306	
0.13990160399147042	0.5984586398503902	1.0550598424595963	1.3857190745004804	3.4058800425633526	
0.14079078332113465	0.5830076475741929	0.9229950118508732	1.3952411428574105	2.572709581024603	
0.15160438218147745	0.6355352702001945	0.942979454372644	1.5554887034564042	3.3486664451182917	
0.1291588605385891	0.5753952586571428	0.8395436069545544	1.0567627536668605	3.584700154632886	
0.193166253025543	0.5595412149274116	0.9484331833794724	1.298854492116099	3.3221557896621845	
0.1683534903553471	0.6301612286879307	1.0236888989530157	1.6419628155147983	3.8125823565339694	
0.15476103014636586	0.5488747916236373	0.8701493181011268	1.4086714432592704	3.161245627941768	
0.12897364804957334	0.598897767001661	0.9421475008806643	1.3013535128339018	3.2311348524748724	
0.13243755693888046	0.6146943135871888	0.8534085632891514	1.4764681258968977	3.446691173130702	
0.1620392729895979	0.706261395440949	0.9736080459939186	1.424088511316999	3.55145217357714	
0.12628526310478985	0.5743391913186848	0.8851390944935712	1.3185121349283822	3.1806747709821277	
0.1813758227888537	0.586532993781383	0.9775620711137876	1.31171409672327	3.003752293152376	
0.1361458746486287	0.5554936111083713	1.0693573779593657	1.374047938458854	3.00234253245172	
0.15690098866594815	0.606265193634372	1.0882465248247732	1.4813987585813657	3.7100027599055383	
0.13255693065226595	0.5938709259027167	0.9977041651051319	1.3332089150096365	3.279905790440531	
0.13228464517481073	0.5967787141739765	0.7939281220682298	1.3193921131474657	2.835906298809223	
0.14665782509570202	0.6314050083911414	0.802021900000459	1.4979236952054076	3.0524989040485293	
0.11807483782807836	0.6452833968080914	0.9655088104406112	1.375292609372701	3.529295763107869	
0.18137327288847996	0.6065551934778587	1.0393802211865322	1.1961850910553697	3.379751848166264	
0.1570070741825553	0.6269663770772841	0.7987814705618567	1.3509450421326588	3.3523508952260372	
0.14891060390849833	0.5789607458650283	0.9909569569655913	1.3312062148210282	3.120777373821565	
0.15857069435307877	0.6679964803044657	0.9576017552496832	1.660111201294212	3.76156692611625	
0.17663189675711294	0.539339798557212	0.921373651437677	1.4493733418833112	2.9227068670609357	
0.1470230541062581	0.5586086582083507	0.7300126503250076	1.2785471571944653	3.2587236290625006	
0.17551380013467452	0.5214019793678698	1.044883571833241	1.430073822443133	3.2063209642336603	
