4	77
0	0	1	0	1	1	0	0	1	0	
0.37885000381131456	0.9029889421729632	1.4935127594654778	4.867089518993431	
0.40289399057872977	1.0267253838437853	1.2843015961394568	4.3975030593943645	
0.34427939457929735	0.8940915118239888	1.5751765875294457	4.5485927643263535	
0.4790606481996913	0.9479867921486437	1.438535938922902	4.5477823137480975	
0.35576326967132244	0.9246211950488837	1.5912736878769655	4.551286800657497	
0.3498485302644281	0.843967130295487	1.3656211294917844	4.533238545484896	
0.425356288348098	0.8053345563529214	1.3842648422619077	4.564939508745786	
0.3103191808300815	0.8524753596841242	1.3327759388177254	4.141813331767276	
0.38729180271082264	0.915067956316333	1.3505940873280518	4.692583181948686	
0.4454768392705575	1.082450856056983	1.1550436365950858	4.759682482725813	
0.37323511497757417	0.9444294468864782	1.3730455262034156	4.552914883449241	
0.3857534810507367	0.8761574865665501	1.301819440660999	4.298086942821232	
0.3889018520493571	0.9857066597766365	1.5520289037596409	4.277614489619889	
0.39078609355750393	1.0195127410516567	1.5966800700056103	4.473525215640815	
0.3716045944522947	0.9477745537467845	1.2655918313756709	4.412875720034021	
0.40829428314197896	0.9897010830382642	1.391351732575964	4.597973190489225	
0.3486632870689539	0.9954247697849273	1.4188715346324843	4.375821846736738	
0.36625449422845135	0.9241508703783132	1.3659534967747298	4.796164366201153	
0.3649792251753851	1.0781456609305464	1.6395251019978372	4.098805429565473	
0.3826487622383127	0.8694889342157339	1.3832893984640284	5.40109236044016	
0.3683122861495996	0.9635010214482009	1.5074089450431838	4.049716782382542	
0.34750637197245027	0.817839919459045	1.3033061850526177	3.2174864508072676	
0.40069413123015785	1.1210400272368144	1.4511383656822232	3.8626790132967264	
0.35557449744980196	0.8873244534126753	1.2844853768584872	4.887082187277821	
0.41078988168626274	0.8225429831749577	1.5336865893559937	5.18706569860977	
0.45229721179872323	1.1964647181469947	1.3010150511296228	5.770899191877842	
0.36654015723666605	0.8749007126496122	1.4767713496075319	4.238072399658145	
0.39516367734456803	0.807232821540431	1.3958583779049287	5.0785120054627555	
0.37783167092561604	0.9431684081668091	1.4979619804745756	5.0267977331929465	
0.3171014609368015	0.9843607368208814	1.3916561030884278	4.574987052890327	
0.4202781064509703	0.8189406414186986	1.2851918448736381	3.6290565181287873	
0.3591319602129765	1.05373020802723	1.4127560320482937	3.8969437969553464	
0.36154420770614826	0.7916288615753722	1.2690983874524437	4.674968509618671	
0.33539281360037093	1.033474990383907	1.419829798411262	4.538517616775036	
0.36942182723090006	1.0018748489845661	1.5419918639521124	4.650774458360477	
0.4014619860244906	0.9102756606974005	1.5075350299879937	4.3479550010367864	
0.38008480164217134	0.9044581313089344	1.3646177488773548	4.189899691025195	
0.3977722239466377	1.0518863498916522	1.597467581948747	3.934545598824554	
0.4289897159534612	0.9004112593495327	1.5159048211658195	4.092203100578755	
0.38539523672721226	0.9591762560094125	1.2177015147554897	4.773720224854886	
0.43114553029785596	0.9137577410516087	1.6245040427084056	4.4146379279464165	
0.41228421217977146	0.7236729931665478	1.7758852224418251	5.172956210359331	
0.36918423083836016	0.746595720522125	1.4711880566676847	3.8502335038168094	
0.39690443442718454	0.9682756118822783	1.2953793468327104	5.004435160626469	
0.4106118387066346	1.0207515703678365	1.4312666516246522	3.8630141698888316	
0.41715914634402324	0.9048554598803714	1.2312614395234482	5.108417714688447	
0.4597774857790954	0.9261639240049342	1.7387543251082707	4.541091627875107	
0.36554267564167864	0.8713673637607506	1.664102784342962	4.148935253375503	
0.4079402337790496	0.8779977633394936	1.364176132951866	4.963612362286305	
0.3655585998410046	0.8923540297139128	1.5919910716959973	5.21882878194973	
0.40449821252480084	0.8691064108669728	1.3569829846004462	4.535961868683017	
0.392195342353175	0.8381284703570013	1.5333944253599205	4.538480998337819	
0.3148030838917511	0.8436098371311521	1.357909599667812	4.467214040021525	
0.4517925942291519	0.9521499314709854	1.3097696197444966	4.599283861938223	
0.36662066559675255	0.9602025162766195	1.513021179246093	5.044153791250772	
0.379077113164539	1.0824233290667846	1.5598472407426753	4.181652204834515	
0.46397451529844164	0.9604104897341191	1.3105771959319703	5.24381087305369	
0.45895554823754087	0.9269286504740809	1.3579780127662897	4.422431269145853	
0.40715980564567256	1.0488406689178378	1.511579688313491	4.545775443812296	
0.43692444727156826	0.9009062080062085	1.5774214653864675	4.370371740741925	
0.39637887240441394	0.919438681474488	1.422013137880648	4.3301760671420055	
0.43110445318486634	0.8618378784559063	1.3241467878855346	5.4544471046303	
0.41715820745686455	0.7081844260215476	1.3491680002929123	3.6846047980970758	
0.3438737536502203	0.6381181360402343	1.4104104903897663	3.9861261813774096	
0.3822763997582646	0.7788637229239253	1.4418563950036019	4.313287674845853	
0.4370742126771666	1.0612561881423432	1.5423044212304704	4.353023798702455	
0.4554444550198911	0.7855677191608967	1.2292911159723963	4.462297605049921	
0.46565344813900256	0.911182481661082	1.4037959302210725	3.8511403397496857	
0.41594532424027436	1.01864539165263	1.542837753800187	4.216850697218687	
0.3531451428018258	0.8097396307123378	1.4419937677518133	4.013816701824674	
0.335258172800527	0.8905967633273072	1.360050666948657	4.25790966203012	
0.39772489467992994	0.937351445599976	1.3887936876369102	4.582355817740167	
0.342321972438024	0.9397909120236	1.4515361564767826	3.8236289132891335	
0.4178363626660737	0.8480266654138895	1.44291430128652	5.023985283240871	
0.41517571679312704	0.9331930051369016	1.3781626425878641	4.926380358859005	
0.4056384091567276	0.872492053135896	1.316330208478758	3.567440168236801	
0.3858532099839764	0.9223091097132889	1.5924753665738833	4.661574792066165	
