7	49
1	0	0	0	1	1	1	1	1	1	
0.08725452207149673	0.9865114464887769	1.2284531009334951	2.2797357512150684	2.9875717613223163	4.718015431886116	5.444052576710785	
0.09335627450161815	0.9161649187290579	1.3234517393615992	1.9160758063982795	3.0877128672083534	4.591257828402554	4.227168723116389	
0.10193345865113271	0.7694277958260733	1.475186271964143	2.62544241310227	3.1848091431249594	4.586342558185431	5.3088092401861715	
0.09767945523196077	0.7770290793737658	1.5892427373249354	1.8850278774022715	3.1927799708686453	5.271038571698164	5.884087471128633	
0.09845458535632833	0.9589250160124821	1.635263704616377	2.077936531322686	3.781227162022975	4.677291774268911	6.420295732144271	
0.1085435356137471	0.9497847141988686	1.3915317929026674	2.107429595056487	2.9932228666430496	4.055485263175203	5.742956843657569	
0.09678787683794532	0.8743242921912219	1.2847009168234849	2.2884417996085644	3.8009292306413873	5.394970713886095	6.3948257082082804	
0.08444605272255476	1.1004398844984908	1.5152570603258175	2.3539288670986642	3.694204162698728	5.182596683613672	6.057938066964839	
0.09134209073245432	1.0480845909844598	0.9271218405318229	1.9494623053658204	3.845106830502376	4.1998931493143115	7.004892954344119	
0.09266137092374577	0.8103378805838763	1.4663685791260554	2.327780433834931	3.100318447913394	4.676348822138868	6.20587851682545	
0.10310260740532994	1.201978781155634	1.341144181937002	2.2350228694438297	3.05022669522935	4.0037251396315545	5.935565297489003	
0.08359288427037931	0.9728178424192374	1.489282708197914	2.035677557129664	3.178962032017244	5.068345980599015	5.83192903786777	
0.08981100867606023	0.8708986490186641	1.58114650720691	2.536742180738342	3.3084044617678066	4.61053923488431	5.87462109431741	
0.0973818214156852	0.8365569067065861	1.431964192865797	2.0880937437126	2.7610969080286827	4.615647999425789	5.287891251490839	
0.06935251159392988	0.9170412153948871	1.3322844151405497	2.023535225484328	3.5032730155855996	3.75624586218286	6.864439002223468	
0.10427538861821246	1.0309815074054558	1.2843994818130209	2.5929761109192855	3.107811128652566	4.363577964459602	6.174930160221792	
0.10111063765507321	0.9762261968453252	1.4586024645168496	1.761559550279566	3.4986585771187264	4.753668122884782	5.362421107729155	
0.08707885376278537	0.9665675304226269	1.4826550541430055	2.3917087731166564	3.623116045958189	5.3484469319400185	5.661300731374982	
0.08949234940191365	0.795257512171295	1.324540931397078	2.362507097295045	2.739696357995115	3.85923174981574	5.528487668000187	
0.1021062675952073	0.9977614361088849	1.4238386492613782	1.9753156022757705	3.526869423767079	4.320402662207496	4.310042193585005	
0.10744079657540567	0.9958518869241468	1.5780318818554706	1.9469589671510839	3.3695772300402806	5.058578537464498	6.758524904357693	
0.09479306502931467	0.8203730456901238	1.2519931760702523	1.4742592915524964	3.261018198667498	3.8496646527453335	6.696672964796653	
0.08553827006996458	0.9406625743938907	1.1631440768898018	2.310840596289739	3.7649696418567222	4.946491419988784	6.564016204054532	
0.1088586754103606	1.0372950920291255	1.368719876697511	1.6464552487705686	3.3265540236701834	4.4217611838279876	6.453132516733098	
0.11076113919794661	0.9731198287105346	1.098195591060021	1.812345157201013	3.2330303116499044	4.805453695567664	5.516206189328063	
0.09625726923649217	1.0203359514346293	1.4221574578540312	2.441067906818299	3.2303256523311847	4.3277274489395205	5.199355124114592	
0.08856262209748506	0.8659593400073041	1.6958034420874784	2.6700975960409785	3.1385057520054893	5.061601438197503	6.414789429228637	
0.09477925154078354	0.8384528978190572	1.491226117389989	1.8618594071221028	4.011662691300037	4.645237664710261	6.658724721974254	
0.09818531724190295	1.0647387781821032	1.607115385246005	2.2339352089817446	2.661803751628396	3.9658247480063906	6.336299404781293	
0.11234299446753536	0.9977605597847883	1.5299979354773503	2.3687667090554694	3.3810815962040692	4.75009298254707	6.974610005490586	
0.09986604846228986	1.0798918921162803	1.126845576785832	2.108093647385479	3.0971863487647	4.866029431051477	5.517897787794025	
0.09287585645661842	0.8283786934259821	1.5134521746959093	2.2366032249915513	3.4929351723760487	4.301801107178443	6.213239392561627	
0.09315320696866679	0.9584311248944948	1.630709890913515	2.122302563515436	3.108973782950741	4.438637175629887	6.211416909709925	
0.1064869585604104	0.9247566505723454	1.4086484803886552	2.352371389197155	3.144060534712791	4.552337790134732	5.892941495146366	
0.0992612980363168	0.9584710354010767	1.4719587257584692	2.0685232243618583	3.4952508056979976	4.3733086309500955	5.86378064523901	
0.10715937716303284	0.9847161991564556	1.4498367954247142	2.1721350231894836	3.199279822607874	4.465533698389813	5.632194216071776	
0.1293081773741778	0.9987516033650661	1.3741553013569414	2.2498507883100354	2.7008167870136446	4.301327236417199	6.805218484881585	
0.12085476584898128	0.8769513175681152	1.5027265668064378	2.0392405045469886	3.5993518148610826	3.835944656154196	6.224002300258096	
0.08733533891315914	0.9220533218576863	1.3940683111372338	2.1720158963295924	3.7223511512439593	4.763295734222657	6.063415073498291	
0.10127002542027289	0.9529787023035258	1.5517778171890309	2.249761722059182	3.7002344269107357	4.08773734640237	5.944656270029698	
0.09970687165665448	0.9094114119957705	1.4335808943893962	2.249019883170786	2.94914510491467	3.4972825696803644	6.2426044932877405	
0.09240151687018493	0.8203432689469919	1.406448944590709	2.5170086275788015	3.7639476636719387	4.427940760643694	5.211524070499065	
0.11018829218639753	1.1189801939021269	1.681959223363362	2.152885980877745	3.4281942149538125	4.723955365860066	6.142913160124852	
0.09390462624602922	0.8397786972814906	1.565893514980179	2.202375581187109	3.4201449769415015	4.326678916003344	5.645109807162733	
0.08297022614509539	0.7597224425906327	1.5736291879918072	2.546864902804927	3.2774033455134433	4.538172342236363	5.585543184147154	
0.08931513878874042	0.8731254822629836	1.648440233062167	2.6148343246168615	2.868811487234229	4.8494816265677905	6.807580740208955	
0.09580331851788829	0.9515370667598836	1.3162757840103636	2.398499850332578	3.473591402358577	3.883135982252095	5.854567627041869	
0.09625877885338412	1.0671833622608653	1.4698082178981313	2.105157376093505	3.590050659086928	3.7571068352305943	5.109704032626766	
0.1159730076016631	0.8938378911431217	1.334124406206547	2.0846955536316547	3.909391338392669	4.990935726250903	5.108265647903455	
