6	45
1	0	1	0	1	1	1	0	1	0	
0.11673132996789069	0.34339780302615625	0.9790078545449192	1.2047333093670118	2.009971247911555	3.970408419029008	
0.09344426362197829	0.36613034136245587	1.007582655538128	1.5538508638552189	2.1556574286833787	4.407040906100194	
0.08511000031282803	0.31966463657216065	0.952974939014674	1.606738675604293	2.186366582045567	4.544904560391242	
0.12013050965629797	0.40657432648030856	0.808873788577876	1.2537622639577808	2.043124109982676	3.9899206062560237	
0.09360831152183174	0.37930229605184246	0.8106511423925997	1.4234283462899684	2.190281787864143	5.52055151062022	
0.09807445074472204	0.36203685427290017	1.1030060613007604	1.2143429141572855	2.682557516821783	4.645626342794739	
0.11123913056240296	0.36591006824801275	0.8005392154511791	1.2541635899568617	2.2471513872661664	5.369618920678953	
0.08864009286186895	0.38718855593963364	0.7887916334018659	1.6039621500697605	2.2200324892008294	3.751466403514896	
0.10233700988856707	0.3970751006713439	1.03494932747436	1.490820640316864	1.4902042366907153	3.5208473505803974	
0.10472528536060717	0.3080148630417374	1.2382598463199703	1.460676214114998	2.271196930120396	4.250887414751671	
0.10175083520943946	0.4753080412963236	0.905920807126469	1.512248724561642	2.3185817539826052	4.058780296233514	
0.10118151245093886	0.39248086380407343	1.0535929215237427	1.3662824462624965	1.7875020908283101	5.133972095106968	
0.10148819801643261	0.4089975645251379	0.9903080727981496	1.7003735240509998	2.2258791367232957	5.001740539165345	
0.10505287023087911	0.38097522319988925	1.1057976594258678	1.6080959551475604	1.9980293470481019	4.621238379990356	
0.10062675550257649	0.3772872019887951	0.9770298976314736	1.4807135240424878	1.8499429548923463	4.346511729951032	
0.09742237768754716	0.35690921585498653	0.8298291168919595	1.3685898572945259	2.088001887645357	4.468582200531341	
0.09420341333232903	0.3801033214834434	0.7380963172598524	1.3659332787545633	2.446750490363926	4.475332017965628	
0.09686031609180296	0.3787932431507541	1.1199208250245745	1.6124316014648319	2.176550409751387	4.265800158989679	
0.09298784103409458	0.4057704838995235	0.9758602252840208	1.4049057741057196	2.429777319266417	4.37425374743584	
0.09177284949321193	0.3833827710542951	0.7615933136438204	1.4919179914945844	1.9254378895866902	4.5997307891837504	
0.1168118722988302	0.37429877903783937	0.9745206098407218	1.3435791757743554	2.3452257931263816	4.60168781170838	
0.0957956898350702	0.3105040166120253	0.9476829240008509	1.366058193441638	2.4791472235157275	3.5789478215452477	
0.10940722324753414	0.3860580200290308	0.8967784834010282	1.6633661976838865	2.353322541155108	4.132028214252285	
0.08989787364184118	0.4143042027514596	1.0274534345598318	1.3473424049205598	2.375554261371354	5.2299705298746755	
0.10582919384347207	0.40597688177660424	1.0841867725722236	1.4329880308188452	2.2788244738457943	4.38520227315529	
0.09828883485163543	0.39164309955030263	0.824272431447602	1.5896476866086222	2.3010018393458216	4.072129279283131	
0.08551339957177531	0.36365926894595174	0.9634994849159263	1.368908951063461	2.3023911346510397	3.8132566530607925	
0.09776731496848456	0.3962188854389503	0.8748384810287197	1.3398360889084495	2.377762279995342	4.631275460101959	
0.10655532329387428	0.425392661020137	0.9375255641821537	1.4661796879403817	2.3566362545542576	5.277373923844548	
0.10788227547745857	0.45145307912071214	1.0828524964432074	1.1924354861193402	2.3471155270752	4.1765972815341526	
0.11285936144171312	0.4299187326874913	1.0096614519013691	1.212476413205825	2.219665291707741	5.069821847420042	
0.10313711200547587	0.3888316035674639	0.8727382979022169	1.4725444233422533	1.9803820065601332	4.757074480188532	
0.09676735115007941	0.3190415339217038	0.7951363678276464	1.4286313154130712	2.045560634413775	4.84171514674369	
0.10117648451252702	0.4372985106640539	1.1007067157600106	1.5473656617413625	2.295247687121671	3.944249874043376	
0.09885641763012164	0.3720934760665344	0.9505444416005577	1.4268636942341457	2.166498542950663	4.5385870822002214	
0.10191923061510577	0.422296147863154	0.9925762326558998	1.3592977828263832	1.8825689491921969	3.9729008626891082	
0.09646182414175489	0.4408758864495031	0.9667053886436142	1.5516998887863922	1.9496069292689626	4.298558731461698	
0.10537456887224311	0.381901206442475	1.0148379639368268	1.3659863997024813	2.318829206491722	3.734561658318199	
0.10651496728006245	0.4742580944310534	0.9695715212063157	1.5938316027979953	1.9942943485035554	5.005291738880053	
0.09056262238163332	0.3996125016584541	1.0437762702596345	1.2586482481369639	1.9679978032615113	3.9534441447531345	
0.07939028668269202	0.4440244961972829	1.0132937467212333	1.3006516333987106	2.0876034725812054	3.5978731222176847	
0.0912341984701868	0.43104380669299397	0.7300402682131499	1.2221837556594577	2.198463418960603	4.842157663268013	
0.09029658047039307	0.3393937343384353	0.8792330900391727	1.367136241414968	1.4964037007960125	4.430876193143012	
0.08590317847035876	0.35336105445086957	0.9791516044864569	1.319749915708013	2.091221697112022	4.347597207754653	
0.08576811274372145	0.38066711829499045	0.9952436498052907	1.5392215865191063	2.0463250599414673	4.139265844322158	
