3	92
0	0	0	0	1	0	1	0	0	1	
0.9484626352881053	2.1824072457057375	5.289589917253483	
0.8937955733824099	1.983938225327481	6.074375729071164	
0.8865919207731336	2.344072389031081	5.491227191525853	
1.1330592348111261	1.8334415594477038	6.183429957834674	
0.7802197179945921	2.3752971776253817	6.028129717593675	
0.9491351032638422	1.9570898459139099	6.651570818233633	
0.9897843741121086	2.0327357287005343	5.990066021287795	
0.8471999818064923	1.9416331590407938	5.63081578190873	
0.9045223592390613	2.150375736849798	5.973405520058571	
0.8495372239049002	2.3131938949916533	6.653705485307139	
1.014964898093261	2.3018345046448836	4.498473277802201	
0.837142963601763	1.829994969232518	4.936413807187421	
1.0363836843091248	2.514455278889975	6.004542176902113	
0.9738336830113665	2.072753229544047	6.701812995249336	
0.9560424762245235	2.0378947997147447	6.3373780318909585	
0.9131076732779196	2.192050657580702	6.415998065512181	
1.2796944381175015	2.534036127410823	6.090010159866608	
0.8426050617764076	1.6654899401513477	6.770546868611476	
1.0341433779896525	2.0149882067528195	5.947446431339577	
0.9493440842340441	2.2777248243918637	6.992704185941057	
0.8088157566994868	2.294835365504778	6.131294611272964	
0.8825573462871785	2.323389057362188	5.933222380132735	
0.9225223609929943	2.217464899617513	5.7252148783895755	
0.9908587999136809	2.0645695073495895	7.014085824141511	
0.9512350373043613	2.005941440289603	6.185265887869312	
1.0220235592557247	1.8113343801102575	6.760234656335316	
0.9616466935263843	2.143470925553169	5.5882181150112515	
0.9622758759097907	1.9600148478628974	4.806470930275483	
0.8636890739671569	2.091402380386012	6.367885916912239	
0.9096512250094831	1.9038049029710282	5.603336863350627	
0.931919511039915	2.2888033846879767	6.487910816517948	
0.8033367754868364	2.160998632167844	6.4642323357343265	
0.8488048865678361	2.53704724096685	5.7033070040038405	
1.0248563305779406	2.2986012621625243	5.587348202301757	
0.9315043371042949	2.4432896425661084	5.677873123816205	
0.9464867060577477	1.826282415003555	6.215752156330121	
0.8923790722541225	2.2626303374197816	5.493374797771055	
0.959734051883483	2.0746967123664226	4.417250366610683	
0.9381714004091999	2.4211313678212085	5.342136753931927	
0.8700558959788308	2.4349496193491413	6.333889572555552	
0.8994104432467698	2.2135890623607017	5.624597742561437	
1.159846761033352	2.3406764761461454	7.025284421598612	
0.9385479495667206	1.876125414746124	6.302003196659001	
1.046725440675876	2.4288837516174913	4.987402872319883	
0.9496623994709598	1.8064490024023894	5.648457976355191	
0.9844441612371672	2.436247996507525	6.133490353584554	
0.8232596434897013	2.2788647152011534	5.489477136930988	
0.9028141256505887	2.169444725742289	5.598087082644432	
0.9891899297964125	2.3117785249349496	6.6169115640492535	
1.0625559163832325	2.1192175392470904	5.2638268484647694	
0.8248586607017828	2.523059272849187	6.969173861761019	
1.0544679963651162	2.024116097282109	7.012862603351695	
0.9142193796247043	2.223761465383901	6.495861245306084	
1.0472931852801242	2.266364464422996	6.825006378675473	
0.9312354068731702	2.1063823050722847	5.807796344958745	
0.8231082812828633	1.5483639746805176	6.624855017790747	
0.9082273513040658	2.30977602553324	6.358967472623351	
0.9447028775544516	2.3530639601144143	6.6429032167678645	
0.841489842159629	2.479579836765322	6.5186188654388975	
0.8485702043158377	2.010417616389356	5.254279106960361	
0.9883861784256143	2.1119768087115007	4.504269926115557	
0.8784493335262378	2.0681034023628784	6.063404066435183	
0.7868566440292359	2.175079977990439	6.9004403126374285	
0.947391702960027	2.276731527299676	6.9380303476205984	
0.9212074526223771	2.12273490041304	6.206911659918939	
0.8477085245055631	2.0006695791683864	4.776478820475008	
1.1428161085958102	2.3286009629876143	5.431601716837652	
1.025218717594421	1.9762700241653475	6.0408334655331775	
0.9358575829328479	2.054072228308181	5.512302815783124	
1.0423949346079522	2.168166647734561	7.009159764865144	
0.8331914580224676	2.0483445283367043	5.972591091011743	
1.0325986034447163	1.9803193600324627	6.342775234737845	
0.9618913008648338	2.457115783708395	6.298783718922566	
0.7629419705308854	1.9320084141579665	5.422037095131092	
0.8879182519052351	2.4347449126009475	5.84088737203829	
0.9332114979136638	2.1016349276352444	6.323304656051925	
0.8628680154672016	2.113321266667164	5.890380253823659	
0.9234047408183829	2.0283549285770612	5.198989105269243	
1.0167358110809823	2.1249728464835838	6.677107250576922	
0.9745907616618236	2.260654726999742	6.67840195809997	
1.1716052413597047	2.430302210928093	6.531838597388892	
0.957184351473526	2.420645383580766	5.552084532221238	
0.9843820322430331	2.4246004474607274	6.571434073807371	
0.9229142474220703	2.2479179785188372	5.802507976065176	
0.8585546290765099	2.4619205906832202	5.739468358950443	
0.8888306453120323	2.059559595069289	5.582460931677987	
0.8626003855592238	1.7790702993625613	5.068716562326838	
0.9120827299121751	2.24812631160312	4.994290501686562	
0.9469159376641776	2.425865040527116	5.71709367375529	
0.8379954622098787	2.1370731526456797	6.3115219560189235	
0.8779859971674323	2.3548660160656585	6.281592398679183	
1.09098675779014	1.7884969404685966	5.152970020767418	
