3	89
1	0	1	0	0	1	0	0	0	0	
0.09581551592135372	0.4306518834550309	1.4206642754079128	
0.10644985698532483	0.3592731797620841	1.1568250092564132	
0.11928461533783637	0.4440311551425729	1.5089090328481223	
0.09494567244821941	0.3693761970309161	1.4586491588966548	
0.12345337676800194	0.3756161423395029	1.3426672118497516	
0.08864099192090731	0.32088398893461617	1.3062038437482246	
0.11368624505519803	0.31391462392687175	1.4817860903062037	
0.1002879259866437	0.3729487019391446	1.2926389932926	
0.10557992497964713	0.3854531037874553	1.5356058355276865	
0.10398418980254719	0.33694945438704327	1.3841124414581878	
0.10214778500069872	0.3185654824984998	1.5601448227239658	
0.11432301077520271	0.38902295092924744	1.3718309710006171	
0.08515512563156741	0.3616902948906077	1.5159430028143892	
0.10936714859062897	0.40624112275327084	0.9051959010729199	
0.08948162569869134	0.4029378546932512	1.2440483458289615	
0.09354511451983696	0.3490850849285063	1.2067259992531594	
0.10676144000850435	0.4041171167329403	1.422709400519262	
0.11476845668064706	0.40118915978084513	1.4528736334427856	
0.10071705869220567	0.4128626015430088	1.4963326529737468	
0.09363678023990887	0.3969175332084338	1.5800836903569007	
0.11472264738408718	0.4710251880309169	1.6274204865746977	
0.08806927842580037	0.39522800607489283	1.5817893343943492	
0.08417626014789693	0.38842890784842754	1.3665196531570203	
0.09373379806548025	0.39641253714439506	1.2940866022502597	
0.09236832745040496	0.35874111616641985	1.255942563717254	
0.09461747293467693	0.435825125097946	1.2800537448064173	
0.10096776044503203	0.37559537072195437	1.6817692301170375	
0.10813220995911668	0.37790298660649363	1.6541157521358614	
0.09361983911369863	0.43998215750132097	1.6258435991554103	
0.1024506205638049	0.35661756867065897	1.6175718481240544	
0.10770811067200026	0.4088984921880985	1.4808100409842586	
0.09664428575855942	0.4038286502465173	1.3080958428644964	
0.09263482090019476	0.4372346360914994	1.7993943492335276	
0.0980008683256482	0.42367789203765516	1.4817287526110379	
0.09881425656207171	0.3709444579773463	1.640671513703931	
0.09725246311923187	0.3591427936954317	1.5957253094366524	
0.11581156621237815	0.4105133799812378	1.1895770073585035	
0.09810450238562822	0.43387859820294006	1.4604071647973622	
0.08495110883912751	0.40619405006849446	1.3843529451811105	
0.08965441861947285	0.32661310946401073	1.45829333557473	
0.10693048140499742	0.3419348201390928	1.1337744404075853	
0.11120381298568925	0.43018371494081453	1.3058775449825992	
0.09688932331324329	0.44827053001267686	1.3106002584950245	
0.10554341352245165	0.3671653266104053	1.271711712155306	
0.09397819270304583	0.32363988566840923	1.3655178020776249	
0.09135041328055023	0.376381037224625	1.6625687937171827	
0.09573591789908062	0.3599696387235751	1.278315296429173	
0.11225020211991361	0.37891296486623816	1.6631300565651896	
0.09548641737869773	0.3961846675553619	1.2423661133356176	
0.10326172083297147	0.4332197232490887	1.463403245272394	
0.09519684193074364	0.3084151449255903	1.5076147260494566	
0.11236070387486413	0.37927431493967856	1.3199173826908093	
0.08553024030291494	0.38063323171904767	1.4598478058936752	
0.09493003789703945	0.4030217756644207	1.4617095571620204	
0.10372868642568366	0.4249816904576135	1.3197367602576429	
0.09697970011658558	0.411571058366771	1.4005881765086257	
0.11243481388508952	0.34740695546230804	1.5763687808207476	
0.10735851796501428	0.39418656763087695	1.6476928835012121	
0.09888684587718514	0.4241305099612825	1.4570396448877807	
0.11117667458652064	0.4060914081323262	1.4625892375552856	
0.09394581144295577	0.3602057836645055	1.4909997654111125	
0.11476442429159472	0.375127685700757	1.4889169283365	
0.10018727817935989	0.41679819514645017	1.4058838650020875	
0.10105983691814782	0.3465065838026528	1.4925680787650626	
0.09056989439681981	0.4451446358497124	1.340371396000738	
0.09916856115636404	0.2963613330181011	1.3525423316346734	
0.09548108133359423	0.4178893553818447	1.3258656008284244	
0.10212150336245603	0.4343269058911611	1.5017806167221825	
0.09491386953229487	0.4293002594012188	1.117857797014449	
0.10505179355656313	0.4244432635363644	1.2891583267072748	
0.0761981354054306	0.34085392783939317	1.4019772272841815	
0.09138113266668639	0.39756522583245985	1.288699791322385	
0.09789338890600828	0.4126955217322225	1.4579889895793325	
0.08472574419735862	0.43905832050532007	1.4075172937460607	
0.10338337447333473	0.41295245468471037	1.2894502195684783	
0.08524047537666242	0.35152306663083044	1.6698585133229615	
0.09745817431629475	0.40944366396941884	1.3583111308674616	
0.09720169129157119	0.46570549162182184	1.4068261635772978	
0.09165223183893428	0.3821390250233321	1.1992454004527233	
0.08685580777903812	0.42226328265384483	1.4711291132672046	
0.10245031899944146	0.37319003244653765	1.2486396028435107	
0.10940969279686588	0.44385442257411445	1.2226618592615117	
0.10446334123554786	0.31320644600402686	1.3426201517690655	
0.12204830958525968	0.4195530161588422	1.4932893861308125	
0.08235259945715356	0.4154363135570151	1.4681199145998365	
0.09661221811566723	0.34075577780352156	1.268839630360157	
0.09162588893851921	0.404641202298697	1.4143617463974314	
0.1007960299246568	0.42639927823350315	1.2395235332092889	
0.08030030428275943	0.4098321084092682	1.2539091487894505	
