4	80
0	0	1	0	1	0	0	1	0	1	
0.3317410206425807	0.9192855813195467	3.4354324846999886	7.62766190475259	
0.30309398760758843	0.8754333687733371	3.2928608912766784	5.6599534184351725	
0.4784802509630181	0.9787258325238062	3.187230410174161	5.253160032461074	
0.357049252622711	0.9980472365317343	3.0572284288568996	6.414488704829473	
0.40064019289451125	0.9636159787841171	3.438650077088474	6.462352984542595	
0.3766282436352023	0.9075754854537766	3.2118106452132005	5.158011813888692	
0.4273369512796201	0.786701274056766	2.6437390846654183	7.06419101977471	
0.4186738925070052	0.9180904769349372	3.7380480130387403	5.711011957158918	
0.42125240172064704	0.9020726382435074	3.42823995393301	6.029837526106169	
0.32028500209378513	0.8685974977930373	3.1265991040427443	6.158273551207513	
0.38100114590472867	0.7695207107789818	2.982673171417112	6.764092794093328	
0.36879498980760345	0.800955814437626	3.582789039356064	5.875298173181836	
0.41432924781930025	0.8652287495989475	2.9835017108389703	5.467039525420084	
0.38474138474063363	1.119201366360422	3.112882260388621	6.120586955500437	
0.45829411094889255	0.9346612603039045	2.899069575376425	5.955453114152564	
0.38945849742797656	0.8336934160437397	3.1071852921909486	5.52174361184457	
0.45904007614189624	0.8080694694950925	3.049208047138665	5.081847570634428	
0.35068932845288264	0.9064687791062447	3.4535253924422626	6.47088075726089	
0.3613822784421829	0.9667084050546026	2.5796290946045	6.127928741405242	
0.35924361810732924	0.9122749963972724	3.6013391828059644	5.832215058746888	
0.4053612059822973	0.7525283652982214	3.3014346000410155	7.007053091410476	
0.3650838753573355	0.8285426636416576	3.497221894203707	6.4216996758778695	
0.3992784997906215	0.7410581279141155	3.03412515689047	5.531068322777973	
0.3725187783314946	0.8252397616636052	3.454014193592707	6.218409633522742	
0.4581590423243826	0.9862385179457069	2.9797130010986908	5.60946923408547	
0.424679827469904	0.7364065816372117	2.8628235050808954	6.310860649762969	
0.407258347552721	0.9228719278765288	3.1431917536878142	5.692753957250712	
0.35316362107757543	0.9098529961746956	3.8458934226539148	4.543780218833194	
0.34218181392155855	1.0896875183753303	3.561392739759294	5.180499525144118	
0.37246813503348836	1.0032274590876011	3.58689235476073	5.409915062530057	
0.3530571735794502	0.8364365165153199	3.165610403785963	6.274908593546087	
0.4277000131881246	0.8007531125702221	3.578740681128184	6.1094424081162035	
0.3708140495588917	1.1561208505840204	3.8021468082168126	4.908965077538642	
0.4454832385149903	0.9313662725786217	2.8128485118796567	6.751246018492912	
0.4294938616326677	0.9374463296535038	3.394767815375396	6.078461739326503	
0.3763624766105286	1.0826451842829254	3.167513152412675	6.8087323930729085	
0.40130345242246834	0.814714651355732	3.2025650697096113	5.9730714184846745	
0.35917627070501273	0.886230801503427	3.4655011937239735	6.517442085843491	
0.4040603971268426	0.9455266755824198	3.125086582262275	5.779601953744735	
0.3896117598467634	0.9955127322168033	3.7812055734192023	6.235474143856995	
0.40609524445217293	0.7830471316479939	2.6782263549265966	5.600242947692427	
0.40065492692509663	0.880982974927698	2.5276658303499695	5.887171742790653	
0.4445679877222482	1.03986480181078	2.772423147089889	5.984795362673342	
0.36497755114645786	0.906788149314564	3.4007427922802957	5.851088960738674	
0.4320470965146379	0.7968415278820213	3.486823207000685	6.602925927888051	
0.3694322912368467	0.9527416321387033	4.000029763415279	6.018679485251463	
0.41033497849525113	1.0208087079119696	2.8961916594090664	7.503434159191075	
0.3707900813622576	0.9128652288793633	3.45934341074411	6.094622438519728	
0.36703066164832676	0.9915552901633852	2.8302120409503426	6.908415748263598	
0.3939571055261381	0.9848534533448557	3.1345459766647736	5.674707596692157	
0.33366781282717967	1.000384368644649	2.7259025083401762	6.128778530068139	
0.3605081287388544	0.9504882923688758	2.951695468187859	6.747476246158001	
0.34145994886062675	0.6630639427450418	3.139852697307609	5.460733541723819	
0.37034441062945433	0.8528395022140606	3.3275572463632654	5.185067724725636	
0.3801474842953393	0.9011110429763963	2.936889475597881	5.296667279485926	
0.431166570301422	0.8108453317189219	3.0013959763607927	6.694718608942715	
0.38508498247766526	0.9514791070293397	2.9745318327081245	5.87840740486446	
0.45819878006815196	1.0315068158300222	2.9083338566624346	5.784853572517564	
0.28085780363022717	0.9949819964582517	2.9038822223216387	6.2774240239075425	
0.3792431590402952	0.8922872109198093	3.1705866771803186	5.8537109961506495	
0.3362497622912287	1.0089745993283354	3.267463496562751	6.7436466007067155	
0.3192581930385898	1.0197126709225688	3.067543636201497	5.727208227262819	
0.4189724411517347	1.0344335166241179	3.742640692169108	5.976323518574518	
0.3700733432650778	1.0571390938380356	3.4702132282530367	6.149116544574747	
0.30210869180061173	0.8998203175072113	3.107653721308732	5.840921044794043	
0.3495088124288445	0.8932329782156371	3.729892958253488	6.561852093846559	
0.3973423487474894	0.9616217701542912	2.918620617615742	6.3170411205504164	
0.40126222479107065	0.9307234510196911	2.835849132365823	6.862754631455118	
0.3745692052601802	0.9684924131523753	3.513958097702416	5.100995450559601	
0.4378511804849178	0.8112676763584595	3.2023623739179796	6.875307771108477	
0.33360025646044394	0.8993473284369417	3.5151810632311977	6.754191896500036	
0.32976505058484445	0.8287887563104333	3.1792541568350137	6.368228882708131	
0.37433467093651057	0.9307604849863832	3.1938582195817458	6.082737224796261	
0.3930798764136243	0.9820564316980316	3.769620376469391	6.217173452176743	
0.40517354752562557	1.0016794484656144	3.511283256649121	6.20387108996041	
0.44255631372739956	0.7518885331986472	3.2217109524363328	6.191883994726371	
0.3566085032792431	1.0627643452620803	2.5803572826925634	5.775645906627944	
0.31428537310188753	0.8915924750875526	2.988495354325467	6.181515670864609	
0.4670403458961242	1.0547552763167092	2.800429791084718	6.283294048306093	
0.36056290703920546	1.012200719668708	3.503753934105412	6.83899369333697	
