4	65
1	0	1	1	0	0	0	1	0	0	
0.1002220776649065	0.4407121546915443	0.5919711124870767	3.641433248326268	
0.10166780503728623	0.35388034786647676	0.5606948513823691	3.3716065881230186	
0.08119871621800664	0.38830244616870313	0.5307296343206911	3.6080264212713145	
0.11214360887782651	0.3681975687844995	0.7331708325548459	3.00711616596284	
0.09010649094248296	0.3690573144327221	0.44237067308727346	3.2260463107502355	
0.09459840544983213	0.4700747717952701	0.5293824977390413	4.037514600427837	
0.1115295634749976	0.3191481119327325	0.6119145208963673	3.440249987121046	
0.09901569736354379	0.32998468425327204	0.5365670226203791	3.0554355680548055	
0.09587377312816692	0.3708127584907536	0.5068481469192883	3.3832285733519805	
0.10459490111339709	0.32110911116506835	0.6303062437104813	2.244709159867159	
0.08847152105659806	0.33491212252120306	0.6435248172374497	2.930574784668071	
0.09313280679064612	0.40796754227908166	0.5802829899582586	3.0474128733065946	
0.07675276965664314	0.398715856093755	0.6656553670680815	3.255466153013358	
0.1101070967765506	0.3899448155944998	0.5577289004937355	3.6385642356894494	
0.11054769985468088	0.3703965357600006	0.630727215402107	3.8255077109920688	
0.09572709784496852	0.41195394523521933	0.6400158620950411	3.3278740064306813	
0.09925486721516602	0.295734016835341	0.6710175245414263	2.9159693030560083	
0.10374876698307417	0.35919033057771554	0.6966468302984042	2.9833076913375054	
0.09446192900872073	0.46136919512075886	0.6458264175113752	3.032100976384247	
0.09705218451641068	0.3973160894755372	0.546827750252828	3.0792204929765687	
0.09844408330511922	0.3913231989533386	0.6379993173290924	2.7349320756187314	
0.09434898988844291	0.3836368044646226	0.6757021716531142	3.2782630153880477	
0.10902930751489362	0.358371716009577	0.6715632767489206	3.18469295946003	
0.10932383866784384	0.37743445221000443	0.6532022385570571	3.1650221071756164	
0.10342113325366563	0.37813083827588423	0.6086867897173664	3.4864102416575036	
0.107451172315107	0.33057781605781106	0.6683952691605715	2.822255151030468	
0.10357240810372093	0.335913867571628	0.666539708827782	3.572010643973944	
0.10179415156539032	0.35259541995633736	0.7379749183855762	3.1487428551700374	
0.09391686985500271	0.24309701429249908	0.509459793363004	3.669991734726543	
0.0980128504387312	0.36159044197466955	0.6399065846721376	3.0369327338000622	
0.08738017643168032	0.39752509107840095	0.6297435211519058	3.446844815244941	
0.08253715328752043	0.4097493738497635	0.6332824853535847	3.363129674418195	
0.10428235138612091	0.3964168785064259	0.5498087527112162	2.8867873445951875	
0.10749808832397706	0.37265326486352096	0.7043418763136864	3.099916917770379	
0.10027742112811798	0.3324397530990413	0.5326707478862807	3.0379880149837493	
0.0885850615339474	0.416546383626344	0.6569343784929443	2.5393544767544864	
0.09005553322360675	0.3583940756512797	0.6285485461112293	3.1224066946546394	
0.07085901619622448	0.3204184909725156	0.6893312916153452	3.0057811292571737	
0.10535248157257415	0.4103982633185388	0.5143144148446089	3.22620356051769	
0.11732275318253982	0.3921659179176545	0.6066121821385263	3.243671104569502	
0.11218403603842253	0.46208857788574237	0.47526414867583644	3.9946379654539617	
0.10574205563777786	0.40854740323395755	0.5796441528644981	3.8747966500830744	
0.09989827360315669	0.3832362912548728	0.5491336071385808	2.857072346904948	
0.09007685350866756	0.4208010996846611	0.6735700501215248	3.5688675420525717	
0.09910182540650243	0.4143331100671074	0.5538322531845895	3.2439902598931605	
0.09453328308582509	0.35276742891501783	0.611487892810806	3.440841507241288	
0.09708092191148852	0.40376090145986426	0.5990374131861793	2.57536819582439	
0.09079166382168492	0.3958277570521252	0.6276898611452605	3.088049460422583	
0.09076040522272705	0.43198780728184255	0.6431417339175975	2.610354352428673	
0.10106467868441012	0.38240818017607786	0.5572393277180827	3.1882662372877815	
0.08686152476768606	0.41144171568849797	0.6877350172062634	2.9646924687917604	
0.09765315143230559	0.3378636802569106	0.5750524466661898	3.464680471315778	
0.09837082585187185	0.40831706990901434	0.7367715904542251	3.0555821020737572	
0.10164246310313839	0.36484828205193626	0.6428875745895066	3.272580600165245	
0.10236680681194575	0.38080806154826163	0.5949787653981685	3.3796520705575803	
0.10172734320642246	0.4237036417889132	0.5897419614030602	3.813996755980805	
0.10209626104976484	0.4669937222930193	0.6797708460066563	3.2228111468332714	
0.09703975198511135	0.3321873297364959	0.6908296795842502	3.952951074093293	
0.09338557782751623	0.38044998894049914	0.6179520266233439	3.281628457217317	
0.09059874051011779	0.42405683029530694	0.6032219644581892	3.949393390359652	
0.09770312411798227	0.38199208465311724	0.5710340921270578	2.7451598885311315	
0.09933948647149006	0.35101515411872797	0.6623014773983582	3.2069789054568405	
0.09296778084554294	0.3187130510840743	0.6427019762653372	3.0463064773535793	
0.10432557024490252	0.3977871434557802	0.6455371898733987	2.8953088662203	
0.10747334243258394	0.36491920718735804	0.6190416998024949	3.196007911235552	
