5	37
0	1	0	1	1	0	1	1	0	0	
0.17001343791259035	0.6742350043783749	0.8467781362974585	1.914523608783937	3.2595492646158006	
0.14393343221286814	0.6151409516208493	0.9784999137944512	2.1032831351524677	2.87252920175454	
0.16095762427597146	0.5583954109138602	0.8491747253709698	2.180672032258551	2.6231847137419066	
0.15586314049720582	0.6117457202330514	1.034329226545391	2.0424156899893555	3.6805702479072364	
0.15794464350752815	0.5983926495334057	1.0989527210720615	2.1704707371320584	3.0815306185210134	
0.15185759989607236	0.567661849973161	0.9647491412953066	2.4339477656294637	3.2473986894409905	
0.1513520949010999	0.6478698716717572	1.0404133222420562	2.052683417978598	3.3060092020161798	
0.16203393461170126	0.6197971353646222	0.7568256824735172	2.3612862963809556	3.419936427281964	
0.1589092311031021	0.5284709563407983	0.9441722639273021	2.331319225181995	2.9638113034064593	
0.14069183175233424	0.6516287472640557	0.8679594558963285	2.105170591327709	2.9137489357901454	
0.1772990785097875	0.6312373659101135	0.9062482671663266	2.0548893340355763	2.8507814974770995	
0.14834849863157887	0.6399034848714028	0.8546872889532637	2.172691341078722	3.1306009232390686	
0.17070173894363247	0.5617980741614681	1.0022754963226252	2.4497148581278236	3.12743255377229	
0.14117133828524633	0.6553621391114776	0.7643461759606287	2.24257784740707	2.738020417327818	
0.16833617497749495	0.5848742193325	0.921557637560969	1.9942864199880987	2.7356201394365307	
0.16898790656448073	0.5897365494984425	1.228415480423847	1.9758109123421927	3.0398244088606554	
0.1365413382799504	0.5894303664477187	1.076495265423952	2.367179527406342	2.761020004085005	
0.1680618011369578	0.6409674771672677	0.9747690678786195	2.002888220810308	3.0517791529460903	
0.152056008498384	0.5668102402783034	1.0520747745202896	2.0218695296329834	2.617301578830807	
0.13047814584955678	0.525722197630508	0.9055086291530307	2.1964541972174048	3.2674851419194697	
0.1569136349653803	0.5848631985569591	0.9098276494891209	2.526649894474934	3.641741210659785	
0.15612450722856847	0.6550002285406337	0.750861989609086	1.9731541969331803	3.109533857948222	
0.13783851056971494	0.5072557614714883	0.9691105736386184	2.4479357682461935	3.245836840025209	
0.1597227306845098	0.5974479627607462	0.8889275907000632	2.34762726018881	2.7858379442375383	
0.12204895881081651	0.5134620106853747	1.0093836819796764	2.168750387980509	3.372374843255206	
0.17515384490186325	0.5301996195269308	1.04198784433224	2.064790250958045	3.07178271554481	
0.15121830565877403	0.6142641753407917	0.9104195810196888	2.2812175747282506	3.2777039999635997	
0.14701002574871308	0.5750229518532132	0.9521662213117414	1.8583185670990872	2.900799255256504	
0.14448824896205728	0.6326925035813753	1.1292850615064118	2.115744988285025	2.6733748303158773	
0.1381462873555155	0.6395335109755337	0.8397637638677479	1.8692647695561344	3.462442393024576	
0.1569732009133937	0.5116475554345922	0.8467656188726217	2.417604088015761	3.527174387780661	
0.13203942726298232	0.4806666387052929	0.9549721661750611	2.0863453810236727	3.3090661164362984	
0.15951992915765908	0.5426238349562387	0.8898104660275115	1.956702417403253	2.9694486142813408	
0.15847138789986642	0.6086441148806648	0.7846464153797015	2.3058972830120497	3.1362272257620853	
0.16156748110241884	0.5391157172432257	0.8439110142611205	2.2041181440929334	2.8936504713448556	
0.1458767824388735	0.5273955922584435	0.8936026148243366	2.143151340161947	3.2549588288427467	
0.14452879093100476	0.6200010180190882	0.9437453112326196	2.1307861672965873	3.0465985768688912	
