7	77
1	0	1	1	1	1	0	1	0	1	
0.11137877682359193	0.30219023601208805	0.6670846515874519	0.8752492866237113	1.7239038953320291	3.3919848139787208	5.5196837736917175	
0.10979465290100354	0.4344628498483281	0.636251422146676	0.8885297237599785	1.6356737987174124	2.9481036505853173	6.642919595713197	
0.07591673703829281	0.3844701332460859	0.5665085955968386	0.8023685772518797	1.616598680290254	2.552147162081358	6.830289773715441	
0.0846722645760266	0.4200274428397963	0.5532408981224436	0.7483045952971068	1.365246653730578	3.4332527893900693	5.460980514030176	
0.10260244184464268	0.406212181449115	0.6895819491585077	0.9358824161956937	1.596701172137279	3.5260145902987174	5.944580894574611	
0.11147125355251156	0.4139742976802299	0.5900340893645738	0.9963521115039423	1.468854173949478	3.42812010022179	7.12964392950478	
0.09195742378447436	0.38967850661480413	0.6018364224776972	1.0033059137945648	1.3653798457198958	3.0659141010503688	5.961391920043322	
0.10475045731609343	0.3626300223922856	0.4407264980673099	0.8414499623304225	1.6322699706035475	3.7527508003587124	5.702238339658905	
0.11797476776905963	0.36759006684537565	0.5079017410172595	0.9015366366532418	1.5337328086984618	3.0662767923301444	6.362010634447853	
0.1026689732067868	0.36911579627907426	0.6465801605285707	1.0443086986053587	1.4559903365144102	3.4416549931757516	5.126125466935764	
0.1139151975265321	0.35974617364648054	0.5482979784011225	1.012468622953952	1.3751171642551219	3.0243726049187196	5.8238371129076	
0.08783960502464584	0.35321696710694733	0.6613377402176344	1.0384157260224989	1.4393565362695493	3.029177983713482	6.248289046568361	
0.08103636792593694	0.42449771045867	0.5958215542940611	0.8338032148359521	1.6426592512271623	3.2638423852014258	5.744271592642463	
0.12049608173671539	0.3600354294852913	0.6449197345910755	0.9944749936943668	1.3088102500163872	3.20460785882518	5.848782750773455	
0.08233279114737294	0.3053665423404821	0.4694528552888403	0.8881690078223133	1.2879603214843498	2.9471964900829515	5.74755454973613	
0.1000367390415705	0.36811728109084296	0.5577177897628797	1.109577917048889	1.4012437659359882	3.5744727418830893	5.25807732571182	
0.11335192881007189	0.35915807206430683	0.7680943968038484	0.8079984669481487	1.277412091571068	3.1886636534437436	5.7870938121466295	
0.08827357839917559	0.4360097157001611	0.6821265989324222	0.8983427059221526	1.5743781813075284	3.7122044162922427	5.99423074156774	
0.09330303119159426	0.42870965682319406	0.667567140128195	0.8134431998108498	1.6324950226531187	2.9184608780137613	6.227435809296253	
0.09183941485835882	0.38623522791144255	0.6069383515177839	1.1375896404697035	1.1980708549907255	2.9995650195303356	5.720761320272843	
0.10328874227620155	0.3681441293670124	0.4681219651488166	0.9985407592483642	1.6208745920262613	3.390595373046977	5.726130168279941	
0.10204688042541343	0.3337580812540982	0.6636705730609163	0.9762678938683507	1.3537150294469296	3.276652770848751	6.618804827835146	
0.11164474929372092	0.3771756830822333	0.7287922528294369	1.0572289467883422	1.505491043494351	3.121476022183925	5.780933742510544	
0.10200567141218692	0.3758082740346436	0.7020228173422763	0.8428563050673128	1.5023162141268653	2.5994108718071183	6.226295020587614	
0.10871908004639588	0.4347338493288874	0.564512662629082	0.8637823688315934	1.576336189839793	3.638370566171303	5.863749553291331	
0.08040507536924395	0.33976611841986276	0.5944509703760599	0.7981250048887698	1.5342080920536048	2.9988850087578265	5.956585435428291	
0.11094762496955379	0.3939702344843976	0.7166624206595821	1.0599918966011834	1.2814391270478998	3.4426978817503455	6.091744466003668	
0.11187168515438116	0.39988786237073626	0.5700150146367746	0.9742751361333242	1.3772302116360862	3.0399562553673003	5.933197891892836	
0.10248774132260521	0.4294091025794767	0.5702004804173948	0.7517493310402596	1.4018219004822747	3.333318739643948	6.109424784907316	
0.097462734463518	0.41608527833251746	0.6187399303783216	0.986080113153301	1.1673146105615995	3.193563033857788	5.91650868672396	
0.1168391998345655	0.37596394458251037	0.5603909459683146	0.8631456245181646	1.5700304652788768	3.0613502586263674	5.488236453870876	
0.10916718196549689	0.3948939182117656	0.5858318745518868	0.8065325887795574	1.5092591475706902	3.5187531101313194	5.4280328964388485	
0.10364826670922536	0.37617379789968797	0.5469561938668511	0.8886929190132525	1.4232693431835222	2.821537824928753	6.342492665079042	
0.09289659834595385	0.3545215619205818	0.6303347995370328	0.8878951297246731	1.3991830966918433	3.2156934099487993	5.5349095238653625	
0.09482041816860405	0.3793270574884966	0.5990714632135851	0.9790139959081827	1.5116932835308565	3.6460677316237877	5.096175176968401	
0.10912946889954558	0.367059495305289	0.639496283900984	0.9615662908479973	1.347457030233307	3.7440333723169097	6.456725810613099	
0.10420713487925977	0.46322353618595286	0.5415439354057977	0.9323325292474863	1.5103837551758301	2.903219763741306	5.601620516526682	
0.10996687722262098	0.36113707742784285	0.6523131391750155	0.8714477974294202	1.7188722377758041	2.4886411751265687	6.605179214650601	
0.10250892745678625	0.3218347127825166	0.5866176467029066	0.7508341842762973	1.4803838035573407	3.0560171125867917	4.830118785063656	
0.10165673453738461	0.38550359261753303	0.7264149882242843	1.0070044271088354	1.0885887907765917	3.078284167369904	6.662832860598287	
0.08373229844939499	0.35068048224093445	0.6001085426107192	0.8808922577713023	1.6575396547799608	3.309521568082562	6.019987709027651	
0.09083272383938511	0.33810758875674113	0.6062413129680058	0.9225419748677199	1.255953107718671	3.3260606543375366	6.034430080812834	
0.09691763606219328	0.4253151759886996	0.5992584066459533	0.9078620259740011	1.5917573874490014	3.2009505838401147	5.759109775802805	
0.08829877741320664	0.38230417925517796	0.6559461577141513	0.891222534982367	1.2399085789146873	3.5785526673363526	6.630171521484995	
0.10584953858328044	0.38365204720461255	0.6252062522407053	0.7858361534544959	1.3467525842453436	3.469565052464313	6.202995833170671	
0.10902547713278082	0.4382863583220044	0.5258917846246689	0.9749722117435685	1.3930531604249532	3.104896192344956	7.483111428478679	
0.08429759581958643	0.37308541495038944	0.5858238184209746	0.9344332830684381	1.1479450662303945	2.9311388346445293	6.029306006082847	
0.0860468469363993	0.41623128404706894	0.6347772833382072	0.7823887570991179	1.397059042164365	3.3720446176428553	5.174538045153628	
0.08422541115367745	0.3436131751945011	0.76124827678155	1.031773441480012	1.3429709464175317	2.8173932153894725	5.504807696306039	
0.11522351420400412	0.4572831308087866	0.5512875018647785	0.9589314611423247	1.3924997720860148	3.6628531420013855	5.343637105979436	
0.10978995522479609	0.3290746543511534	0.656865323396302	0.850882169672592	1.3850339050462501	3.040237226229687	7.1766817482284075	
0.1099399273769764	0.3643686473604656	0.550514884255568	1.0521647984375706	0.9440390200705214	3.4057328023865683	5.4244270448048715	
0.12254162195903942	0.4837669371493302	0.6018414030140575	0.8960135261401362	1.4397249733448059	3.0479754126066867	5.523339752705321	
0.10234568606004138	0.4037025400940575	0.6079964944865411	0.9569796138289816	1.3395444741881766	2.9465088253716862	5.433860437587806	
0.1077195035736372	0.3830253877744003	0.6120915709171011	0.9617440674457456	1.4217319039975171	3.2852485906657574	6.77748733257197	
0.10776916036535625	0.37345041949775787	0.5716687673332871	1.0255370773010544	1.4775862259915895	3.1499036781864778	5.225190749024584	
0.1169404277568738	0.3371721761219592	0.617065609460404	1.0997474463104624	1.3812052757326372	3.235219875561262	6.512236661249327	
0.08806864327768481	0.3165475682958322	0.5785737222847691	0.9375055264221046	1.439923267129897	3.710590663624436	5.4324594732201215	
0.09856289141485969	0.43727619272106333	0.5833293186078379	1.114788737402604	1.3964956078130526	3.024436624059956	5.976501474441757	
0.10259591907353982	0.3643612515211203	0.6238883525138322	0.9161266077664918	1.6115361985919	3.415065102218971	6.006457054242732	
0.09683493174259324	0.41050797775219156	0.6018701158672787	0.8879198191894413	1.3265909264237195	3.477303910771607	5.717018917885823	
0.0970007781038866	0.4010237822208479	0.6642538672223807	0.9853492238908683	1.5519450855989991	3.4806126747148753	6.004981622242777	
0.10394583915443319	0.44938390139430523	0.588243795449038	0.8284022112631577	1.0687280812115643	3.879062010579619	7.188484171133068	
0.09009142655695307	0.4288666390609751	0.6619521828692948	0.9896337923741165	1.5019572359865883	3.007994156104111	6.077590093643478	
0.10347967913904726	0.3826500158887818	0.5967161614109706	1.0509364016267446	1.575243079319486	3.53412903705056	6.559431564858151	
0.1022932567902815	0.4243079257294702	0.5281130177148547	0.9364688584934981	1.5312510735113927	3.4266203011470466	6.2246117278402835	
0.10927087591367331	0.43475959675457787	0.5361875129532166	0.9579334033123826	1.326706640205044	3.5977627334926314	6.434392524380865	
0.09029666045232823	0.3797462413215719	0.5099318804743582	1.0183369806622324	1.3533767967457637	2.882681859890281	5.79263200995905	
0.10583854839121556	0.3909021973677801	0.5706535898127141	0.9202401757889911	1.3882773340301109	2.9464239329846245	4.880601312050889	
0.09993559354067533	0.4022302574060351	0.5990434845910027	1.1206264547495088	1.3448027888485785	3.236387273776952	6.29165829653514	
0.10440701131695936	0.3702760494023214	0.5967470006897848	0.9222507052009147	1.5277067540657914	3.0241570407362235	4.539754701167631	
0.09656886351359967	0.4441381987140268	0.6480768714616693	0.7841173439626197	1.5265392062256058	3.317740454532033	5.775039846514457	
0.0892187964549984	0.34908356223169457	0.5664038952236772	1.1006783571557572	1.5215350264347562	3.019384444516553	5.674798885954194	
0.09962551471858455	0.3635392856299086	0.6009407625233146	0.9164468377566781	1.4439097756051253	2.6005471457358085	6.480174259806542	
0.09439868384858585	0.41446026466804425	0.7317643873462334	0.7949017633085954	1.4440755396556815	3.1134748237614156	6.23688767038884	
0.07892652996215409	0.3663869176212154	0.5508826644341475	1.0813136703719723	1.6958802530389414	3.1570106513812575	5.311646280632643	
0.0916140611206489	0.38148404363239274	0.5159199105974744	0.9782724475046566	1.401933499971952	3.365805967642558	6.236637035041882	
