9	27
1	1	0	1	1	1	1	1	1	1	
0.11379416198020642	0.14244107811834059	0.61571332925715	0.9137908429952204	1.437113732557036	1.9520284398672691	3.26268101263326	4.384068724468191	5.705334557107116	
0.09447479895647769	0.14410400932694326	0.6575409642093376	0.948328469214425	1.3965160253077362	2.250260152250073	3.3829207123520004	4.42092783684533	5.29524582961937	
0.07583405387808607	0.17619706540080407	0.591112038524641	0.8493601638698802	1.3156898840651057	2.3461747064998777	3.9168076533221416	4.950680260379248	5.4987734154694685	
0.11684429763123082	0.17743090621572094	0.4810586844632837	1.0849619004227304	1.3003311227431615	2.211545349960919	3.838086763549558	4.097919498697166	6.472936194211508	
0.10936835705075705	0.15594990023058122	0.530574602841476	0.9476258447612118	1.314339317053766	2.304842053237144	3.688129691984422	5.171923351706539	6.7307890293502615	
0.08168516073577614	0.13042560377774998	0.514069926637166	0.9046011774253095	1.5587468784351568	2.1279107432071878	3.0659154790666383	3.726162899809935	6.741627128576516	
0.10675383209017278	0.15647364437774783	0.5621416297551906	0.9670883218089917	1.3469862111552628	2.137377777397897	3.5200646739868735	3.963402190544655	6.077673160978556	
0.1132805218321718	0.17934335783709954	0.5285246783655579	0.9461006485163578	1.3444091953909547	2.454829984738232	2.886207853492382	4.809804416126971	4.781401713723847	
0.10566351995641426	0.16361540179711453	0.5641942572348293	0.7267099169717349	1.5791097600046988	1.7359599528000849	2.629347515435882	4.701799147627952	6.508984312909451	
0.10138708210782635	0.12212707616805668	0.4894459542482801	0.9195207838930226	1.64414566009198	2.4446419641116397	3.275735556164873	4.31843947364939	4.831168422893883	
0.09580273476513175	0.13704858281917617	0.6733680523638715	0.931850709296573	1.3536882764185272	2.0924373937091363	3.215769850241071	4.691613254196302	6.907200482290362	
0.09004126172766369	0.1228879985037056	0.5324313132841799	0.9056946380467078	1.3598693336960153	1.9009904209662745	4.115621703370358	4.999912876150085	5.524043108929165	
0.09980547907702715	0.16233680010174636	0.6343225484882061	0.9500982548810358	1.303752104976228	2.297303446914085	3.4476218022585923	4.516007928053176	5.714390454531263	
0.10019354815358505	0.14976611155374833	0.45558698002432385	0.8366090318317733	1.3453652795888358	2.0271868478468016	2.8213617598511456	3.791263704347959	5.996186646585642	
0.10933421788632054	0.13812696988165013	0.6437634239645408	0.9049267509505112	1.5853244837222038	2.2176541348705756	3.1221335318347117	5.593993292243822	5.737576061998823	
0.10140034483212142	0.1620991123841594	0.54930803756359	0.8130458598650407	1.4733320986144394	2.2242058715195703	3.0577365132587158	4.671914483694617	6.369288826990358	
0.09073197689974744	0.16447451332201718	0.5392004554731893	1.0016063840710172	1.6703238556585642	2.226629634455638	3.0616561977980514	5.019975317259637	6.0276984634918	
0.10173623140963138	0.16711073097682702	0.734053356058025	1.0042465368123619	1.499311682762052	2.0004927441242644	3.297935818294724	4.931939890452228	6.096966402231796	
0.11716108963160865	0.17977347836096796	0.6956883591363597	1.0081795371240734	1.3192807683705472	2.009765910389468	3.209946643071331	4.019915118627506	5.973955693849696	
0.09492193354940343	0.15693756160752062	0.5800306839831024	0.9956638023343386	1.2780503878923555	1.8465095805375977	3.1580958779638806	4.908614846142384	6.265098552992987	
0.10061997035325823	0.16449293181690677	0.6387400430218236	1.0782603832458708	1.3937798698157238	2.284059697388221	3.5804896595781126	4.284807806365234	6.336706137795385	
0.11145209565286936	0.15689053276482814	0.5217225057477206	1.010161151226846	1.5500054758408026	1.8018039461636748	3.3377709536044393	4.813835292915959	6.637268179620346	
0.0977977059332754	0.15374576966220282	0.48708893911440826	1.024991869662308	1.332360939321296	2.274458246808139	2.8885657142870063	4.744439817130556	6.120758246043622	
0.09817841520427334	0.10621483705832226	0.5409657390488978	0.9542115624089489	1.2624664059143103	2.117652999263505	3.0386837733543968	4.986630429068551	4.97291736606595	
0.09501720316614642	0.1471519856934096	0.6745661251964311	0.9777140704649983	1.566402976313223	2.066075641439235	3.22562053336799	4.453359698420526	6.094142467932802	
0.10823230622981668	0.1587985356263225	0.7063573558638727	1.0212419033908329	1.4447535940735061	1.9916793086210665	3.439260644692432	3.7145318230746525	5.580345447256882	
0.10170787370235651	0.1674425973376288	0.5873638209626216	0.9618980278989429	1.3554033073231557	2.6102826159237	3.566265664060454	4.609329710709903	6.4750782110933525	
