6	48
1	1	0	1	0	1	0	0	1	1	
0.09619636100059598	0.17004311784951595	0.5998770342523253	1.2510245595954737	4.785244981930895	6.1359400549311225	
0.10956157038733538	0.15806081042505174	0.6442296174531057	1.355582178784339	4.928183121199485	7.304883549366212	
0.09164484190097162	0.14013240754957998	0.6582433473053226	1.445559752870589	4.148242918530591	5.439194493770186	
0.12952030187321414	0.12750986314542298	0.5385691591810827	1.5140741922806484	4.074819431241382	6.103664111729179	
0.08715534289198518	0.14723709512801714	0.5835085491492579	1.3281992679153454	4.60432722537037	5.643994226596469	
0.10643420195731929	0.1362701532489896	0.6296360771543009	1.5294824719353826	4.809074113018015	6.753453701370761	
0.08499150860577982	0.13161295239147752	0.5067358140073346	1.4908228767966725	4.066230953544345	5.739340143291518	
0.10718887849798231	0.1628204465749005	0.46095286557292064	1.4382732249201435	4.263706733229588	6.149193909451278	
0.10085713379716832	0.1470893161138818	0.7009311318253179	1.481633005593843	4.243976242716073	5.807902683467137	
0.08173299481740261	0.12382163593927738	0.5707329358625808	1.477820472571816	5.010109012357184	5.373262861283783	
0.1052287601484076	0.17543488070270452	0.6781152108189656	1.5269112541013077	3.874875093996442	5.630487797884221	
0.1083986258548797	0.15878792619381785	0.6357755821985519	1.5526979435104586	4.332889585333748	5.710840466905009	
0.14100342274635166	0.1536645890794406	0.6783635238207048	1.4234332332420934	4.625019816726978	5.786336021131205	
0.10123109682178229	0.12896577336964346	0.6549483088787811	1.908155237924745	4.5855405313468545	4.895248399024542	
0.09195128566562352	0.17338706522502284	0.5210970734294665	1.4890663195781448	5.038868609613968	6.302796645234691	
0.08181468885328863	0.14201503057798281	0.6600580008190976	1.293837016096651	4.683168420014872	5.4304796063404615	
0.10704364203528585	0.15211042435722824	0.6217118138188481	1.3295491683890923	4.076457512961008	4.624418014957043	
0.09300375873734675	0.1435633684612811	0.6284635891027581	1.1647039871557001	5.240176078188821	5.564519007210661	
0.09559738457523627	0.15773952693503987	0.579405724908466	1.5099618101811036	4.169940115477142	5.576612612789772	
0.09671046215082932	0.1409232667595726	0.614487292497267	1.598616761943922	3.442594699937822	6.668523274381343	
0.10306001679817067	0.17161900650986403	0.6187385018130436	1.5173482247237406	3.955169786102748	6.753214029909998	
0.08855847384083256	0.1471701864571236	0.7164971130085834	1.5229229340198065	4.231796439870604	5.894434364099482	
0.10578647931540533	0.1668215256302482	0.5338700133672496	1.5440967657627271	4.437132564627078	5.35403181690355	
0.10763581357651082	0.13945385614706926	0.5342072024912623	1.4436196703475552	4.5907554942323365	5.904989055585486	
0.0873038803602346	0.1752057115985235	0.6512248795702796	1.517264667020209	4.075001990131579	5.699785729405305	
0.08561313123797104	0.14459900307076168	0.5224532394366108	1.3314384251708882	5.586170674008745	7.589352018219408	
0.09986707218894607	0.14297592757256114	0.6555676398198941	1.3937659566753735	5.061676611939435	6.177608098452669	
0.11412371697283713	0.17078298137687456	0.5603535494898696	1.3863282351683626	4.654432619428212	7.0510978989699815	
0.11733015664726783	0.15016510665152882	0.5908015450764372	1.523898212750383	4.631506564188592	6.307018696392813	
0.1016173021676279	0.11512892900952	0.6128337594034602	1.4279803778158313	4.485453429418208	6.293377136362133	
0.08659157814857549	0.1592604735696357	0.5654578979457847	1.195059467807405	4.814780368580518	6.328020488668179	
0.08264831232954306	0.1279023192407489	0.5256573323034613	1.202995959338691	4.230738480427066	6.377875266853352	
0.10627919597155261	0.14254018273711963	0.49685882797186864	1.470402513013128	4.754876784504919	5.60403783830933	
0.08951167838898932	0.15022775200272886	0.544812369884879	1.1317404387883112	3.9118385953535944	5.5122363608647555	
0.11185996984960461	0.13727288456070427	0.560971871132135	1.4576122152506978	4.59450461610909	5.154808842680806	
0.09694864555824695	0.17088271354921236	0.6218551039573946	1.521608369241896	4.769774601069556	5.408409752707977	
0.11094039908699077	0.1388254821640638	0.567681162864913	1.3716298040857866	5.0870262779491435	6.924490002925369	
0.08477596509647178	0.15653680900436978	0.45583970105221716	1.550060917172619	4.107079285249456	6.261508806558638	
0.10633146149845307	0.13135025835749717	0.6551016038169767	1.3259385903022771	3.590324985998389	6.127300968715934	
0.1033771031222422	0.16433689850107022	0.5203704514036432	1.1092084168132272	4.261535552739293	5.812060283143738	
0.08930804840298777	0.13656629866753733	0.5768332178588124	1.135776368110193	4.138607446234746	6.349189805428415	
0.11202218680505377	0.12879564344194855	0.5966899992570721	1.662833455831004	4.81994037155761	6.218374036763863	
0.08729884174205033	0.17083372344910705	0.562692114030369	1.3329177054000172	4.768569757765235	5.823065781641799	
0.10374780054424043	0.16139186956109394	0.6388047729019773	1.3586001584120426	5.308088414233079	8.155337777266748	
0.10130010084996983	0.16890637448492016	0.6311941336527914	1.40004812607044	4.596263445262194	5.653100983571559	
0.0925722639065414	0.13930642817552766	0.618381781447818	1.543458832918971	4.5464528439761605	5.957217589318455	
0.107557738987554	0.13206625837743852	0.5453569593848219	1.4146023764437876	4.145599285132153	6.694502701905336	
0.08791640099596944	0.1411104411202118	0.5729413851520065	1.4877163052392934	4.295682270106322	5.1773968408055815	
