10	100
1	1	1	1	1	1	1	1	1	1	
0.1134137234881611	0.15600389275174276	0.36913259919682423	0.6263221336859578	0.7932735205325092	1.4284682411371652	2.1539643005245255	3.044806767665718	5.25047439568174	5.713178165225015	
0.1056765637193376	0.14845671710874717	0.3330321996621192	0.5213257790951799	0.8780599043877502	1.4710155701850658	1.7663073563676828	2.827648093179179	4.225971744952766	5.916105743342899	
0.1005750730133762	0.1458550737284138	0.35886223096251324	0.528560995741819	0.9585872951418495	1.4583968538571486	2.439363049998686	3.280608396257395	4.43129781818124	5.341849348553313	
0.09914485024702484	0.13987969201259015	0.36700017458346706	0.61148733748771	0.9659006363969045	1.3794782820955402	2.2584568202316455	2.9082796278569103	5.540904883131866	5.354323982724523	
0.0916401782788414	0.10425601734885986	0.31569295358824095	0.5813103043479777	0.9097420752046087	1.418012833079234	2.241952186710878	3.455429190564918	4.60636459835016	5.700087695966071	
0.08924539675815524	0.14793203405481034	0.3474791724654541	0.6799645267274413	0.9378948761432601	1.3611599768612204	1.8820337673211027	3.3981145833487267	4.607088136549624	6.177749816760807	
0.09547025776066609	0.12404829596492582	0.40116363849921705	0.6283995547831879	0.8688641375917314	1.550005907819138	2.288916058684259	3.670154836930757	4.744471900782744	6.018447237138901	
0.11005039051731487	0.1540079808580714	0.4062697007429231	0.5114408010611041	0.9834623960481637	1.4188638653864993	2.3046826923625665	3.2955663169613763	4.5747958578487875	5.926259815096086	
0.08528430517053369	0.15286735960398987	0.39436505564821445	0.5946893141491676	0.9880953543691887	1.3869183702090686	1.9562129554305736	3.164810770466705	4.920989578840139	5.637781695341188	
0.10636966892433371	0.15309033437547973	0.37089241282242186	0.6492792338481805	0.9048303106633582	1.4758999331902092	2.4200980567847004	3.800448462760934	4.192464288490674	6.42802379994756	
0.11352888520238705	0.17367965821132877	0.370590378447499	0.5635358970606079	0.9767801686831886	1.5001256163682968	1.9166733099381976	3.450981947103154	4.882208745742922	6.215878311449074	
0.1022116071461964	0.13985953133080392	0.330728865553014	0.6090183311468921	0.9416022190027354	1.2016223442956988	2.238380680887023	3.5249219155278917	4.646725747480965	6.490473064178515	
0.10051436448577698	0.1461325742939778	0.4244550552368125	0.6347206500342496	0.8425724142341583	1.2769388167070521	2.4188539746717233	3.0310388128141885	4.3259823043016175	5.8659122902042204	
0.11776263117074773	0.12091989582430658	0.3930408952208354	0.6922808731489277	1.005931072168673	1.478146938279188	1.9665492816201144	3.159325544770586	4.555016150192461	5.894751425054283	
0.10822311937833191	0.17874586461110478	0.38710280337798253	0.6380183989758312	0.9259778538979244	1.3407614676968784	2.266454385542096	2.8362387072204966	4.731463276602238	5.335227179920385	
0.10843337793061254	0.1324260617901507	0.40557330337606795	0.6982598974717243	0.8925237730731701	1.349192725256064	2.1251277673950812	3.4360847294354304	3.7702327163693496	5.756116095238901	
0.11282086942661816	0.15143023544160664	0.35758346052116724	0.5751484537008705	1.0068603702936734	1.5830955018939257	2.2631868605372656	3.473936081269014	3.9821554485969815	5.837641251717043	
0.10649384166163296	0.15552216979113126	0.38245902088922606	0.5277766259281074	0.9516956636819445	1.13664589804521	2.1327406559229503	3.166522351254813	3.961942800246727	5.96758874618501	
0.08791720080904841	0.1448246346861789	0.31870287788691865	0.6891058701257721	0.7106563132535219	1.4913673804523588	1.7489223343935711	3.2301867349307645	4.752480664880496	6.02468829131097	
0.09832799735320441	0.13438030171066503	0.3559432310741937	0.6289772607071592	0.8610766212254489	1.6552375050135306	2.255467035010292	4.001945764372786	3.975208494559084	4.349798912335693	
0.09788722627978116	0.13301442707404787	0.39579732127470074	0.6159143079126382	1.0331924725129342	1.491415344856849	1.826653998906398	3.2630181313260884	4.928563521171486	6.633982542434313	
0.0999023586867424	0.14648117070624958	0.4464941014831269	0.5796071799372596	1.0130564253932506	1.6151138082330556	2.4242165562883646	3.5887220132110476	4.807507344057457	5.933842860987828	
0.10771724708105533	0.14614642544005277	0.41949693292403534	0.5232109515785708	0.9278010609858727	1.3308042805542604	1.7758524493909076	2.9878976737318617	3.659139700056652	5.674978562216248	
0.10177359726669273	0.1657363354347526	0.3628778949648407	0.4867748861017612	0.9063902856327937	1.5766665037287007	1.7511822906862238	2.9794889401907647	4.410008312952148	4.982466981142611	
0.09237112173674715	0.17050648641724256	0.40596094296794477	0.5300048266598388	1.002619815986337	1.4668795854455665	2.5281301725277143	3.279210376085319	4.095235238905404	5.239145433290401	
0.10326435188689398	0.14858410530649122	0.39661582095136444	0.5552689636525666	0.9917869756232534	1.5984391843943793	2.1940048810496875	3.573807193534916	4.634450706107893	6.131169344450109	
0.09493386413400925	0.16811606383631353	0.3575190937493186	0.6136257886099865	0.8403262931160387	1.5501695879133404	2.1086416842728557	3.4173048025159285	3.9309179611838014	5.429308953354732	
0.09232730014187583	0.1538116825142126	0.3848284742384265	0.5826433321726512	0.8628224742063684	1.2425556879684703	2.2859051294095147	2.9189860550206372	4.683883276261898	5.096823571594424	
0.10060001608254182	0.16861840387680174	0.39603698179557406	0.6050566517376832	1.0256578810720838	1.3405884868815072	1.999135445465106	3.360130311596844	4.31578187423666	5.564928115766441	
0.0867250782382363	0.1341287858190844	0.4123972738584193	0.649372981033132	1.1676262828429906	1.58521241074095	2.226764453623334	3.550695394772508	4.0198025483151465	6.32379983528814	
0.09866501787113865	0.18386248620545584	0.4268535641064716	0.6540696309039439	0.8442589286684775	1.9117985506613406	2.1084682852971697	3.051741676066335	4.919375799273597	5.118174764356477	
0.09080509720588381	0.1384547504279222	0.3907897444183865	0.6180858091758844	0.8732562269287876	1.393890367693421	1.4948885362042499	3.2010161256867895	4.5613910252965075	6.644985125957797	
0.09973867133167053	0.1604215691215539	0.3704559400958526	0.7242331190691743	0.9380746177955311	1.439033941101801	1.9538483193760214	3.5542600652666754	4.6900239355684725	6.711532246408201	
0.09547428674742707	0.15286329954476696	0.43732760269848586	0.7211417344825636	1.0382323083323222	1.529049894278537	1.9104083444410498	3.1498950130063825	3.5509745184935615	6.351145608164259	
0.09853041145811507	0.159995034550473	0.37094557673027584	0.552295329184925	0.8866995618301184	1.6509581781528484	2.433637354851054	3.2407683276758887	5.202364672708321	6.643645199026512	
0.09532271987940023	0.14019415647198974	0.3450195914336737	0.5874375720717012	1.0032472465344877	1.355399924785115	1.9468408224002487	3.754503769680861	4.736642250294903	5.970042200397015	
0.07827816343854735	0.1620777832625243	0.3331227968128829	0.6115025965094344	1.005149346511104	1.5909467493893636	1.9459377049152087	3.5996838487374974	4.557915606613154	6.253895327025335	
0.08825462489696659	0.1262225369225265	0.4527486837958156	0.6999022630302864	0.7509351791127491	1.551078956601782	2.052403865806206	3.583039276889709	3.807331965411645	5.890885893824195	
0.10487045555246632	0.1231651259187484	0.32857987943745576	0.5798473568584607	0.8129454883649394	1.4159501882100975	2.104436677606256	3.4064084969994273	4.7592225960510675	5.676727078603827	
0.10872543069434643	0.13191079078210358	0.3434544321412568	0.45009811769104413	0.9111959077028567	1.6245000619639345	2.1522882163404815	2.935973687683571	3.531925404525561	4.882863594252569	
0.09548351958963934	0.1438051891166233	0.40124602562748735	0.678219068487764	0.9630890244681068	1.3489510653532804	2.2818950646130145	3.4234060805205004	4.990215378534915	5.463224338999379	
0.10528054819783797	0.15904074944203234	0.3715491080593508	0.5188429893272584	0.9341471557318257	1.3212696420333934	2.343409777249576	3.208118043571117	4.510526170280931	5.776347840656337	
0.09733596636670043	0.175753111793062	0.4021057493990319	0.516776313206666	0.9259487410780708	1.2284218394556885	2.512911350408737	3.6812658851501743	5.26065166469111	4.938074490278963	
0.08888142109524345	0.13731427805649046	0.3411831955050064	0.540852006791398	0.8473162998292662	1.3900611718370783	2.242162721927443	3.4398679288999556	4.969345469987986	6.200325639233058	
0.10335135953111313	0.1692989162776896	0.4108816579600462	0.6190713757072133	0.7562111993703852	1.6482440220039394	1.7777702500140344	3.0044314470400955	3.44256037782061	7.112594946894365	
0.09371215189384513	0.1510768194751269	0.3146319897794992	0.6122498554102959	1.0335990748012562	1.3050829542229763	2.146397066235584	3.357354442731397	3.9723655995028215	6.4740973687078665	
0.0908293324541592	0.1518571952325975	0.37437591791498076	0.6702386253287324	0.9502420131510275	1.108075672458505	2.168741237580028	3.2923173118675986	4.698922756419435	5.656315630876867	
0.08464092860156583	0.12648864494425957	0.37053016983203674	0.6956077261732162	0.9225199782852578	1.4105820166711063	2.194742554526068	3.5402673902942046	4.311579837449504	6.4670188806327396	
0.11026845295555583	0.1602015019718638	0.42085217373502043	0.7127732092073574	0.9210046566881491	1.3586529671866074	1.8447955815311314	3.3516169942042437	4.4565710201650015	6.468721101327537	
0.09773862006221852	0.13422457902739474	0.37705023648127556	0.4916947081734637	0.9202820496756046	1.3358528240610694	2.4158589158770054	3.6784495533314336	4.498176216785387	4.856934999876287	
0.08896429004782895	0.1498610624992003	0.3462521018103982	0.5821424719372899	1.0839154520473566	1.362983691648569	2.1589981386970023	3.342540113941015	4.065552338730234	5.603155340278471	
0.0972313871020859	0.1518051200296404	0.4133814932290724	0.5335513910658707	0.9310660820622998	1.0050578097785985	2.1352170888764594	3.361401201201259	4.569051699317768	7.186722156553017	
0.09347819614932545	0.1447499593474527	0.3717255133319935	0.6307386896883088	1.094603050857399	1.5841949121411771	2.041115008714201	2.736217863101589	4.917092337422491	6.12045032392178	
0.10741564961923417	0.12983709491623055	0.35305472772068586	0.543117396181616	0.9989389119996898	1.132204425480529	1.8526073904854046	3.3336737579140405	3.619746356973386	6.1637317850145195	
0.09436005931207395	0.11000959859130639	0.42097462494974414	0.48081419729165703	0.9822446913961956	1.572436749231404	2.216196917046834	3.5671226456704175	3.8165833522225516	5.5383575949637915	
0.11227950312669194	0.17228553935138988	0.4610528839427191	0.5666727132501511	0.9283434413624126	1.5564005557770466	2.078377246511424	2.5540963738669555	4.834669130562685	5.905712325360042	
0.10406384336744352	0.16240884204804734	0.40679143587500716	0.6256823351187246	0.952753888834823	1.521166973975762	1.9260169883871723	3.140465576730512	4.167128573474609	5.8921005674557	
0.09749006839132104	0.12334734187006509	0.3540658753506177	0.6627009940642629	0.8970731936463101	1.4473157000046781	2.601665151269873	3.372722360405382	5.218566418377347	6.167414393946116	
0.09585327969088749	0.14446893191217652	0.39563170561093536	0.6123728613487202	1.046066303729271	1.7797611946118157	2.364841014327105	3.310862706300188	4.756352776297325	6.339962487746347	
0.10266945444174086	0.1439339105301387	0.36120833881935055	0.6216416284615766	0.8439032571874767	1.4206136667302374	2.506180711188918	2.856789972122321	4.302709597576911	5.798531908867625	
0.11078725187275332	0.15684823560783714	0.41300147796898007	0.6693696923020706	1.162072398108221	1.164072517247431	2.804754466022412	3.6524389520037195	5.579990644628186	5.795246574479878	
0.10205912874203829	0.1354271270647972	0.32170389502217955	0.603040301516609	0.8973220143950439	1.4005380150327622	1.9818257646356197	3.3984974204161853	4.625654634400225	6.1242372025934495	
0.09197674894737883	0.13699986043726387	0.3843114359084035	0.5372344507460957	0.9622405576354154	1.2711111079862156	2.397720908065387	3.048185076242867	5.195472397177174	6.367630202016546	
0.09206180285392294	0.15565610627304985	0.4278850059864965	0.5590494411386298	0.8849823331989538	1.4776066731291546	2.3837422932353545	3.2136911643675905	4.670567940335394	6.819423454147254	
0.09367667790092632	0.1341306372471411	0.4244623854267254	0.6383352496252833	0.7934668435558373	1.6580452836856296	2.301212353444218	3.406577071012172	4.447502086699118	5.683984495486895	
0.10304908321160458	0.16642179746040495	0.3468562046211435	0.5978949961885391	1.0119781176213722	1.5879752525716402	2.0112710906623588	3.2928132921361346	4.288531860418243	6.089775056333065	
0.10213656080784286	0.15279588572634956	0.42524798701715594	0.6063329428949203	0.7827292720247023	1.3229907748170198	2.7523112938176015	3.003789562561107	4.7411170600361086	6.83928663005172	
0.11809051549705743	0.15274207420341518	0.4145474732473623	0.5975171765220918	0.8628422921022525	1.4291391090053054	2.014243897268501	3.720418579705815	5.321171377442604	6.140024331527677	
0.09150707578013789	0.13507844271165276	0.4291432535798641	0.5550827085048463	0.782569157455176	1.5727523270765769	2.2657846532097223	2.897469062386749	4.474848269387524	6.544256897098497	
0.10675456737216969	0.14588738507155388	0.34931697144040136	0.5599506718184905	0.9585644444292468	1.5550943745460266	2.2578463598503	2.8906107700615205	4.7826010187802215	5.120257977150042	
0.11584647712738022	0.17599750902889408	0.3757428057755424	0.562062403123581	0.9798063908646867	1.3542723340240708	1.934842446465259	2.7003568027702873	5.112950512151773	6.528715447752004	
0.09446045991628135	0.1574108079664788	0.3641572502063421	0.585428070485624	0.8899166675015701	1.5490321019447302	2.068425788547155	3.0056292945110283	4.081589800402875	5.207561543261819	
0.10284093054689623	0.12913826171497694	0.42768225885335576	0.6223977627950968	0.6704586140150788	1.354434559295358	1.92976257430194	2.521244011245865	4.892045677596827	6.336481654482088	
0.11042399408255335	0.15322088866148434	0.424050183603034	0.6318676253817194	1.0274768239336516	1.5338017264099555	2.3356128865483914	3.4745963307074756	4.283500742545983	4.94544293012137	
0.10630504172528177	0.14415135982882885	0.33562089815187607	0.5953728786298236	0.9126336310997865	1.5115917599571296	2.3395091948568396	3.3742224629088247	4.34788200071932	4.737375491471286	
0.09519142272653675	0.1504855217984252	0.4490083797055115	0.5187676902976449	0.7372803356514948	1.5110876627613419	2.1587628275077773	2.9753180324651063	4.831411268543509	5.257775047034348	
0.12362209089730528	0.16456891996799125	0.41493202568954973	0.6145495400785922	0.9620219232596647	1.3732043566666028	2.239532468811368	3.3588691358446177	5.099568491166144	5.965904456991828	
0.10253883851350801	0.13281539315226884	0.4155808015259699	0.6073265329835407	0.9690875812244611	1.5309615780576715	2.248764733236949	3.0917452165233237	5.032577727463635	6.25625532375307	
0.09919962703277285	0.16054415647481	0.3990485030437755	0.5751803901564365	1.0295485982354622	1.5827663067412712	1.647364225970655	2.87992546019855	3.8691587941664105	5.0961026419735465	
0.11114503968993523	0.1370545791121341	0.4163236082354781	0.6259399845221989	0.955292338364909	1.350702728350101	1.9768919401395288	2.9917062000708796	4.771645716061101	6.188674864056649	
0.07089030769074499	0.17030741209189634	0.37010999309691056	0.6072846689701443	1.0014688392112243	1.261882932503071	1.829542590487618	2.9665920251539792	5.037687807517536	6.008836057913489	
0.1109571951670667	0.11300997686018274	0.37264592312335476	0.5282580929983591	1.026170315495132	1.3673491706827312	1.919494859230616	3.1392470807593	3.727820691298017	6.01601995290588	
0.0881840807081492	0.13293860798649387	0.378996379518972	0.46984763851386835	0.8951089767588962	1.3475856625812193	2.4337271595360472	3.47193995780734	4.133699801312231	5.4742445137788724	
0.10386874950070889	0.14973501688936366	0.4305734634175724	0.6127861823837935	0.950576258901572	1.5267717363345856	2.49148067311424	3.28737571870465	4.851628102282135	5.973043371179539	
0.09252406964685933	0.16009823271829485	0.35571409238610024	0.5286797489098418	0.8909482062727436	1.5123129276781837	2.1351499374859793	3.6756936787622987	4.921763959187861	7.419854714828092	
0.09884975704059312	0.15935360699726434	0.4382981548362571	0.5108832218806966	1.063690547559994	1.2039538660189815	2.4623560441109316	3.374249154752173	4.440266795680328	5.374195287147862	
0.08699216942111594	0.14510255232806682	0.36205606243147254	0.5567871678642382	0.8889190976210086	1.5451581084925654	2.5003459385891387	3.1205768483068503	4.5349438173555425	5.357972691788385	
0.09670167186678987	0.14007813874820024	0.4099396568390793	0.5459820915667504	0.9699836479672889	1.2973698231823778	2.537113368088832	3.5016627996473715	4.542928919860229	6.631702063657118	
0.10864488382686809	0.15939309272034685	0.33906198609104854	0.669887486841271	1.0349809182114913	1.3658486253393205	2.2854245604803833	2.580968540244343	3.7014145814219104	5.9765452852352965	
0.10997403561261201	0.15617717765396824	0.3793380083504505	0.6104123190518177	0.9432970754014107	1.330299593308833	2.3110848280551473	3.454664637809443	5.320477734693715	6.4222581535378165	
0.12329432554599379	0.14307336746530278	0.42549217921148225	0.7091849320189677	0.8082711759888288	1.2654705511833226	2.197606075707738	3.4349689339688023	5.40439637729685	5.699016796095291	
0.0792664959242528	0.15418477037556186	0.3822065161438463	0.6279466640119196	0.8489111858697558	1.1745470918498386	2.5358850598103326	3.4622615824232628	5.31092379905026	5.255603319609183	
0.10157478956932448	0.16240412077691796	0.41968849305305295	0.6863600129836844	0.8436024390921089	1.4208754433478252	2.311012843595362	3.3133800980893313	3.54285821614098	6.3827608802023175	
0.10449616212442683	0.14293705199342774	0.3876294731751713	0.4758719529058129	1.0889878146480019	1.4390326530336355	1.9919901950556425	3.8256274968666335	3.768744825935503	5.686009896854192	
0.11274894958635391	0.13561388807942742	0.3564168861886293	0.6051703181081546	0.9870327973869354	1.431577308816431	2.2141893157398296	3.2855601034258557	4.483013188669953	5.931048238167538	
0.0988123696083677	0.14670615844695256	0.30498272813910704	0.7115668103064475	0.8176407635317544	1.3483866216738867	2.4087799923635713	3.866813848867501	4.996789365467877	6.368419445806231	
0.1033155735671809	0.14524394621724201	0.4041908307384402	0.6663428499538439	1.0259427897155162	1.588865090134094	2.04017671286764	3.260625975449289	3.6667575069939473	6.797245048766596	
0.09923143688852952	0.12342908986089328	0.3896934931766947	0.6680003682877913	0.9224087821197298	1.498298386169984	2.0401182844511445	2.9527187018930614	4.695622493095562	5.498687994529744	
0.10066236298050452	0.13146498668374523	0.3753942569606822	0.646557260821622	0.8087827495535566	1.368924407239168	1.974870766436599	3.5932234275358406	4.502628421149012	5.955746004934639	
0.09813457223087656	0.14073960118090648	0.3189840012221473	0.5814908458575483	1.0164372765112228	1.351107686933555	2.2712983015525197	2.778069635716726	5.138052719325784	6.991452941667691	
