6	69
0	1	0	1	1	1	1	0	0	1	
0.14544042704838744	0.637679747468601	0.8855820032350626	1.1147764976697485	2.336999322019884	4.9960462489930375	
0.172984246967959	0.5616866471694973	0.8057890835155198	1.4164947087957627	2.173114255825526	6.9126268586345265	
0.16210472601360246	0.6321397323871468	0.8798786837051603	1.6430018597248546	2.589225457943342	5.645015341421693	
0.13951039616114755	0.6814374748710555	0.9472083426575926	1.543865909729754	2.53434705411145	7.150437244631703	
0.16173972279573226	0.6574807680755791	0.967162007095303	1.6933349035562084	2.2953349671288357	6.117238288293354	
0.1678614280695822	0.4979847961690021	0.8440078828630154	1.391982862555565	1.8052330845839295	5.297882624591664	
0.1478891707562721	0.5376019831954734	0.9100091657276768	1.40788118242492	2.4009996833245864	5.284190666875153	
0.15055449409198934	0.5944851443563149	0.9944697974325329	1.2648537035005545	2.1778634684824008	6.818945798041533	
0.15752025699660716	0.6189553788486482	0.7842344736017934	1.5608146720074683	2.211560791102074	5.328201316794912	
0.14392525221183822	0.626402484877817	0.935399166367402	1.4094205460611766	2.457674300143008	5.320168138919515	
0.14296880916694935	0.5713559235710965	0.9933242683761713	1.4305128192196366	2.0089510428259194	5.885166239660104	
0.15467365626851873	0.6105020939453667	0.8677531183710021	1.1250162322630064	1.9737440096761532	6.223920597656355	
0.16612056391795238	0.614562865226207	0.8756835622556491	1.4792875391566938	2.3741928280536926	6.351640500413155	
0.1706887954335054	0.5614577092026178	0.8396507120150938	1.6060163416785935	2.3136707001199417	6.792564858068777	
0.15554507665435885	0.48452747464301005	0.8708656782515634	1.421277771521605	1.975827415346946	6.244596423271313	
0.1417519836306992	0.5178542273739551	1.0196926579051762	1.5075974700017352	2.0099206963718554	5.72040729900663	
0.14196508596596275	0.6482225503500237	0.9985630546304611	1.3352417289974703	2.078766056145092	6.766949892276549	
0.15615511416184477	0.6294729070763467	1.0782335609414422	1.4826140252559592	2.0828542570356463	5.784058665175257	
0.1433183240393029	0.6576925670690862	1.0027139187851486	1.4985714834808026	2.1993774741544008	6.433391295705931	
0.1320260421142533	0.6006349914698101	0.910228623552667	1.2382399322141897	2.315412157754194	6.063308475847753	
0.1544469930592813	0.6046985539297492	0.8473832129252781	1.2427316369316657	1.7836895068522107	5.617005316630042	
0.1524352337787804	0.6859016985570715	0.7430989065778427	1.1344214432041806	2.026249322029906	6.419310585829624	
0.15741673764965544	0.5876320978837837	0.7463243207198847	1.201507163549532	2.3889194420698177	6.179700409392748	
0.16420353580703126	0.6476142578008425	1.1243038077266116	1.367528441778509	2.071044238701064	6.220309235757586	
0.16695107587794408	0.5013849253469876	0.8793343519000589	1.4090446679044424	2.163596713858696	6.419220319511977	
0.17082819952201936	0.6511405607035523	0.9404991575004111	1.4526790125732865	2.1718717159555294	7.129711014467318	
0.16222641433131849	0.5377170417842015	0.9160374708125303	1.3222900766928312	2.389168494146239	5.005654587485216	
0.14150363716037387	0.5719656140098179	0.8878350395778487	1.3100825303938175	2.088038105297351	6.611519025625599	
0.1544503531679783	0.6281567168269063	1.018715011388179	1.5396518661344532	1.7721540999938648	6.017395500856035	
0.14980874335925276	0.520223811851708	1.0694401978799886	1.2609574617916004	2.0450761156248243	5.9002311574365125	
0.16329231772511524	0.583297160072401	0.8519880274377553	1.6470566833069873	2.219180442452118	5.155684978301555	
0.15189778197650156	0.6412234662231239	0.9609592238806314	1.5201419927647295	2.2283157877942195	5.590898964076138	
0.12556539163209152	0.6744070507098289	0.9183801532454968	1.4775997448057343	2.1129200023925714	5.8295072107770185	
0.1643753309600947	0.5906099615348601	0.9954006047687073	1.2108692982763516	1.845851787918457	5.563433743338713	
0.11481479933581601	0.608320374022984	0.8263342359816196	1.3797989045115013	2.0574397452380664	5.612943030786825	
0.12839827977525825	0.6286183451015407	0.9899128062359631	1.5100369291911764	2.0885721078953736	5.90627556820317	
0.13062206969310255	0.5850019320335023	0.8987632091159411	1.465479463931082	1.966512399101129	5.9798408441223065	
0.14545262610455345	0.6378915175492305	1.0650496319290035	1.535704305291662	2.13018007539768	5.781571878520275	
0.15563087698841735	0.4941156655869697	0.8856517491521942	1.4800198036492151	1.9151112755680135	5.955966146705099	
0.159563106475065	0.638917763711987	0.8168637193034854	1.2587337756115138	2.038758276399057	6.554507263138142	
0.14234022200593713	0.6007494434282677	0.9337690965028801	1.440873255705487	2.1869605878472576	6.650562199867996	
0.14849674162763724	0.5570512431345409	0.9545151700438885	1.1035425594671242	2.0983921271640265	5.136858954904524	
0.14535563373702928	0.656533635693256	0.7519295822605021	1.2938931199127903	2.1664573044864346	6.37988238270774	
0.16476816874918587	0.5806462989514637	0.8456741275516709	1.4289212910662772	2.105132205778654	6.455808377741604	
0.15959445413463338	0.6062119559404181	0.8484462995005987	1.3502097251675476	2.164449405369764	6.668934107402344	
0.14003495676240077	0.6199785598000598	0.991225463704129	1.679382058194511	2.3425493560593837	5.735321839430773	
0.115000019390482	0.5394717686411348	0.8763426346370962	1.3235397661336021	2.010879528960561	5.065482501410726	
0.15420027512674594	0.6000287949965776	0.7675516251715524	1.772172105034282	2.4273414518464884	6.423158142046143	
0.14854686792697766	0.5849477797080825	0.9645008415209175	1.5046727674828861	1.8976302055140295	6.296509301363048	
0.15024521479242306	0.6523292514750815	1.061607796677933	1.2350362018276146	2.273956075561305	6.126515819765322	
0.1650363050317756	0.6113546779779658	0.909999397061247	1.4175951125314807	1.8560110620211774	5.826027544309737	
0.15971733984499709	0.6354607453928703	0.9118663160751255	1.6422840257538371	2.1216002060347297	6.572065562662854	
0.1299829797997751	0.6279225160800551	0.9363533758545364	1.3854677606324692	2.273586260231634	6.123066716366097	
0.1566020774603333	0.6329886758546723	0.8744374113607514	1.6810910828591177	2.4775895686457985	5.963100890278451	
0.15741974650489646	0.5534397780654071	0.8099558271681743	1.5136772611010478	2.464107446870736	5.830744975369524	
0.15425892060049198	0.5472398014342957	0.78733577812012	1.3604308741568105	2.137851316799007	6.590799837327738	
0.13160501412861444	0.5378718318688963	0.8334701564249768	1.6197306443601815	2.502159954591211	7.151445811435067	
0.16975986358483325	0.6170934517581749	0.9282396912354539	1.5329192910247327	2.1130489276793196	6.914655234835788	
0.15851060072088977	0.582368146130492	0.8745601410142345	1.4526340488438498	2.121814608315164	6.412836873754463	
0.1541683823407086	0.6061141223918153	1.1503221763283837	1.547446193322913	2.271609711303204	5.619793192523588	
0.12298896254754199	0.776811410813651	0.9082932092582504	1.2471665496450828	2.120879306408526	6.324386802620488	
0.15727511057911683	0.5178726839016904	0.624062150306738	1.6168422026166485	2.4908864454438415	6.8451367666636695	
0.148218649818724	0.5387431651666733	0.9999840269623953	1.4510999543462695	2.2632112505562407	6.055343795522367	
0.1371974211308375	0.6285822160990464	0.9375014232627744	1.3262623641161468	2.117026231685411	6.226033834366156	
0.14192186911235494	0.6929196892080486	0.8109260734030048	1.138226654746228	2.2364157479144744	5.320564150411543	
0.15698048232372538	0.651332346455051	0.8768020379732864	1.591162578296461	1.9001891556663346	6.346500654526157	
0.11154733341023211	0.5896249397953408	0.9208017284839269	1.4665996383616415	2.1966942844785358	7.255333778460392	
0.1728003305005301	0.5269057456325729	0.969543749385851	1.3358873159574174	2.458250169969527	6.27494155774386	
0.14770879403068415	0.6979124038300505	1.031665867599583	1.394081506244165	2.1155347100623305	6.491983412003851	
