7	27
1	1	0	1	0	0	1	1	1	1	
0.09694775295645333	0.10667593192210913	0.6175961588480101	2.2109093749646336	2.992183384504056	4.743050720257408	5.230500827327086	
0.09033482974065007	0.15625785696573846	0.5586799947022234	2.1365287544164744	3.0668140660864385	4.315080979665367	5.779665470427004	
0.09293243242781823	0.15453674571540185	0.562324290794763	2.1533726434660543	3.0131622035533185	3.8095656181269937	6.547461149555501	
0.10499526985095409	0.18433023103196508	0.5373616296001045	2.105073495223613	3.208235068721863	4.945216247226959	5.695735263520435	
0.08828958145824145	0.16811713962691505	0.5810009982443263	2.338908354591099	3.4977144802574687	4.486549286743965	5.895411776979151	
0.09608435193670195	0.14977210306845015	0.6517860135702378	1.9787653610721905	3.285374829817964	3.9966158573105366	5.403536260174684	
0.09969061002844376	0.12059762987559251	0.7236335169969631	1.8934921096942992	3.2369712333866203	5.025697974817589	5.482256796749701	
0.07697303010455284	0.1433258135981299	0.5475107771954328	1.6605796956527195	3.342589215085965	4.5931922380048285	6.685395872723011	
0.08879177634479613	0.1260129527032948	0.5755966150172049	2.1310063283130445	3.5494386209706112	5.134755602252322	6.7286874803444086	
0.10276543666892667	0.1619924888025622	0.561570393913849	2.186204966382178	2.862830704731463	4.5282084285990924	6.0531880184388065	
0.1172212860568497	0.14656525707764628	0.6054025702591971	2.2009467043780893	3.1021833973362525	4.138878270054759	6.779286794908231	
0.09019082557039704	0.1300812289246909	0.6408159227577287	2.398930191035162	3.1032918612797924	4.303775930557554	6.169526115664076	
0.09292147323256816	0.13827431219082045	0.652775555279182	2.2805331866684777	3.676126638053384	3.9363349444355267	5.69852250785363	
0.10281179562269455	0.1361156872533845	0.638501246229279	2.413294823753661	3.0604086590261117	4.517366373102165	6.873371214048671	
0.11799271575018999	0.16118701876590605	0.6356057503916165	1.9664466450427438	3.366743055148798	4.750569378348749	5.873777904863372	
0.09405223745444338	0.13078053489784716	0.4957362146969224	1.73120504463595	3.43831883618186	4.56646469635205	5.709713321075342	
0.09668543702275362	0.15315705812295727	0.5901262157394843	1.8617810662991767	3.5467250715891474	4.636856776801414	6.159539087888309	
0.10837562703358372	0.13779531965910488	0.6728238862635505	2.1198907868324186	3.5387946361075344	4.830502065069444	5.376718903198467	
0.10502900404914135	0.15489412006270026	0.6018186994496605	2.129710073742393	3.222084693841718	4.865710241539798	6.3467463082749065	
0.10030478850265666	0.12762095780292937	0.6296666048450171	2.305576928123222	3.9976332777702654	4.983944878397267	4.860494167250719	
0.10078429399018643	0.17717062542997472	0.6374129314140982	2.22066021448024	3.5425743141474517	4.219929812254139	6.286853997976474	
0.0974953196100809	0.14970564771284287	0.6497072709417064	1.950756682964181	3.66859430398563	4.309734617511506	6.156397699890244	
0.08599492039725057	0.16079755936307086	0.6867902361567946	2.0393520669180982	2.88917739938438	4.625092379134219	6.872886386995045	
0.08550143434519095	0.13340537728157487	0.5727486265013091	1.9736260777259003	2.9844147233520766	3.5576457175513005	6.3534341684435205	
0.10338720502869636	0.1245172620029453	0.6874317455973747	2.511434847710055	3.005955696321463	5.024946865939652	5.656201317005433	
0.10181116510211062	0.13746356797468637	0.7328550914077365	2.086356296124072	3.291095932417625	4.190428175641277	7.116789358341837	
0.1188661464608941	0.1744639377189441	0.6573864209008573	2.0156702474091786	3.519051281187786	4.496830740483869	6.787445173045579	
