8	66
0	1	0	1	1	1	1	1	1	1	
0.14972465663709394	0.5611309619263146	0.8103942298537248	1.323005924960366	2.372682480399182	3.493163629928098	4.577134408156578	6.352258755780177	
0.133020997986085	0.5522745124947116	0.9589244019171719	1.2863552371766063	2.1733056233389654	2.8396795069328484	3.757674181754874	6.441647253626927	
0.16540568778266643	0.5621507403655535	0.7885969798302076	1.1142027769711549	2.5460300321499023	3.286202027389112	4.226403016274288	5.781653061703512	
0.12130001624776604	0.6371939084259739	1.1160100153453363	1.318065747730249	2.662443262879076	3.2121684076751422	5.250038907844651	6.1843326265774134	
0.15459196783507492	0.7106355445509172	1.0027914662899722	1.4836032752015933	1.732612579814551	2.7601572160967236	4.706349738308514	6.880669983222745	
0.1519267660086944	0.5645217216672632	0.7589571538070405	1.3179473367798191	2.178160942777363	2.9716515880201277	4.065999178321141	5.969329641914017	
0.17172617505183582	0.6410831632733051	0.9565860760394208	1.4569535524487403	2.268502991006785	3.2142072378706255	4.315013272044682	6.4429163755549625	
0.14661907076756514	0.5286841558519418	1.0642269009420704	1.1626003968081242	2.4764394072819726	3.4145979551150227	4.063882170267303	6.014552732332195	
0.14356704898954098	0.6484635437013029	1.003277606482133	1.4959749835144533	2.310472362411466	3.212679461846978	5.29275379283729	6.734164130074576	
0.14284491422517964	0.6486517029619935	0.9972931525896352	1.3928540832938623	2.0772748214868786	3.644715103827786	4.493387811138498	6.156103134201873	
0.1710165609819612	0.7520003400418706	0.8810238799308076	1.3984112641182818	2.165910862567716	3.2814393406398543	4.6693596998753515	5.705892895117799	
0.1310071347058076	0.7052295146909849	0.9869236725747519	1.370149390132453	2.2439792967029577	3.84570892093497	4.145390271550955	6.126684127846175	
0.12915202888647706	0.5928995025675706	0.987343370908654	1.2705945743984337	2.1097517056416777	3.509976372347223	4.765140059504666	5.305420991442683	
0.1556066231235336	0.6335231302312426	0.9400426530518009	1.585775521232287	2.0232688264924663	3.384057450407242	3.9756598708260436	5.039624494089972	
0.1617161847182291	0.6012337482257897	0.8869021658862031	1.2776826899843634	2.3278270120791182	2.7598953288943306	4.94679486068491	6.270598422259567	
0.12813312917977726	0.6075576848927183	1.1767964134090707	1.6000868146782772	1.9719741564746531	3.482929346727581	3.8628390917084046	5.177211494336326	
0.14899041495048426	0.6330991361147444	1.0054537196596918	1.5480012726111316	2.256371274195068	2.7254528836937673	4.472580764183722	6.581209134978733	
0.15664936389911135	0.6109263619234396	0.9606180056226593	1.4746903428081424	1.7275470841599785	3.6253396213565026	4.450260191630945	6.424551874491336	
0.11541531742193675	0.6996595142484373	0.8224537171291223	1.7934117675803651	2.6056366832542244	2.8194022936876992	4.867666508816637	5.389672885259904	
0.14040890946188217	0.56299004394137	0.9716575526242834	1.4764230610314044	1.8916579733402081	3.392984206106011	4.408150893077951	4.907668271003255	
0.14348951604346483	0.6996256112096008	0.8927738417781271	1.1675182360232954	2.325110347540929	2.9485591899692953	4.596493018685601	5.896808102755093	
0.17642505348205317	0.5897230005321488	0.8235531973934009	1.3629547926191592	1.8858131279543286	3.181988968709067	5.2964058297767	6.749080823653655	
0.1806178575479113	0.6287550057538035	0.9433083193108083	1.287244092660087	2.207978574632265	3.2076325836817117	4.850382314088971	5.3266470127242584	
0.15079023681465123	0.5055901725591341	0.9613979711076323	1.526632519055816	1.801375330308401	2.8145805175520477	3.916808990708504	5.893425024814007	
0.12903773080754335	0.6827094133291637	0.9705622272802473	1.5156626599020102	1.8083547045931327	3.670282877796672	4.792324248044353	5.59059261607244	
0.12687348112942803	0.5954323666158655	0.8866218786504018	1.3692354625153547	1.9983321208431797	3.484466669886827	3.3297412412118006	6.857956674199253	
0.1649717473307418	0.6126411112977287	0.916600041947918	1.5848762437441624	2.140914281439855	3.159510417529871	5.012423130535244	7.256037435029956	
0.1354348976488404	0.6254879588086071	0.8289655553573883	1.5017344745633028	1.9826909821492675	3.6437531834963224	4.454946269117439	6.027887201522873	
0.17446672646183375	0.5560198248532581	0.99369032405182	1.339416157810631	2.4072039719262746	3.8306955208698543	4.381691760956265	4.683545760143251	
0.13967794406772616	0.7459581794413053	0.8749333800333581	1.6832560245069226	2.019648512122212	3.04492520933446	4.850634409650362	6.3956045970414666	
0.16278261271982858	0.6002946335138132	1.0261954891153542	1.5674945134854674	2.397041033544633	3.0473433070277793	4.965133141250511	5.6871983145197085	
0.14764348155015738	0.589342377742602	0.8371763362818573	1.181820981718559	2.413100669138515	3.0217688987319784	4.378617123941209	5.56156993194081	
0.14615018194946552	0.5696458235764581	1.0489547998581452	1.3455579067506627	2.518629141768617	3.620263204739058	4.286498853827484	6.191886980877707	
0.15779019494395702	0.6504964322255035	1.017463431718093	1.4566884698813216	1.9447990335769894	3.4582887054669262	4.393572131044114	4.326477004791678	
0.1558541771558932	0.5559533969256755	0.8873699088526072	1.4308610224217868	1.8159658856754626	3.2951884800618507	4.357481650076578	5.473668008467864	
0.15069362737527298	0.49858822694203186	0.9370332903903076	1.4972956446309804	2.215628461817778	3.5063873674533084	5.024408572148452	5.951191363778551	
0.16643174226763424	0.5948948900609388	0.8649501387599172	1.3738366615692175	2.2074001818224067	3.6026828006560025	4.500658284666205	5.595805877038085	
0.17166390070230567	0.5139110093192006	0.8679498992437018	1.5576681660864595	2.529788308005576	3.406221410871628	4.612449401173723	5.825480897885595	
0.1582210673707389	0.6077620602606487	0.8598285840766475	1.3858138911230202	1.963499110713672	3.2544250746737684	4.572827762869171	6.980629919188658	
0.14103904311464066	0.5891533947117907	1.047103862900728	1.6881277771154783	2.252062860140713	3.1675919692793344	4.287142049728071	4.894159911083829	
0.13608347551356445	0.6060937454102164	0.9131683144606682	1.5191473402812887	2.1080314008317287	3.014031378592907	4.653604916705396	7.503159147284078	
0.1452397624890521	0.6083332512807226	1.0087640790527794	1.348258570005595	2.4236428703766073	2.736811963886673	4.316522842229122	5.813267461494869	
0.1522673661788041	0.48171112200060506	1.0558048102034818	1.4892331146479694	2.3914087607823125	3.774236614675758	4.166746299748324	4.503387599566322	
0.16719549112945248	0.5828170397895968	0.8246153298838984	1.512410850384793	2.6796647404084357	3.214605389080042	4.928002338286043	5.407498323918319	
0.12469863351825669	0.6548364281593795	0.980784804978169	1.3634044946437522	2.5168371512254595	2.676541084861506	3.946486465835091	5.674279443148477	
0.14465404489019093	0.687921282451717	0.9345754082164011	1.4024075794872333	1.8769485449249592	3.6031559010984973	3.988511602439743	5.2352332251838956	
0.1439961278857924	0.60979164147931	0.8630267381850915	1.5311035029229374	2.089160100449139	3.5921499053737653	4.727299775437384	7.074887604218482	
0.14336656611183765	0.6506382614643357	0.7638265563713276	1.8435071931098528	2.3206985046963196	3.153700152777616	4.383393655215217	5.8517861558176385	
0.1776005493465251	0.653912970020473	0.8887713978781626	1.2528494524082274	2.4071624966342022	3.522528401051928	4.81786681376277	5.949753338770859	
0.1455057382663386	0.7011134106887843	1.0953790392553164	1.5215378572167517	2.3585157859405803	3.3267319033554807	3.8835064023898935	5.412154346394212	
0.16719272854574158	0.6764223208686714	1.0280338117727947	1.4794854803424455	2.3846292756034826	3.2311053792877504	4.7796256514422355	5.877190579127929	
0.13414821550275174	0.651874318349836	1.0485865696334864	1.7837761055995904	2.206766235300139	2.909461809027075	4.352201668202033	5.918465168684891	
0.15222746709941867	0.6282525754043059	0.9637561441928902	1.5411227629605315	2.192445955253905	2.526778831597548	4.602210222912052	6.052038456784313	
0.158254002957314	0.5783110676653486	0.9507878923763041	1.5095426328166304	2.115590926627902	3.4696579457248418	4.53155621960918	6.09399529938906	
0.10615936801414498	0.5313667629104685	0.8238715791436526	1.4609355071596526	2.4234080251587473	3.211515090967258	4.88173418068719	6.388951593795522	
0.15209840135205477	0.6344386020499007	0.9528727658513609	1.4096538889586328	2.234082275178305	3.7201552081855627	4.712737038064064	6.130782672023196	
0.13683824128245778	0.6849525089558766	0.7991444866170981	1.1860329794744715	2.229864047988264	2.9637529378877154	4.99009455128135	4.98977662478041	
0.1644270970876593	0.649258916084274	0.9409754846620354	1.1297612551110157	1.779489829131357	3.3279789652606007	4.395243599826548	6.436398170941802	
0.14897675562403145	0.5906891620648599	0.7043524656683378	1.5476078205834845	2.010433570276835	3.120583074791252	4.018599430600882	5.075753361629792	
0.17208206742247678	0.6477292616972933	1.0055155885079343	1.3990389816117903	1.776346674117354	3.933164545647287	4.690031234068528	6.0820735200461975	
0.14461300466554383	0.4773266248237431	1.0361649621017353	1.2787483985129775	2.267512370015385	3.5005210373651585	4.65037092984292	6.2819841241991305	
0.17019179627847444	0.5524550752900217	0.945298740874046	1.3978099271307833	1.7544935147182479	3.3430583322067777	5.063062768436109	6.825800495206317	
0.17786215813943596	0.49357685252464534	1.0814623759029556	1.4564320863035343	2.4941209390845414	3.1216957170114865	4.261139784542301	5.270836454263864	
0.1616396634960924	0.6308685642319048	0.8261181107125798	1.1205284423171409	2.2392777253795297	3.4219803692570383	4.055871819723405	5.287302951977423	
0.15983802268719371	0.7113836218994931	0.88396591150155	1.3042116326206201	2.2142545697063745	3.4564572460756233	4.336069456848415	7.215054650095173	
0.1635252768321252	0.5771237576381	0.781899083578127	1.6186773156575265	2.4062652157862408	3.151605317262426	4.657758955925646	5.909718061510494	
