6	41
0	1	1	1	0	1	0	1	1	0	
0.15356909457199128	0.3309733755471346	0.5413718391755593	1.48709928113484	2.8012728024555438	3.8266207705057633	
0.17892406971722727	0.37157441418870296	0.6049740375414553	1.3398386682116834	3.504232887143876	5.249630515216194	
0.14680335539281292	0.3899704953087581	0.581666327442709	1.2669933180714068	3.1382512893031613	4.676534422302152	
0.15935938075100484	0.4067638797348514	0.5308450642349053	1.2628272964295673	3.302775795342497	4.580982751662479	
0.14093909573351934	0.2990857530230485	0.5974011725449698	1.5599386629747625	3.455253230259406	4.9996442862692865	
0.16276366813569074	0.34548625588741183	0.6321252378307526	1.497861012487931	3.6312248936557023	5.225442671589061	
0.13391736756968042	0.35021516346500425	0.5795363884893564	1.504471854129665	2.8119482146598758	3.9602928329182387	
0.20190860089448295	0.36217655002451604	0.5869564522118048	1.5828120369985104	2.8898227728507506	3.8509228599692205	
0.16181576726187205	0.41032787840515217	0.5586674043993752	1.4553160880410805	3.7285678662237625	4.456360016608073	
0.14266128596021782	0.3139396676501574	0.7155219278058639	1.2803429482718718	3.499073834631227	4.09609857184095	
0.1377975812984434	0.416215708172549	0.60192661922232	1.333068109955108	3.1739591565646954	5.122644800560917	
0.15104287888071374	0.40796808398206935	0.6068208376420519	1.315160014818871	3.6279477665005633	4.941138642495287	
0.18028578234651144	0.37338925196134637	0.6491379310862962	1.4627007193997774	3.2367878223646525	5.135022782916716	
0.16040769326830595	0.38351487494157005	0.6157350571340424	1.2533897944141281	3.381346681678452	4.795469573804417	
0.1445448564650235	0.4228617198886313	0.6014414301262229	1.4306349423784401	3.133645802261186	3.9867396890429956	
0.13560344876318137	0.38538088558646705	0.6090680439297006	1.406616527814997	3.548481192862593	4.468000897847744	
0.15274504635770098	0.40943562971583985	0.6183440606877317	1.2687293956915586	3.85257895710335	4.071083217389228	
0.14448238955044387	0.4359358920173935	0.5941065179110956	1.2699776464966706	3.206466625492107	4.644553009773448	
0.1384774403789643	0.4181872977198799	0.7738281289992485	1.4801107489821024	3.674840528594251	4.899947590711047	
0.12292945672627442	0.3417844944921317	0.6284940838615559	1.3900900453631808	2.886610460962362	4.806765138378201	
0.16841742107794935	0.3723353936312946	0.5305974399879914	1.3225420328116504	2.861987294757519	4.417059497300573	
0.15449976624879938	0.39251928314835266	0.46019519397267816	1.1210795239083955	3.0706117018908694	5.411269582563063	
0.14609490794848612	0.4295510152259876	0.7125856690948458	1.344459345312061	2.668770978694526	4.826509135230242	
0.15574602661552273	0.38388317964785384	0.5934367569764317	1.5233322687773394	3.509632740245971	5.583831784938349	
0.12943381761787442	0.4406132876825709	0.4147648331085317	1.4094299608982974	4.032489968983351	5.379999243904315	
0.16017135997309626	0.41558662106553546	0.5403818459384151	1.4094175584569866	3.5071303378996275	4.430163084709138	
0.16200109887611955	0.39782070861466134	0.7044218965477196	1.5495375774521212	3.5869162520878417	4.460990164886428	
0.152257622085038	0.377961267651604	0.6894640185773536	1.3538477124261912	3.257581804313203	3.4434257393005105	
0.1457060195902776	0.32456192449852667	0.6073689650775292	1.1599969607796192	3.5375139919321565	4.206850241102195	
0.140248522596881	0.39496713303308817	0.5271431461850522	1.3967454849441336	3.5393826215091657	4.258104097143116	
0.1592607466853827	0.38821005792005897	0.7028531515050592	1.579700525219037	3.8624100678612736	4.143805051020453	
0.15487994938281724	0.402278416435734	0.5381882527284887	1.3898040253421478	4.0216837651260136	4.828729657246895	
0.16557216914910905	0.3865014304276956	0.5706679569262223	1.3447071524885947	2.4896906691282545	3.5655281462565407	
0.15442517190598976	0.4583300151697146	0.4948774025827598	1.4456537072015128	3.0352780334106697	4.904596919073683	
0.1217562860627083	0.3302341381857383	0.5864137518105678	1.6589955307378925	2.780606530280935	4.423579499984251	
0.13811193702801552	0.33156899575223875	0.612997800204721	1.4233744082784738	2.409631696000582	3.9825307556880505	
0.1282484752416414	0.3423631569741937	0.5370323905583876	1.6810969751397888	3.06236283387536	4.105670378391679	
0.17576765916325196	0.3554792193403132	0.6108967348091043	1.3831890660764752	3.7400880976468205	4.396643647726373	
0.13880803678372114	0.3542736815803194	0.622467722267315	1.5136906999095292	3.5375398148164656	4.238778560711037	
0.13305266762586168	0.37119931001552453	0.6257052983541435	1.6133453480121058	3.1669806162685874	4.9286835245829375	
0.13100843554046152	0.37887508674940573	0.5114057845446828	1.3888753587173492	3.61152717565635	4.863325101491401	
