3	28
1	0	0	1	0	0	0	0	1	0	
0.08449658313391885	0.6768403017237286	4.62146404262549	
0.10531302537863395	0.5924142121071109	5.350405977148691	
0.11758633868680868	0.5989989836309586	4.487320310202872	
0.09779925625400895	0.5331148333136579	4.315756129424715	
0.09684827316160242	0.46697911862264707	3.474774637744406	
0.09935761733910084	0.6499452391049865	4.153372475898577	
0.11749696381288866	0.5831268723826385	4.118802882694717	
0.08576143777050727	0.6058527070675053	3.59537528873442	
0.09250230406084492	0.6026783285962082	3.8711561473855527	
0.0947733303952876	0.6014857345067077	3.9521189336264393	
0.10650858998023416	0.6565050967340335	4.045195818876215	
0.09799639138016661	0.5925294005622299	4.656091980631637	
0.09702367603987089	0.5566597271187017	4.02447211063878	
0.10836481172822475	0.5652657512520389	4.150579275043605	
0.11047132417846613	0.6086769875238702	4.039950271086464	
0.09804818568876106	0.5418143952425148	3.968699731551904	
0.09454720936809587	0.5877097974006247	4.222210872438754	
0.1054173434990849	0.6390763469713028	4.181426485920632	
0.09824376824565934	0.5717478228003653	4.0547485417727245	
0.1015729199760296	0.4871931804257904	4.068351849102273	
0.08836717304360642	0.545789318761218	4.01137815659928	
0.0838383617161923	0.5824979603988092	4.332977277173879	
0.09989789468445921	0.6141422502660401	4.682557705356847	
0.09195474046842128	0.6037009377021947	4.382110784553205	
0.09892317024808378	0.5725551301620173	4.138977916781066	
0.09754786088656853	0.571430726527832	4.634705018458381	
0.10945128788210907	0.5435687882238808	4.258226480233107	
0.12318699736483199	0.49075545311129415	3.775363138173798	
