7	64
0	0	1	1	1	0	1	1	1	1	
0.41725327224247427	0.4901718756813399	0.8178279532802953	2.542747660087721	2.842138204488808	4.738966574611535	6.442074064990152	
0.30680245929509675	0.4959421274318001	1.0476184336755117	1.9408171119702307	2.9426697235764334	4.265605733242897	5.417710774092409	
0.39999817178975755	0.5290777464565896	0.7471842708860051	2.3986166511960185	2.8818040009872847	4.161591554999881	6.497914760773473	
0.3826692677600213	0.6667404755166201	1.0085982157637663	2.052512411183432	3.5821239618079557	4.575497916506875	5.640967254785792	
0.39103526167280356	0.5214322488094504	1.0075478363302113	2.301385539494778	3.289116493482247	3.6367771387932084	6.692642872271069	
0.39660952200178345	0.5986224991873269	0.9131980174363493	2.0346053661292953	3.1380470021809606	4.846147511802814	5.689964374266587	
0.36957651857373636	0.5923444034215897	0.9206816547065344	2.0171704380113336	3.194685180739521	4.654491275655519	5.457117240119282	
0.37370831654328546	0.715859052427266	0.924127576360959	1.9499590453546745	2.909591159379824	3.9306622175852883	6.976269937003354	
0.41830485080922114	0.5226224959545471	0.9498746853734564	2.4133397526211255	3.236847863792572	4.2787736987724285	7.344539789087011	
0.3075968967009636	0.7579548463998091	0.9355799264236552	2.427442478013321	2.859800716733244	4.17348706587781	5.35202595436812	
0.37616081519765326	0.6184635684065257	1.029212585684044	1.7820370463507145	3.3009872797661792	4.902708990577189	6.649311582698599	
0.36326026729830974	0.5743154281582131	0.9214417177953313	2.1900013314482054	3.6733442887780967	3.955456967644344	5.5282477658360705	
0.3294063701954736	0.6256652451023007	1.0324272418803084	1.8444921478103897	3.278828574741267	4.963051457990174	6.470728081771819	
0.40936464659887595	0.5286074746264051	1.0015574002153866	2.1100260136977225	3.597802589730141	4.702124949855629	5.5106995420141915	
0.3905948543110712	0.6491109636271447	0.8829081415757304	2.1776924283060035	2.815601887491581	4.747064370583805	5.966241771824371	
0.4147352829199221	0.6312520083526428	0.892132892963746	1.968030689004634	2.9001699456191528	4.271660100248059	6.532258021671455	
0.31326184055924877	0.5378565133416641	1.009886946679105	2.435724737996554	2.9304734279522897	4.028935917248295	6.844296143743142	
0.3753034120564395	0.5463274572523708	1.0271494637131418	2.2582483712698598	3.4894125586564737	4.120902188208143	6.224895204647583	
0.4273588741150801	0.6384476616388931	1.0155479024068372	2.451675648242024	3.38899265892049	4.245695582677875	6.526266692119172	
0.3379831966657763	0.5866608303673375	0.9846913683090118	1.458263538802732	3.332050593737602	4.634831732367514	5.3184390470626335	
0.39238270248647394	0.6113969100753633	0.9331593755756787	2.4057282678087963	3.5356455408680905	4.787992282821003	5.385467082454282	
0.3793410292630188	0.6710660843823539	0.9100364505836398	2.4841663341739175	3.4674878570804886	5.26930225330151	5.359600666209126	
0.3741230135322612	0.5963921386195169	0.9863741174984739	1.99120151989526	2.7275277119881447	4.670188968140306	5.78011605124796	
0.3621135124115936	0.5584314650783242	0.9415216544801192	1.918475631274859	3.1868863822137246	4.12707915828548	5.634493551608136	
0.3934447870213724	0.6390845917261677	0.9015322418226249	2.3580835346036904	2.933868082945439	3.8160456277498556	5.198204888090515	
0.339134541899674	0.5212264059530233	1.117967314364351	1.8167025306667686	3.5546643936039968	4.488692017901726	6.134760280150746	
0.34558227091700233	0.619527163493681	0.845005574378425	2.3483947291361162	3.576791880302626	4.439312128410335	5.958381536787433	
0.3964435081782197	0.6228965656834672	1.0252456127014264	2.364106873920214	3.2406266975292874	4.285248981770275	6.486971872716886	
0.37406114154227754	0.6068246365371915	0.9793194088181515	2.359744748996202	3.3347756461201925	4.23576092435675	7.0782062063186695	
0.43815298883864967	0.5389197985648501	0.8452052433460339	1.981007101400299	3.525779039807313	5.325814436275575	5.69623603969727	
0.3864321976007918	0.5548436483840448	1.088117927134115	2.327338093503444	2.9819934417312455	3.5539465000714414	6.62255223465694	
0.35824557736385176	0.6505639301526556	0.9573132013270885	1.7556263529643288	2.987797562162716	4.340634890721264	5.594526006449204	
0.38441439482564466	0.6240828867690791	1.0964104741881584	2.2515258975284405	3.7346078463589594	4.285432446506418	6.699128048108205	
0.3655144725613827	0.5449789919114627	0.8407872614863551	1.5819796194131543	3.5275768524555513	3.919412233646996	6.844887140768231	
0.3733796209118194	0.5067081151119145	0.8260510948372358	2.1909865125975814	2.6390138214232377	4.765475253129463	5.0902006271643305	
0.3519188993891481	0.6119232201224934	0.9734877941861075	2.321509756196101	2.825372545608247	4.361196243144521	6.655799701190475	
0.36828794529138703	0.6176564670722676	0.9451068510352985	2.429765987527599	3.098579511892923	3.874522982083634	5.4192768659184605	
0.3871760712393738	0.5058275552201965	0.8793694993887251	2.1662145244894524	3.0008575659908927	4.647083961489	6.434647057408971	
0.39728652679820164	0.5071497023968663	0.9373639434439753	2.183850095970331	3.12619771158094	4.6409899557853675	6.166454745447364	
0.37654674099920726	0.5397436993192007	0.9275242514360877	2.5513901494499986	3.1225002155698998	4.971287456179203	6.023314212340573	
0.34957229893721836	0.5822041981068372	0.9284310552451467	2.2908704652499643	4.023514770866282	4.524599072706423	5.261484461225066	
0.317126058751429	0.574692925840304	0.8250878253015543	2.2699498539709415	3.4337081101395848	4.434311055461541	6.394431862739763	
0.3824608552152297	0.7120544277221014	0.9882296200110181	2.342557671371878	2.7793585914834225	3.9729440487468426	6.287303055662684	
0.3211295066881595	0.5625314494274939	1.0396853730172202	2.011141003063326	2.856836870456689	4.800394490087617	7.244119347624507	
0.34927148403922353	0.6734415478885701	0.8432147281094979	2.1258194270619923	3.2275317945971276	4.148108216963116	6.525237186928884	
0.321490605400084	0.6117028566095447	1.0298973057719425	2.3203151458875038	3.4096448947553384	5.213384726940602	5.868229579751588	
0.3220604063525645	0.6081124131343171	0.9183041051184139	1.6950985772264298	2.884342090334774	3.936318283657371	5.511280244692291	
0.3666553779642497	0.5812275623277364	0.8575711602398848	1.8804032136347604	3.3726718053466995	4.552457337550206	6.088002899194224	
0.44760242633470076	0.6097724432123871	0.8959008271779135	2.127251711629448	3.282116246883365	4.777107006695114	5.9731677438944155	
0.3061690057804001	0.5737951126050463	0.9301388653088013	2.4304033366151043	2.9945839150674245	3.764132612720717	6.038626323936434	
0.41291700301733103	0.5763946235158562	1.1516236022944826	2.611712084187772	3.2264463677716018	4.584020920574949	6.821238884525187	
0.37658628036905506	0.551754688964789	1.0126706672798793	2.2498487611235887	2.987612936094861	4.625623876612392	5.903963688835033	
0.36536636372899006	0.5528496222999695	0.9412904893808971	2.0928406661187604	3.342529637446587	4.8689269299292395	6.138939821658539	
0.38945001477630037	0.5675293759099513	1.0392151093498827	1.967566195989565	2.726102599412358	4.018057433728161	6.620558346859724	
0.3974381171675344	0.6787165573759234	0.8069562081595029	2.648846917357508	3.157802639796885	3.7078454392013738	7.317469900185392	
0.3302161140615052	0.5761262571889672	0.9108650416391111	2.2454778756375706	2.9928263703216564	4.9676909529491	6.452181701706445	
0.3807245391516577	0.6794597660676899	0.9236893249620594	2.090736141495628	3.8993833991641207	4.63308121903045	5.408609170324399	
0.34768976735252133	0.601137488439165	0.7069861603448	2.013907264978756	3.2173719537482635	4.424761115857027	5.245534051354014	
0.3629563999252851	0.6707882338299231	1.0205028412218886	2.17055752486674	3.2276042576729282	4.427267963192147	6.141786037556955	
0.3838976160976314	0.6194484582522616	0.9766668582693138	1.8896118898247518	3.1491626752252224	4.589060584453288	5.4204989539658746	
0.3543947885343435	0.5869261975428858	0.914298376784001	2.196569599181632	2.974390002038665	4.93560920470263	5.893754465694704	
0.3855175126610052	0.5778100534991267	0.9519155197679038	2.5093125492797355	3.126786376150799	4.254976640511141	5.50190666701339	
0.3777343697120411	0.595727779183817	0.934784200357631	2.250675014143308	3.361204634790407	4.489865333310282	7.172280940823347	
0.4062458507954987	0.5346444034295603	0.7862962153241099	2.0004354380101	3.2996139735162915	4.149225154814497	5.623423653116069	
