4	30
0	0	0	1	0	0	1	0	1	1	
0.5674145333809598	2.5010744897613058	3.92129857181141	5.722604270485044	
0.6574173750939959	2.0268736861021535	4.570800488471478	5.751768241134926	
0.6296875969401124	1.881697810086927	4.642464330274358	6.291348489463525	
0.640861988940422	2.0372752046551708	5.15154858228169	4.740370661418981	
0.5602065324406207	2.6754541356246193	4.513013791974962	6.674904070308654	
0.611375427823925	2.5237299576832033	4.413514139810246	6.1342389032425295	
0.6524716520776155	2.479570791472698	3.6697077482015183	6.310986616321319	
0.5488304001948779	2.1381632486051236	4.258891314203548	4.655261728167019	
0.6634687589144087	1.8679011040000768	4.468781797399606	5.935692990351589	
0.5522820963498238	2.287340073688935	4.33555338445608	5.570756897325547	
0.512677467764643	1.9511052097267023	4.6901675768243845	4.800767901463437	
0.7006799509916293	2.117309089842477	4.109553446868021	6.35707931707816	
0.5749172205239047	2.3413592302165647	4.0218532078519384	5.405989866660977	
0.6357476704407214	2.407606074980476	4.587957142682088	6.1384422980299345	
0.5499533166009938	2.0391585724959125	4.204260958456056	6.777225111190154	
0.6834426373776968	2.261888387551645	5.404885471967258	6.370921222587874	
0.6709569187942701	2.10293210773564	4.4291583282141795	5.90612511650966	
0.5438139465795448	2.0552183654281113	4.648069984324482	5.640616465163973	
0.6333804974031754	1.9907672347924878	4.145984938079858	6.007637321981383	
0.4774578665913555	2.3820239102902487	4.817774903951919	6.489661101241591	
0.6446313756278177	2.1253393800887896	4.609810673017279	6.233861880028924	
0.5129317533690886	2.1933544901222906	4.330305891027607	7.108125895040236	
0.5884983967925421	2.122965563641016	3.9507747400113935	5.765309520676468	
0.47314376539593483	2.549717841147545	4.762647463561746	5.779799673069511	
0.6302488379623116	1.9434586865029522	4.418285251405525	5.33496301358377	
0.5081525313677749	2.3143275261886047	4.4527163027346095	4.9625213761998594	
0.5503326787293868	2.4306399484027232	4.1743911682519474	6.373200029592795	
0.5558315836973569	2.2023898856866757	4.73602402810177	5.603274386163973	
0.5919721297996802	2.2162538779371634	4.244500941054953	5.8743957519606615	
0.5433826083942316	2.1724969598689507	4.984255313263036	5.301914973355459	
