6	35
0	1	1	1	1	1	1	0	0	0	
0.14198307633846052	0.39565904632116716	0.5971510117861218	0.9685327460173818	1.7124108655667898	2.4121954045617793	
0.14189049624480407	0.3581204403563169	0.5986460262277228	1.056742758141753	1.544961726612898	2.40211915675442	
0.13592495115867	0.3892833272654075	0.7320454099709467	0.8787843503173716	1.345314417618042	1.9800219969926882	
0.17059656054918687	0.32242455493612127	0.5743551551926852	0.9776573612691207	1.3783375687343573	2.138338857960299	
0.15634049963789828	0.39625202650624025	0.6266238328940404	0.983305385223721	1.495292151547215	2.446961617365692	
0.13548922655921267	0.3853920267944947	0.5165834450819267	0.8278031892340687	1.4883243428598723	2.1219323811320856	
0.1507820688240272	0.42629017948439957	0.6419453326409316	0.8707432787472849	1.3856489258500138	2.2972646729741064	
0.12137499088923435	0.3468120045490944	0.6067277202750246	0.9599148962829357	1.4965545442525165	2.3338636285766237	
0.1709558713398192	0.3867105675309067	0.5480076733465091	0.9228337523603508	1.3270590118230912	2.0610943066947134	
0.1525970169705271	0.4545193695993852	0.6068976716184422	0.8031299580242501	1.2770119016877761	2.5308620482215765	
0.17495502093818874	0.328101814763813	0.7089674193057434	1.0137421330855592	1.1209215016690843	2.2167432384032466	
0.13244577591857343	0.3349596739538017	0.5995583573878175	0.869242274554627	1.3566852945787662	2.5399168547945226	
0.1444822331575201	0.3569359039828726	0.5730746527402235	1.1056745236073264	1.5370011219082498	2.177479830179373	
0.1580074698552425	0.3405836640277385	0.7542120827025828	0.9086815371031237	1.6925629507491444	2.275148770277418	
0.15061314232465314	0.38862268427450697	0.599598546088609	1.0049243065789306	1.4496887125083975	2.029771375030476	
0.15479973429528585	0.3991198071986248	0.607686624117861	0.8200078953342673	1.2329958124955402	2.1565821986822584	
0.13463012629584079	0.41818973960735173	0.5552756310619009	0.9918206270208433	1.3125354395873485	2.289562344279837	
0.14799221915628452	0.4165814376807353	0.6109970199932494	0.9063209820280099	1.4759155794276382	1.8892459557482788	
0.17179909388329845	0.361800537715595	0.5938568079822311	0.8801588922612553	1.5346793310592233	2.252096129063817	
0.17146948746444224	0.344733937224208	0.5700327759170406	0.8842322190788259	1.5678245157772912	2.233439644898631	
0.1307089424852683	0.4247152623328536	0.5723174666140807	0.8874027531634551	1.4754485306995069	2.30165314425903	
0.1581953831858554	0.35335311396979446	0.6082557856154195	1.0699525080984897	1.418166819554769	2.320141531254867	
0.1311511247317215	0.41078046492277615	0.575196161703974	0.8893766471939785	1.411207866897002	2.0304705811679105	
0.15151163267573386	0.3802900432909069	0.5098418793971666	0.8705341711597526	1.5790298314421338	2.0157149707875557	
0.14490028275188138	0.41515617773473756	0.7461242059915089	0.7618526052710172	1.3814207339493958	2.339858425415285	
0.15895497796533214	0.3485176547190078	0.6119065064899615	0.8669352693921121	1.310366874197347	1.8392874455566166	
0.13049744622124385	0.38359664842667474	0.6076502504420002	0.8157894054634809	1.344067312309378	2.1718713680799597	
0.15946235398060118	0.44660563697335354	0.6604703971087525	1.0651871639094308	1.630413255797302	1.8482471856968934	
0.16113465099340743	0.32728407406607024	0.6454167554053414	0.9189705231760984	1.5464010141532922	2.1429345480981783	
0.16280260560357496	0.3858674700795021	0.6546131312915743	0.8186814017090436	1.3382326531852207	1.9093481447576002	
0.1433071604473122	0.3807534350432954	0.6001363610189286	0.7480823801737618	1.4579438577100223	2.4041294001024958	
0.15637350481054874	0.33033242383902695	0.6326553212108889	0.9871506399351424	1.3055634564184528	2.249736672589283	
0.1621892308940398	0.36950076003441684	0.5620643878059733	1.0360538732843374	1.5733383496515256	1.750315338292204	
0.1450513822931232	0.3675689351597303	0.5534233693468816	1.0294459115647054	1.4783038309680359	2.103459639978148	
0.1480932606445811	0.383707983260487	0.6233413262834446	0.8906990510745915	1.3432701796967221	2.247128336379448	
