6	54
0	1	1	0	0	1	0	1	1	1	
0.16219629654949116	0.37349653050327597	1.5179605814940773	3.5179185188561064	4.049641117975852	5.512423586719032	
0.14878585642919934	0.36529501080636806	1.4642899162522427	3.364140448542008	5.1842470898601105	6.318721898391893	
0.18045230514739322	0.3654498172371067	1.2645735984452013	3.3248538712241196	4.386219899370166	6.133956286792574	
0.15980980320095675	0.3330258171464746	1.4594155639844841	3.64287712950269	4.060844982888536	5.402588995159618	
0.15334555253288548	0.3277349823261013	1.4575777166666748	3.1938632344123734	5.050344461955779	6.490392353487762	
0.15729366919281743	0.39877190593261586	1.2463103245330323	3.2914951039506803	4.731419754652696	5.740969502742374	
0.12997794230003223	0.37354747407837896	1.4977079342732305	3.346747908777286	4.747598903811699	6.140329958009244	
0.14192079039829444	0.3150176277373701	1.6676354294847073	2.9629678554949406	4.221709430108135	6.270244220423514	
0.1577651420989432	0.4696076865294464	1.5178184379857391	3.5187065844802983	3.7587799042640517	6.000048477317206	
0.16274034284219543	0.3355547081361757	1.2927153220470624	3.2723595930572933	4.034249398929694	5.975115919823713	
0.1454718633521758	0.3616104044494428	1.627030416167775	3.293114167859776	4.571528221778916	6.245487858982855	
0.16119367139780014	0.36382026109148824	1.2592285050273073	2.651757588080639	4.551250286596696	6.644724348912163	
0.1334826182294708	0.3685374917071713	1.6672040888470607	3.102895102402758	4.963273944330751	6.415044126777971	
0.13944423568770226	0.4291102367071878	1.3940949852900404	3.5655351774987296	4.69397115577562	6.591192235702648	
0.1474788072485667	0.33194652740075903	1.4035079699073094	3.09072069661665	4.748339097455904	5.698133096499576	
0.1488145261386765	0.38162409400510866	1.6791513424615045	3.3450819937273137	4.258595876693307	6.088955215490992	
0.14294746300863523	0.3332324826164417	1.4013041274880762	2.4625202074277928	4.559166076562544	5.851211986876746	
0.1582598749164393	0.3819526465167927	1.29146989176141	2.9612480242502253	4.749464257938575	4.78684634557615	
0.13359474077242836	0.3388416118752255	1.665225943396834	3.2496171899940887	4.41016991532254	5.123874177385968	
0.12346726962200191	0.41126158690805376	1.2900937469915201	3.066506509134021	4.977058273986043	5.910885422898341	
0.14265088910268373	0.3354268647705283	1.6006598699615753	2.7173755480296853	5.607228484402058	5.835304672386672	
0.15770052136237644	0.37357927453784984	1.7110376439974748	2.9226317317917525	3.891664766158297	5.67099780797997	
0.14751379546907445	0.3208549147254977	1.4346373457098542	3.116739476526442	4.431004819099972	6.739846087585457	
0.15645625976319055	0.3306751939620276	1.3089731392943393	2.980544284203846	5.577167629229385	6.1458642609108844	
0.12603051396521958	0.39013430331830895	1.4783021336624944	3.3983864819539704	3.8872087883914235	6.867145944660216	
0.16766183113570088	0.34820649431076794	1.440388438055202	3.469929516275682	4.5001970061515015	5.443521473237711	
0.1657346371510704	0.3095429319780615	1.4189876420351144	3.554232745256519	4.481490180953838	6.808690417662916	
0.14940714293661764	0.40399801928346296	1.378141914640679	3.834575987144287	5.164220426060631	5.65435641814307	
0.1377953861634084	0.40679975158000836	1.4233577869245242	3.247214297876896	4.473796534232992	6.021630414652064	
0.16229791479027195	0.28047402694919055	1.5249865433269134	3.1531205262679	4.673953145975651	6.004789263381112	
0.14001041438538836	0.3712900472821536	1.5461316468272441	3.3695340850279325	4.6496330540264115	5.937290209481214	
0.15348706555567038	0.4079902084220379	1.4392079037887717	2.9066881395701785	4.311081884309424	5.685603208948162	
0.15140493710659444	0.35957384039043927	1.5980391181187332	2.5015229190555948	3.6390643564358482	7.699401168978472	
0.1464964980324532	0.36570859091983765	1.3601148270261554	3.3778483419783987	4.882293989457207	6.688176954483095	
0.16122709164247612	0.36140640813707947	1.1556834654449895	3.4586957424937865	4.585809401894323	5.3048041460028665	
0.12538124106286397	0.37572546930484324	1.6397658944353237	3.5861385961041146	5.377733582553006	6.3830422819114805	
0.15608681115579037	0.37068364319174224	1.479610169514338	3.1943190684909206	5.312742419794004	5.884921639795275	
0.16442148594734965	0.34006641944908966	1.4608304586965222	3.5860191192127537	4.407433800839884	6.458548139628185	
0.1281774595765306	0.40999639367420476	1.3984989137820607	3.1754891688486624	4.816734447914824	5.94595262747655	
0.1416801308962723	0.36948158153344196	1.2690438203804857	3.1953170285714996	4.641533539880062	7.324940540146156	
0.14665805327414536	0.3742662362695277	1.4379541711116943	3.473909621972387	4.4496785155012795	5.350626735762054	
0.1732002621284038	0.4159450084256837	1.4682175697196103	3.077798236778775	4.22765189957484	6.757563922202799	
0.1397365795338959	0.39097404525225743	1.5217279793504717	3.010747537869762	4.549705520802803	7.199557679085324	
0.18663205378325978	0.3811754989557685	1.4533587277172253	3.6082528013607065	4.714660933847232	6.053692600261032	
0.13270895106616998	0.38693118969391005	1.5996155113745676	3.130726702490754	4.251859340940192	6.550315031644045	
0.13831904726350402	0.4431443228668252	1.4572126479860805	2.6781375855432707	5.094095421094195	5.9735729014033865	
0.13377724899631113	0.42253952545812307	1.488008829520495	3.6614228453018645	4.978511031428614	5.670356148757164	
0.14231086218636804	0.37434308464984173	1.4086472560240806	3.5822439413532097	4.768424027030902	5.846451050505793	
0.1569896780257051	0.4140181050438905	1.7132513244591887	3.1297896060925123	5.01596111216443	6.1119282830146	
0.16265019270252973	0.42311298748359893	1.5099963004449752	2.899115180579796	5.188042849613151	5.95533665243583	
0.14775376797424936	0.2624141855603109	1.4667444451723841	3.235359826404339	4.861560026268283	6.109818450286589	
0.15549774524078294	0.4004873354297247	1.8843298733969667	3.371028290970028	4.186057841308865	6.586388838177941	
0.14784256409544888	0.35703361054061994	1.2725196880415626	3.2717752217696328	4.8821107806278565	6.519810479413822	
0.1365105066024057	0.42403507159939086	1.2430378975247083	3.2471295680953074	4.759129998254922	5.952930458289972	
