5	36
1	0	0	0	1	1	1	0	1	0	
0.09391203420145026	0.9752122244295478	1.5458367377882074	2.3191282319164253	4.610177641844979	
0.11275205736432446	0.8732177619530676	1.3744260295924304	1.5921550051022515	4.45812456697574	
0.10579693464036569	0.9565291439168279	1.3407650894862009	2.3315730053576247	4.4667761614292125	
0.10766426712008702	0.9752119207148825	1.6337047811231329	2.2229631229517337	4.774474202820426	
0.09923282911294898	0.8832312160426536	1.500174705681132	2.4730870999710373	4.222853708434659	
0.09751863671212413	0.9324784904752438	1.527940172321665	2.224273466320955	4.91087842039503	
0.11973909475641148	0.8705821781712838	1.5171912438747905	2.2189375523102415	4.508568097842578	
0.10606085223676782	0.9051873191029477	1.476195539625519	1.869362127611501	4.25753312485238	
0.11047520814109764	1.0238447173822112	1.4670989614307004	2.0525943028062046	4.871369623358224	
0.11236487381496639	0.8916498811001359	1.2219321848087903	2.246564008972614	4.911195724833349	
0.10587483526338078	1.0755523653423846	1.6544099951705245	2.084339581220931	4.589547473509704	
0.09503465157986957	0.8349480762155189	1.2922281794133152	2.304159590951554	4.6362993843088995	
0.1088996084050084	1.165440791126881	1.5014810672635197	1.9805970754934146	4.9658070693037315	
0.09193487707658893	1.0925953302849811	1.1480827703099024	2.032491975677811	4.7799622228999405	
0.11177520993824544	0.867040569255013	1.3072691105969745	2.1818989462018212	5.359047232604573	
0.08461622366668187	0.9007868309629606	1.467206457820787	1.978870886903142	4.140276202030532	
0.0976660838539155	0.9572220138226013	1.4021061845509772	2.4650966152586826	4.766671700280788	
0.10383164023215073	1.0255717865956786	1.4873148134723337	2.054714875130184	4.381581396107528	
0.0887056378638858	1.1164536713483202	1.563093527671971	1.5996899230726436	5.099907794689346	
0.08534067359559386	0.978422214951794	1.114824317247878	2.0579521916212364	5.103420078483827	
0.11396633886619437	0.9585301115307692	1.5426074654330133	1.8460824014511912	4.742249972701499	
0.1085097074328184	1.168986362906113	1.340879640145556	2.153505105661044	4.5351518002434466	
0.10698583733776204	1.011887494004054	1.5817108609859507	2.3624118642522545	3.8334967683701775	
0.07386803119684297	0.8821629960012778	1.4249353912212863	2.0181474317533166	4.293135835649505	
0.096637505722598	0.9837020129460015	1.2821820361294185	2.133267029458444	4.468421872701432	
0.10554699338508487	1.0380571500933	1.6708273579313595	1.9896119822093894	3.6000114252459783	
0.09758071771264715	0.7822586321781143	1.8210444980237468	1.9623306884487481	4.753725194543729	
0.1093406610667443	0.9616778765261343	1.7269710102372156	2.1064665548751007	4.124303209182832	
0.09113375387848742	0.9997505295981425	1.4028588507840967	1.959404867278308	4.698587346985608	
0.10709249225088313	0.9552313823246176	1.5586422841039917	2.1689412017628174	4.232868598268433	
0.10811400071511511	0.8472217924218648	1.2685693953504031	2.398529174578143	4.343468413042533	
0.11665683909444974	1.0096633151655743	1.36939106391218	2.2545376079364736	5.6377711235010946	
0.10754273142812393	0.984097998327047	1.3449548864685332	2.5465792596827264	5.093071971080838	
0.09414437968273298	1.1048783955531107	1.4535594239598357	1.969317939945944	4.230666581931659	
0.10877701367074777	0.8524844854124386	1.2722543560794328	2.0556419862800275	4.369719049015675	
0.09326684474361438	0.8877831248637632	1.5611211664707791	2.2051480238430816	4.267961661083173	
