5	79
0	0	1	1	1	0	1	1	0	0	
0.43165351521549444	0.6516338993964986	0.8692105034571411	1.8182684430312246	3.7391399217748083	
0.39612467822532904	0.5475425844827104	0.774040781897299	2.107272110483442	3.2547658091198173	
0.39413110961490294	0.6624371996625781	0.9084877738223628	2.0082995459148134	3.4951718166129373	
0.3654813053647347	0.6295840398551982	0.89389238311861	2.227662982528773	2.9918187404096135	
0.4011239363882191	0.645715019050592	0.995100874259262	2.1409582767565323	3.299376887717649	
0.3751044719425776	0.5819830115120017	0.7838154973472344	1.7598823572935656	3.1451002046028758	
0.3480388758321069	0.5138377483754327	0.9240809768167548	2.552232925972808	2.890579085707431	
0.44215660312409555	0.5612252849791318	0.9911545775701371	1.8875557973568264	3.6846930411258043	
0.3713107538524481	0.673564567919959	0.9345018715513586	1.994277603832404	2.7301888929892484	
0.4162762485364439	0.607615655451956	0.9103034343680863	1.8388518837342065	3.3162485015892056	
0.3874884086277754	0.5195684515171519	1.0335275132550645	1.911738906821798	3.114848662407624	
0.29907307355287677	0.5962784701619875	0.8649475416394329	2.3817767370971548	2.9905189413296793	
0.3632950689773738	0.6872542143532773	0.9673589529533352	2.058157659637503	2.793031407545839	
0.3817728660117038	0.5597809103464372	0.9043064687889469	2.143200184579755	3.878518566894826	
0.35092398970999233	0.6069308929054209	0.8302912120023944	2.3728427272112693	3.165440044938015	
0.33537170259850535	0.5782901034858827	1.022872162909089	1.8504628071868785	3.567674474390841	
0.348472146240907	0.6100784569557745	1.0493667374611575	2.2055401305895637	3.303570825826904	
0.3732307596312791	0.5188237341828335	0.9516360162017437	2.2198621378750825	3.1704208032225845	
0.3112788641971345	0.5878856805835543	0.8748618577513573	1.8340727545525957	3.206218317213861	
0.3436966580256011	0.5966657365690387	0.9007942751075685	2.0156980465975445	2.8436695367722478	
0.43539540753489475	0.6601576295354682	0.8487579499764967	2.172755637161195	3.371684584533887	
0.3976303236901282	0.6205290996955958	0.949342793146233	2.3489366617930982	2.6466381475517813	
0.3691591709286357	0.6872754907291577	0.8211110767950097	2.171859385576729	2.7749679355167727	
0.38069759421203436	0.5078286455288981	0.8730758637485305	2.022572557342955	3.5005389954236215	
0.35769116766695336	0.6071944487402365	0.900237197890089	2.4918604061030574	2.756062399435008	
0.3050411644819007	0.5668702368723166	1.0887373556308244	1.957351987826362	3.5685914981447633	
0.38049461003127705	0.634334407370989	1.0882817528407143	2.306833614263674	3.7384041615799504	
0.45542014649018436	0.5996162092691351	0.9226778941452249	2.3676045333845694	2.9155828453656367	
0.37295140285245915	0.6668556151658213	1.08798750226092	2.4054712896292667	3.2415058668849626	
0.40481312887951537	0.5622631674632674	0.9819930652255651	1.8969995176449033	3.9907790870565583	
0.4283033428363586	0.6224806009458986	0.888895559148316	2.4142291977031185	2.7489318100138167	
0.3344733336890136	0.5354855648617836	1.1216480538324687	1.8708390418487928	2.873571446387299	
0.4404628016307801	0.544494274167267	0.9115643655945284	2.3577134858485245	2.9192715975836396	
0.40944404819314306	0.5865334417212866	0.6872409489340146	2.1038022754996257	3.879200106457392	
0.32186495275615046	0.7276578895183308	0.9379922797159057	1.9915739663026413	3.1472136730579354	
0.453850822931651	0.5243464260498639	0.9440866004725217	2.045942300479848	3.3180471769306887	
0.3954188995499376	0.5850975656830084	0.9581443135888449	2.083331902679177	3.1173012172768524	
0.3835873119793886	0.6013509676214098	0.9163507883519786	2.292951881268818	3.546572913884529	
0.4196863152357022	0.5427895420567164	0.9262738646121517	1.7627772186046322	3.130458615464158	
0.3698611481229126	0.60673467118329	0.9624054280884472	2.0593880434218517	3.1497401481674694	
0.3524264910283233	0.5179285844131718	0.9673506306490558	2.323019409383379	2.7951036568509835	
0.3372292267882028	0.5743620294235906	0.903091208885538	2.1309378831427708	3.6176422978501894	
0.3402392515587594	0.6788376002084615	0.7823866226945269	2.112133688780444	3.198285577573239	
0.43372458994490615	0.5652013377470327	0.9057444874163574	2.490636707187428	3.457225332410591	
0.35844677986165174	0.6747791301979253	0.8764705386488449	1.9333225041090114	3.5855389226326544	
0.3516248216109112	0.5693676180600771	1.0044626755522605	2.3603870895661068	2.886866757119992	
0.4190387273299823	0.5539401213749721	0.7924499045599024	2.1245521188620953	3.043238415497184	
0.39046280789622473	0.6429772085522519	0.9261793728909244	1.990196306529364	3.332534838894898	
0.35296246701056105	0.6303913348470026	1.0493427928269397	2.263771673335003	2.937013746100101	
0.42695706035306213	0.47807906871160316	0.7999176638809459	2.1175479185484605	3.3167491071878654	
0.3869723523636156	0.6926976886837855	0.908945297827361	2.1609114367894744	2.8917847425864216	
0.4066815287371411	0.5161256837756655	0.6824637614461881	2.141154115221573	3.4289427288319123	
0.4363472621141949	0.5718213839085962	1.0235098243550211	2.1041268247423885	3.60124500008012	
0.38323452640393013	0.6722972996451665	1.053131116816377	2.1150037130445978	4.175450426616802	
0.4245483021181537	0.5681046177326882	0.8606430599502677	2.2054290115097905	3.144233048150846	
0.38484810327714203	0.5819651062209774	0.8901599151508498	2.14810006443077	3.459966245370975	
0.3712317179838071	0.6393714657384596	0.8157729402872366	2.324333158978901	3.0544031606615984	
0.3865617257669408	0.5304139118936604	0.7825093423130752	2.128768999943046	2.6094722791160376	
0.3799948112543186	0.7287701027552804	1.1133076464487814	2.011682745647913	3.188286455496465	
0.4247489918599751	0.6656311209798966	0.9225575808866682	2.147845903998521	3.231737379849953	
0.3778186308161044	0.5866707925566499	0.9658840587050168	1.7990530559591495	2.9422282422889854	
0.3768643260540022	0.7144108930252796	0.9597714614665677	2.1866225305208173	3.56862715465157	
0.3922621755483468	0.5652882780894212	0.9787922326887243	2.2988065173346994	3.2386921369191906	
0.42006482400286055	0.7220905524142619	0.9152931379586716	2.090492525133558	3.3659432941910103	
0.4386509209687698	0.5750589871631758	0.9127407107805671	2.130485569431492	3.376775182927386	
0.37723739339591156	0.6724833388089324	0.9890887245219139	2.1647102976726575	2.943496010899303	
0.36961045172132306	0.6208193535532905	0.9328537462727386	2.129897285226166	3.424089287518855	
0.38925784677225966	0.4764830638597852	1.0741812055760318	2.022274293950623	3.2367507292489486	
0.39968698701646405	0.6740352242919645	0.9614352570134449	1.7601249199802333	3.581430563070173	
0.4048956405256236	0.7106569775257437	0.9485618579327804	2.1759535999535697	3.5839308214284338	
0.4101422895756862	0.5740181255631499	0.7778549729658726	2.3513087042912697	3.1625472573403335	
0.4202404331749921	0.5968589798366117	1.0103140069886563	1.967453388587013	3.6622763739467845	
0.453566235228339	0.6163657068584146	0.8859887409846955	2.0532658249533253	3.1708020328252076	
0.35411164215885865	0.5453176374370597	0.9493137462041361	2.235765564220984	3.0917960677069343	
0.3477122145420928	0.5921760109606219	0.8924019420971603	1.7299130182742037	3.49456919283699	
0.3375559792098781	0.6352146858453941	0.9909793881136922	1.8336884245663398	3.985949257512154	
0.3031656798021941	0.6073861123513816	1.120008268452622	1.978465416385831	3.792126957787682	
0.40314097772740337	0.5990656740425122	0.8944932038197152	2.364112454927434	3.4606089398554545	
0.36708369231202886	0.5569781254562095	0.7628179927598763	2.4368977220718224	2.8891688342763513	
