7	57
1	1	0	0	0	1	1	1	1	1	
0.09700596867282228	0.13360291803387045	1.4876716897189044	2.0272335408391875	3.4860185499622274	4.795890457375181	5.971166633222435	
0.11527353456695717	0.15706528859472366	1.3331216883768093	2.451492627132766	3.1568216120029824	4.176477923912693	5.949542383071548	
0.09515257055275544	0.12582422222064063	1.5081505606800139	2.298330653223779	3.2619999347678963	4.848008016018977	6.499735510573241	
0.10935092153941571	0.14022589602535424	1.4736716828620533	2.0242086272870177	2.8177046934609575	3.5860653610613715	6.945720372739894	
0.09940280795774516	0.1333317377573672	1.260302388141391	1.7757836485088587	3.2995269978707	5.3881380377487345	5.602053226689641	
0.09342938719500221	0.1278600385381288	1.512322837546447	2.196190657417459	3.2025059828547815	4.682293094881847	5.083993017638489	
0.08016247350566852	0.13002863771849876	1.274156517915095	2.167342071596297	3.0008424252364887	5.148588924889044	6.933195567935279	
0.09453623445657003	0.14759935031162402	1.294678638906067	2.2120295856072127	3.5275384900584976	4.868801336348515	5.815436773986121	
0.09453742282206627	0.1401956117455461	1.6484052242078826	2.0337461403200536	3.527647560143751	4.349940283601816	4.90098351746261	
0.09901154145296512	0.127637652835606	1.348626041796314	1.9616946218443139	3.2699447013229825	4.254649389414161	5.47886166820628	
0.10652201478288657	0.14222853602688076	1.4483835995616945	2.1691973445582993	2.9781064454433634	4.469679824197207	5.583642923544332	
0.09814382401251416	0.14194723375530954	1.478579918016455	2.2628401134687475	2.6699006687057665	4.036218603965576	5.4452083395848065	
0.0966030804051301	0.17114277486237997	1.1780582300662845	2.248070169837222	3.5325797562262364	4.234411485680141	6.112876621055533	
0.10579748612009228	0.14018829952619744	1.2880085288269483	2.5956912066089934	2.9780005006777075	4.535560276881685	5.365064794455278	
0.10922941331357888	0.11995264966126902	1.404720178011303	2.0602631322235463	3.1954215121991814	5.262551134867297	6.077212614669839	
0.08095980168668533	0.14128787025363687	1.352183542698884	2.4732313587934533	3.127829683089294	4.30932122559649	6.38941785742359	
0.13048422579712354	0.11696396175376501	1.341139961622365	1.9327647192214559	3.0657822300932134	4.515446297854777	7.206589778308722	
0.11265239099448095	0.14106086921634614	1.61868770046846	2.2969525851702493	3.6672562220133926	5.1675379370836545	5.035654054145298	
0.09352686765849116	0.15491088365384667	1.3984205726996932	2.2807824105547763	2.9077826998318868	4.677915205204075	5.796800681921497	
0.10065850582319301	0.17869164522451256	1.4266578873294942	2.2715979649788722	3.1378993868396736	3.606727588117869	5.987850507037709	
0.10590623038011766	0.16038099562561897	1.3580635132839698	1.9932182066763562	3.832984843421763	5.489050396741592	4.993315131975333	
0.1015407584505535	0.15779154587892177	1.4928516982535844	2.319077915758744	3.3807865009333997	3.834515364211924	5.936952496038447	
0.1028796767555337	0.12974396802412913	1.2717491443572577	1.8879730469501963	2.6578767469353575	4.660223764976439	5.374674283455855	
0.10199302554092596	0.13958471029935104	1.6637317164993082	2.0626388657345514	3.1756881956514333	4.380537962127324	5.6580075478407155	
0.08625516217112857	0.15730193430380066	1.5044591245693903	1.9104410319977725	3.2158604333716787	5.169779631030172	6.448443185021244	
0.10477387858106886	0.13759106772065668	1.481927219388203	1.9748691880854206	3.630733526717926	4.471872768225004	6.797028413729651	
0.10065904275954558	0.13115286874359372	1.3679826502515262	1.8315370741267738	2.823182296000658	4.041831865364199	5.539193429551729	
0.1033848108610507	0.14877899295731564	1.2670065920465086	2.1443507526944803	3.026635384621246	3.94295156809831	6.3583467245759895	
0.09230252434082875	0.15906046539848576	1.5129708926170418	2.1451755219348216	4.127647340600667	4.463165126170397	5.8349129731873095	
0.08828737720709061	0.17070874463674043	1.5344306875095042	2.2914286053944424	2.960623701920264	4.714502080961182	5.881295730528323	
0.10497877985217222	0.14990890297222279	1.4328018649132686	2.0423806547070167	2.9892706301848517	4.2409935166746076	6.566176384586974	
0.11625295244352088	0.1621918496154189	1.5806080100493105	1.8795733457867532	3.376259487844753	4.036419635803862	5.85789901937572	
0.10078484631546598	0.14611496834155194	1.6328743308745823	1.8594369180791706	2.5043589514878133	3.9805450062281196	5.802325960179441	
0.10619987242839056	0.15360943292231663	1.5940719545719126	1.7124281903506102	3.481374365060155	4.639131543599623	5.920750512788341	
0.09871517728617905	0.1604959127781309	1.5645074774382466	2.089328734535731	3.430056134655232	4.0156865301151825	6.856309755144722	
0.10349444685902923	0.14335717691392386	1.6394286311221398	2.3439212537323693	3.392929247047596	4.040214432423819	5.348922129070298	
0.09167139646995771	0.1485319682363253	1.434404452241886	2.417144053402726	2.5065639307024044	4.28507822474226	6.346676998366419	
0.09781673682345648	0.15680592931269857	1.2488729802314509	2.1811896517885887	2.905690045854573	4.6699512871474855	5.989661224880982	
0.09142060903293059	0.13610254667720267	1.51354941586411	2.119375477176615	3.6042494222793735	4.441101561302312	6.132610483782383	
0.10456942311010498	0.1703532197536973	1.494371950348171	2.240369171545152	3.1449127013900893	4.732015491681267	5.982746591844722	
0.11098868579316301	0.1548633390421626	1.4454290027542205	2.093841099854636	3.3852019391859662	4.8390163026795445	6.320808171745863	
0.09052033008681067	0.14787847128468773	1.5906629754402093	1.9583160893896043	3.713661063147233	4.7060855438343125	5.817168360859868	
0.10694412685041244	0.1406962923047793	1.4713575890288417	2.1003290847628056	3.276606881638708	4.34816193200169	5.031528585962849	
0.0982564680810099	0.1525690340723333	1.477869337567539	2.461934303426637	3.9355646922636147	4.213709381230776	5.842161045077042	
0.10359678325705164	0.1846222923190078	1.7237254603683663	2.220834542869045	2.9468168681936877	3.8543340739401972	5.187533622751908	
0.1074978565824655	0.1560262174943332	1.5586778127549075	2.396084763503035	3.4997289056414678	4.7551451239066465	6.466656233662173	
0.08889880104972202	0.16796250725933407	1.4247022427197307	2.3389413977791067	3.3879270682686586	5.021281767024943	6.67108879864711	
0.10572621698893905	0.16346319308554538	1.7158158459811972	2.264011209087168	2.7668711942311885	4.853471852656251	5.770489441948758	
0.11121016756595886	0.15563363595528829	1.360643279964821	2.2955066709267387	3.742826642112907	4.407228391372312	5.215309969182789	
0.10480304838366294	0.15053908997869028	1.3402422746357208	1.8943347936314485	2.8642593863569905	4.763245371985846	5.8610475164783455	
0.08712941826622207	0.1793746736624588	1.4610084927492466	2.262270656941951	3.3697516578384534	4.5243992329646545	4.723486703845538	
0.09887522441045132	0.16673055585130178	1.402113126458521	1.9151169842326352	3.19279304401108	5.198616325774525	6.114142210713666	
0.08075207076379834	0.13460765687105355	1.1705149898511877	2.0877358453975745	3.9679482926277334	4.509320746496304	5.42679107236993	
0.10930761038348435	0.12847992442528325	1.476192601023716	1.8803299602435402	3.6903270280650156	4.40112165279031	5.571390899165135	
0.09712521866164903	0.1484895244390747	1.3095785040332386	1.6504264806544022	3.357902216427375	4.787408292363573	6.666602680681128	
0.12006343319514151	0.1677147172384918	1.5113951537261712	2.4486295350097436	3.0974926931702447	3.8762175031157056	6.289044722236923	
0.08647859952077822	0.14784106186691154	1.3795755752177141	2.181521593651669	3.3139755761336684	4.556250028579123	5.474336125267458	
