3	71
0	0	1	1	1	0	0	0	0	0	
0.42284436494073613	0.5951474726248215	1.0317931041212924	
0.34404574437762814	0.5014858482795161	1.1034386829699943	
0.40390026318553757	0.5324188486403811	0.9763822069636005	
0.3513783916074956	0.6458585874436193	0.8915542125304932	
0.37414887857090495	0.6006293555354875	1.0534277253008575	
0.43621918839082485	0.5796737287208141	0.7947609943589456	
0.3531868922704703	0.6377745667046116	0.8168388628436147	
0.4581930144808163	0.5025575942563004	0.8364198752613362	
0.31820944867756706	0.6174992633899142	0.851533460240383	
0.39135907876345954	0.6242197895638361	0.9808419125565677	
0.33306457836712616	0.5806044043675319	1.0810949077256962	
0.3427968330231653	0.5586182858018834	0.9094422368576123	
0.39247428607362433	0.5608291761259281	0.9516363000991478	
0.3895802525191615	0.6508003312485771	1.003982251744404	
0.31630627354547547	0.6192230343995263	0.8854884375783052	
0.3259189608940737	0.6736744208571505	0.8090177718390111	
0.31793839973736765	0.5611309067169158	0.9077815775976953	
0.3619336135358037	0.7467811927933509	0.8957846992349983	
0.33457646358573484	0.6343874210063614	0.7741083821941609	
0.3200695868235523	0.6705590318624584	1.0472488457992126	
0.33508976582290856	0.7416209130761303	0.8808894365899477	
0.328662707778658	0.6266317079573154	0.8876539564352901	
0.35396428275936775	0.5466553506425914	0.8499924839028011	
0.4013179977888243	0.6433168432424232	0.9317394401141235	
0.4329989966466026	0.5825374018921702	0.9835035201758912	
0.4228444188527595	0.678179289504533	0.8674937556810474	
0.3766609202616551	0.6101794819054174	1.1656966616943003	
0.3815132864085078	0.506755021114468	1.093802569700922	
0.35450144084632684	0.6039522407200362	0.8027577323825534	
0.388717816193234	0.6540296939811248	0.833282495859308	
0.42036006724635705	0.6773993072156768	0.9934673029813408	
0.36055682155142604	0.5925571074890805	0.8657661786297488	
0.3508127471965628	0.6464154685114029	1.0083715277584344	
0.37956269465300646	0.6452293728095827	0.9320498885814273	
0.3613805885933578	0.520435228352547	0.8534965498782205	
0.3857253967124496	0.589694938071203	0.8312076617700572	
0.4022297525569632	0.645793853539575	0.903286673245854	
0.4208324261188031	0.49550804790676856	0.9953500512523196	
0.4656719659254895	0.6443492034834615	0.7982647139063117	
0.38285590190821445	0.6708258014554419	0.7936495342411352	
0.32306624037552234	0.7288171584622792	0.9230158289877356	
0.35300600566830276	0.5135278929352862	0.9616942996791732	
0.38032297031619544	0.5795980400834654	1.0702285652159023	
0.34354924081362376	0.6070915428905653	0.8315559472272195	
0.3882638947901579	0.616404932992193	0.9203172741858595	
0.3104700865191646	0.6042974791916695	1.1032252276655234	
0.30093145150040845	0.5971656826464754	1.087372118653951	
0.3465387054963142	0.5535570426628299	1.0635686045571129	
0.3711621309730098	0.630195890758538	0.9215506336984327	
0.3884142609552962	0.7359765525348839	0.7223790040170399	
0.3955597910709891	0.7327460917190789	0.9415083973889199	
0.41230253648989623	0.6461269250899234	0.9469948650483117	
0.44180925439643953	0.5780427375218119	0.8384114501684459	
0.3185665521475655	0.5452756043206918	1.013336644247065	
0.3874969361223333	0.6696857834297387	1.0226276523755358	
0.33606703988221115	0.6021759791747664	1.0102794490132265	
0.42209373708469505	0.5748646600322028	0.9578921716521371	
0.43612310924854797	0.5730470186028214	0.9261741563145135	
0.35203670817739113	0.5560114093546168	0.8887960466557997	
0.3385293452309268	0.5720261227723893	0.8845762938274933	
0.3625408531978677	0.5778731357925332	0.8689449469473066	
0.3868921067574717	0.6826132435231502	0.8231447560183326	
0.33927179270727187	0.521929432312065	0.9970424088162516	
0.40570552222196826	0.5499084361155525	1.0417423704665856	
0.42065989280213895	0.6052583694519686	0.7777010052744403	
0.35997419885147813	0.60390790411007	0.8896363483345816	
0.4066391099493108	0.5477427422867538	0.9147529687914967	
0.3499201119836173	0.526013684941543	0.843752370934904	
0.3898282035282432	0.5284673744343357	1.0484767827839587	
0.40472614474442176	0.5612024123844006	0.9013033512322235	
0.40526008747093833	0.5058441427038098	0.7688362793891389	
