3	38
1	0	0	0	1	0	0	0	1	0	
0.0939176309344977	0.8423123930772715	4.546473133890033	
0.09332743325408091	0.8954324412931475	4.779368969680474	
0.10943613602346339	0.9799019882136697	5.01716929252154	
0.07337930670597935	1.117502755439416	4.867594967587132	
0.09643577868535001	0.7926733364574098	4.420976920382188	
0.09203263157705106	1.0426213726759384	4.805659887198312	
0.09354645619045239	0.7997746529946831	4.388549597152906	
0.11003598572718101	0.980765467463049	3.868564493640227	
0.09474567839672123	1.0211410774812093	4.4407076255622675	
0.09948259026534367	1.1057303886670657	4.019474023559705	
0.11123791081388129	0.8906113254759292	4.334849704330953	
0.10185451681552576	0.9594548146019778	4.775323636863104	
0.09841051187750136	0.992857980075628	4.561533187598175	
0.09450648934066248	0.8144157716659234	4.785096734445036	
0.10305479000215137	0.8683429397411682	3.862447646039849	
0.0941383627551026	0.7481527860536243	4.938856527854832	
0.09889829640995039	0.9544957874129062	4.317946892976667	
0.1177048163056145	0.9951884542483298	4.333234471673231	
0.09657550808060034	0.8718772077510962	4.433267700431373	
0.10385059292203387	0.9624715130543013	4.378634206844226	
0.11450261660097992	0.7430889266180534	4.236013980129016	
0.1068887146761399	1.06092294500319	4.588519525048662	
0.1149709182333661	1.0891639485775149	4.339522949792526	
0.0915684807361658	0.8497112919900014	3.8580866749377765	
0.08771346916194116	0.8418896229567373	3.9751590459253405	
0.11025416773454753	0.8884891819218246	3.8752196752178536	
0.09611294622940687	0.9532869632130727	4.382492475134256	
0.09782879236661904	0.759932442586835	4.909524527075654	
0.0964836019487541	0.8090366647748026	4.451917876538049	
0.09503953915412493	0.9413901199873067	5.650043374423927	
0.09252092657517338	0.9993287343003958	4.352375736003611	
0.09610381636070771	1.04678970603045	4.581799140742774	
0.11612368803142481	0.9252127541380889	5.114521727416181	
0.09665341113073203	0.8662767294404954	4.696945065201952	
0.10118231092493038	0.8055929092382696	4.58958462670735	
0.09238385235416496	1.0059716848450073	4.201276896834118	
0.09636097370980465	0.834676665721419	4.951996184056739	
0.1042757252196412	1.1417018310520959	5.067108486853407	
