3	74
0	0	1	0	0	0	0	1	0	1	
0.3844431308075766	3.046092743729845	6.091958860091896	
0.42519514743553966	3.3686658885160807	5.810672859046514	
0.31227417266541513	3.0690110940036623	6.537890049801568	
0.46528374512707743	3.117007346543132	4.515910083341186	
0.34920536340083397	3.520554266258171	6.175964914176884	
0.4235747072517711	3.73848437265417	5.649467824043407	
0.4366791712126148	3.5886159895538583	5.5484055775245675	
0.4436480610161293	3.500364110726143	5.9811331271818755	
0.4311335435808283	3.4251717020671597	6.688103394881118	
0.34539291581810305	3.6241040833056495	6.398874130428773	
0.38946290732150707	3.4899377258994093	7.034438071432808	
0.3370758353412512	3.0307921542717002	5.463757844744677	
0.4881517368997023	3.377810871205732	7.159969875774561	
0.4227993336677686	3.1613447321256247	6.337924929323504	
0.4001481272956373	3.7047083667750176	5.251600255609525	
0.4097390301772227	3.5224520156198733	6.431543949121327	
0.4322705919433602	3.5173706684780908	4.765118738543262	
0.41880574323008884	3.045454122114507	5.896200410115391	
0.3723386584560418	3.5801364446254156	6.442211070080731	
0.3915209690397184	3.4521034995846707	5.40801973037882	
0.40910474887482823	3.280560933569614	6.118249293806561	
0.39862514300233715	2.9050699813776126	5.902916082930848	
0.4318683984589285	3.5381494757192664	5.759811866843348	
0.39458323790892896	3.4051186599901917	6.170190296400412	
0.3269653813507162	3.83499256143295	5.672525801282612	
0.3696756428765462	3.3878420125567477	5.3607287762297835	
0.3508122477042059	3.2437422836889236	6.979655444816332	
0.35534257294408533	2.1379326390415123	5.373788239519206	
0.3519248466589895	3.4145802720770693	6.711212248321772	
0.3432437422660756	3.5953523875859164	5.674544465587742	
0.35053391681019647	3.1497204423434724	6.445658738392078	
0.3793473486921862	3.009802356213483	5.85157863691776	
0.3020891482860363	3.322010031828696	6.055318870177507	
0.3788908290778394	3.746304781360841	5.561291105993346	
0.40914933523532343	3.3150695221566298	6.760561593077972	
0.39154591938693634	3.671701834822702	5.557934322827285	
0.36793962916395123	3.8015769475790573	5.8509634794706935	
0.34005769168138866	2.908918923808482	5.6010321679331385	
0.4016702772330639	3.809657625553846	5.187132780266329	
0.3938982796919474	3.2166595912506204	6.177070221663731	
0.30524458825796447	3.4791488585381765	6.546603200693244	
0.3506363093279416	2.8132467697671584	5.117714174731474	
0.38311834123896654	3.054577864336421	6.5723237638148735	
0.43542183330757817	2.9363010579005606	6.347240788048154	
0.3626025249227418	3.4363200357088304	7.088805147524077	
0.3676976577881237	3.440121428650084	5.105587497063192	
0.38657177438727885	3.6402710320168787	5.379894814210304	
0.37876339275122123	2.9480683234366554	5.991079005915872	
0.42693536217342687	3.0211755885527642	5.242841975353284	
0.45090538063745556	3.6409207913607835	5.680416998597215	
0.38931017893971875	3.1022258329349763	6.492135721174989	
0.3995220332064465	3.3906107523665447	6.088349007601212	
0.3917480197591831	3.1128826536682377	6.4030129803627265	
0.4125861319718873	2.9777885942989646	6.788418439709266	
0.35676501385914844	3.138329017567219	6.924261583432742	
0.37629835025177877	3.6199205321943504	5.779246531598478	
0.38122076224238655	3.120443167152509	4.83934204858995	
0.39610749278055185	3.1056100853792543	5.3424141821143944	
0.37054626965369214	3.0160707226231134	5.754389707567171	
0.3120307090946057	4.025523658012995	5.231955618406211	
0.42308585415491307	3.425971691836956	5.903227904398969	
0.3439769546494297	3.311812889345471	6.150991704196009	
0.3877425994179222	3.1160084408796376	6.082115484246545	
0.41947517787274335	2.9524337105256415	5.763438844638299	
0.31936486175068557	3.0719731456080113	5.8207120739595	
0.4616138193164945	2.9966753723508903	5.421344669557358	
0.35175943007969646	3.370670102244766	5.539731639767402	
0.36584888483278927	2.771690135997897	6.235215969916614	
0.3373794789088922	3.5753013569906154	6.209493648232893	
0.3360986657587738	3.09288995645334	5.412706923119784	
0.37346156112448825	3.0581769043858804	5.058773682802563	
0.4059143265477249	3.294590554820534	6.113900224749267	
0.35457369761462	3.302843663259721	5.557295736929554	
0.3194724325381674	3.736786700434092	5.717239971181916	
