9	85
1	1	1	1	1	1	1	1	0	1	
0.07756760156260771	0.17010666066514418	0.34239489173330456	0.7254128812282301	1.003962040770272	1.2688633471846837	2.0824361165280263	3.549850902179903	5.857348357166733	
0.11178237334418595	0.14435896788332822	0.37701072115122347	0.6570090018126501	0.9861153623657388	1.2976924764404953	2.2433211018283856	3.3044206359659	5.452959943418003	
0.08609523006559411	0.12102924502585968	0.3688118847764392	0.5967596038351481	0.9769257592254521	1.5473284426003826	2.0610203487314886	3.2230018122117183	5.544766607408382	
0.10087238420806158	0.16452763022457417	0.38384342797494103	0.6697995240005119	1.0185156944100973	1.6384507904497947	2.1777849728858216	3.0769601931713213	6.372740113653574	
0.09627097003148491	0.15884777458986965	0.35481347433842164	0.5502956488821477	1.0431294764652659	1.285201856393552	2.369783272436847	3.44046006530182	6.056578540535261	
0.0810735514756537	0.17228488682771156	0.3444760925942484	0.6571892173127505	0.865742505456418	1.3197236605812568	2.2937524640612796	3.4250011369527624	5.312941471683785	
0.11436759120537794	0.1469093150193589	0.3826192893474956	0.5821753425620232	0.8274429562744379	1.535137097985215	2.212253399431064	2.988347425555112	6.566479997965956	
0.10054836941254007	0.15114565524915105	0.44750771026146335	0.503520012508982	0.7792280364099016	1.230371275584817	2.2281811451297298	3.1333108355249095	5.832272128563648	
0.09057583588383349	0.17497876910732546	0.4560386828627697	0.6539342737668922	0.7898224324254682	1.3603737493790407	2.327904143943239	3.2351054619775512	6.5413322673405485	
0.11247815372578329	0.178607935900383	0.35511512397107103	0.604877096821898	0.8890090120028079	1.1438881396852338	2.300841362177298	3.4331185854067083	5.671904308136793	
0.08401944508071105	0.1442381511148575	0.40778281289042234	0.6802399728068654	0.8637301843533386	1.5884005784300312	2.2838312469805806	3.384301076255017	5.223868712554074	
0.08749904523426794	0.13753821055349383	0.3675972743175211	0.7080447641541671	0.8684121356627501	1.540288952237923	2.0500759038052023	3.4036298766825372	5.962211300527297	
0.10177023128993784	0.15554422193850026	0.37052062239593564	0.6224678424418294	1.0447541720585607	1.3221614956039047	2.4049611519305008	3.1638090231668996	5.777404619637226	
0.10699559361361073	0.14488261225337656	0.39212843152146687	0.6135448744566795	0.7362356917687644	1.4897146667407906	1.8401631342135183	2.806413488201131	6.219878247337487	
0.1053658976731628	0.1680757418525836	0.33860403167255826	0.555523259743456	0.9731860188275252	1.6050716766878694	2.191317580293583	2.9646503414976593	6.90385021414869	
0.09737633469768918	0.1465319906210414	0.3254377992100807	0.6434452604967924	1.0092923198123949	1.3290661650852094	2.5265095176969683	3.059183274152738	6.375152687277637	
0.1022364920529221	0.11961665707559212	0.40066833237470373	0.6272474787702152	0.7657264122531354	1.6481226581390345	2.2485105124202107	3.6528053683619226	4.970335672337325	
0.09589567703717668	0.1677090375900225	0.3204049284733602	0.5771333907087604	0.9678046462481352	1.159075012844496	1.8659012023172177	3.6991773763742137	6.035876763774095	
0.11176700093659378	0.15273143393842273	0.4733240646058042	0.6263239369917206	1.0480894414604458	1.394809639581886	2.195306865809943	3.4586080026644335	6.484683875127184	
0.09961009063613975	0.15004116584537922	0.39907295080553895	0.6300757873290124	0.8346695690242194	1.4621694446906313	2.218966394240158	2.9326965988764746	6.543556099745217	
0.10412744623221958	0.18495973970203716	0.37901148652863337	0.668166665041963	0.9801386781523725	1.7047658522971199	1.9414541371513447	3.0890229484399594	5.43857552911845	
0.0992208239476014	0.13312913537688748	0.3220088115243019	0.47199458980687364	0.7256353263633052	1.5238640117503872	2.0520807763203615	2.8490305802090394	5.604552220972638	
0.09472097052960855	0.13553099684764172	0.4410109187810164	0.6850097341688564	1.0777295559209106	1.4556250834394	2.210299864691921	3.0379004313498856	5.491757336262767	
0.10021725581754204	0.15978534037720027	0.4254391897706571	0.5672406514159793	0.8134957520643548	1.5349598530789768	1.7590991364212196	3.2372565650787033	6.053582775488026	
0.09621212198766083	0.12682132337235655	0.36610678165719374	0.6985525470600971	0.9850301089270767	1.5961251880902212	1.8883016071558147	3.3331050779901283	6.053004211019738	
0.10107705451303124	0.1583376889911822	0.3855982550363501	0.5286324555900346	0.987032626555642	1.5502464520014638	2.4336879786846843	3.6931871742732194	6.285859840114435	
0.08857162891902765	0.12705924248678105	0.3713704429552785	0.6551682584716207	1.009518261342374	1.4691818945036343	2.142139763659888	3.8687139478648964	6.344419125528681	
0.09912726923107172	0.14031838464500457	0.34167299792704914	0.5335761591245913	0.8362101116779845	1.470176152196003	2.1461150229858617	3.144077702255601	6.441886761061173	
0.11809174934172494	0.13764979595567997	0.35437713035769375	0.46697685649719234	0.9275512323013178	1.4117502587149742	2.341949902721095	3.221785864712789	5.647134421322699	
0.10192685742305088	0.1583560253871248	0.31852629575325625	0.6604134594439228	1.0514861591645062	1.5082860851601294	1.949070662039387	3.1440413749933813	6.709724697433339	
0.09021779146345602	0.15942965561647784	0.37807066364762	0.6096115949704183	0.8522732526087927	1.4772849927696063	2.205701283479582	2.75945845806585	5.997333663269778	
0.10613897157079977	0.14422075124555409	0.2869862390580323	0.5931109965061238	1.0663815177825147	1.3807408630070968	2.4571599828142996	2.9859837941989134	5.30341761256381	
0.09994897362177411	0.13766132448396895	0.39253459403870117	0.5776457487440777	1.0670742852087904	1.3668415516159265	2.169293446432663	3.4438091117441925	6.57378962367483	
0.11479642695942156	0.14647705098538502	0.3648262922327528	0.48516499804821994	1.1198791687015779	1.4816178659043644	2.311638734141025	3.4306118843466016	6.029720929725599	
0.10350352580503362	0.1416050632622362	0.36852025127189925	0.5429876519782271	1.074823688626291	1.5102917844151786	2.574877104754679	3.9963245549322615	5.1575062562296505	
0.10985228372873038	0.12963054484454348	0.38674186456164916	0.6188837681915718	0.8102935481329973	1.324534878017621	2.227475567291914	3.307297727188205	5.388977062119289	
0.09301968904060297	0.12762839567274134	0.3342889052587208	0.5777147753091915	1.0218331394808846	1.5893353296566888	2.5441888895067133	3.3878858601757145	6.112969840630015	
0.1049514634099664	0.15728334025844873	0.31857248317990944	0.7133324032532463	0.75042267467754	1.594273022682132	2.1621232003413158	2.895913412549694	6.3188246580431455	
0.09881861395098296	0.13976193005788765	0.32750384877632116	0.5120695722585642	0.8731852491512244	1.3746606991676302	1.8897333554396576	3.2625060479852626	5.359118278761288	
0.10360220720175901	0.16847068981907484	0.39099622401545087	0.5943699125411739	0.8802545754826382	1.6367921024562564	2.108394120731967	4.059322727453411	5.290178493052724	
0.1028990728266209	0.17119085414953134	0.35377481938713096	0.5858325390014707	0.9882316252278585	1.4854683052348834	2.2703352988075096	3.6270840042476857	5.791947531508505	
0.11437025898134741	0.12419977575900974	0.4209426267322555	0.6688323412545786	0.8579742550269742	1.222559026835301	2.100084008019655	3.3812360175195106	5.798940592985747	
0.10501942187957192	0.17906615644904655	0.3281409463040423	0.482753693808853	0.9235553182229913	1.3327358935880205	2.046732292542784	3.661746773584539	5.927630205103516	
0.09971004579205303	0.14344803683635837	0.3785255555922202	0.6161100877485215	1.1889667025238868	1.4699910201565305	2.399979461268246	3.310579865172012	4.783326401812023	
0.0943292816628478	0.1541836607701332	0.40748975266376875	0.6126137154947114	1.0155926801787907	1.221222173860375	2.1604903822576946	3.681587986272775	5.417064001634435	
0.111205914322833	0.16603361188927565	0.33299306320416616	0.6202727136665872	0.9447697012251636	1.4047801348920692	1.821718817221901	3.1645055857562334	5.906222479595179	
0.08301698714220117	0.13042272544447536	0.34477417504889973	0.5371031060850916	0.9603431445082177	1.560346005341682	2.0832332234373783	3.4990441094404026	6.571493076290777	
0.09914707056955342	0.15612065614794265	0.37151288398950855	0.5326302147482888	0.8605513710063334	1.476639186974079	2.1239141489820508	3.4895812292606974	4.867807755730436	
0.08353428434301935	0.1270766271996532	0.38633282088194726	0.5173138140996575	0.9597720123428549	1.5376804187121726	2.4759937012851676	3.7069199542830895	5.582748207399703	
0.08330362006981784	0.14052087002534872	0.41711975838357457	0.5766185958696165	0.9277381851263983	1.3503260135506312	2.489958594457732	2.920300251433757	6.040059323838788	
0.11108238561099913	0.1776232421459305	0.3535975201415316	0.6576483519683024	0.8711993556023523	1.6269338612067563	2.5218354161217937	2.960881657975242	6.392078105331018	
0.11113286527771789	0.14558598918565357	0.40081314872734	0.6360010356386011	1.1168974626284491	1.1481467541544128	2.137978597058205	2.843667644375888	6.00827884664006	
0.09217141997417909	0.14617624170950114	0.34678240112995007	0.6093220471881406	1.029872157827065	1.3766989253971926	2.457583774231637	3.589285962602964	7.220441411374099	
0.1041135701205743	0.14907533937553083	0.319760986531345	0.5530987727044172	0.9106650219765706	1.4172004945439	2.654975316482998	3.182732545994158	4.938988026437636	
0.1066457035677788	0.15909747360403986	0.3625606712312846	0.727660227465157	0.753614241908908	1.6086723652410646	2.087414208623224	2.9411142220592303	7.440238966762451	
0.10736696730291283	0.14552341975202931	0.3678869798230824	0.6165251301222128	0.8870373930195922	1.6158440190190588	2.168852359508454	3.5807084468015455	6.124755806998	
0.1086983499917434	0.17018264627619714	0.44387533362609655	0.6294568012572163	0.8494111210353804	1.4053207357434325	2.1443803581052383	3.0637071276244527	5.555907466197869	
0.1017450056921041	0.13525038542838402	0.3352587813544415	0.4983338501124986	0.9746713126196936	1.4787984608751605	2.0801947668034355	3.5731251646248117	5.4007143856067685	
0.10380874107321891	0.15081245040653218	0.35185414713043467	0.5704474542122098	0.8770368738549369	1.4661438175757866	2.2775872078359436	3.111422004757757	5.572737285529416	
0.10137222128526757	0.12522373248737317	0.38130558372480633	0.6937065290713011	0.8645314158701929	1.4047097121092822	2.3702807761000257	3.4952688358494237	6.037103449034911	
0.09941471473936558	0.13146663636947753	0.3986638071941164	0.5193974992553158	0.7379378068927293	1.5741587389313407	2.2332020541545186	3.5359141008938058	5.558094207639206	
0.10466363966175599	0.1434139815205068	0.36756477918745356	0.658425247451374	0.9160694097322702	1.3304168317307272	1.8564135392460164	3.3672240471546506	6.635685700456106	
0.0921687160994998	0.1603346840206386	0.3441744113481279	0.644958138197759	0.9330610452135154	1.4683005726765348	2.0000567751128604	3.3662040306332264	5.641387655199215	
0.09586326507865059	0.12723558530178233	0.35065821788763163	0.568470281824528	0.9590912846754027	1.515178775907636	2.01929466806925	3.196555525075596	7.01183115867666	
0.10131108563084837	0.14194661333394146	0.3161733471128069	0.5487646491978464	0.8469631255188242	1.712835942017254	1.9675816327070068	3.2665889517099296	6.2224545353273255	
0.11106524925018915	0.15012036362788903	0.36060804871117347	0.565407806905207	0.9631433393192236	1.3321394575718053	1.9126010543111656	3.0840860954051204	5.205309395278406	
0.118506165845206	0.15894829065107063	0.4415920660497536	0.6291261622044292	1.0717871517939586	1.482547446959996	2.306128984013997	2.556541316374116	5.451402241814287	
0.10036927775255973	0.15091781647184835	0.3770975212904323	0.6271797166254421	0.9759608732274884	1.553711561843561	2.2938336070373895	3.6413284048626853	6.727340170455886	
0.10174664448875366	0.1812247318284646	0.4316545603270214	0.5515829457320679	0.9665121097883282	1.166505605706067	1.790047369438295	3.0876643426408776	5.474733042801752	
0.09506657049925744	0.15492740793594875	0.4265610316222898	0.6703051161883864	0.9684270175380214	1.2745419230741166	2.0301615539205513	3.4570845807573436	5.504330099075791	
0.08733083262436146	0.15738475688406237	0.3781622198097887	0.5873448576115726	1.0332115800156687	1.5856995559620013	2.53294036800895	3.0382911682479157	6.2578401485340525	
0.10019008470557351	0.15507473747618022	0.33689351532017353	0.5158515999338872	0.9262598993307214	1.3095206996337043	2.351714638418527	2.762279855608455	5.149079467652232	
0.09583337524751144	0.12692887491100632	0.44368811901969846	0.5890249575638224	0.8739395344011456	1.4969188556645638	2.340027435244459	3.317261642852393	5.9591451042647625	
0.0901652707529587	0.1594636397838183	0.4338347174270754	0.5868168147079625	0.8510629484710751	1.4559538947525992	2.150569727210119	2.8546854756634366	5.698386780475223	
0.11788485767978263	0.12978667699336355	0.3537564265698717	0.5430771975285742	0.84999211467618	1.3662968756351885	2.246402151814171	3.6752828224518677	6.12199295635699	
0.09315618178836466	0.17309872718835487	0.30139458620184156	0.6404086891687294	0.8345114484303219	1.4227179856226913	2.2710664844234056	2.7282527643421437	6.084992290950611	
0.10218477067913528	0.1719350652324504	0.4831756740544556	0.5068218116557467	1.0617952925964256	1.424583126518014	1.9761571835865988	3.36994228033293	5.218625162588206	
0.08757387366195973	0.12397262042652618	0.4007513823846827	0.6196207095011587	0.8542623163593844	1.6478750593579052	2.0074645266855176	3.666971618097311	6.073248526220125	
0.09323631676988704	0.14827527895127643	0.3323577835219447	0.6130040017826562	0.9328411573808252	1.5054249869397454	2.3390177645132186	3.287575127477292	5.114207007133523	
0.10932363332473048	0.150219959501695	0.3080256207795917	0.6185768882378784	0.9658165295734706	1.3787374113469633	2.10746507578002	3.056538838796071	6.249676007709376	
0.10139991384992877	0.13637656949563343	0.44148288199395336	0.5600518158404425	0.6782937834232177	1.3626935842149435	2.37165157712781	3.18287708812127	5.019132133149433	
0.08971908556150142	0.13378520376338912	0.3581391226867335	0.5842977014123899	0.9759284786308576	1.4483667348094562	2.187926813145506	3.828289765872318	6.5164976041889515	
0.10772804663637302	0.12280257080853245	0.35143138729535556	0.5041785602535075	0.8584780888703579	1.5436659399143995	2.0655418609077105	3.598543518426975	6.415881121237696	
0.10050452773372032	0.16644069614130472	0.4318478083712531	0.6272632362255467	0.9513869415668581	1.5205717397263196	1.8475838622149319	3.211789274305279	5.9856056941701645	
0.09631255689143436	0.13815756307902965	0.41792571842216714	0.610203491492635	0.9542721380938942	1.6337149501911277	2.108004403619772	3.1236467459564894	6.81677587466354	
