7	96
1	0	0	0	1	1	1	1	1	1	
0.09825562184278662	0.9696762416205555	1.158097530299721	2.0552304429348776	3.2190596081367806	4.845669346782463	4.980643917034476	
0.10062409973709713	0.8867080936274664	1.4607134343838524	2.3156963695614388	3.444692814972206	4.662301152147687	4.555450125593733	
0.08889389714852701	0.8290355774102129	1.754330797250353	2.2338899752130583	3.1216238808327867	4.7711930812454595	5.545788117954185	
0.10073534444253694	1.0215372006535475	1.5285813652701616	2.5797903287913595	3.334376736571514	4.54948128596156	7.169828451330954	
0.09451769793753458	1.1752266736409407	1.40106372701127	2.1588349714686452	3.3440952822387935	3.8318608679144988	5.857609724226913	
0.0910621959714094	0.9889281656465985	1.36701542626902	2.1446333050687705	3.1827769113967443	4.145339543175263	6.536298749515203	
0.1118479904721324	0.8079979546636777	1.38611903859132	2.136986282361471	2.618131348026647	4.566820380250118	6.2849659947444705	
0.102493596885177	0.9016169174641706	1.5131905581345284	2.2211883487396116	2.741987021776675	4.911624746990156	6.1517745831926565	
0.11137532350881485	0.9040851981704331	1.697127637991436	2.2559491108504397	3.638215610419723	4.363783436236696	6.473007424220873	
0.10408380467342285	0.9756986328668107	1.5593639926828142	2.082628350515246	2.685599539915432	5.0668041517147095	5.735176328374046	
0.09759830771037979	0.9384458448931251	1.4113820588255819	2.2532689343824615	2.4820002713411453	4.7082732662043245	6.600883119766371	
0.10036566851066797	0.9946809509550588	1.3856749069630572	1.9804080474942254	3.3825186602571646	4.231457203373862	5.587248988554999	
0.09947675091526076	0.8318233013129408	1.5169605585729533	2.1654669801827224	3.7474655219886124	3.9571539512460117	6.176657940772296	
0.09920587548498958	1.0277394696336677	1.6207591715789953	2.064799439384699	3.2564879151468484	4.268098560358912	6.531607711407071	
0.10660555437862221	0.89789295059581	1.27473539716334	2.0408286830357842	3.7708899477419413	4.243176399925093	5.700695251408606	
0.09253001937225087	0.9754815540207291	1.3115140045059954	2.319958969812339	3.3279515419330483	4.568228807717593	6.486996418532518	
0.09774198227112217	1.0573617472747294	1.4073192659781333	1.9046268569463944	3.202515197440204	3.949879285024571	6.710013324760417	
0.10217135374643015	0.8734967769912894	1.5329611541887305	2.178432434656866	3.204307608643856	4.125415963815373	5.945184326298469	
0.08426592942918837	1.0667504905834364	1.2187537208334753	2.3145682482086833	2.9991009965505255	4.476235467777107	6.542570964286858	
0.11156079711141276	1.1215540850705918	1.6127101899896896	2.036291312046445	3.0509121505496233	4.736204004318799	6.094710930783275	
0.09791847166416812	0.8233340132820729	1.4652267689469964	2.0849149902655304	3.614302775111346	5.164260410513061	5.258569920034422	
0.09911298005025815	0.906711345090274	1.4560972223632738	2.0797745706236457	3.4976966066777946	4.2700707156082	6.573910862515434	
0.09798108644341563	0.990052963973782	1.261148985135131	2.120251337298201	3.4389455041041486	4.584707239835872	5.28130720545958	
0.10250220212012245	0.6685289045276142	1.1830435912842878	2.111717693893148	2.866206177274859	4.522063475648858	5.0920513944030015	
0.11997023769289557	0.8602885377851005	1.6091283704600914	2.1725247874415787	3.264678330565084	4.3763889906754825	6.56897185574851	
0.10671495812733237	0.9254286623526926	1.4498666516955427	2.444508603089502	3.2579555660059114	4.478934517094864	5.378465809397165	
0.10121944085752893	0.9351805703386817	1.5919041748958747	2.2503033666618686	3.4335416052437417	5.058227975773988	5.388308234559435	
0.10599431093951717	0.7869555357208996	1.1780809229799516	2.0230214985293564	3.143713147021534	3.6965020236894697	5.501173000937849	
0.0955246514637961	0.8547704196889784	1.5736073392146195	2.3182293025415532	3.1699203013233355	4.747980624710995	6.12508263167925	
0.08328898179860744	1.0390082304249244	1.516192325293555	2.039473064892363	3.9085911703618703	4.191801799558615	5.4825066064409675	
0.10822560183050674	0.8734202192434537	1.4943162110228205	1.6571750517172825	3.337514753471005	4.5225170545063555	6.551486413755651	
0.08896777478910096	0.9929196688576148	1.4075914529645384	2.2536635091908654	3.1951482403165317	4.392194459085779	5.927434441825673	
0.09905588345125142	0.746593820776472	1.4167383018968316	1.971451452413309	3.2464312216629025	5.298370928641448	6.719233257804079	
0.10445225081439852	0.7829981098267546	1.3094282810592597	2.0467429786356917	3.548709984217392	4.7226930221058385	6.832151299273361	
0.10500146404068421	0.9948302784599359	1.480225072398967	2.2005348474031745	2.7143228210065042	4.304864985252824	6.493920550894821	
0.11525509853216707	0.8941167180992107	1.5717365849514973	2.033366324979573	3.127668395943628	3.501606774500047	6.763474829100231	
0.10333245487034848	0.8670388189041836	1.6821516461458519	2.129168851381694	3.7086037524035604	3.8837868813736316	6.719827198016374	
0.10966506500133572	0.9225816964648649	1.3736729325125934	1.9799967236424014	3.612783442471056	4.193443778057362	4.627009729514846	
0.11190521759513528	0.9581460525941746	1.3965254680118404	2.081917907504478	4.039951919746798	4.379117392033238	5.788164125846558	
0.09690999223244269	0.8664689496982506	1.378137817779734	2.2188534697217333	3.101596443672217	3.679847196911939	5.1777798756940445	
0.10593918216555949	0.8197101492526577	1.4911301661313643	2.4169911752442945	3.4281977749682504	4.555681049400054	6.035107534700195	
0.10124550923879312	0.9237812251699552	1.261703518898042	2.116277779239381	3.538018406578835	4.986030745586763	5.8640783905006035	
0.10487504962474309	0.9680917832873119	1.4464526859809217	2.1845798699058627	3.310383000848809	4.467302365968903	5.989124092273747	
0.10737261497520681	0.8541992951197792	1.2422023302190466	1.9990150817085266	3.1778199450073465	4.513470134667064	6.127951921283391	
0.09388568807496508	1.095454918726548	1.5113427598731677	2.0724162044234054	3.128389567246227	4.429697840386772	6.408532847977145	
0.11408915278265844	1.0795188382825904	1.5356216046621514	1.9702968825675449	3.7078972768218477	4.417797508115424	5.972994436200354	
0.10072717736720566	0.869892403573819	1.419309509769142	1.9875277748146516	3.613634086658648	3.9563920524152847	6.922179618217083	
0.10574480452400495	0.9472650306942383	1.3337568989442445	2.534158759668268	3.8224826716727405	4.592589297460711	5.444264778014841	
0.09395652360834125	0.926194764604782	1.3214732199084316	2.1314874544699527	2.9624087738180562	4.325791422672464	6.209408273749421	
0.09665569501702098	0.8836410373987941	1.3978906083881597	2.001475994196071	3.052832327493829	5.5652130384322875	5.625723285864643	
0.10361912751936855	0.8432512837205437	1.1735295392086929	1.987851385022877	3.2270940123126444	4.164196672163139	4.99930743612606	
0.09550800258636424	0.9343048958575578	1.530123044062272	2.1311019326177494	2.9879827503259744	5.009609657702337	7.137742825095329	
0.1025051544872848	1.0623978231542048	1.5321351524728728	2.5650821742538104	3.2956072431152363	4.897489761335672	6.805545359269837	
0.10059790754097314	0.9973641695863136	1.4438174998253557	2.0087620056444697	2.7965007904264363	5.0497294486948245	6.932002070362645	
0.09843666785825321	0.8531521299266259	1.5102103830045994	2.23748821786643	2.759440206233917	5.140536359803441	5.626203084350616	
0.0970133774195322	0.8665020817450181	1.2841303598541889	1.7313907450727268	3.303320082781716	3.987410808852545	6.382442399175411	
0.09981315157242336	0.9182071019846598	1.3904202731298747	2.2588654983338716	3.2843885145062583	5.090149470779327	5.509737055655521	
0.12028433386472702	1.0762636525998543	1.596617955911077	2.099481383788355	3.5394176951153264	4.754915372102807	5.568716607116795	
0.0916794091445507	0.9157564293418284	1.1941038715815617	1.9966614083647443	3.1110487296248954	4.668748659292228	6.207353754695161	
0.08292643222100185	1.0686209445501385	1.2399909580558197	1.7960343456645267	3.4664568485218124	5.0238237908313295	6.057418319361551	
0.10492733911457541	0.99695175840099	1.4348523230921473	2.2278110993063107	3.0977434070303786	4.400826886285796	6.4376856581650905	
0.11238617627220858	0.9102479797798831	1.306433274599557	2.724053289689355	3.3407192681350315	3.7142216203223675	5.682122898111416	
0.07722460970407789	0.9466541886352706	1.4559442279750936	2.158023527979213	3.123310695021939	4.4667410066737485	6.370358688241598	
0.1097876894293177	0.9078205741380436	1.4739854448847278	2.310653534345626	3.6470700286040203	4.2566890646132975	7.052116538987967	
0.10919920289047867	0.9285113256590936	1.4222191072908337	2.192442808443505	2.914391573148464	4.147948474911046	5.275074411933762	
0.1055418062009586	0.9114282721076745	1.483963714512507	2.347203848297666	3.555913473530645	3.640237118434471	5.83670360096965	
0.08650703432089347	0.8712940276004489	1.1262053960810743	2.33996439598682	2.6858729966720842	4.037651425187162	5.453869135925874	
0.1096657380464389	0.9401154476521224	1.3410024272953998	1.9041341916522028	3.365028526875994	3.721182484593892	5.478257954970863	
0.1175906027804896	1.0219175687984257	1.2240353906365702	2.4284652200358763	3.247875956767024	4.845478929488227	6.242143588817655	
0.09810243975834058	0.9474077642785559	1.603572087349641	2.504154991984879	3.3401764202487363	4.122640061951449	5.976978410026877	
0.12142311312574715	0.9985358018424708	1.542713204176769	2.207178379395747	3.5100748358042324	4.362692776567046	6.2315952910525105	
0.09070030326922982	0.8096428781483328	1.291034122768582	2.4188087852461	2.843336230373081	5.427267454210856	6.55046960201362	
0.10988610111727995	0.808968709774252	1.35747701696757	2.218473082873547	3.2665517538114446	5.109088415716739	5.755290315213678	
0.10950036411726019	1.0277773072353702	1.4615055734402682	2.1390645801747863	2.7663788699907284	4.6206841536371615	6.535287136730966	
0.0932472290805892	0.8169922177304455	1.3456351736732237	2.1012189744921965	3.4456178479879696	4.5575525111073185	5.51752587347383	
0.07818265981851398	1.0611784330493674	1.2195993893084753	2.0894969357919657	3.2096473493052877	3.6511255012515558	5.059925156476139	
0.07704466013956844	1.010221678389426	1.3842549621290587	2.1124588726428795	3.2450845450280243	3.698296971682263	4.868856283351953	
0.1023968719970448	0.9013492917446438	1.1652205271514509	2.179170144996809	3.319358841302031	4.779056122360577	6.245688755185002	
0.10359206265349603	0.9136888076625485	1.5602520515078984	2.2952752970455985	3.113935728555137	3.4450294797837024	5.580229753881042	
0.08824563600912542	1.1832222685400329	1.2669628382424938	2.3501519405567444	2.726660483389307	3.778343347795789	6.614757690587597	
0.09377070596599196	1.1447887929399	1.6516968106711643	2.0548068014242733	2.7601289400379914	4.8104095869144805	5.842308920495731	
0.11071461689510005	1.0823624467206587	1.3462968508107347	2.259054240618862	3.0354289297565433	4.96786437942483	5.412159220177239	
0.1085914050816458	0.9605199642346466	1.2201601062389043	1.859039510049367	3.1904322285300335	4.2085761157452275	4.517034230861775	
0.08262778587514873	0.8060211145784298	1.515673272081695	2.1182522073980374	2.918119029918609	4.252998147930596	6.539826560129455	
0.11456638626622727	0.7906878623683353	1.3324694275619413	2.2349688810091064	3.129665891588113	5.038894209148919	5.318830281579037	
0.09487849481228051	0.9459859023408234	1.4234921656258193	2.0649821064170877	3.3169609404444125	4.783448900724816	5.655640137309044	
0.09841727417792145	0.8117663493738435	1.2960668083953475	1.9501869153324194	3.2558869086648277	4.435559788987551	6.656391224611283	
0.09093383537842636	0.8705045996640157	1.3349786740515655	2.744032765211813	3.556629818768452	4.096587790123168	5.427126559381882	
0.08702835892730673	0.9878917608330342	1.679260392995434	2.241343348936413	3.181013662341565	4.061585758012531	6.646771025097081	
0.09586604902460183	1.0044677614073998	1.670017872477385	1.9310103567364778	3.6833628681519017	4.567312748329777	6.2074395605714585	
0.10961634534758252	0.7474132230965168	1.5271664155124378	2.197945015550827	3.5231588001277516	4.589134371967832	5.695052591101028	
0.09545608183633354	0.896168119708668	1.516560077488148	2.490378816753773	2.7460287285924823	4.063186832733458	5.653275814654977	
0.08005903085762943	0.8212393807212399	1.3340224415297892	2.1873463386320617	3.339932106240894	4.131153435445536	7.212145683224085	
0.09545930096041595	0.9679127961871345	1.4538176518810428	2.2440220246791887	3.5708098461693267	4.460817652007919	6.512801682992006	
0.10762445005311234	0.9881467423041354	1.4619345024354267	1.911443272556036	2.9582218155504556	3.7022299817967674	6.6271012709561345	
0.10053553491467691	1.032594781211425	1.2474522275427802	2.154179517940223	3.045063994685544	4.10715175490209	5.485006597327628	
