6	88
1	0	0	0	1	1	0	1	1	1	
0.12798132258109976	0.9025570704125622	1.347229315080717	2.942533939736356	3.5300385421473477	5.928429617140882	
0.10461507662544936	0.840162462853227	1.2675192583272616	3.0326188317254945	4.263289119764429	5.468211946057727	
0.09600205825934807	0.986258800604214	1.4425952858250377	2.2789756495097264	4.452229874759784	5.666700923829775	
0.09371217278322803	0.8468419245489373	1.4707924554437115	3.3554997477226594	3.9475733944943356	6.33481311797856	
0.0917155937899361	0.8705679323880298	1.3609055242471353	3.0679797813093477	4.900462642022396	5.392118674434135	
0.08362813240457072	0.9282279204712238	1.314053583778842	3.220910390771641	5.4636948006058965	6.250865459269519	
0.10141402787198013	0.9996230652087211	1.3835318417807358	3.8300682072316983	4.668213475283881	5.685093973658048	
0.10746113731544425	0.8962134616479491	1.4136460405252889	3.658675518605169	4.358520920932016	5.381960868902295	
0.1017710770469277	0.9117803500842948	1.2152663962664023	2.8571609677824976	4.446419052298242	5.4169442463661195	
0.11763557689031055	1.018316061971351	1.4796250100969774	3.168997025749178	3.946597346181195	6.296459442423069	
0.10758813570856705	1.0283383603905294	1.3151707691920906	3.3565682551749614	4.463054632851932	5.560726457154668	
0.09442246863395545	0.929167959829595	1.5807840241448146	3.139757768856595	4.387676708246391	6.242078593183098	
0.10139211809910403	0.9259388009154174	1.7354008307120807	3.5779288411599044	4.713998034068238	5.3767496635207666	
0.11427261012819395	0.9303610024419094	1.2492351853196035	2.7766648574653083	4.505038589959956	6.317375144568974	
0.09560073861428017	0.9075395847111373	1.3344571821267586	3.1591523989572634	4.510603315819106	5.302262146662093	
0.09885974726219175	0.8964436691503886	1.271639175929494	3.194516061666133	4.863266457818477	6.439492110885632	
0.09802575946011717	0.9024372705416691	1.2349922864616116	2.816338272048041	4.238893529337332	7.036772848606022	
0.09821056365464172	0.8922344297401054	1.2836363783240368	3.00353331119269	5.011064707198246	6.072556708645797	
0.08704767079218897	0.9517140497635768	1.214049146717971	3.662116534555545	3.544110461217765	5.894198801812879	
0.10013369221203341	0.9975553167075749	1.668318919331822	2.759382276839956	4.81388900725074	5.921265310849847	
0.10471665371052852	1.0378691868068306	1.4773128379207663	3.440674712536121	4.051183770786067	5.949709257181449	
0.08162021211454606	1.0550736801529847	1.1641813727515589	3.412101623932842	4.401605452875958	6.162476511254043	
0.07976501688656876	0.7998543169259792	1.356563692134659	3.9635139299082085	4.581224559134062	6.9800337510445605	
0.10061455359780956	0.8573763206360426	1.2021887010999037	3.385339999579537	4.004988858627249	5.530170004216846	
0.08962800772717626	0.8833283062125771	1.4897347507283025	3.440788670594727	3.6359679128550653	6.286454370079852	
0.09985207943531295	1.0375656915337363	1.3673655823236552	3.135626350463148	4.4486920501546	7.3493636249041545	
0.09782025765254254	0.9116859143320483	1.2903330841703757	3.2939498476011075	4.880332720230432	7.33683517065009	
0.09923293569308095	0.9445185254140527	1.458345514982413	3.438834867153811	4.367234695737305	6.954063196506163	
0.09622648152766858	0.9826262619470127	1.6185077532102683	3.2762883143037707	3.885412843274649	7.3169332399042055	
0.09556662365620809	1.0372481333749575	1.3160926831428201	3.108663369882181	4.697730116559686	6.00688885193956	
0.07774083318006311	0.7605083781510894	1.6320527364782609	3.1243731904076526	5.301805456083022	5.5092276983780915	
0.08176432896082939	0.9065993380297154	1.3965305321857258	2.8322179167678434	5.293803098490889	5.898113530405153	
0.10466844203815467	1.0576478079508542	1.569905455613405	3.065596969387398	5.04866971269538	6.904721998038416	
0.0992063723888766	0.892765807919036	1.5281407078936593	3.0078909480298512	3.959440891517521	6.70653765724318	
0.10320204298960378	0.8224294935381539	1.5101134323432401	3.2757449485251775	4.215473118554332	6.019515347830659	
0.11604399271602771	0.8204664487439882	1.355602986398502	3.8698975698275553	5.073390911237476	6.308651999343478	
0.10719042805465871	1.0584705498842406	1.4398292199432812	3.1542778655606787	4.3037493146583525	5.717430705464381	
0.11521668194073068	1.0297897515496583	1.4611882347713314	3.6583508585833244	3.8105239269684894	5.121717129277087	
0.10832142231707352	0.7152023307274654	1.261666824111517	3.5379277657876855	5.244318352288052	5.868996014696573	
0.10356073598476914	1.0790469511983343	1.5448575611967148	3.3045799682269883	4.255581158701238	4.9914818753407255	
0.10874579084946162	0.9260562893982534	1.4617696462420953	3.3184334607660255	3.9280133856215245	5.246913699222213	
0.09340677719885476	1.0438759164708156	1.3073054793243806	3.462317655389356	3.7261324720489344	5.524994037331824	
0.10660086289737708	0.8678263962734238	1.5549584464042874	3.462940797085695	4.041847463930927	5.842653986366101	
0.09233378494688581	0.9652054966963287	1.369663088138232	3.656941361109533	4.638327757978338	6.011186460050297	
0.1016768266910483	0.9298108370708053	1.282914385618275	3.594134197788698	4.505514455092956	6.385733575535104	
0.08829708857837677	0.9702620117287083	1.1910659581437302	3.1189060345961996	4.811809745710075	6.8334242427579985	
0.06996053086169776	1.0451142041189496	1.4994801779463764	3.2819601438548514	4.030755867740004	5.83731610188938	
0.0969599434632888	0.8507413984135868	1.4275273627002767	2.8143885577535603	4.447286209386643	6.573819148154872	
0.09685075378030683	0.9388600264593698	1.5395574527221205	3.3815892300325343	4.222380078332565	6.514423958939862	
0.10386665087827651	1.1749078431794906	1.4347795915236738	3.1806042717366867	4.479060178724222	6.33367264280794	
0.10126537531722193	0.8966370529291936	1.3777131658018367	3.618342414942169	4.367809354795741	6.184340312946536	
0.12621003910482465	0.9016769685787788	1.4830673934178544	3.0593438695261796	4.90375382003191	5.2098935454115365	
0.08301739860001571	0.9455055235130861	1.3403110724498475	2.969130006509227	4.642839411883286	5.0810800346248755	
0.12066027725409866	0.9210081617791755	1.3850111353519257	3.0485075136327797	4.762210420922175	4.989094719816498	
0.10124220263369055	1.0166760050567922	1.5884397324537656	3.7225572626924484	4.619282989114852	5.80220021551379	
0.10279737990627046	0.9548606910122129	1.5800582873878686	4.022494356865002	5.2934445815523254	5.524192792501032	
0.09335428583056203	1.124226326033167	1.3143355596553834	3.3571211659814035	5.468437275753322	6.4198002889160835	
0.0916044770531411	0.9841140353430162	1.3655161561369489	2.492778902900029	4.5607940453102245	6.888031093293076	
0.122339633889914	0.8933220987209466	1.5440464186201175	3.06136618427168	4.373928982573537	5.746152808366611	
0.10038447949547423	0.8201181566049142	1.4029126951452193	3.4580103980009205	4.3855112369867575	5.7576903866317	
0.10378881893477328	0.9431094627154522	1.4745753107517392	2.8287026451651234	4.647988903774859	6.119967716086263	
0.10012091619839557	0.9328448702536795	1.3917654618976825	2.9275357038716034	3.947856866297682	6.09762149785738	
0.09583593263033516	0.8898486398287994	1.515678278699747	3.0358716502117034	4.515003333898852	5.4463502338462115	
0.09270730073932987	0.9300711232480599	1.4937810339952953	3.1101021858411046	4.350621861327378	6.31807352736422	
0.09840872100030555	0.8718660889893107	1.2407397991770586	2.9794895981904936	4.795923135541949	5.520729830360628	
0.08492403177702448	0.9354496468655373	1.5158987967853643	2.586771279474558	3.9197961142790336	6.470739968927678	
0.09787979424857562	0.8710874558647546	1.5104796953784219	3.5341551894932643	4.295262236360735	5.7422115937476	
0.10271357736205099	0.9057037085500148	1.0603296257874149	3.339042351905134	3.9976374182144987	5.1694300283305665	
0.08796072361837222	1.0245328384848813	1.5942434599620352	3.206864914596729	4.267437972750269	5.842788412147394	
0.12356937840148714	1.0035443559551642	1.5076751063961802	3.622698872847342	4.578303003839701	6.00488267782778	
0.10366279210843031	1.1118884508707814	1.4883052191675283	3.8164454569290136	4.9884837539930205	5.983447316825671	
0.11798773067141809	0.9765273263218217	1.5716394785579937	3.4693448848869544	5.020351797799815	6.186273154526724	
0.08545461617382738	0.9186103371496845	1.3943912174266224	2.8544238890384994	4.7247262106505055	6.299449468729794	
0.09538502170293102	0.7544536892207377	1.5013147485863796	2.5385499642414455	5.1686633704337765	6.382266870033526	
0.10253440701766532	0.8595262539274475	1.6431001958292057	2.980310995856979	4.843706924687463	6.549678770394433	
0.10693848747283617	1.0160718363932033	1.1314297074706632	3.8168837213051146	5.402833282932211	6.313786426598464	
0.08807291525457489	0.8348524006225746	1.392597606658127	4.021840676951498	4.2927715166958	5.898785185950045	
0.09629927935273727	0.852144116653005	1.564327940807803	3.591587275456662	4.441050421983091	6.875393230694183	
0.08858445096014082	1.0615708341062169	1.3811322411936768	3.130211373510641	3.56589020504966	6.008056805455264	
0.12220542655846203	0.9518559638624022	1.3344235469593133	3.399949637213192	4.1990448353691825	5.966369169522375	
0.0959424473271255	0.8845695846342787	1.3174407345816836	3.4895632702412844	4.262376712121144	5.997729601247927	
0.08742325100110415	0.9164914407261509	1.329898972570869	3.2747182335548475	5.132709598216546	5.651904072699812	
0.08482263677576228	1.0127221046977681	1.4475439750333783	3.092028735311931	4.267125339592832	6.012021009870313	
0.09054372467580668	0.9817235295282174	1.2953848824184013	3.2771545855999915	4.752617391579489	5.468139601178157	
0.1064283975107982	0.9605070371042811	1.4716368044265893	3.3433881518741773	3.6256227248289403	6.43590059344359	
0.09633845816084885	0.9551510332861476	1.5206455579211324	3.1377640055628624	4.387595027587356	5.842969259960391	
0.10736204963497285	1.030245694869278	1.502773944016499	3.7763180062978803	5.399111956011474	6.395741544740876	
0.12288309308833348	0.9287606623995222	1.560881673368077	3.39670288601211	5.815003589619639	5.286889611896877	
