3	40
0	1	1	1	0	0	0	0	0	0	
0.13119096981117317	0.3973640171257872	0.6450686133492846	
0.15497367008708499	0.33329282267817467	0.5820513038932534	
0.13150016657812602	0.37701497356158803	0.5213923330098523	
0.1497915511149084	0.3767940878899206	0.6935955054042912	
0.1569536994131307	0.3812874343984695	0.5589023904683929	
0.14617896721865478	0.333884110704744	0.6426913209285812	
0.1558116596578473	0.25254633721887265	0.644778210262859	
0.1503436356182614	0.4484222363239464	0.5232589693546208	
0.18360101283246472	0.40657092381741855	0.6277666243858703	
0.14120526652409562	0.26521419960038395	0.6070204884924407	
0.16174999487083733	0.39838645867185585	0.5984530186454161	
0.15263831945542827	0.3564413750321535	0.5972253379364308	
0.14355428442690568	0.35374353618227156	0.48861404590849356	
0.15031792219414616	0.4152614373714696	0.49408386016593653	
0.16302281395424975	0.3948538910249373	0.6418890241155342	
0.1345913010376683	0.37247550234850524	0.6044021669509306	
0.16327405414615234	0.3449737835996928	0.6085932676419226	
0.1538097259492702	0.433954124796618	0.5562968873024023	
0.14195632432827976	0.41774741134473364	0.6186617815023728	
0.1670388579036246	0.3830091357777104	0.613623479265757	
0.13005247629579827	0.30839339837107027	0.5623955365428589	
0.14844660550791353	0.37464428215846096	0.5823430132502282	
0.162436410155997	0.39105821352965536	0.6198974786720609	
0.14677651837075104	0.30696475308476184	0.6563646013711198	
0.1483422043349769	0.3379649393950724	0.7220546121259749	
0.1684526793598792	0.38266090630184146	0.5552148602473405	
0.12437439381017233	0.387354546453635	0.5369075729600237	
0.14904927763564646	0.3872644594434267	0.6401430898535506	
0.16210061674471576	0.3517786609834441	0.671075133597138	
0.15060443355776462	0.35007674312735176	0.6502497020586779	
0.17493233253619797	0.3971893085035915	0.6063082857834428	
0.1636059742892308	0.3230712890905568	0.5148845904264236	
0.16202434096020737	0.42049890868522716	0.5476630271410721	
0.13385092008947158	0.35171174772381714	0.6527657567229881	
0.14275260954648003	0.3552639226281285	0.5521998729015621	
0.15441376755449443	0.33570077480411575	0.6015261798345409	
0.11463949060143176	0.36055225961986215	0.5828555821995027	
0.17986720815860366	0.3055324689528019	0.6485204596873119	
0.15205103910599574	0.41964412744519297	0.6931910769138082	
0.15076937927854037	0.34730780340773343	0.7252903112339313	
