8	25
0	0	1	1	1	1	1	1	1	1	
0.3528558040892276	0.6428260203229917	0.9625471537441002	1.1958079691888874	1.7176138923851947	3.0202754107718754	4.9785526728792435	5.88406068839754	
0.35357247013144993	0.4919420675716483	0.9404876685909145	1.4913686780489501	2.577158833627591	2.966019198144167	4.260423276443102	5.1392046081080895	
0.34085187385472754	0.653679274671017	0.8893375989148004	1.7651550088630932	1.9037031203830628	3.6755661059833953	5.433459270688026	6.074124306329675	
0.4050266985249115	0.632983610694008	0.9437869335631157	1.2636979015268386	2.3242864165162267	3.2799030207745345	5.061133056152497	7.003379917219451	
0.3340950042629053	0.6252428192566902	1.113692845680654	1.3201475107543013	2.20351284554604	3.356741852264775	4.935668588318454	6.160071551443906	
0.3905443196151223	0.533572937384715	1.0226360602660547	1.3287938672936745	2.391684686857232	3.6647159266048197	3.954358035300323	5.9294635474368995	
0.4137502158642605	0.5112580306600645	0.9609458834336978	1.2551250945247208	2.3829615585505275	3.6647166007657637	4.4626206318999415	5.918367580389781	
0.3087551362100667	0.6687658773484982	0.9774889753839361	1.5077762980089995	2.132314076099238	3.3170150601568262	4.357728184272683	5.206450535521388	
0.4503571221753102	0.5470377170787412	0.7943411809837807	1.5744545656192181	2.10538775570981	3.0290799625024443	4.052624811902062	6.553830079404914	
0.26588293878406843	0.6398428900753024	0.9111695285459759	1.56484178452491	2.38464692009828	3.7512759120016024	5.421873834122884	4.96343011520072	
0.30584060317394185	0.6078058437136609	0.9904210998439604	1.3843850640339135	1.5831298515338654	3.1835430637177717	4.755822635324329	5.347700567304979	
0.36936207654103637	0.5559955488599405	0.7803472787246842	1.2721093071996834	2.1893394579990693	3.4904047714980555	4.456392311791731	5.542429942469068	
0.3805074848321621	0.6333884557666906	0.8778884448039094	1.5483696697510938	2.0509221124298422	3.4233069631589	3.691161770252042	7.069449728656873	
0.41794187884589795	0.56393457450713	0.9883525869020691	1.5273736354036407	1.8182370421250582	3.401242479925266	3.9082714297977663	6.133951356475721	
0.33058202294085925	0.4788952639295495	0.8515502366676546	1.3383885501792767	2.3264780747501876	2.8158122332455235	4.405007630882573	5.755153304253982	
0.43336701140658856	0.5326957265911161	0.962013139339879	1.5865862184478166	2.07477647342504	3.3889283105994967	4.233468074199025	6.1208412662689735	
0.42982223344480786	0.6852029643151647	0.9634932221981516	1.3287835516316309	2.0310605551977554	3.2295216728396596	5.267717444024969	5.808083986641165	
0.3937851143263384	0.7199680778215444	0.8613816280896978	1.5481627030323994	2.042346461258142	2.9362786333765096	4.440641112264813	6.316160154604362	
0.32532858774907464	0.6688218558277281	1.0292088782580766	1.5000177533675318	2.0163216946043754	3.4943240277434366	4.953252425813543	5.716679671661887	
0.3658365064654803	0.5750005410525706	0.8790615921767647	1.4972036590978361	2.3614851662159793	3.5025376699264936	4.703970676004144	5.577455663121986	
0.3788382973367971	0.6744387745581013	1.0710530782923766	1.2877753881210325	2.1744018498272593	3.963289632269729	4.321224989466408	6.26732330109916	
0.4461225621452783	0.6458706154766749	1.0016521911850138	1.3666521841709165	2.0827322737668434	2.7925150359874107	5.023322688930035	5.977248876198229	
0.3684904713480032	0.6407127616229179	0.9509322768047617	1.270412449875598	2.1046988187971736	3.73875996296609	4.3221614634431464	5.799766232211953	
0.31425056305150106	0.6071064916294274	0.94733369567735	1.6001226095150163	2.252985994067433	3.2175392558128957	4.95844893134828	6.155280605100183	
0.3856050764046068	0.6948494905629955	0.9478699183388581	1.426976063481671	2.229646908730413	3.055466397834184	5.368485415020444	5.530218803506905	
