5	76
0	1	1	1	0	1	0	0	0	1	
0.11666700846743563	0.3580421917955289	0.6373314707964652	1.451066223189319	5.656183195193138	
0.16815428544300978	0.36936954776074676	0.6470501997245068	1.433433380116708	6.403580041605437	
0.1615364552879871	0.4309246288203216	0.5531519175453153	1.511633445709298	5.2612656666507815	
0.15839327522541471	0.3159014502438478	0.7156084362708358	1.4776564398858467	6.135359479040372	
0.1253276406195173	0.41845202317970803	0.6747576842869906	1.3973139001866148	5.738502604266063	
0.14436101118984748	0.44563271407719035	0.5941229731171079	1.4536341516955746	6.570111280251361	
0.11341959590776363	0.37689090346216825	0.583079328884604	1.4516942672652398	6.484198538597866	
0.16461510665938064	0.37104949972827767	0.5913001111489125	1.4335003513164233	6.45456886909165	
0.16721924797472204	0.3266050730645511	0.6225200537232847	1.4014250585351158	7.22932748233976	
0.13346890823140953	0.3359239044684487	0.5643818937571075	1.514832060880472	6.36231893697875	
0.14178580747458158	0.41863257978890733	0.5738943627109321	1.551793207936091	5.164180994398993	
0.1355331745895816	0.3642332765569729	0.5963549098832823	1.3100722681280463	5.487291049637587	
0.15676845564191325	0.4110860809941563	0.5533854337841361	1.2381084363503148	6.058220095752564	
0.15696399511509976	0.34011133219666345	0.7004615810727542	1.3044675616138426	5.841175919878667	
0.1462669031090542	0.3490986656075081	0.7088875206686921	1.2964716987661768	7.041974271003717	
0.14548856372607114	0.3686375082780559	0.5610763110682605	1.5274686446909493	7.1899157209365985	
0.14153487945099943	0.3685271942585188	0.687758822684638	1.2701730148492214	5.53117826758903	
0.17054234006122393	0.39602560231583644	0.5481021117708241	1.5189166580934168	5.075497682604203	
0.16627753402324205	0.3052376337058145	0.5386881698647318	1.483579789363746	5.242697897696719	
0.15015878568821953	0.4015190528972068	0.5556775770042796	1.412981419370826	6.503003343313363	
0.15672662540128734	0.4376863924367454	0.5496266435254819	1.287564062325172	6.789681931883918	
0.15569812165533303	0.37041986770043006	0.5649527895967773	1.5464170151532999	5.76819518720562	
0.1616869409485886	0.4281340027841909	0.6062331694372053	1.2358747272646502	6.341100853258498	
0.16660969886663132	0.4255995292312144	0.6098887692230898	1.1846184016887393	5.727456392889287	
0.14254954678509585	0.41243525359731936	0.6247409899490897	1.5585798712321843	5.591715003230419	
0.15319225891274438	0.2928245644223713	0.5754465010177009	1.2178474969386501	7.04338161433185	
0.15700865981554166	0.39619280654030203	0.526501086225386	1.4115481862226005	6.396197222386632	
0.13692776924135622	0.3626363582885853	0.666375203489035	1.2766820965290386	5.740944760161123	
0.137733371651937	0.39288180374203135	0.6465120330713787	1.6596851686977638	6.237419732594184	
0.16871150031650697	0.3939430792175171	0.5179924226352941	1.435692074216635	6.033074707922147	
0.16598866078073649	0.37641904092097617	0.5777196862653414	1.3082266096567832	5.843250236704059	
0.14866168857819279	0.40265958348736175	0.5510737816912186	1.7646701613660658	5.457442455393782	
0.13081555284612306	0.399379772835346	0.5232970830093719	1.4336585954337742	5.584442383527029	
0.15978584796245568	0.3858891892381615	0.6685376543690681	1.4905961404858379	6.028595722031299	
0.15306876563569807	0.3431873513905758	0.5580368598057224	1.4613503405790933	6.356781551831737	
0.14511960600202115	0.37191762977415704	0.5763543287802871	1.4838218919979012	6.0023114072214785	
0.15928535274165787	0.3565308089983731	0.596739153121274	1.6460570464778805	7.221992637831121	
0.1464657621404674	0.4299983093380674	0.6760689715320832	1.5472325299580785	4.934201742931348	
0.1287009356392987	0.3607535247334962	0.5700348663525706	1.2994162382755494	6.33364550940491	
0.15917708770566988	0.4480732695260358	0.563594473248812	1.3369132530044794	6.112148213990661	
0.1306802207123725	0.45104876928127563	0.5785408713163316	1.418643478424145	6.081645247446471	
0.147782013805392	0.36952789352214277	0.7413049788770392	1.4423563228559546	6.289339974252296	
0.1425909818023462	0.4033918347626291	0.6018778019817949	1.4656379241946287	6.286517242372444	
0.16323877574429027	0.4065865634951338	0.5986119803749441	1.430831725615124	5.332543120927144	
0.1473762207939699	0.3841013241399741	0.6550039494633291	1.0913768396052437	6.185539634184542	
0.13840541533204745	0.4095056899690353	0.6797443563198502	1.423103382345112	6.860821404460323	
0.16302000803652192	0.38528320700353785	0.5038126674974204	1.4850402546272101	5.502876221148192	
0.1071100608128198	0.3382002790359715	0.6809069042051871	1.4484857259427215	6.736444283469192	
0.17362309321559166	0.39052849889956853	0.5653627481555407	1.2791464271235955	5.962102837648202	
0.13661628342194082	0.336938336281	0.5612499212810751	1.3916991113070654	5.855715961962236	
0.1486581174750599	0.3961688484538229	0.5891423057439407	1.5378096677499202	6.4282264710058925	
0.1649904848947904	0.3755399909421543	0.5256112495748815	1.3956062264196665	5.419065193770178	
0.16195470969755968	0.32384252452385465	0.6204446966888314	1.458826820699763	6.439890951250431	
0.15408987788706527	0.3782140759186666	0.534414329772262	1.6739665201525311	5.969096250056822	
0.1447228813446937	0.3843770725747758	0.667733623937973	1.39403768360065	6.69049178290561	
0.15308249932684034	0.4079134309781871	0.6154416681789535	1.52630562660917	6.526327581983108	
0.15649087143512183	0.4406202689447023	0.5930348108418569	1.5993109595951986	5.62707680528667	
0.1560891970173894	0.348525219942993	0.5512457769318779	1.6179765468112222	7.25291264123007	
0.14757970393477465	0.34175834906533037	0.5993380885510835	1.3197789155172042	6.778679030773176	
0.15904342086427095	0.40212620980877845	0.593147373375506	1.3272590945538567	6.633685230090068	
0.14835207374001516	0.3406251121713342	0.6931005230306463	1.7833581823419793	6.094376512404507	
0.15534479835686682	0.44886262633056545	0.5821492917387492	1.5908836802885515	5.656746244759207	
0.1572130245628141	0.3433323388558117	0.5846550771957421	1.1929006503002653	6.294891991056673	
0.15599701601001092	0.3412190869242649	0.7317269784707257	1.4409270885935541	5.9156897333208995	
0.13533382913133546	0.40968247331265767	0.5461685034918502	1.5393713454497844	5.474531187385473	
0.15652001551872724	0.37263019610326753	0.6470584965995233	1.243961836518408	6.274011145089251	
0.13528729311373605	0.35542355101319023	0.6347913354062137	1.4366599168150551	6.224026971336806	
0.1612778563736941	0.3862994230472989	0.5917566835793853	1.2868889305192728	7.317685886001625	
0.15821063030802798	0.3800233562922919	0.5807863878087497	1.4596590481370564	5.996966770807111	
0.15793036527286577	0.35819813560651553	0.700784354521177	1.5286505375663644	4.915737079106728	
0.15431866274857145	0.41060745419932126	0.5208130503947533	1.5875075815914714	6.37815863402549	
0.1303705414862799	0.3734346686141799	0.5314404240127806	1.549661353535472	5.389354822710326	
0.13598269733240947	0.38312318632905146	0.7242418915083079	1.6046121181262603	5.406463238749019	
0.13163010529508865	0.3575256992116944	0.515879561155461	1.5425411854740045	6.39519436437396	
0.1637061582851651	0.3818601123421952	0.6072098121178254	1.277594624141201	6.1649804532836985	
0.16896279513583565	0.36364854082628023	0.6243983151223647	1.4396969673151416	5.680006308674383	
