6	61
0	1	1	0	1	0	1	0	1	1	
0.12763890930426697	0.3460349756378987	0.8273256160870682	1.829596782490705	4.565886431329171	6.696901829089185	
0.14722684865632102	0.3227815835785617	1.0081148421960087	2.512425877117519	4.209190954134033	5.7128674399693695	
0.1577349094512509	0.441631202415832	0.881655424447554	1.8635232970853859	4.784138372822583	6.47944084388538	
0.15009197175652841	0.3587909361330169	1.0224772219822604	2.2635277409778123	4.154204017393428	6.029456838783403	
0.1297243870196303	0.406063837344641	0.9056122780473944	2.0563221710372814	4.485206481681405	6.024184619598149	
0.16342395092348339	0.40246144019035845	0.9154539370722694	2.314188652189584	4.680331764161226	5.744040218228378	
0.14812922762645273	0.3743675302239614	0.9769893049152008	2.071090137834847	4.324315866110265	7.181254385660376	
0.16409603222620656	0.3510971747518447	0.9830975124366244	2.175445264115863	4.676198028867042	6.082404794739063	
0.16784463968227853	0.3931335730967549	0.9242257510660713	2.3740709740513486	4.604978268489543	6.072887147597434	
0.15471033903729173	0.3764428571120781	0.9308581103485786	2.0238606634161975	4.161974751169255	5.400857768110535	
0.12912025069804386	0.3465707402673869	0.9137931657945759	2.172170280225812	4.377916546583561	4.586577905923585	
0.17361879536643512	0.4212862446698345	0.971455666163193	2.560110494598953	4.06018614713233	7.1325750723756025	
0.13552178884874178	0.3890720411610716	0.811533128762519	2.153159230542039	4.673774924099274	5.907185801319267	
0.16070816166135207	0.3837625490805158	0.8814154302608916	2.028135136672497	4.864911197677063	5.607754782115819	
0.16373104455727405	0.42646304812761343	0.77480961080181	2.3935791732697225	5.427190214300115	6.151202256721158	
0.15898626277942232	0.419406202326028	0.904380144688351	2.1891902480606418	3.908610211669601	6.083181017118271	
0.15747167993466812	0.39961419487120586	1.0290844992945751	1.983417531700861	4.260326959496926	7.137304407594812	
0.14774507439354434	0.38760128391786847	0.9237680661195545	1.97333862234442	5.230588144901313	5.683379152847636	
0.13309071714439605	0.36287186946249544	0.7438413418395254	2.009973195028616	4.064342130966453	6.370457178556395	
0.1398987864066019	0.41373654955199624	1.060059011355447	2.3179526973018336	4.403075270012965	6.084668698023355	
0.1271252258978391	0.3749163838441929	0.8499792224697845	2.299280171947099	5.657738575160014	6.299892981584286	
0.12013289776568	0.36627325266925387	0.9413916560598243	2.1687818464309565	4.171134093476061	6.147175045582161	
0.13136248744620918	0.34409346853796746	0.9900591806691452	1.9316324053608374	4.7421952224715165	5.1783217352063655	
0.17647238825687603	0.3505777429486459	0.9091990088222798	2.2210818511344375	4.245592521374507	6.086043576642782	
0.1586303508678019	0.4165033028351324	1.003609261545485	2.113060750282425	4.434015701680379	7.40946513481502	
0.16424833602373937	0.3449707010598319	0.9392988992301964	2.0779442251626885	4.439099594734601	5.262302905375147	
0.14382115148421068	0.4488391193813687	0.9838540959814218	1.614400297247436	5.047525571624076	6.653777713745496	
0.14461072043540374	0.4072560146637622	0.8500758733940004	2.048895021002733	5.1743458623014345	5.836961976078175	
0.12195402507067513	0.3775944775343092	0.9226912794589648	2.4076492424152938	4.506451389979092	5.7470506131358245	
0.1656758421784681	0.38459002883504223	0.8602478906143883	2.3983244755164477	4.58714779403256	6.0017555800076625	
0.1526686258711748	0.33931460188616935	0.8809281988154147	2.1507702593940485	4.412401337238895	6.763457029689957	
0.15326108779090505	0.41248634906018333	0.9308737679755541	2.3771020240054166	4.67888749045792	6.008052291233076	
0.1498007536656147	0.34373133220094343	0.977143161972677	2.1413559820746784	4.274103617918458	6.663877062487242	
0.13124675961157797	0.3639451559735675	1.0255778436364966	2.2178374322978547	4.4784634825562595	6.150602125890087	
0.15269121256573262	0.32236682324113497	0.8975186446626396	2.497552155720456	4.203304139350275	5.809019391537399	
0.14187568855036217	0.3766934215139108	0.8757695766868403	2.2546494229639826	4.588791035530621	6.4641285690642105	
0.1342358825071656	0.36706706165044967	0.9090077952600715	2.2479640856690475	4.143050461256834	6.549392282555007	
0.16779623385776413	0.3424228507898478	0.8843488207748984	2.0356347257172	5.6845737921048745	5.742059936875268	
0.17516438163234202	0.3318679841859488	0.8379624601467142	2.002380025652637	4.119439809849065	5.839260759504901	
0.13936832695917753	0.3488650194760862	1.0377378956720196	2.4131156288403304	4.927183424268892	6.3143993733505965	
0.1513911459866933	0.3611128337546955	0.8413563520577765	2.2280440762380276	3.971866323353941	5.403647442494764	
0.16729369884307216	0.4522246635854393	0.9665764478494827	2.3878882877433485	4.389368257150208	5.197395488347389	
0.15918257427927876	0.4016329942842624	0.9366651755108628	2.097889276507401	4.932994760361494	5.408560179943516	
0.13839329131664013	0.34169195274310377	0.937902485525132	1.9161030023965095	4.19209101876814	5.576546662663681	
0.14609087501499063	0.3234797710366489	0.9381100642594659	2.4181702848929056	4.560971117542543	6.924792686880793	
0.17000997278815388	0.40955393179541844	0.9369457833652304	2.1548375834727693	4.843709897563468	5.764997634297581	
0.12176218872798804	0.39869615405591247	0.8248106174160477	1.9431396359390671	4.500100776598105	5.942925073467919	
0.12881886590526553	0.3862886794370593	1.0198509884600777	1.9074065623928567	5.072617498881941	5.063897504922034	
0.1817598621655643	0.36437210364162764	0.9435423807049009	1.743212781915581	4.472038770088811	6.137089306630916	
0.14870756843850758	0.3586029190720098	0.8419694997769133	2.393063223200522	4.5138632107490775	6.924451425910063	
0.14210276467807614	0.3634778016518558	1.0058502647474432	1.8010603831692338	3.9539414879311847	6.658490982811898	
0.1324209910616521	0.3108760614185032	1.1037730284907974	1.8503292057070457	4.582853729247676	6.041451115634564	
0.10784057525072872	0.36984195311962326	0.9717024322015572	2.226176517026555	4.906584307711576	5.76750521105674	
0.16068756663138242	0.35380549541295725	0.798826530273612	1.8709883992285348	3.8420502951620636	6.605751580734716	
0.12728139736412164	0.39041347594467346	0.9052690499512638	2.127930556708114	5.113623282839865	5.736943579670836	
0.15917402342324524	0.38142740735248226	0.9158622417761592	2.6444933617430917	3.8513962144280836	6.773479101262467	
0.1598460984823496	0.36177805020399223	1.0815266221220698	1.7526563258364645	4.265205004215417	5.2749106774385535	
0.1561812519730719	0.3377035641548872	0.9702749470469427	2.109916170598366	4.2842907258047624	6.233188347619986	
0.14597067564092903	0.33863187596375655	1.1905276880360531	2.045259055648734	3.5020759139315936	5.494740786167167	
0.13099084967440905	0.41139353340953966	0.9599136973420176	2.2357232523849238	4.33348989037324	5.832389851765846	
0.144436033445885	0.37691465900285215	1.0076860094889297	2.2222562136886492	4.72505077332939	6.2997353449495215	
