10	98
1	1	1	1	1	1	1	1	1	1	
0.08948251659263418	0.14268490617766288	0.3682572531068287	0.6247905141019024	1.056918379573426	1.2731835247453196	2.0741432350941786	3.271595617317295	4.6066261524567516	6.429679266642289	
0.09583330028655766	0.14786226067709077	0.37209997853757587	0.6390768947092695	0.903293578399406	1.3568832619989182	1.818769392961799	3.680897265875311	4.75475974658734	6.754939192028406	
0.11127783825534054	0.15825389670523568	0.438205699713075	0.6772851608910284	0.9328411917399461	1.4027516533564848	2.5434439707560537	3.15163879192148	4.6464569367581054	5.5021223631267375	
0.09109419516945194	0.14747411704021846	0.366152053356229	0.6382989290212174	0.7823450189317486	1.5870156981586698	2.6241752998861045	3.116601477844534	4.552118607674075	6.1493604970433555	
0.10110272530191011	0.12904715534563554	0.41156921921570055	0.6635207194146837	0.8594564752076247	1.3900359102922144	1.9666794773005563	3.075788671314345	4.250936218142868	5.420607784710422	
0.08436488365733275	0.14111206831606038	0.36098456964369413	0.6215504639031466	0.8520769782875102	1.4055757060592098	2.1317301018940698	2.714754845684546	4.698181389002215	6.526149862330919	
0.08324335780601405	0.1401810494245454	0.39258371637827805	0.6115388008898949	0.7686033679197647	1.4755489639794868	2.470717683060607	3.3513286253488825	4.1860421224902655	5.872993716091583	
0.09521226507434793	0.17987568827099285	0.3956099474638045	0.5540700287978636	0.877080057481047	1.3470381001613876	2.4778042354274405	3.3856833229712238	3.9096658672115345	6.96094565399779	
0.08585761176794089	0.12979537833648166	0.3303863504410207	0.5371574068198309	1.0917013368775563	1.7058699525130214	1.9982661057906468	3.5925507567742017	4.624412159762358	5.5787535414572265	
0.10410237792892554	0.14247547389400422	0.4108968635483722	0.667678789046268	0.8424656215375843	1.4205791090917976	2.2188413059936973	3.4211819141270916	4.336011479830634	6.094611592157722	
0.11211805913512603	0.1364869533529899	0.3382579910178025	0.6227492758527281	0.929181985957825	1.388472275199456	1.9715299468969611	3.287458717654707	4.239014729664503	6.065956094059606	
0.12500443280223522	0.14858124919986995	0.37099625693519955	0.5649400606168369	0.665747514025952	1.6017651900989784	2.0133198954259894	3.681899651610349	4.727394768924728	7.3696940517083025	
0.10500039421503644	0.13096422961673865	0.2949728275207312	0.6072340323483674	0.8970775396394551	1.392697748593865	1.9797727408223382	3.8171410840036684	4.407068500626108	6.437260133511732	
0.10885378965150894	0.15084284881743307	0.38962397856283376	0.554426718374178	0.8935944608983325	1.4677202291185985	1.9850423281589755	3.582747606182297	4.290842468985465	6.323425421098461	
0.11323589630181073	0.13555005771761747	0.376766153899939	0.5156594504386806	0.9363778660797382	1.3535515706290282	2.1366688085370145	3.8944433829325686	4.249986210032141	6.6705236864870425	
0.09467433257774727	0.16933168471827656	0.3707391463191844	0.65142720452521	0.8585603721957111	1.4900645532356775	2.226494682441782	3.4277653831471504	4.769304993045021	5.577785709372533	
0.10330794172800202	0.1298391270108862	0.354178568771096	0.6488100693079235	0.9178360755578743	1.3240554416489185	2.193652733646544	3.5083355883770064	4.2952669429490955	5.699932048683431	
0.10383355542654985	0.15428495238963247	0.34487603659570987	0.48371678806720964	1.0194308685686626	1.4018569198978446	2.118798900196874	3.3664032574714655	4.241253886444252	6.0842343776365135	
0.10906998193980806	0.15283849120128548	0.38221562823948724	0.5476954125659056	0.9241300592189764	1.3323134363602274	1.8385044171240958	3.015910771562184	4.681553355411554	5.660199674206108	
0.10128508189040107	0.13632740926020187	0.37544696482860174	0.44003686406969506	0.9248857613441375	1.5990246747456538	2.052025189666237	2.676776460308575	4.556504761284884	6.05421432952679	
0.11363217872099239	0.1499308889946552	0.3970160935860604	0.5128195639525608	1.1708539653327312	1.3663955174072893	2.2138192593831194	3.3074657594251238	5.034741052787546	5.624258713124831	
0.11019927956639029	0.15928504159038132	0.4070925070331479	0.5466535949489169	0.9893124801984053	1.3862114575307283	1.9115986118935846	3.139846351793205	5.054323146516758	6.113512329804023	
0.11266934015009561	0.17724672108427345	0.3714799714534229	0.635489486930153	0.8846054047950224	1.3568086303792848	2.1479721447746116	3.2872990585134114	4.700870178263058	6.508339159475572	
0.09787384078330993	0.15614913492704785	0.31824936545134763	0.5654457978338321	1.0026538259917843	1.5312739917880742	1.8005897148702765	3.2702083352211258	4.453776508354837	6.111201830028775	
0.09922253079979901	0.1539897726712082	0.3751569481313731	0.5858337353123869	0.844550005467379	1.2463496742726567	2.3230465643790876	3.294516138354753	4.23847831842813	5.817965454895804	
0.09992064589256368	0.16063071138434895	0.4064360152188779	0.6409438776789135	0.8454903496341328	1.3821527118699835	2.2637068092423336	3.0067958422635543	3.205136464112876	4.951816200393805	
0.09137992807390238	0.15045470232676744	0.38799510610258325	0.5652420977933006	0.9594595138919059	1.5679308749543222	2.154976202571166	2.9233842000070296	4.938146996966213	5.808253366913579	
0.11502468505691572	0.15575439448709014	0.3697758828008298	0.5447814483295156	0.9843257739829576	1.6646598772007197	2.010350833326979	3.406930766773325	4.689125180444014	5.9857819647625155	
0.08881349509242858	0.16083618803952826	0.4216492519990097	0.6386464721470552	0.8057522575896002	1.4182620086991282	2.2322733302525064	3.068102427381669	4.597074194494227	6.77485250322103	
0.10339525625551592	0.17105052693890208	0.34353246718536207	0.6801875627943682	0.9208110379670149	1.4573052458277567	1.956620971825168	2.958055714620739	4.07792928828492	6.7041070962034786	
0.1063789463368305	0.1384206877675871	0.4582424370111057	0.6090649385700677	0.921827875912471	1.5085251365075985	2.010213884106392	3.1653652020928207	3.9789503305140848	5.354871697979155	
0.08995830141485492	0.1635762379915299	0.35949485329592573	0.5558469105717332	0.8632271993284478	1.6004728601910099	1.8635642663137018	2.5644258818606263	5.181250450381551	5.960163833739218	
0.09922056593219575	0.1696236958960418	0.3982787597999379	0.6217550264245586	0.9501435467656713	1.4508658532045782	2.1531359473398846	2.981452759243176	4.5332510948953	6.122167326254332	
0.10160556546106987	0.13262691321209938	0.37350857675404725	0.5555843918074543	0.880505929436466	1.4102190813354472	2.1066079675728293	3.3520894812637136	5.052337496416801	6.5682713839539115	
0.0995996623159782	0.14337515308929946	0.30105872877545864	0.5465170234422713	0.9779699546241645	1.5950035474689368	2.1884036633680446	2.9633467720436615	4.253246996313204	5.908961433980235	
0.10177204892518961	0.1538679421592841	0.39786878072722953	0.5505997284568076	0.8506057030298467	1.5193573238673568	2.445994829767344	3.1288200381546556	5.02143989702656	6.233398190185437	
0.11707015359160605	0.18435778988662263	0.39254624817067424	0.6137733938758599	0.9980228861736287	1.47661893340602	2.156535256557064	3.130302494784823	3.811812142867426	6.356930688926308	
0.09923812803163104	0.1326228107618239	0.44693941936976644	0.5216029084942433	0.8982607081593599	1.6090522512791645	2.115002527072234	3.1505384778968994	4.5637632672605415	5.888336859425035	
0.0848513728311689	0.1517417279648405	0.3973197635274608	0.5917931966089902	0.8809090312298435	1.431894572470643	2.345270996983263	3.316701127920184	4.122114594701644	6.681682614042851	
0.10797871373694448	0.1688061835865098	0.3410567026731731	0.613589229680117	0.7436816000330669	1.6416860897844003	1.961157569115268	3.121386171699419	4.739350820429307	5.533975230452023	
0.09268980423560415	0.1454592780198233	0.36627891426757475	0.6506813006578601	1.0009311639852176	1.6528192067747114	2.6289343289889207	3.3454983408342107	5.178803347614396	5.963797421891624	
0.08887585168350833	0.12943693028559092	0.32576822574030806	0.5663470891415565	0.9174681531557487	1.155408150448409	2.3859267090525806	3.059628734939721	3.9316718474643406	6.063500292606835	
0.11327337465196874	0.15640687070285794	0.31112557607112706	0.5302444058496547	0.9440093922676847	1.592911262307247	2.2910554717195524	2.536251785794669	4.968714660302527	6.34747972667736	
0.12156440346868463	0.14678283836751918	0.3529332610193059	0.6437241872653364	0.8889109818418747	1.2913507520713874	2.4744902878554744	3.573763817925981	3.924121623077444	5.737096227891541	
0.10729432050701698	0.14538788323935994	0.32942042860955134	0.6942468129703039	0.9811748126576842	1.608223668596604	2.1743701132148776	3.3411922175002196	4.271943523264332	5.6054198435144	
0.1125944538710007	0.15365249982915788	0.35497568237844274	0.6435278232164707	0.771989785122105	1.2964084209398457	2.188942555962945	3.8050280896015134	4.321351056331302	4.881271089885489	
0.10731808366838119	0.16644555043398807	0.3352688481906599	0.6733352595635275	1.092264031650839	1.2724111008489813	1.974454785987617	3.1705844466700785	4.106021883038947	6.166411608729103	
0.10480714242633685	0.17412264580013165	0.40989095734798153	0.4805155691890246	0.9504933065912824	1.088689464493691	2.137195011729257	3.0497782694579723	4.72295695131655	5.426789796806542	
0.09878204794438503	0.15680690391091887	0.3592624641145962	0.628337589013316	0.8434536658679338	1.1063883687237044	2.1600716214797	3.20912699338984	4.201450721414888	5.40649318496689	
0.10177755037548826	0.15726463913379424	0.4014789451029378	0.484497403829652	0.8915644230414975	1.2913205964132317	2.273733102918044	3.2223754500125965	4.444225573205453	6.602363447703307	
0.09034374043385371	0.15439965872435524	0.30615741418807774	0.5528889317206696	1.0409134059214322	1.2532631571091242	2.016216474737412	3.204956018713164	4.206466638048907	5.248051197281369	
0.08647094515678141	0.18161066895798297	0.39222297160779057	0.696544982173953	0.9249723505305764	1.464284031338569	2.3524013351183277	3.1561641021890505	3.6047973931494885	6.786333603133135	
0.10422019372876808	0.14058372412808862	0.4243484765600781	0.690346616300425	0.8946499763526935	1.7049891567095252	1.9309214433827608	3.109317708983343	3.8769343681410926	7.348772456277354	
0.1103649267740366	0.15718735666579228	0.3712294121150403	0.5942718419073939	0.9998802750096089	1.2445760003857669	2.095708776070564	3.193783182462974	4.371234735371652	5.858777128248821	
0.10961869407092131	0.15266631093525418	0.4084257806677454	0.6223168191811433	0.8775253407094543	1.2722585213349658	2.3046301657197352	3.291379033597937	4.4585162284791755	6.569782694713404	
0.08009237299416903	0.15534752179328767	0.36298627324550226	0.5189332809422252	0.8931211952666273	1.439372402575058	2.3328896975536675	2.982849287726252	3.9826087724163663	4.7749455441702136	
0.11343766211189935	0.15127187701666894	0.3600746080121529	0.5584020133692983	0.7013455220480036	1.1930099755988317	2.0277625947021	3.755285520748811	3.6794260273028736	6.183638720329656	
0.09059558182682632	0.13880447135736332	0.38612275770053905	0.5720566180583203	0.9685267181185419	1.379572929113199	1.8951490679676606	3.314397500852714	4.467782029239988	6.792461167925174	
0.09496934239691918	0.16930725263710988	0.40327507813902	0.49751523417193544	0.7971855161192463	1.3203125697939155	2.361819205137914	3.295625481764263	4.7527044577910775	6.529861930206205	
0.11103513956538545	0.18500122932496219	0.4124769751971506	0.5401086809536229	0.9396618079331286	1.4323005170058176	1.9741887841391748	3.094257071476392	4.0132962122083295	5.715136888164498	
0.08073548722836266	0.13374922679549797	0.3698269132281868	0.5934506107437443	0.8472767739908739	1.3614051805250964	2.7486266108443225	3.1637907838562573	5.397062272775091	6.17593195922484	
0.11013789433578197	0.15651803467911193	0.3679842392533387	0.579037863146001	1.0202164634832291	1.5111610308167933	2.013792527710343	3.214513858340225	4.199873650497793	7.30969078644247	
0.09317917541168393	0.13740727889096513	0.3297541665528122	0.6224999675249253	0.9211720104379673	1.4061391260438711	2.069765957242808	3.493889964930074	5.2094664375364514	6.93403769879652	
0.10146033655365404	0.17732359802304307	0.3545511649671672	0.7339882238043639	0.9745540195984855	1.6583831131892874	2.1453734615473397	3.577196723172661	3.55759860720407	6.899892195174288	
0.09313851126624272	0.16093336534931543	0.37177957056871913	0.6916230712831283	0.964868838875677	1.4169628322988683	2.0566437070151786	3.823752762221017	4.08929060437756	7.04498765163228	
0.1016266710236477	0.13266170582016681	0.31377312551907416	0.4977022329739173	0.8443230997915994	1.4184098027232621	1.9760949185346195	3.1788303532727893	4.980752065375052	5.738510842881596	
0.09194208505309033	0.1379690125737126	0.4120584474835572	0.6509993093054481	0.951244890604038	1.3376808236666955	1.8977049596138125	2.9334664215053934	4.463804547752194	6.46518211601337	
0.08419316620674361	0.149842674494622	0.36824445403630995	0.52321752694998	1.0240601277694308	1.3740985172534133	2.290033567427974	2.835993765368773	4.6101809219891035	5.76236362806187	
0.08911112193730583	0.15384749413785845	0.3589331375387728	0.5932589793642568	0.9845998485166072	1.3753117066445448	2.3257114056958628	2.997693342480069	3.966191358463534	5.6041772677170965	
0.09270738884542926	0.16178367322781287	0.39550801206385167	0.6801749148915676	0.7680677948070171	1.4988330724494463	2.0127230019907296	2.9350044340464247	4.405944604189666	5.988968351389994	
0.1096445231431767	0.13924312826780819	0.3638030880389266	0.6319105623344881	0.8590012305366442	1.47569760480324	2.3314400894410148	2.823441372907048	4.146541357402467	4.850948393507826	
0.09876175859101308	0.14548517462745203	0.3798959946468036	0.6132916531298261	1.019149945933466	0.9804917008583833	1.8064202002144774	3.3387417501856285	5.197709710732875	6.701565685960979	
0.10555199896805892	0.15250598358155973	0.42323237057376806	0.703668576965403	1.0032968627106873	1.56163992976553	2.1363924454428265	3.507853203985351	4.536730798745387	5.685766339478207	
0.11163110783526327	0.168682686700692	0.41576280867133364	0.7107348723795157	0.9031503485430893	1.3153695925538058	1.9382765083732734	3.1641277031720776	5.494902455215587	5.619043832208949	
0.09829110370183268	0.1686928387149615	0.39985073321740733	0.7618816197906032	0.9553944281034937	1.7443991613915901	2.2586426123860894	2.6606348279097083	4.0255492888997795	5.270105258523251	
0.09806822722862549	0.15767118557077683	0.40323663360689116	0.6377161181516297	0.9667692877019057	1.4585552437524247	2.2064475871566884	3.0562947186347538	4.511651128808776	6.011288916682261	
0.11530067796758572	0.15035406757173606	0.39189282332777287	0.7524368092433505	0.9973581935945394	1.3998770566101888	2.1049389490896577	3.9555588321567434	4.682056757690221	5.956195403592074	
0.0946273466707041	0.13378969670699764	0.37704971786749053	0.6088149602949141	0.8493523116468265	1.4419228161893842	2.085537182292397	2.979783514350407	4.366290116964194	6.084111577769864	
0.11107897245137506	0.1663797354945958	0.4048126181754691	0.5031256696674005	0.9615768773252509	1.5623235300455465	2.035223603034638	3.7441121014075507	4.712808842131508	6.141443416924172	
0.09170184724281896	0.12761379442882453	0.37320722490933195	0.5159905132182782	1.0194443164925049	1.396385675789543	1.851176625395396	2.822134206166788	5.389863645215558	5.261758019746871	
0.0944259129385314	0.14725402979445168	0.4133864329843862	0.6101293764274327	0.9235119603073159	1.5838602881714579	2.1455326330511526	3.9495435803456655	4.365502257474563	4.459112640238022	
0.07944570683935914	0.14233918041265048	0.304636530173339	0.6301051522653255	0.989529660664929	1.5382972282111647	1.948678895195998	2.9913187573175626	4.68004023218239	5.336625537228635	
0.10527862086716966	0.15917324732769683	0.3937476573413432	0.5691734890847909	0.8363418265984547	1.5080096051576715	2.293903121024323	2.740692458956725	5.178980949883083	5.072466484167101	
0.08067978339705001	0.1506310708442546	0.4106037395500671	0.4627268732176493	0.947066192218628	1.5435446969144915	2.5914327502186336	3.4091528948732637	4.577116614755171	6.765705766800123	
0.11515731045349636	0.1696604643999844	0.3688920149384128	0.5088774747400862	0.7996463539673733	1.2551804232849508	2.42376614183645	2.9484811431196394	3.328850553069199	4.927397028158583	
0.09358603921798604	0.15889393032472648	0.4019064953514482	0.6832120113324253	0.9374335090211534	1.1020080716867275	2.2675273914627034	3.3386856332990402	5.146912255485013	6.01429217153943	
0.08870035235570131	0.12255872019093283	0.3649837391775353	0.5728524531081	0.857855427424419	1.5817369393263616	2.214680980292945	3.4947318549917106	5.1548504553439844	6.1526170112259315	
0.08114098619361278	0.13918716045014723	0.3622355122843838	0.7062360925604488	0.9029022305506267	1.776032480052772	1.972902676110893	2.669218848193511	4.774958535247416	6.11173054228637	
0.10332265955115122	0.15087262664916384	0.44834365249132563	0.5822366272044979	0.8079580789385427	1.3380170401687181	2.0271913657360785	3.157583406229524	4.280188913846803	6.664487380446364	
0.10703453519606985	0.14987974858157982	0.40838038844844793	0.6276132820730441	0.945018663475413	1.6029044087013669	2.3620065681595857	3.020325275675735	4.8487163429748055	6.210871846995897	
0.10244656713475826	0.1616645917548498	0.3637761049331452	0.664765376306532	0.8629598194729393	1.5427952829429747	2.085461952616971	3.542172032455542	4.515275825476007	6.655341758010309	
0.10054169963466274	0.10767588898535682	0.3946342934521593	0.5583007381887449	1.0484867445952624	1.3758186624740856	2.5009308587139745	2.9790075527805007	3.8928728592117983	6.847245196348853	
0.10127607005729167	0.12627056182300858	0.36991694482745074	0.663431251207956	0.9955364711548573	1.4538603111380943	2.446813243764231	2.8992518884686413	5.0880199562377655	5.934285569107152	
0.09888280098823882	0.16010138495135742	0.389983596915279	0.6389922759103447	0.9964565000391331	1.409369325414285	2.1966716402780193	3.2116381814418746	4.2072410917541925	6.799903888446746	
0.0831133460287842	0.1749953607737497	0.375605805182495	0.6211441148967838	1.0560290808595438	1.4779092482086453	2.0943946565598384	3.534514721715799	4.150155654695502	7.748876624142898	
0.10413431041480664	0.15371208609280468	0.33487721024770367	0.5862589316124219	1.0432714875837974	1.2625912072709289	1.9577708582930338	2.7198727835605307	4.4193594510318075	5.9212689669144085	
0.0710637812525252	0.15389625588256292	0.3708599318832064	0.6499719218499176	0.9838338709170592	1.4342328958793165	2.3929759512401962	3.3257360828550726	4.92259179320427	5.951505626357852	
0.10528131678925022	0.14035536410466423	0.4253639040769141	0.6422813727488191	1.0876580172590709	1.2441783771720485	2.6415738279107375	2.972118782657696	3.659540992162315	6.556662122357778	
