9	96
0	1	1	1	1	1	1	1	1	1	
0.16154026198170363	0.33493383650517033	0.6268196673124855	0.6472583578760971	1.486850960622177	1.9578064358001213	3.7148523007819247	4.921335207879053	6.110801288309378	
0.16619548343880935	0.4710444274651087	0.5969832404510028	0.962057201038529	1.251865010545235	1.9638229421857554	2.95245175492137	4.523658945414837	6.225763126881895	
0.13984865841065197	0.3908348149826719	0.6599638559415413	0.9468020042402387	1.586103178620894	1.7729975354862149	2.736264490597596	4.785746864750441	6.14772975243773	
0.15121877772339987	0.3844161351285734	0.5320330289891227	0.7713943262197196	1.5632366672784328	2.386071296067223	3.0278963765881635	3.5479022039150765	5.918182026348067	
0.13984136717025733	0.4115782627231831	0.5425770403768388	0.9964339233108461	1.445279048368334	2.430409506789257	3.4315058520463904	4.323734930973009	6.224268767177334	
0.1501422583210031	0.32209392820971544	0.6367257221619341	0.9257396400805453	1.125580242117267	1.8402561091594951	3.066818563633371	4.8942780995994655	5.617805904714927	
0.1612261394581341	0.41008058178906837	0.5891039391499788	1.0010933267598783	1.4231078196035314	1.9900206793406203	3.178480462951344	4.149417446665603	6.488131032078856	
0.157108838232148	0.43876382021231375	0.5962927065157827	0.9667902921607289	1.4739173630063047	2.266493553279087	3.3954917349259253	4.163227645025495	6.084989538949737	
0.1506116615832294	0.4642477547969387	0.4970746474133414	1.0039097615126324	1.650383138414399	1.9549176034905638	3.9559405003075683	4.586310189799896	5.887943197895793	
0.15176796397649583	0.38808671478523066	0.616113713556352	0.822626185697094	1.4983604658093779	1.783881683583471	3.119584478165581	4.353106946735504	6.044939448248821	
0.1491210207067256	0.3908922410344374	0.5207162006388745	0.9338779811888877	1.3037559506357221	2.2190750033893276	3.8236233128295414	4.552573100632097	6.946073874524632	
0.1539987754585049	0.35552259975512635	0.6141942598402638	0.7400001709021458	1.4665224031456017	2.424262430372605	2.9268743712670457	4.990636037070452	5.460164732591162	
0.14799381792238486	0.33990877242471196	0.6009725059044232	1.2072124236291464	1.3470230299239905	2.116717377981599	3.2578854289812518	4.439811391235634	6.6866385202704866	
0.14069601659861394	0.3925475853126756	0.5768855916481548	1.0797409491709113	1.467134348630887	2.1815788816233486	3.485576332537568	5.15563931662828	6.614646499221992	
0.16321649180193765	0.42794629306077053	0.6004518757577465	1.1222203720409907	1.5514954185916798	2.2734447622014837	3.2184698297095355	3.830743653346997	6.046893394615767	
0.13713728348230428	0.36320877030329496	0.6080175677408786	1.056261874291657	1.4133594785008952	1.9408189089235963	2.7837655918195807	4.017738183040091	7.2903988942808695	
0.1415487987508951	0.3123189153061244	0.618006062808825	0.8741306652357625	1.427602296114842	2.340032146844919	3.651158434435425	4.4574639244861665	6.205297318636397	
0.16978974626339288	0.3505591416705856	0.5243007735274663	0.9759514674435092	1.2832904873223838	2.0567701431312693	3.251949955509021	4.592800120105318	5.82742264737902	
0.16493400543536782	0.37707578274535275	0.5019803409372896	0.9513110659763293	1.4515291187321941	2.087326145448206	3.171804376952298	4.276987811500154	5.487323100901901	
0.17257900633577045	0.40376179158195347	0.640722345416986	0.9096153006612785	1.3025290497487532	1.4983586658616856	3.6216017421097244	5.428946388584911	5.187857499647489	
0.12049176481419253	0.404882799513813	0.7075286516078836	0.8599903909776013	1.7098271158767107	2.2558693117971944	2.4393701845413966	5.019040627336371	5.851479457907084	
0.1480540790127819	0.3697055401538495	0.6049371825423492	0.8504875749929948	1.262938228388241	2.2798801070925796	2.853117545714252	4.018124205006175	4.811185793256982	
0.1640602109606111	0.4702860093808866	0.5197156305168696	0.8620531200184779	1.4282233843104428	2.3266992438266274	3.2263403442876832	5.240492750814851	5.550962368617	
0.15005958774547834	0.3814299115811547	0.4947780008939657	0.9182778754701098	1.4743855867955606	1.8257531081524694	3.0079179212690925	5.31845403577994	5.550583138145298	
0.1518847392288027	0.3684394050539762	0.562785562935498	0.8185810381710328	1.4819414161656694	1.9495286792827462	3.1162323226476314	5.0538649507288165	5.468543003674047	
0.16719408263226473	0.36264890671501887	0.5874973128549513	0.9729674255136055	1.2282713712162923	2.305297541967583	2.9261080210085444	4.581129003873179	5.296814284639333	
0.15549596175030125	0.32699636365593737	0.5661874650349151	0.8788596048497177	1.503013317368628	2.4600862881764716	3.0994302781708156	4.342318791430652	5.566230558851925	
0.1734195856404917	0.36932456252258594	0.6279300982551802	0.964993715361804	1.3139705202535443	2.267119839976937	3.652633660754451	4.29894209618497	6.575147661322041	
0.15425233402131228	0.3348232122956655	0.6928902238286515	1.0001766552415134	1.2473078164681926	1.9483024773901996	3.6690068951346975	4.057028074173472	5.195412538606968	
0.12645101064155162	0.3545841788702662	0.6423351788773745	0.9535235827045805	1.2489312593836146	2.0882997675985973	3.4533250083585116	4.113228455878077	5.893603461123776	
0.1758997048550901	0.3825337208904191	0.6966922228601525	0.8570642169709124	1.3693158576534217	2.4204008415305522	3.2696612291004463	3.947814602215201	7.21959612963834	
0.15418455742253812	0.4513493118095129	0.5594665110400674	0.9138426359294255	1.5263769341009958	2.451941086251656	3.587632144590577	3.4155817027936055	5.576598830801174	
0.1522383284162855	0.4090032463720343	0.5786015803981348	0.8932693339421656	1.46187348738372	1.9636525112082623	3.0381922799670407	4.57217685354115	5.976423874511202	
0.1325612049612176	0.3899562053036152	0.6249490782495032	1.058084424914152	1.423864575988716	2.3940831093552553	2.5911581611656938	4.474618217821105	5.7002079621779975	
0.14258722615766717	0.3962460867815709	0.4904243188274429	0.7728770849355516	1.5145641612419725	2.1906464950836755	3.012523569352161	5.084555614133564	6.614212850271847	
0.15519292149677955	0.3270018776831628	0.6803523451289061	0.7536090117631843	1.270479155772433	2.324295512008979	2.7641289026878924	5.11999335016346	7.156150956759312	
0.15955563989710658	0.3519511375333281	0.5221406349949672	0.7883574459158058	1.473051310921165	2.1720854872590896	3.3156811945892	5.129819060330789	6.470310471897228	
0.15455862071725704	0.3836623511069225	0.538816604722808	0.9761757901335717	1.4641695465980868	2.3833505741434537	3.3378349037356334	5.573623242987479	6.715800859284386	
0.12227266072636941	0.38910294737469553	0.6763650416895098	0.8728440423030976	1.3377959434076439	2.5117232928516238	2.9310774359258653	4.766522051853206	5.937429117226281	
0.1604625742078902	0.3581327071380898	0.5600638230239381	1.0332902840463025	1.6576532336594556	2.111627828586172	3.391830310699327	4.8812021777723835	6.118438414488982	
0.16041011740812078	0.4453431097553384	0.5210693977615006	1.0232105664054956	1.7361652433021038	2.3800325410765586	2.847365204782318	5.244247145996545	5.990208196595022	
0.15900024315973657	0.419556423344547	0.6877506300792973	0.8538424459784163	1.4391615785322982	2.2117682991554632	2.9678094872054848	4.853638920190935	5.845512131300186	
0.15128411647240056	0.3613623632513653	0.634876288301932	0.8754951373010574	1.4244851593854186	2.1525279470385374	3.075594948590999	3.6801904103251477	6.411496058741326	
0.1495616912418292	0.36672138801294835	0.5981150987396932	1.0081554459940314	1.738262609291538	1.780709571736606	3.3885126111445336	4.28775983642664	6.858053387337888	
0.13027466156709186	0.3837102745683726	0.5906226755345062	0.8259310122587888	1.337063212696301	2.084070744717868	3.2991443324092784	3.4250141199779107	5.830617390596843	
0.16145833043470897	0.43038790966283486	0.618995347834692	0.9808485287043395	1.2492635515469308	2.0771991110435075	2.845806552037559	4.416141641630159	7.377400645139056	
0.17192498059620245	0.4100867890606056	0.6190755752858639	0.9066316522562983	1.5231846777288116	2.0205234664624205	3.9538662355655054	4.873650120327076	6.581609918383515	
0.14260184769387368	0.36248970306055456	0.5556359724562325	0.8137916658100316	1.6289649816316918	2.297086336343879	3.1155924956488916	4.228676107890831	6.877090000294176	
0.1577873943558848	0.3639461916930589	0.669730428370578	1.1070289782778322	1.3473688050563415	2.0601378440850175	3.17781161580891	4.633671278725805	5.9791588614309505	
0.12810408534282075	0.34521779296528665	0.6076427359249544	1.070384522210524	1.460693001114958	2.3494090016127656	3.3611264139841497	4.427894033014777	5.47473294407291	
0.15562175609269063	0.42680726904683053	0.5239938243345396	0.9831898250419063	1.350313274948437	2.2257523550315432	3.009210277284941	4.565346913141038	5.4320412804097415	
0.16454965554926618	0.3821034623938251	0.7073293101087867	0.9583791100614345	1.2871638560945453	1.808304156435692	3.71170630239874	4.23097504533165	5.408317586304713	
0.1701665423531453	0.3634716646644806	0.6547641690687828	0.9628027591882162	1.1561425792124713	2.287653372132884	2.9338480350586984	3.945018007502745	4.670002663908674	
0.13266924665018223	0.3664209647919169	0.6047600864833201	0.9440145784868821	1.5562762316959582	1.7842622440979425	2.5736464953632923	5.61685802076364	5.965763805711611	
0.15801585617019165	0.32531368707698427	0.6409113329935202	1.02750263013123	1.156954590481518	2.2549514731111584	3.402784496475114	3.3777758448985185	6.109455820177542	
0.14021277043619004	0.39750688903913944	0.6419160932228934	0.9735910981839456	1.3861500864580913	2.056906203908153	3.318789317149351	4.383631077003641	5.112757730098883	
0.1529112001615083	0.3730651646371571	0.5889540679143477	0.8967976494361403	1.4016811556091286	2.010067574678955	3.528463825048229	4.303775210755362	6.048008800853069	
0.13939221941839489	0.33840297507521216	0.5931709331797959	0.9929150069723636	1.5782573409103788	2.3037828755260374	2.9430385067142493	4.524972548024961	5.949658909627664	
0.16091140619197827	0.3993434212328756	0.5624761129769251	0.9623359083239358	1.5116959536438528	2.2206837954921395	3.2381153802821268	4.204382047214611	5.758826750536976	
0.18246500809012553	0.33500078135463346	0.7129192277669757	1.1043317594813336	1.2440393182499927	2.0162011355754936	3.1499798337040175	4.222998551302401	5.636511463856911	
0.16045252623927184	0.3897190818585028	0.6330014004560419	0.9157002310339515	1.3980600523508597	1.9889761110194852	3.4057623585021433	4.958564682431444	5.311519927881539	
0.16178279861497238	0.3904314039873445	0.530599795798643	0.795814241739565	1.3904461312773435	2.0388772235791612	3.5888746879031714	4.323833097457288	5.6748297721979695	
0.14336788817859403	0.37106664570400966	0.6167572601623207	1.029114154972283	1.2536567283739763	2.235224970421272	2.8151049449869343	4.970567805438237	5.0670374984386015	
0.1683604890668293	0.41585303886341535	0.552923026625124	0.8803231168264608	1.1588861615302182	1.7713814710132398	3.152670463989756	4.586156314346292	6.624023589897835	
0.14577164404876844	0.37487322390150346	0.5245749826566235	0.9163320592062193	1.4438692499815602	2.276293287811023	3.2347265089794632	4.92260077471022	6.0128174821151195	
0.14797176290775152	0.4103848486687431	0.6484068087649313	0.9000399855753625	1.6875844674041172	2.20634352028046	3.2868545441235284	4.3587331305922605	6.268605985339917	
0.1630721019115735	0.38354863295418096	0.6130632421373764	0.8260327010967945	1.3102543892816125	1.9841134576458919	3.3303158427216304	3.990679333251852	4.793326107859691	
0.12903890898178447	0.4002444661268927	0.7005588795969634	1.0182524843090992	1.2752955177881977	1.9657514533525595	3.0452971127397275	3.8033836667238203	5.878120079616833	
0.15683137507328354	0.34256669067691886	0.5281512822440972	1.0024017708831916	1.3003341783108462	1.979767573457142	2.4714511851060212	4.913562618390815	6.789534698974386	
0.1450954633489605	0.3775116298359567	0.6287528207452666	0.991375541346179	1.4184853556436534	2.023800108228303	3.197945214737065	4.325612848729679	6.142045058746115	
0.1337536242933157	0.42434349400882615	0.7182608315335332	0.8627042911866514	1.317804423387734	1.9669415997309079	3.0955801374474263	5.284418452820123	5.654534725602643	
0.1519191518381738	0.36217139942622284	0.47690362722011637	0.8783012735392925	1.4232229359907196	2.4770557866279055	2.681241605790365	4.924839210322908	6.135272977389111	
0.1484717238176622	0.3402563074704669	0.6735363262290754	0.9607979224486504	1.4230918579726421	2.1269147050001367	3.5508073780665543	4.1116746159459066	6.853762534656189	
0.18284492158384416	0.3681896043308894	0.6773271093604538	0.8750357981725285	1.2670708352728157	2.023449697465113	3.3815497941704074	4.389079891749138	6.238314140114775	
0.15380009099210087	0.36346460314487367	0.5259578438465474	0.9263412499468489	1.2321882544384524	2.1633544954843478	3.356342467914564	3.4485224872116724	6.7568298754428895	
0.14481568452069427	0.39912118081612946	0.5604462924680897	0.8914816583933952	1.658763618550194	1.8577178352284793	3.082092642668319	4.520244784041437	4.515217592156529	
0.13599470793378868	0.4107093218861463	0.5227544078952072	0.9442002037695932	1.4779011147706214	2.2579310182771635	2.9051663388443276	4.570608371852578	5.294717849697273	
0.14550646314216847	0.4128665963041649	0.5488335698607641	0.9792338636692516	1.41870731393918	2.3127867511025424	2.6095802524817584	5.029213129283082	4.9170920022381805	
0.1315613826440563	0.42342101772264007	0.5954314184627714	0.8887252913320873	1.5645783836669318	2.12218299190484	2.9274806546476286	5.0610749884803115	6.157514797204049	
0.1307998626525322	0.35070757250541906	0.5397371813725396	0.8199069059902541	1.4105788929833425	2.1335804272791674	3.387784113208597	4.75178762483223	6.507319197962369	
0.16528555399500136	0.3984879682001726	0.6213777588338557	1.0200081192509942	1.4890516677039773	1.9451554722585127	2.7972820551771433	4.038441654175352	6.18915074991519	
0.14541288117960566	0.38862758921680074	0.584532462945428	0.8445004040946712	1.0591946501230727	1.887711374850376	3.8178791647573624	4.93328437898843	5.550684899898636	
0.1419753216835802	0.36091675060377104	0.6654186287337756	1.0145393049242204	1.5678110043191082	1.9322194914822863	3.8303608303359695	4.369218667577163	6.502591127321	
0.15438276043224086	0.31500113679055486	0.5690996153521074	0.9262558039541792	1.312104950761051	1.8316836835653345	3.100717710976477	5.088412548534357	6.3311113188755535	
0.14167308769725753	0.38834129859619004	0.518301288088484	0.9278305380829077	1.1517029833138057	1.8937587928332256	3.507937996755625	4.226920535155842	5.719710780711317	
0.1483139139074678	0.4380921660549052	0.3787185726946073	0.8419319006046638	1.7671637040409982	2.394467242007704	3.411054816493732	4.606022705779536	5.833777026279501	
0.12897724250057352	0.3629030986862479	0.5909213838332966	1.0337697755688338	1.4757508068983944	2.157653487334712	3.0276726180151385	4.274702131616319	4.934917777907572	
0.1529896230501866	0.331704161780335	0.5772849065660922	1.0225410682886535	1.4634286357814257	2.215473518786248	3.6389168462916817	4.794567589507048	5.902663127897509	
0.11961496218867215	0.3630510435571645	0.5932928254487585	0.9281098013927928	1.1950722346373601	2.18485742406888	3.48101715833434	4.32108978134265	6.252875617981976	
0.13955075177026166	0.38805720778927183	0.7108288510538692	0.8888129281323316	1.2616296588813067	2.303195641115822	3.1522313025382007	4.135683994879406	5.532786942070816	
0.15314264896081298	0.3805503849200765	0.6753242486133163	0.9661142856355223	1.5632396540629248	2.1482324100936565	3.399596381788349	4.46483873007031	7.068638783562751	
0.15658665220575638	0.3237477656789696	0.5870197592979491	0.9487052575744396	1.42417803189323	2.323475299657249	3.0849645153806993	4.502052885807074	6.535277709770096	
0.1287410297126294	0.3430346371423713	0.7144606207784429	0.8947798237376481	1.5494924734699709	2.3804068169560195	2.828246657147329	4.112898764362116	6.005465968614853	
0.1398629074945768	0.3952815086158701	0.6316275194888491	0.9490268965468993	1.4228823114758828	2.2737804668949337	3.6377939847986163	5.085784075752677	6.161736288686392	
0.13684917618696363	0.37333249912424676	0.6406160757994347	1.0321863986693647	1.582499401455058	2.112085460325623	3.323242646411382	4.733945579224622	6.8765759221655705	
0.13866760252723717	0.3974739558633176	0.5691300607942664	1.0386650282333953	1.425328714003213	2.201248251624314	2.9777156538085214	4.3074687670981575	7.190769532951387	
