9	48
1	1	1	1	1	0	1	1	1	1	
0.07552859893678716	0.13967697339975946	0.3629571126500547	0.5773128466815449	0.9319412295507802	1.969615410481124	2.8374814306779443	4.6362703243472865	6.0291434397134225	
0.08874850223252902	0.14682749677943388	0.3285796351560921	0.5973956004015472	0.8686632967481315	2.198922684261614	3.026999147741875	4.558040702926811	5.590079775653744	
0.09984610877776608	0.13759226443381217	0.36007985341874554	0.5762861638391653	0.9197630984757639	2.221891655351937	3.429516680728048	5.1570536134172595	6.295991767239923	
0.08798397633288481	0.15597569700090977	0.39218275645201667	0.5906181978316412	0.7623014795347418	1.814894640374983	2.2770673826352934	4.433329113344103	6.382244467377715	
0.09898610087421096	0.17031737632322655	0.4048044045912447	0.5943048342734507	0.831210695110382	1.9200991131552148	3.189869632008934	5.035158086080216	5.610058065832494	
0.10165114815538522	0.19008615308552224	0.4344545176567414	0.556761719455719	0.9503972643558742	2.099369993001334	3.596850058641232	4.786533837799889	4.974253674439733	
0.08658963011450388	0.15277949002948327	0.4214429076792803	0.5335392253952075	0.9165201113581515	1.8346201206868622	3.279459056590402	4.53786021613498	6.430347959021367	
0.11538868127947738	0.18029993225464913	0.36250066080221843	0.5641088130137167	0.9940528175115522	2.0943603119691963	3.410508349256827	4.578100143621693	6.300107961732566	
0.09484564584415844	0.12682944689090983	0.45157281552537215	0.7484391821406724	0.7855745923757982	2.2589227945298647	3.132471544518493	4.149531356038559	5.832833501893006	
0.100359492722764	0.15529120657530113	0.3989032649600903	0.6473711949561358	0.8734398719176218	2.100997946924685	3.632405220676621	4.551612434510711	5.518442560271881	
0.11364532671160206	0.15359694851936878	0.39041753397733664	0.5663645969739443	0.9391120904194646	2.411351894547728	2.8968148128229867	4.138643465267014	6.398870254576709	
0.09686659212328017	0.16567840769041042	0.4275599137397444	0.6105781525613004	0.8677482180550078	2.085062980288092	3.3644459359045005	5.309213543893916	6.236796179075301	
0.08761314490610628	0.13689010742230873	0.3272024350923675	0.6622338248941146	0.9254807517629169	2.3934675973803454	2.8544816995794324	4.2940114045632125	6.505389870144261	
0.09961450349013216	0.13994910280714942	0.373709556954454	0.5539295003248916	0.9991891172738014	2.3650277712078727	3.534072877517672	4.238593003529904	6.377058115644744	
0.09545627771977117	0.1365691089896523	0.392101374320435	0.6078552810195449	0.9675978269590548	2.1730688751923006	2.959620827507978	5.069930277376086	5.428281336294734	
0.10529902893366108	0.12306126504287934	0.3425511130232411	0.6247475675360136	0.961739620457306	2.2870635370194057	3.4070678766744757	4.81388777185755	5.549496298234062	
0.08355924583604396	0.14849624511253184	0.38030133650193976	0.6167553004834112	1.079648571245827	1.7246509636710874	3.137533222523464	4.776738335458944	6.5084480205421595	
0.0908443306944769	0.1477992651977146	0.2722136614457763	0.6844894522477392	0.9245877837612358	1.9983528016499117	2.9122441569550537	4.058234600484519	5.952566584231593	
0.1078251771346936	0.13999470600174546	0.4673940141573941	0.6397385435412601	1.0248379517248136	1.792227197655896	2.813367517279504	4.121376380701221	6.371809511196105	
0.09791480343398445	0.12635261565135658	0.4540525485458839	0.5819301692533417	0.9499024512941892	1.763626012828028	3.4209914404379718	4.786096397404333	4.755703317724305	
0.10720497317575278	0.15663438634457802	0.42964565961212836	0.4652614675274619	1.0170238207643634	2.277456715873834	2.726237130165231	4.644016661116141	6.157032874509252	
0.09631446941131416	0.1550823542347313	0.39448746907228344	0.6518512554153642	0.8657554593740981	1.9943581751106456	3.1789925574974767	3.7103221284660677	6.068065957329225	
0.09746185039796006	0.1440910076033846	0.3956532406690342	0.5006412676432138	0.8312403809962101	2.2204313949802756	3.417780719514007	4.8289649652660485	6.071626570585841	
0.08181328564956684	0.13621539181318196	0.4069307477319684	0.6548094615660325	0.81077036807059	1.9958671677557982	3.219481680250153	4.998353562667574	6.064079053707287	
0.08718145003364258	0.1335184747955983	0.384581119476782	0.5466688048242178	0.8677008072776698	1.669679371338435	2.9698540876525477	5.273231054972661	6.062711740377958	
0.09235987382550102	0.15911184308371826	0.3068773061925614	0.48936597888094935	0.9025987408820575	2.3959248139218814	3.1069677384550904	4.337607677986467	6.43157195211736	
0.11028702564327514	0.15526781151433922	0.3558346843661657	0.6650367277950845	0.9607932781959289	1.9378850316356535	3.8268672043480607	4.363777445100126	5.76038608259977	
0.09611789262906724	0.1596913764942831	0.3537271362824636	0.6043283936923147	0.9266114193643712	2.1926667043162325	3.051472965250578	4.606292204180893	6.841996805887703	
0.10371014580653014	0.15145820830063136	0.3643293592113388	0.5087521606771881	1.0439263355739743	2.0094547733936547	2.607433611493433	4.4396711283818115	5.922077683477951	
0.08800663848266412	0.15080335599754155	0.4102998656821765	0.6075345963417967	0.9091207822065466	2.276456870717949	3.302338607733375	4.38167083139127	5.792888706486854	
0.08921139364261486	0.1249076229486123	0.3922394881878345	0.6549714078872497	0.8657893187543433	2.1125870098320094	3.230283439015616	4.433109485152704	6.5939878513217085	
0.08736744676551263	0.17830818226747197	0.3589088654777287	0.6363384075209162	0.907310050990001	2.149702601802471	2.9512939380396572	4.61763578991128	6.351901191317156	
0.10077515294668436	0.12617647507117896	0.3528313765461291	0.4989283615837619	0.8559356100451232	1.893667780840732	3.6297350876626764	4.827274497432581	7.3877828950035065	
0.10966930836982272	0.12221774651350752	0.36891924723294944	0.49435686096934056	1.0068195454131137	2.351548474933049	3.2039402680757734	4.393069291404637	6.28769514882896	
0.11077202695972571	0.14615797194244115	0.31952323633605045	0.4955307069402117	0.8179128565475113	2.1952758448675347	3.561603965265665	4.785040310445667	6.033991245758003	
0.10317350191422246	0.13497895001493518	0.3519410260769953	0.5666076063038671	0.7254882660693952	2.1173055034103405	3.264486929816914	4.140663890229528	6.191080077375275	
0.09538690536880891	0.12948213389039728	0.37517284142310564	0.6609812059658164	0.8112776958046122	2.0465968448510967	2.6214841272780403	4.267063356926823	6.975027465276293	
0.0983669875180554	0.132257224421668	0.3451040626934076	0.5656104800357088	0.8082564242682908	2.3140379728234723	3.5844435425068073	4.213985881551779	5.804493408100933	
0.11184696815999234	0.14702027281592403	0.4483932580581261	0.6214843358709723	0.9519925940504179	2.267913017579493	3.1769285585322438	4.202087122143962	5.6379713045953705	
0.09671691642553895	0.13142687281643503	0.36337393385913935	0.538504639550365	0.7342917823332932	2.4239189600343165	3.0584391909602924	4.344527538021831	5.618526445528573	
0.10545359348021066	0.1496401372840498	0.3936572904994535	0.626280064754381	0.851724407181482	2.0316198019814378	3.0475603650273944	3.978429917691805	5.821325628342484	
0.09479018678470787	0.16656011322148342	0.43643631753742	0.5269192655141564	0.7845846383356027	2.3629393114420516	3.693580930243376	4.0874524080713766	5.583078274784456	
0.0919918977551662	0.15383272807935855	0.41123016512725036	0.517982232289609	0.8569908302666962	1.935839177711627	2.7177642242585813	3.7229376397448655	6.706866201510508	
0.09606595543624633	0.14764359901986526	0.3649230230935229	0.5688238452088241	0.9720737994660236	2.365347820382288	3.1013478613254155	4.076798003735754	6.38647704746568	
0.10923964106897972	0.13037447119841214	0.40509484862670575	0.6988152488002908	0.9119460445534469	2.268843438987474	3.1570339491699095	4.6365940471099725	6.635345823593527	
0.10018312165423485	0.14806047558236987	0.37880397933093446	0.609576338991357	0.9787630320546825	2.300001937792098	3.0028968735890573	4.439500788591582	5.951699837224461	
0.09872202732804058	0.13572965438536164	0.38026930993249125	0.6295724441178921	0.9971604427096515	2.0049596384597006	3.373335392886639	5.02907175959208	5.336952786377738	
0.08271299440810717	0.1368689541178086	0.3978718270117746	0.582081087738439	0.88247850672959	1.8701413757687553	3.707238522493067	4.640385154076653	5.305556994282079	
