3	90
1	0	0	1	0	1	0	0	0	0	
0.11163087501359266	0.5198465217115416	1.586529366814658	
0.11206412014656242	0.693603000964729	1.5214643592431374	
0.09090886136149046	0.581792492674921	1.4846918633056587	
0.11286677062624813	0.5735182970198952	1.3075808381196845	
0.10566677187060206	0.6130342184777618	1.4812098513107264	
0.10971819044953234	0.6258952093047859	1.3829616881815399	
0.11045562755664291	0.6111809742772604	1.5027498898148013	
0.11253576516922018	0.5831293441489895	1.440541097061355	
0.11241690796955353	0.5890271159655539	1.5403005002857426	
0.09187961000032088	0.6400517874264181	1.6152655125879802	
0.09877091363280424	0.6572494753611567	1.5156349284842066	
0.08849268193477013	0.6087132311092448	1.5016095653890613	
0.11137023537456091	0.6100263750960799	1.5550781289490272	
0.09738194304806125	0.5388078161341847	1.1708487066638253	
0.09376157939810281	0.48659193151573854	1.2425373966079742	
0.07194967824031721	0.5518600267370898	1.2159743023910565	
0.09641299112011137	0.6021173199658901	1.2024820959346043	
0.11405142796613453	0.6816962032662718	1.4070180864530863	
0.1051150329891192	0.6122862466801464	1.346844462697096	
0.08560792461882805	0.5630707895517211	1.3534740211091796	
0.11209453712045298	0.6771427074543797	1.2616917668277572	
0.09972940321468764	0.6229579817202554	1.8304881400236417	
0.08412371128215793	0.72776592440461	1.4064175402203805	
0.09225849178388432	0.5320364917426916	1.3001970008327703	
0.11255185155212129	0.6717926230798701	1.4396729522097973	
0.10237927879733022	0.6186330363847184	1.1637246713654215	
0.08822565932898961	0.7061486090995358	1.588453922007714	
0.10480004745900613	0.5346168387564711	1.4918427256999331	
0.10174757707076892	0.5960095743377456	1.5825296150594372	
0.09553553028786292	0.6060550086276478	1.3452317062921701	
0.10487154447086067	0.5354183645560061	1.3869626799808286	
0.10595429114557353	0.5678480530604846	1.413516775823092	
0.11882978063904004	0.6827438493264202	1.5365308467016419	
0.10212395604663294	0.5961925702340193	1.3017037678858558	
0.08980589638643283	0.5514823390123665	1.4986362573924985	
0.09820681472504454	0.5812649404265506	1.4033253660570792	
0.08442009513944215	0.5643572389471221	1.3722291215938027	
0.08205191666154965	0.6251681911376763	1.4864231517809108	
0.11247893836012346	0.5963224147101408	1.3559714156718718	
0.09258697648582587	0.6473095023296838	1.5379669646408518	
0.10383994545037237	0.5821672659828218	1.671940737392712	
0.09871580340416837	0.5688840065655127	1.5211491271520572	
0.09514011941443636	0.5184785665953137	1.737267451251907	
0.10780296039494067	0.6052319074194935	1.4506542257509991	
0.08841885998159567	0.605208746600693	1.3936591901810909	
0.09463377483516877	0.5296387989787734	1.267670179748295	
0.09992177432574306	0.5965759320894976	1.4562769507190125	
0.09458915483882442	0.5558224076256927	1.5419634755267464	
0.102759361162669	0.6370318782656011	1.6335900266765913	
0.09889938244587883	0.5296200053059651	1.3016930522431094	
0.09227656340245245	0.5650986026333699	1.3915289072343868	
0.10941864559889634	0.5424707465608418	1.3863135416846817	
0.10351956451757459	0.617975700469515	1.4193397075611043	
0.10799901552105602	0.622810235242663	1.8382818877430658	
0.08405177794861962	0.6142896294952647	1.2045099226298683	
0.10507241706624987	0.6735677413288256	1.4756827789360358	
0.12123327964085695	0.5370619388080025	1.475614120117962	
0.1007760747347827	0.6263923715717412	1.4756018951697396	
0.10777844198580998	0.5218588548878513	1.5854819469209287	
0.095001619333695	0.6535458915033189	1.553110553247223	
0.09066945110705271	0.576480618230652	1.2973954886318608	
0.09495112958327954	0.64592376961826	1.542272760601248	
0.10815567999531608	0.5879457125104055	1.1681871521420757	
0.09993436786240095	0.6807844862012654	1.586981229709281	
0.09168026101416606	0.6915392482378104	1.2866220078611048	
0.10040350134436282	0.5499786081453154	1.7653397755822775	
0.09967707112187235	0.517036480031633	1.6165650682908606	
0.08718222160406591	0.5773935301448984	1.6129744232138785	
0.09632402269043662	0.622572687186581	1.2863099169501533	
0.11930258986352178	0.5215988144275633	1.3449266157649242	
0.09742295401559092	0.5045182181580627	1.4564601160867792	
0.11217065873217691	0.7016733762063091	1.512441187900599	
0.09150232352284779	0.5109651253782888	1.8593629402003355	
0.11147370737224092	0.6933436832006089	1.474282586356805	
0.11195944172974913	0.5898358557624868	1.250670557254662	
0.0874245041140832	0.5962192883538514	1.4538115177550903	
0.10227634388492904	0.5187928726132762	1.467309866387269	
0.07145398992781386	0.6138497905675216	1.310046612643735	
0.09556859068640694	0.6854957256882761	1.4556132767992684	
0.09811192622577691	0.6082368448149793	1.611434146784032	
0.11027450174347159	0.7208261392723987	1.2866416321682925	
0.09697921935960785	0.6577155985473155	1.5936858480161187	
0.10322943041349258	0.6607214258548267	1.4152216430202584	
0.0946417905472805	0.6129196228297417	1.3040835962416986	
0.10286516535515551	0.5822081812166725	1.2048210283953433	
0.10894031738544135	0.6107576009562333	1.4031320878230995	
0.10585036186223143	0.6420372452655119	1.5578010846482369	
0.09242440766473503	0.5351188386504879	1.307007198313889	
0.12631450214660356	0.5417057561980582	1.5829185232722351	
0.08911476036453601	0.5291781893926107	1.1964928548704943	
