9	49
1	1	1	1	1	1	1	1	1	0	
0.09562071809646891	0.11723626098319309	0.41111614252482587	0.5604144012983947	0.8469489699232186	1.19132957830595	1.731066772251023	3.922802845358644	4.462089323349441	
0.1142502790905005	0.15700304971928544	0.33559964704998296	0.6435775378469817	1.0285242202292295	1.2397901239206557	2.2061830880905156	3.0956038364143197	4.373588964629557	
0.09365647301203182	0.14152874612212327	0.330992084628442	0.6202167628669827	1.0237548328193653	1.4985984813957134	2.1201637146475583	2.861256607476954	4.615189767849542	
0.09156881427746547	0.1596616726650784	0.40940247848622313	0.5544090165675276	0.8164880418006513	1.538780289436633	1.880899401214019	3.504379906286094	4.493879442710913	
0.11035696393632631	0.13780720801763854	0.36811227257130413	0.5580251815968615	0.7797206998849172	1.4331526498934182	2.3093020061599363	3.518121580859819	4.584348576433972	
0.11102115024555946	0.13383653695560901	0.3735203271419365	0.629790390219208	1.0697915533891271	1.5335805107812763	1.9984068263290016	3.004093848493664	5.013769345758181	
0.1109696778612503	0.14623713838055033	0.42777720020637877	0.6007097805525305	0.8559803159789624	1.7530955593081958	1.923895805230837	2.8442604649118284	4.697168252754278	
0.09784465225256346	0.16258151968647325	0.4427411036536653	0.7069931444773482	0.8716463684091891	1.2667058135646416	2.240642004653725	3.584641623335144	5.162499462970166	
0.10848245063843354	0.14533397764787884	0.4469733560760109	0.5977471263896235	0.8784027239962628	1.5494884523971375	1.9252338129753568	2.7995315947370325	4.890680524441233	
0.09780674109012406	0.15645471669822675	0.3601352596237512	0.5859267825778154	0.8910737530967402	1.2842089194460542	1.9587079389877193	3.6083119628720945	3.6491889074384076	
0.10187939025449402	0.14348275023831059	0.44668913632738805	0.6741068632719261	1.0999653522768174	1.4943882952181804	2.4944429735252145	3.2908036032408083	4.750919529346587	
0.0892551500573664	0.17160138933178673	0.42481743618641743	0.5841933441101314	0.938169138510067	1.5823850532501829	2.2233302646100817	3.489592056353735	4.558106484162548	
0.09982585415058956	0.14229902762725372	0.33678252912417034	0.5530553347730194	0.9061501514936028	1.4160627415354312	2.204532660619164	3.085615528915392	4.986137447801063	
0.1137190714023624	0.1620716064441243	0.3862948770378825	0.5233939548213828	0.8629538993030753	1.403884304590612	2.60330160820607	3.5756858606318986	4.680843931669456	
0.1064492091433444	0.141961951507116	0.40897676410116524	0.6078153357476944	0.7749791680931039	1.3818013063314416	1.9745750717247599	3.6389054557119676	4.822861819655463	
0.09054284818583404	0.14563755659435595	0.3086041122700556	0.6153836027566036	1.047853792205004	1.379474803649771	1.979636442173343	3.42115903097503	4.555474375677554	
0.10097996285484497	0.14747396361595988	0.36207971297866187	0.5847576397920814	0.9084503417475639	1.3822055750106	2.1082578300965293	3.3882986302183022	4.95202514171341	
0.09855655901015975	0.15113606356439865	0.31493908935956644	0.639156366551612	0.7684954703848238	1.4300228108162503	1.9602070523241657	3.325003278582485	4.796031829365162	
0.10161411726807267	0.16153019599013418	0.3491448574579871	0.5733687086043251	0.9116381792535508	1.5822528524250583	1.9034609777336116	2.9902297074178503	4.541369319082167	
0.10097704525747686	0.15570783108588623	0.4029527930575032	0.5891057807181931	0.8796013105250766	1.4877795505665896	2.3357932627960936	3.1025024985644993	4.997919467445842	
0.11157953846581314	0.1614201746617554	0.31475606017029584	0.601129249841736	0.8832822632040812	1.382165715967387	2.328280227430125	3.651990960024852	4.729681051333559	
0.10102124197947702	0.13766671992521193	0.3668126599002678	0.6399805492410672	0.8479293378529831	1.4677244139347196	2.2747350267419733	3.3959403867592255	4.153583684052618	
0.090986256627162	0.12549820605633075	0.3432148094020629	0.7139398446768671	0.7197032980028334	1.6424626629873305	1.8898792211675974	2.8535722673205486	4.967041026552595	
0.10451802181004517	0.16608668766401394	0.34075204571749157	0.6401027233475752	0.9807480208146749	1.226146860551639	1.7755337088547276	3.3571456504834556	4.557478964311718	
0.1009840474394556	0.15256961887598797	0.40179296275219445	0.5375053125757638	1.1367770066723812	1.6024526244855735	2.2805866489727444	3.107523446169122	4.017280246840024	
0.09660621643393541	0.1281457892779674	0.39736792787669817	0.6108071566828522	0.8102452417001141	1.4906623275305515	2.0226470484782024	2.9655179911012075	5.229905269287326	
0.1004281863411523	0.13610744684794152	0.3549464728245851	0.5886876830603203	0.9158050461542927	1.5691674755653953	2.4236432620155686	3.5605869778737556	4.058604391646778	
0.10881566163782741	0.14078906634360655	0.3199652112320763	0.5388178775322398	1.1538372118039237	1.491583753709123	2.1515047857786698	3.010339478981888	4.7134740015594465	
0.10003196618139597	0.15510673191424504	0.39324463661681514	0.6030694355502886	0.8870152207107547	1.351556145168525	1.5809036246948391	3.4172764029556544	4.281036441249042	
0.12188646472814049	0.1332365486899846	0.40961756040625036	0.5936984578143033	0.8862029105945461	1.3030911087643695	2.283357502362053	3.103522804178324	4.790234813953891	
0.1065469813735346	0.15929723718836955	0.43119846570168857	0.6470253027637823	0.9702251323115876	1.4880639301824385	1.820916876732418	3.2685706011793743	4.692793469834074	
0.11134338373095257	0.13547891484210386	0.446316736749941	0.5818993875690449	0.898165853258061	1.7345498486941704	2.0651158595805743	3.073822726347856	3.732170820978732	
0.09508968175776757	0.13679921391253197	0.32987360820806544	0.6285902032631403	0.8406836512669047	1.471442738059751	2.4639811445895723	3.020350368650609	4.8239622197659155	
0.09384102218271435	0.17856788738996296	0.36607948104683125	0.5578457615158817	1.1399737559617076	1.3254337110681214	1.8530672131607673	3.571113520744094	4.863198338429456	
0.1086386141179651	0.14973132875573522	0.39157456874182545	0.5856904616234399	0.7911955123857238	1.3946272231607222	2.0502655331646067	3.686064917053262	4.721004525598053	
0.08536490872832639	0.1457257613761772	0.34593872037032686	0.5350282350194836	0.7728644806285074	1.721734926663804	1.971094036136625	3.2312269234975246	4.189506195041319	
0.07883132870817783	0.149416632818217	0.41291868199683934	0.6586670475774349	1.0371914610511994	1.4399312967904014	2.0879084465197915	2.961878201361088	4.739988413748924	
0.1022633843045035	0.14754825853419143	0.38664782769858225	0.6053729783802662	0.8648896794824305	1.104818750197012	2.1355563703667997	3.1041471231119027	3.909699079162832	
0.08132204319988748	0.14679476176432787	0.38119715873545795	0.5841266904664335	0.9186067898047848	1.4824173090877577	2.225504857165741	3.3277597817484295	3.619245639860884	
0.0906162285545333	0.18331311864189212	0.3742674039292219	0.555544328973646	0.9608860444687307	1.382204736837286	2.0189974104787987	3.8138632902489604	4.934684212295072	
0.1109247014913138	0.13255107467155203	0.37962750316135646	0.48450238576077925	1.0377303753270224	1.751369276274804	2.489197151471225	3.569227556317175	4.865725344230465	
0.09444476082246296	0.14033308065370084	0.4021444511563627	0.5682030806317457	0.8375205983482932	1.4465449072154928	2.2734653276288643	3.416759637326526	5.969439746493253	
0.10202847262801613	0.1496434625305995	0.31935026115258563	0.5901674491806892	0.8110331449125366	1.533817259693973	2.200143124118646	2.9139103321933364	4.332082889667228	
0.11724432479495106	0.13668645800191184	0.3627007554320684	0.6103970551132984	0.9424247895561717	1.3648852552932436	1.8132446708824035	3.539476321709129	4.265625050009485	
0.11020867617429118	0.13569769661715103	0.38958131991677947	0.563430285529664	0.7526182217174351	1.375722599402555	1.811548643880471	3.3735380801508255	4.050277855316847	
0.08532329196801546	0.14480092659766267	0.4144524886808743	0.6157624241197777	0.9806027632557837	1.4237173754902022	2.1129343964350404	2.7981834598139765	4.219799716392988	
0.09491679878185255	0.1514570443091961	0.42747993153204605	0.7260782553084821	0.965732932562846	1.7023262652822084	2.1697796138601095	3.2394062766996865	4.677210994423662	
0.09405049847545648	0.1581389184941143	0.39534056984229593	0.60433190612413	0.8324927939972443	1.3227023211787332	2.461110427629881	3.377509993070263	4.478641836890342	
0.10356450552805743	0.15290593806804947	0.34452811251064785	0.44252181288277925	0.9236164265594887	1.4935194612179035	2.5097000027674516	3.0075053062280515	4.468039236685994	
