7	93
1	1	1	1	0	0	1	1	1	0	
0.0941979795045592	0.1571227340669684	0.36963531471958844	0.5872833268153106	1.7892957073345446	3.568167042444625	4.894420008371656	
0.08901386093603084	0.1370418019982437	0.3497401188747033	0.5844667911091516	2.515825988108118	3.359096586962016	4.382501486668788	
0.09831286824738833	0.14658363986687703	0.4210478207844509	0.6257373168461178	1.9753461879137313	3.34816858569781	4.217206984104079	
0.09699723533519788	0.14675521350468984	0.3800826747555353	0.5930105559595088	2.2362861584511844	3.4413587820604077	4.199753768766291	
0.09547128025362968	0.12748913921071695	0.42704480726726063	0.5675285624142042	2.419744940978836	3.384042785516615	5.331514983806064	
0.11544645732137729	0.1871132113137317	0.4054897878917612	0.59496892023423	2.360640132607189	3.3935840260859327	4.7849995361038875	
0.09062787802515054	0.17935608456841137	0.3828918686133889	0.5978897568544216	2.0755992760724364	3.3256718702467367	4.360234743633598	
0.0939725124315619	0.1429512206867584	0.3354262053737014	0.5604456035341617	1.9686474525985207	3.6886657241565444	4.780773032278207	
0.10548340455782133	0.176496324636189	0.4286327652856787	0.6543486665111954	1.8613638798529666	3.870059930556186	4.531969376932038	
0.1122991475477953	0.16606424408217785	0.3905822185365105	0.6651882050413588	2.0032405112711413	3.607790235877149	4.208660171546159	
0.11024068531627232	0.1634068746637504	0.36761811608729683	0.6506447403419665	1.960341849079305	3.002823528758868	4.146868788321664	
0.09569180240999609	0.1514398293200883	0.4289385545061735	0.6488102092100321	2.1883272503147326	3.344918857681606	4.29334799750336	
0.10593733067351373	0.15509843005647303	0.37455191793419773	0.6923345880238294	2.3803370342519443	3.568879433798965	4.854659983387446	
0.09743356365603592	0.15849342538868869	0.3794807149799103	0.5936651986811843	2.1069831886277255	2.8265644714715865	3.638697132944526	
0.12464168755027434	0.17961310197264238	0.42901878483040273	0.5395522857102861	1.90597795415486	3.3799120674852356	4.474157071838024	
0.08857241845843206	0.15504621824506493	0.39895775610160944	0.5465710401356596	2.3988262363209647	3.2116659613342247	4.310987377871593	
0.09974507525530635	0.13005218938163993	0.41070564692708333	0.6355840940011023	1.9003120953459842	3.4271062091971167	4.107992532541605	
0.08864107046833333	0.15071479164316828	0.42240497318511266	0.469240210283795	2.0403109017270165	4.193362885287297	4.139214566176275	
0.1133829760996729	0.1321829152513347	0.3974662248674991	0.5867613963499293	2.2027614057261684	2.9697659430228427	4.183978908437896	
0.10829605310195048	0.16696036141196077	0.3607208191557717	0.6154839018975525	2.5554324167551163	3.455713850172224	5.0176594071774065	
0.0889123607231827	0.12484098117847726	0.3441879663529487	0.5622246949964151	2.2845705316242717	3.188987018846471	4.8472496306251305	
0.10304653667492124	0.14891885178958994	0.4034171033025253	0.5564649036928255	1.9918946862197726	3.40000066833604	4.822567327440382	
0.1040077285115423	0.15523086199426545	0.3641180277496617	0.6936112394189139	1.9419893177795988	2.9680006569055064	4.417933750764398	
0.09796537128008548	0.12336875406660663	0.33645559283517	0.6442883798074901	2.532961110108783	3.2785097718073533	4.196031788248337	
0.10724845397624382	0.15210605836815527	0.35660347227332473	0.6749890774526983	2.112030636281854	3.64389037253667	5.516027835397735	
0.10787953773228508	0.12960680786302062	0.3722316448793159	0.5544817901815704	2.148203252265921	3.449157964464681	4.653995953337208	
0.10829775705610345	0.15711895426946035	0.3925825215505725	0.5164546183250334	2.47300927930272	2.9972259293593617	4.7556338208462545	
0.10892481493079385	0.13911852927474236	0.3538572816951537	0.5491465271031397	2.189070343492058	3.03140021443353	3.878140328483204	
0.09505105766176075	0.18731210204083468	0.4439758005422925	0.5936724865763838	2.407414022881882	2.928643085650539	5.346422258643208	
0.0893270449285576	0.16386127720799823	0.36520391702672483	0.5138166248409269	1.8330402658155893	3.1763787906724463	4.343629281078879	
0.1082797885950506	0.14721948032775387	0.4212121254471409	0.6596568631066069	2.0644260795703366	3.880923705257843	4.212739142674162	
0.10312421001032256	0.14859482580563155	0.3416253267434243	0.5553803093210068	2.0147242348541514	3.0864759926820238	5.282100797648152	
0.10353878797868779	0.1903627578155052	0.37754314469081235	0.5290155986018028	1.9087929332235245	3.2793065634611915	5.003682024137458	
0.11121041223390123	0.13926844406166317	0.35189017559884234	0.6001095947462932	2.4284261353372902	3.2852836196345323	4.775879568090654	
0.09452042021403519	0.14068585583794357	0.4106068580424526	0.5150743058630125	2.419313332786944	3.6889458822884724	4.275885909565613	
0.08877063648719552	0.15542288142577954	0.3496440843123461	0.6669977310306229	2.1055309374897186	3.3669140718922597	4.395152006335088	
0.10438792277356815	0.14082311919423982	0.4087799245045308	0.6194300019426896	1.9097010378458537	2.9711229350977524	4.068049377220487	
0.10415944072214603	0.18188960526548695	0.3416639349628321	0.5640994056129691	2.4727496350344698	3.541616550303912	5.084026327794165	
0.09487111279110315	0.16659819408372745	0.464561424599604	0.651756473987028	2.4031261726154574	2.6665130051277903	5.423351468003875	
0.10732479714299503	0.15694254053975704	0.3997775900218457	0.588583397104037	2.123715437498679	3.613202600398081	5.242463822262458	
0.07422672463167981	0.14081529430183645	0.4043873378787566	0.6367451239525884	1.993885001548815	3.5817936649450757	3.823326080276406	
0.0882497348146132	0.14890128383706447	0.3758627854035712	0.6229661980959271	2.265530654199737	3.176647676382624	5.033677776875927	
0.09538448821954992	0.1611209142108397	0.3438102632370739	0.5412323347597673	2.1262126136483346	2.738320689565141	4.363410048665539	
0.10917541690364407	0.14025888345336202	0.38832341407212906	0.6661040040109444	2.2310288039473125	3.499396663353718	4.804661631420747	
0.09553454757281499	0.14762596484891702	0.34195840349538603	0.6527926667193461	1.616233960901062	3.0724361962114526	4.660928033897178	
0.09682341215592993	0.1768549962375539	0.4109940214183032	0.5633473168488622	2.4607924252598368	3.248736727005756	4.813966616969857	
0.09513390305188883	0.16137393807490782	0.42596279801290227	0.6750178342842597	1.8652948780752816	3.18576806758382	4.631348367699466	
0.09093515096342977	0.14585222390874822	0.3303314991841674	0.7010406233391047	2.1175107506400552	3.291488157830115	4.31759963030641	
0.09171138056013729	0.1675647777522686	0.3404103387295677	0.6569238286265072	1.6889414890977665	2.7511693329143365	4.637155532040294	
0.09603606983188258	0.17896450561669372	0.4499213119800233	0.6279912340457475	1.9855531154200963	3.4103464884531536	4.663174876006789	
0.10256851005924716	0.12009402025799126	0.46787637753465516	0.6139894779554754	2.2454359183330346	2.9923822767631894	4.140993916045804	
0.10200877868674599	0.13893392846448466	0.3597327904295441	0.6002360326887063	2.0794711629989004	3.471262755637471	4.740758695446412	
0.09676772031692049	0.13090399070151398	0.4440843493429181	0.6002552805687185	1.5704724490621331	2.983008843685511	4.473284957303674	
0.10894249003778418	0.1544373387823733	0.3373113857627254	0.6810320300925069	1.7831167657231926	3.3275949830235074	4.172762311666696	
0.1174966373784258	0.17213932781207505	0.4210993169187712	0.5926154278485478	2.2346511567196825	3.1425775866259364	4.379082315889477	
0.0934410078048753	0.17662260673221808	0.4054633603949869	0.5473037234458423	2.287018427243151	3.1964301899875887	4.646763469986535	
0.09460321021631485	0.16702516745779292	0.3851522501950934	0.6564146566186974	2.0739217188546015	2.8556476976891956	4.1785038776871914	
0.10503252694461714	0.13267169242895493	0.3708452025293207	0.5867573367345097	2.247000358074771	2.948153757433858	4.634250817832838	
0.10274202522597205	0.1391294731870718	0.4246360467727608	0.6099564596402848	2.0576937672628284	3.424371984920222	4.813254649977631	
0.10322375648806222	0.1659086877908055	0.39008742890245107	0.6747307516864864	1.9184314001297487	3.2672776701558024	4.314052318243088	
0.10105488781537937	0.17503983408191126	0.35754422895010957	0.6167488383303765	1.8935340634170372	3.8029406201986142	4.5113011556640785	
0.0975481867586027	0.16846423007293976	0.3783153331489958	0.6505780601563997	2.222978791592567	3.3974527392017846	5.646067982675033	
0.10189395486170241	0.15850074316753554	0.3172534560681406	0.5002801092179706	2.1255694885617356	2.9809386893628225	4.138364217538326	
0.09265811061869095	0.17751867957587733	0.3993341409334491	0.6661386241378665	2.58120678677506	3.037929167795411	5.183298650188478	
0.08472755655875007	0.16939075322420813	0.36537722148965673	0.5953792784263952	2.434040082295416	3.366493793202257	4.729012579123539	
0.09219172924142856	0.1548413550494029	0.37887882868469647	0.5822079649232574	2.2041087781127193	3.0578377330797566	4.928756246351585	
0.10590241600724659	0.1474658749319882	0.3475752347246715	0.5886922967571032	2.0308412478240667	3.69262567139075	4.479099399176863	
0.10814079812046978	0.15234487788880474	0.36292337389195883	0.6738701817303326	1.8063874118740988	3.439999965714889	4.628753295099964	
0.10578510594743262	0.14626693579630448	0.2982320767606976	0.6047312253475442	2.20933702465743	3.6036849775582156	4.52166390936989	
0.09127171252369906	0.16296093146992785	0.35409547456154755	0.610648787545591	2.0139190741046016	3.3807380238433566	4.772274949422055	
0.09754647158132981	0.174599799979151	0.42658025155424517	0.6279747303009815	2.0057416939416752	3.5210918718808886	4.615912367015138	
0.09443740695407678	0.17044709942134859	0.382070854717885	0.6225932371104311	2.303374391189471	3.115875450665853	4.360386859259689	
0.11965193192511073	0.1599849062480972	0.3791182895190723	0.5094445435401486	1.8506058193287354	3.4334240487689	4.428120568835444	
0.10396963942564784	0.15154331565717896	0.40917872008974815	0.6332372804142722	2.5565344865976325	3.3274095380143063	4.304837431906333	
0.0978421331826083	0.14830879500094055	0.3524397038032309	0.5958912335676992	2.219978180283844	3.1982654683676457	4.576021144322106	
0.07613986477522275	0.15294051620297694	0.35093303969469425	0.6563143875015823	2.026187548643542	3.6376635722582558	4.107310924741189	
0.08191889901903558	0.14939915916706226	0.4088705784013905	0.6036316122833953	2.5860117491325707	2.9532903348522455	4.864763005847869	
0.11072666826508999	0.16044555009915168	0.3498911983939322	0.6176787960919096	2.211675389005739	2.9458932408246654	3.9509118510572994	
0.10739563961551238	0.16003318280248752	0.37419737605143844	0.6323640908682189	2.351700603906885	4.027847950922666	4.905320032306711	
0.10418477356267426	0.13546010164443184	0.352517699477959	0.5301916749197717	2.186569659895524	3.0707173189594696	5.120383882561988	
0.10341118730527872	0.18081139424739648	0.3745807217325235	0.5934387253371198	2.2708998883720604	3.443327032087771	2.982132315183283	
0.08365079566841077	0.15375130055167283	0.3585705786657166	0.5187062741042788	2.2022957009692776	3.33954701624088	4.421277145250161	
0.09920333767814331	0.13762440174750876	0.3717541821346612	0.6477227723454486	1.9713210962344996	3.2235420874406318	4.212976904134344	
0.0968048197176837	0.12968270146953226	0.38694687013402657	0.613319478796058	1.9069787439769317	3.1550406140548035	4.493561439343585	
0.10578925304004023	0.14342306193526258	0.3567073818751709	0.570832085961932	2.270102583318867	3.1589059639170958	4.235718808295923	
0.09364357993972577	0.1718785003315309	0.40253575580127526	0.6021107745361914	2.1799771655903566	3.4360702529717417	3.485868218444201	
0.0878129166136401	0.14309291413257988	0.3774183990273115	0.5308452912349821	2.3918738660444734	3.6109852847372252	4.206221336526138	
0.10680132082934579	0.16325079639730847	0.3366183205869484	0.6308113482653882	2.636731776448558	3.5727605294916964	4.56080812436851	
0.10346859312168047	0.1510958066485152	0.38301312157752293	0.558553014017393	2.434133087518547	3.3589437497080112	4.721296725041245	
0.09333555113243949	0.1563154463476652	0.4218640710883912	0.5290050058047805	2.2409972775635776	3.0732999131405103	4.143609305730866	
0.10083740312645094	0.13302763778883142	0.3604739244002172	0.5786081973075675	2.275134822305975	3.666242056628731	4.874625880341363	
0.12172530706773109	0.1659890508578425	0.37240254382475163	0.4796950457563183	2.341815608814651	3.075913580629059	4.289408233911207	
0.09175066331055087	0.12130553049157641	0.38240058226067625	0.6120242408790729	2.18415434259878	3.6818340722287126	3.4391594900835196	
