4	90
0	1	1	0	1	0	0	1	0	0	
0.14067789337028325	0.39418254338446473	0.8915905320559244	3.1330383098941277	
0.18829181480128412	0.35710539159615073	0.9503203838190462	3.284369564038433	
0.15381025573764304	0.3568818212373809	1.0012742070297833	3.6360034253648226	
0.15099626546239905	0.4242983506217146	0.9802347280223034	3.30443999517708	
0.13446654001318306	0.3753154880561447	1.0225649623597737	3.1241331019290244	
0.15118041961284953	0.3391221008701909	0.9645517188829651	3.400681022915296	
0.18515661218515286	0.3888503081407633	0.9580779917182428	3.200096414584571	
0.14870357675462384	0.368546550795423	1.0564303262689316	3.08239854950355	
0.167230886668455	0.3766973672573618	0.8521707505903942	3.067988231230652	
0.13963733126456848	0.35969162234178625	0.8176980378795744	3.0072733049597646	
0.11281082303784713	0.38402131815238594	0.8779207363665021	3.178084024439557	
0.13764623039361468	0.4316346013699318	0.7548964376351495	3.5539078106370505	
0.12642889764799795	0.3517639657688606	0.9639661453161148	3.883729763796944	
0.16168421803079078	0.2818904551890183	0.9623376824481545	2.9873303838812917	
0.18596860483872885	0.39180070214675666	1.0186275891935757	2.9665635502184426	
0.13599708494399482	0.3781141839128659	0.8601115565069198	3.356892857888553	
0.14328770082582098	0.3789699399595305	1.0200473201301683	3.26021137645268	
0.1459815264356224	0.3530562181281574	0.8810577648888314	3.4798049002231566	
0.14792530573029825	0.3435800742443951	0.8929331452212276	3.519758626553816	
0.1452032502929924	0.28235036692790916	1.0141655594266026	3.1702871294195507	
0.16191438580858222	0.3644677390204615	0.974572777097744	3.4359873494964943	
0.1389364284014918	0.32937618434991983	0.8235159181351019	3.316082480026121	
0.14771867105392725	0.3792478262053353	0.9697089955638591	3.144685824526674	
0.14319985261694076	0.3486668004968957	0.9647878484196097	3.802377391570302	
0.1424610954662609	0.396981351208042	1.052774144232227	3.0302541223732162	
0.17632516529503756	0.34461024818811753	0.9815696412582021	2.8889926402847506	
0.15788419885049948	0.3550634558788053	0.7155881275979475	3.70333094182088	
0.15310336888166573	0.3595437605891867	0.9082472948101065	3.1877088277842236	
0.14464418782558103	0.36519955456805525	0.917051105732583	3.896326618707066	
0.11580791088459308	0.3034938812137337	0.9717476935158703	2.4102710586400184	
0.14249485119438057	0.35018390852942094	0.9263879892069271	3.046415604023585	
0.14777737570622765	0.35037211761984827	0.8130456105711954	3.163524902239535	
0.15766356859655534	0.40394174465109894	0.9467704297327534	3.6644334588583334	
0.1512864623540721	0.411262537577001	0.9054452938035784	3.398577799027931	
0.1793886809831285	0.38675680831517906	1.0413435135366547	3.253267569435751	
0.13118845526883868	0.3860087449235739	0.9796929637312933	3.526011217403167	
0.1397802966918672	0.5231148429008887	1.0304163979541314	3.658386399390569	
0.1631942266763341	0.3480579128678743	0.8910786395690234	3.4328902946766973	
0.12232131615798726	0.3619644007053239	0.8831023779063235	3.447016162494718	
0.1351003730962609	0.4564027299790057	1.2299540270960965	3.3907957949942023	
0.16865979448973897	0.3988612727638067	0.8797366882173919	2.945255615192069	
0.15514150514527983	0.3543605346839303	1.024247527776362	3.0409769782611042	
0.15330761007037	0.3474213201740451	0.8439307773153274	3.7193663651258326	
0.1430801290684415	0.36457595459803305	0.8698702422120168	3.0866927271232747	
0.1483928051455155	0.30308099617796985	1.0056189010591638	3.3782104237859136	
0.16315627214552594	0.429212381972799	0.9435726951693283	3.2837277977479173	
0.15895295493418715	0.32998285886964784	0.8966894302207342	3.5681516236005173	
0.1629559669121747	0.46356343682257306	0.9228997675191376	3.6454175220456104	
0.14911520569242792	0.3381815285866485	0.9464371594205868	3.1787335811578687	
0.14368267471497162	0.3391745469961859	0.9059451706565562	2.977205373619755	
0.17976578232925025	0.4144687728211312	0.8213296230234768	3.0560192656810843	
0.14407537074288387	0.37208350567306775	0.8520994544881866	3.2140401533740004	
0.16522608085656856	0.3659804328158654	0.8191476751716603	2.594445474344051	
0.12060392915608813	0.39081431734159566	0.9417699919900842	3.1842971014299937	
0.1412703168752185	0.3638601558385133	0.954104631896209	3.0571967330399414	
0.15073372158814413	0.37039321767640876	0.9391552501736847	2.5409378859622245	
0.16214554827506178	0.3905653603703645	0.8858692574769066	3.1472430698068217	
0.15790723175227675	0.3750946984365733	0.9862927792753019	3.2867895770419606	
0.16395667177096346	0.34330189234633046	0.9417713895631252	2.6711990912922365	
0.13552390758471855	0.3285462936528437	0.9152624663924319	3.1405465522915037	
0.14083485280230668	0.3292259801502548	0.7748788724629597	2.88036903982259	
0.16306804124254076	0.3810901903266741	0.8437285971117329	3.2183005771580664	
0.15387567618687442	0.38391698475682723	0.8795338798252718	3.074735683012294	
0.1429519865176063	0.4259294306701467	0.9850996803090344	3.6691389468282605	
0.15174864504486973	0.342473200241012	1.0504149852931097	3.1428256148617133	
0.13329041762506383	0.3432661860278375	0.9941242134025988	3.294773060251216	
0.13909842624045496	0.3520924050215836	1.1812009071089304	3.3956940127485127	
0.1472629466581079	0.39712136231089495	0.7529631676796497	2.9373603209755914	
0.13780264912746287	0.4300717492882084	0.7458533772117267	2.942487592076978	
0.15061485035772798	0.36248853874233405	0.8387242281230496	3.158943373772887	
0.17437327759707116	0.41282279069159206	0.7760946034283978	3.275236189032903	
0.12348725305155524	0.3902257264570311	1.0155521785625314	2.804872485985419	
0.15564304851161348	0.43759601631630146	0.7268807973863264	3.282517927856827	
0.15216544697549558	0.375942020474541	0.8317676857676863	3.345424586355157	
0.14395199991439234	0.3892727648120708	0.8629790475629695	3.2604901909936364	
0.18979397501213818	0.32126410945792366	0.6604232187846065	3.292856102277829	
0.14514415285208276	0.3722873926947839	0.8332583567840773	3.3736890614410275	
0.17137236093391597	0.3526213552389044	1.02014534382813	3.340001736356876	
0.15622437767886113	0.3864870577606451	0.8882703249048586	3.4666882964822134	
0.14161995878857925	0.41721351748283614	1.035835112004899	3.1846208812769783	
0.1340729706608732	0.379210717306709	1.033976119860544	3.087717306067495	
0.15196441939498226	0.37104664584216535	0.8940443157737016	3.7864768728601104	
0.16378943858465367	0.3499714163267727	0.7410335471640991	3.401325375919998	
0.13731507413323676	0.38943452524418837	0.9085837788216365	3.6645497483167664	
0.14750122521996986	0.38814773612304904	1.1332646504579074	3.6330301149025566	
0.1233275048857031	0.3692173700034555	0.8792099206993736	3.437778907608279	
0.14150669766878435	0.32129113015381633	0.9400169233127915	3.5607388934211572	
0.14773530793871315	0.3716158353719554	0.9215858987810206	3.0022726259984456	
0.14653913811148744	0.3686830126671241	0.9859805101623578	3.6367957228268364	
0.16116030671033274	0.36374054228410485	0.7563920890448216	3.1756046188765636	
