4	60
0	0	0	1	0	1	1	1	0	0	
0.5292742687679393	1.406007027180608	2.3264732341682968	2.9178989562868582	
0.6075591086891463	1.3529211677353215	1.9971280371259705	3.022729726564282	
0.5194238559941796	1.1116288656476936	1.9434575649482586	3.3828342393657325	
0.5409692525857042	1.3650712600180241	1.8532923985061114	3.294219165248772	
0.7040864518480301	1.5103606457455467	2.093759743606862	3.382798364247898	
0.6707372405195655	1.5730897429268254	2.3918372064556146	3.3282705861943636	
0.7069597844388978	1.3791633716883895	2.4607990596187173	3.4804530298908842	
0.5608662634097517	1.1826663996733746	2.1937621637462215	2.72353491893624	
0.6129601975693141	1.290820832785559	2.3222892950548384	2.8174991535951217	
0.7146893765225418	1.4686282729659854	1.7794437406362997	3.50071530681116	
0.5034475886798072	1.5137557829926256	1.973946470029358	3.9860617123240134	
0.5957633545415144	1.121160940159759	2.1104724702650186	2.926798239396807	
0.6872310960974646	1.4752242188708815	2.0580415958896467	3.3859190680644353	
0.6517650298021819	1.542925145512356	1.6689473718250998	3.693478148457778	
0.49045441691378633	1.5857160197364835	2.021096431728643	3.139010645196401	
0.5828406327452688	1.444335273770292	2.421638650832734	3.6721778174707245	
0.6113703248938622	1.5492133657110916	2.1010302408759243	3.1358692075001087	
0.6518720839540278	1.578703139249864	2.0229238533268825	3.779668785557129	
0.6793248733480745	1.1772845355489847	1.968542873925597	3.0435833033002506	
0.5780325931673425	1.2745130738512098	2.116092734259629	3.317981589471195	
0.70363389878273	1.583869707968745	2.6602765980913707	2.8286177413215485	
0.6078170004011537	1.409671247893098	2.1229367485328803	3.0630473125061584	
0.5733312586344516	1.3731373362847683	2.3076037384088086	3.356818357116361	
0.559410078873492	1.564316302250852	1.8159660877981156	3.5142043633458604	
0.6298282325711236	1.2855402297537555	2.197025079129555	2.906596436405129	
0.6273472634329519	1.201978057687107	2.2507495049899897	2.5668798776370143	
0.6282053445307227	1.2572149001209239	2.1932007604434203	3.5670894191211455	
0.5284711061427767	1.056330077371023	1.8431729171563689	3.082485286475761	
0.5266924526829871	1.162320624398057	1.9103919970230747	3.6266679567636357	
0.6870360449172755	1.222061430794416	2.258715944909431	3.3892476993775538	
0.5413969745305528	1.7568776294865345	2.113706128024145	3.268850387013349	
0.49094515944792244	1.5122468402384568	1.7519376487872282	3.304471823957318	
0.5663789539763109	1.3306764672552058	1.9974944236421701	3.6995050871039767	
0.6561030248459266	1.5495343938522022	2.1356508150537405	2.945304138092679	
0.5643716507486736	1.3316894673679154	2.220140398809023	3.352620150061465	
0.6007372145723591	1.5646250704964024	2.0912531064682245	3.404762416885456	
0.524375003217526	1.7071012026769683	2.3596400636878307	2.9939272875354335	
0.6535715356679248	1.5507918571724817	1.7882949119780651	3.5803147274747382	
0.536567755505278	1.5169327787017743	2.5312202054821693	3.36739803536034	
0.7834590654719858	1.5464072271855236	2.1261487368579814	3.199584889336437	
0.6239430831208795	1.4239126348459983	1.782631643438989	3.1276059967411656	
0.5518374189008078	1.546540344451225	1.991128346830962	3.3883004307387683	
0.6073480271165143	1.3861580431349116	2.0113648267275317	3.2788936891153146	
0.6041944278635903	1.320281765662482	2.0944798101108164	3.1556916153587347	
0.6290664150272833	1.4335761924869672	2.197730760456255	3.2810811755767992	
0.577948912957149	1.3549950128386712	2.4216502076847	2.9918398217750974	
0.7003329806818159	1.6729039717244432	2.0074718497801523	3.4369288306797587	
0.6334271635483039	1.5378264063981137	2.2422139938436807	2.935912126706325	
0.687805701040735	1.6704516385023875	2.0357174393023296	3.0093353649648846	
0.4784248246455475	1.4992542749628273	2.0980232544697515	2.8682470340370037	
0.6097513595394181	1.311288854394134	2.2452287314515216	3.0262952763604005	
0.5515605925288113	1.4429033605266222	2.070502304358824	2.77945081480108	
0.6702785442171516	1.3757141109801854	2.3348914735989594	3.3423243587569935	
0.4869610982096432	1.5046038935979626	2.0670703404588795	3.1756048797731355	
0.7318852718233294	1.4984953120973685	2.1186075357507037	3.1121716034824476	
0.7173840957506877	1.42876121847397	2.370007533198909	3.3617394679411143	
0.6096501194210958	1.576209321078544	2.2025224690151117	3.2438847823302743	
0.6311448739159374	1.2665345527845953	2.2490845469075493	3.2893464159038373	
0.5701000055757538	1.4807470799639524	2.0154112760849463	2.973952828393254	
0.6686689173887405	1.546632218406253	2.3261220886984715	3.6637678541928427	
