4	96
1	0	0	0	1	1	0	1	0	0	
0.1085284059199277	0.996327702654652	1.4337443961896004	3.7505434963263893	
0.11047819466718367	1.046663840887688	1.338759761586667	3.3004956089727906	
0.09597286135338347	0.9768042732950597	1.3101418353047056	3.078362839384113	
0.11118706271386736	0.954956355176895	1.3823423504055918	3.2147512967499456	
0.10806820735415604	0.900665137173241	1.4978310444772343	3.9946424579709223	
0.10197847619023481	0.825251104258948	1.5617947766964615	3.104147405605327	
0.08346238699225472	0.7014663124584115	1.4673887378456	3.604342883491264	
0.10503108672176618	1.0058361100568542	1.527168700456623	3.3024390705580453	
0.10709426893898483	0.9951318008579207	1.465022129398027	3.583574675927805	
0.10753272597055646	0.9665817505707067	1.2962440667749415	2.9268732074673625	
0.09036490820100403	1.0244673029633986	1.5840853141142555	3.168868000191611	
0.10492307775127008	0.9094979772838412	1.2883906233857016	3.4022494235137635	
0.09341714383339855	0.8029260776607012	1.450643305740949	3.5396660919846377	
0.10114733968190318	0.9024627884195803	1.3806973237045481	3.1585767991982365	
0.11112382946753785	0.885053321422216	1.4233150007799664	2.9399795817071777	
0.0910541401459416	0.8960515994627911	1.4523834420308381	2.8129137794349295	
0.09199521691824471	0.8536369663219557	1.2709808761638328	3.370210602026216	
0.08647293724000166	0.880110718262054	1.20790466492919	3.021349239273227	
0.08696390091878575	0.9949881327903111	1.3824231044247342	3.1771789267449084	
0.10085846367223157	0.9205939056692427	1.3456138207158899	3.3760129773080356	
0.09685247703637057	1.0845891068045759	1.4072970559020155	2.585056789182399	
0.09434380424122875	0.8739971329610998	1.6832417899315688	3.3109934535118026	
0.09125271916667262	0.776530561009714	1.3931265371867336	3.6813033745744135	
0.09801867693533162	1.0276292079209053	1.3739729232950677	3.132343244875068	
0.10205620797651214	1.0654124202374171	1.6566073697941661	3.8048871474713	
0.09528394681056368	0.9336394635465403	1.5900905226001545	2.586121693148055	
0.0975589344761335	0.9701099940468901	1.449372815052819	2.8862378778310704	
0.11107423359065166	0.8247399617223418	1.6840669560520718	3.7367250386880997	
0.10417411775654371	0.9359082464080918	1.5035548952552984	4.006203431947981	
0.09658317260872216	0.970322379689795	1.51346790350933	3.6701510167993288	
0.10230293692926665	0.8626992250409219	1.516254616223094	3.046486722641343	
0.11220866621287891	1.0166577602228295	1.1358075813746038	2.91391962313838	
0.10133688146214373	0.9239616828790911	1.4012663169073711	2.9471045575279975	
0.10463002463415148	1.0506558541571136	1.4563227703176904	3.348300250050099	
0.11313748117097329	0.934638349421596	1.4615306585119188	3.4938016606831908	
0.10751924640090359	0.8427408901266463	1.4359114958919317	2.9775937571262534	
0.10842481349670481	0.8723152883108977	1.352582686346936	3.326666767987738	
0.11302164322018599	0.8686276263863887	1.4900008052789124	3.2015509841680956	
0.1136990078878659	0.6796321557990614	1.4055877602596094	3.475875529782799	
0.0978626367330102	0.8698388807987876	1.229151208389912	3.2459447704234123	
0.09390268227990864	0.9169231344641279	1.450644498141826	3.4320316777453073	
0.08159849899557517	0.9272435940131565	1.3063578923718997	4.044009074202558	
0.09640761374571966	1.0973896432420442	1.2245923019254024	2.582222369572316	
0.10059461907807783	1.0339673591148122	1.421341234019738	2.9929804430109903	
0.09384157163981502	0.9995300273740035	1.2922862665274573	3.507203705683709	
0.10168257972064434	1.1282808798949038	1.7100292946939335	3.179032368062005	
0.11975237109474862	0.9105856483903866	1.4113989086078083	3.3430132794645866	
0.1003704129029635	0.8872863272047591	1.4627009033078573	2.666963173815454	
0.11142113672963234	1.1093047734042012	1.2514696101211007	3.7637943464098194	
0.07182099012327502	1.0835757160557224	1.4195753844252195	2.7318119121910525	
0.09613931353771842	1.0057525439360178	1.3101574514263659	3.3460214319532824	
0.10873009212098546	0.8791962059591008	1.396789803602043	3.4978637395325625	
0.09889511494830827	0.8105601971265625	1.4302423522877936	2.321263139366274	
0.08237191921959842	1.0470399578084153	1.4670376236327654	3.8180688473030635	
0.10282045710993759	0.8246359095944872	1.4566691362326316	3.0767665592907907	
0.10253390715445379	0.9330566868019818	1.2988713122379238	3.1947789218469773	
0.10593623273870473	1.0487593975968237	1.4081270326500406	2.997923935001695	
0.09833267583945723	0.8769626751133235	1.7131160260341378	3.2933074516163905	
0.10401537006925217	0.9109839360816617	0.9554232024449938	3.1935955650483914	
0.1028393983830765	0.8436433366658548	1.5135020573370095	3.190266409328041	
0.09788452941064808	1.0188171472983683	1.4441901399633013	3.711261455026673	
0.11877444978146312	0.9149663603249816	1.505505435456913	3.6314966578801666	
0.09692649887307789	0.9610209263409749	1.2051570133194194	2.8479650024347762	
0.09528554842855137	1.0471446312007497	1.515445813065195	3.1517797039513904	
0.11103470234827824	1.053243108855976	1.5267603936817726	3.137145666652188	
0.0957468727965704	0.9605544275599718	1.4066888422421846	3.479018678044287	
0.09424772858693153	0.9891011547759978	1.3760577970821737	3.3193102476023997	
0.09940397790521878	0.8366060073410752	1.1597953185303351	2.7189974100134555	
0.09898736057384519	0.9982292222412519	1.529459151433678	2.740267502400742	
0.10260407335814924	0.9669189049881773	1.3820577172071564	3.6140092109669313	
0.11156015431705256	0.8335859755587393	1.2146825050283718	3.0665783491767664	
0.10025448745423804	0.9207705180249296	1.4913468212883614	3.322652489822156	
0.1057663915728032	0.8727893808228295	1.4071883950603894	3.3456685894690867	
0.11693934225749827	1.0881524370465492	1.4455945102965853	2.5590487932349544	
0.10848096592369279	0.765038126252395	1.0634399147919567	3.527726044695222	
0.10244281173970021	0.8184362545249353	1.486451712675672	3.0139531927083305	
0.10752599413821179	1.1262252054311128	1.2988759162999755	2.506571607393761	
0.08482620340968021	0.9439568416275731	1.5486367671011543	3.1035876729763703	
0.08652265197750603	0.7753764759310736	1.6203588700714762	2.708346377714226	
0.07699082330813288	0.7931598773360674	1.4156669474112207	3.7339779253498833	
0.0965246803127785	0.8998897063175131	1.493274999189989	2.913709668765771	
0.09729401969146424	0.7972451338694652	1.7010041580681934	3.4076929020816316	
0.10072661216830087	0.8088625553843137	1.4215976724249997	3.4181006790892408	
0.10034244153162789	0.9308002641722148	1.2238922594294668	2.436927692667313	
0.09234056197377649	1.0531919237135168	1.4230596648558043	3.7994989568945416	
0.09245215972384051	0.8969283049639151	1.4311711341651907	3.2616459052403353	
0.09616061742468712	1.0382139053735964	1.3572883669883624	3.102188086977035	
0.09404903083845972	1.0360360624893632	1.4925101761041133	2.640303740945481	
0.08522081776500544	0.9684023769045713	1.5297364196666323	2.857460016577051	
0.0875670869131841	0.8910371111520599	1.65575665550203	3.0532392578148926	
0.07369107344742967	0.9986587822567643	1.2517474661883752	2.566013675621852	
0.09509253639286351	0.9139293588941034	1.300190086993139	3.483438341242258	
0.10822718829281948	0.9647089959869857	1.5765267486780132	3.50879975266744	
0.11022231714730855	0.8680213615639681	1.5102582915032388	2.9612256736740936	
0.10549446212309077	0.8039971017252346	1.6413827584883645	2.6926643696801436	
0.10527988777850478	0.99660969424032	1.6196474633348816	3.3328938391437877	
