9	57
1	1	1	1	1	1	1	1	0	1	
0.07198621998089252	0.14059583722376168	0.34999959217555643	0.5990091906386316	0.9729549316117042	1.3981816904153685	2.054840131808384	3.370773011887977	6.596926924727656	
0.09147059961362436	0.13054510799335184	0.45808869260748386	0.6875443750031252	0.9234159499736116	1.6142937087678717	2.602031152167988	2.7538206043146976	5.380214521534372	
0.1040340974649682	0.15334552334527882	0.3791369548269733	0.57291330975653	0.7718575814497283	1.505262247707381	1.942701112608754	3.480666828587882	5.8811857717809435	
0.09958106645391519	0.15622639934885282	0.36355498923369217	0.5443990254397996	0.9356763091991487	1.6165805111991685	2.0149498089166156	2.916452072092484	5.896330451962027	
0.09064826194172154	0.15088468151498027	0.3716001966850553	0.4999764596260202	0.9993656718212272	1.2780563265614888	1.870553389909254	3.5726175967984872	4.949166818224083	
0.08676616360167137	0.14591107446561852	0.3757726024572858	0.6981433119342241	0.8910308083876158	1.3453782748514784	2.411812933096058	2.7477220345785724	5.317248775960227	
0.10717513827389435	0.13594121468248002	0.3719227911747555	0.6537533037350126	0.9216414713712566	1.6883365307254805	2.1574227402526267	2.8965838211708004	6.524102892555977	
0.08797810552394911	0.17880812625745754	0.35907389519380156	0.6962513777731697	0.9192959774113753	1.286113173012093	2.3260280129672064	3.8812382568562476	6.608838611808238	
0.09183651509722367	0.1592914529160376	0.27050254859353273	0.6778563024193326	0.9557901194574955	1.1885404977780423	2.1842412588500277	3.3286923869059026	7.00572758387454	
0.10422380605745102	0.16028632536355739	0.4137642882425109	0.622517982079077	0.9754431595754417	1.4408037592819114	2.4284136306847763	2.5206017365133793	6.028793370568049	
0.11927730508758115	0.1490092063715197	0.340295034758123	0.5572050189658988	1.0418266915397065	1.5350715829230257	2.4501136087990263	3.8702431316278867	6.237051286734965	
0.10417863604987182	0.12601605957898823	0.3768484479016358	0.551298796038991	0.7583864566205744	1.4799999363632832	1.9127783630320598	3.3982109902722826	5.480237886089068	
0.11211645201837467	0.1534557429350805	0.41110326642390566	0.5876696596156118	0.9749304815579861	1.4207316206755762	2.1674722022487276	3.419985967484518	5.291500038289801	
0.10726934886074298	0.13577741111979494	0.3183942913978732	0.6991631761754592	0.8658105978732904	1.8030124439993627	2.2969799691839428	3.712386044329895	5.61092367699548	
0.08664201604631311	0.13221148355003107	0.42271758742072374	0.5786305111839137	0.9083206792506947	1.2168726597339048	2.0090045645661796	3.1832604243994527	5.983447569903686	
0.10334851346912927	0.14224119604937163	0.3519587033684813	0.6941242592100465	0.8376290307258956	1.295880743946471	2.302857772330868	2.572598777312469	5.5753640599602186	
0.10826675192843203	0.18198194652538655	0.32714220255730864	0.586523158643846	0.9004239694746269	1.3454935388914382	2.1840855170323143	3.032786543458588	5.727309275645084	
0.10807719635039306	0.13616867866104193	0.3925768142185255	0.6445811318029822	0.8257912329923445	1.6255766609732873	2.355160094953603	2.788669849184186	7.145466813355732	
0.12001423596998416	0.14419686052147687	0.3697372523989388	0.5759772294078557	0.9340048526801918	1.2673292316336506	2.083199403846938	3.306345661936621	4.925069790701157	
0.11048282463113708	0.12389562850645963	0.3773319216714335	0.5913281869008439	1.0326362191986367	1.4919863454208522	2.041577680474903	3.2178431049133596	6.9907238025125045	
0.10708510444490381	0.17307797001732042	0.4065508437516012	0.6685965908957568	1.0979251070445888	1.657140731940536	2.13639070895054	3.134809837035959	5.047015647653689	
0.100520991916058	0.12986875884602087	0.3264269390844925	0.6263370292966869	0.9181626813539069	1.186064863464615	2.3224755008944684	3.520437630093655	5.718909216642748	
0.10978142432867706	0.15592367910739433	0.40592500376678387	0.6141789338971917	1.0341755919272977	1.3842796846302636	2.2614270517233175	2.927865084663002	6.2451853069784535	
0.07771130418998226	0.15665829026498096	0.4419018339407982	0.6315056650664413	0.9192163242381094	1.4151942791546948	2.494681150430092	3.430998296842567	5.828057313449138	
0.10630743959128863	0.14992456474085367	0.40791741538291665	0.5690222181179048	0.8917465913484678	1.3404137206425049	2.073911021528606	3.012256914432463	6.962495786663281	
0.11094039084374392	0.1256145851896147	0.3034425859555569	0.6031267643452586	0.8499751395148214	1.2689546590777	2.643577354805774	3.1008849471314073	5.304622875533405	
0.08685121056148884	0.17833086429390685	0.3649644580266415	0.6289907411317371	0.968412729869411	1.390763451316545	2.6050044222872297	3.1059231794445865	5.131707262361919	
0.08557515638792433	0.15212412077634424	0.42898492717625597	0.6098215353886101	0.8026512753101678	1.396880353214138	1.896804596223086	3.0479059954148022	5.467165750537168	
0.08985716860609698	0.13891755062247227	0.3536682868327095	0.5715141923846938	0.8753040911579724	1.6075497149893143	1.898957856486085	2.7115760711436647	6.177326820710384	
0.09978486256191015	0.1299085106276442	0.4487639491647978	0.6094535003141051	1.0467545276033805	1.4333048318999972	2.430356842264431	3.84349268784123	5.175045215380106	
0.0883149771022144	0.1448681365793095	0.38107408439779233	0.6534284057357649	0.9480016824539336	1.4467819767294514	2.172231437551907	3.5997593040081015	5.77688661132783	
0.11207712836189783	0.1541431557149154	0.37923215042958963	0.530322148064871	0.9631273925906685	1.3749738004301135	2.1653505766265453	3.068838201095617	6.5832912429816846	
0.1120468593776032	0.1390848655165622	0.3826401513458679	0.5419898590839365	0.8560564253958265	1.3929485335221141	2.3476332330553076	2.7803109360171874	5.5035668969022336	
0.10361169166557788	0.13116794813771282	0.424596761118591	0.6545146982993397	0.9846976955530696	1.4374975919590034	1.9244255969429143	2.837861291600443	5.361065436479829	
0.10451217707315781	0.1366725018634735	0.3820419861907541	0.48435457598968795	0.9335256289934497	1.404793056290331	2.054646220007058	3.308369238036563	7.084805474814312	
0.10274438254749788	0.1418988536273162	0.33759846581937447	0.5552920393602805	0.9180870086562525	1.4734149246470822	2.069625275193247	2.9136483200505987	5.104314188782435	
0.09866890279236418	0.13893035479331067	0.3887197501254036	0.5677525923812474	0.8096960996370322	1.287759523438165	2.439619716538599	3.595250739774701	6.721733957500469	
0.10578148838104567	0.15759261316151582	0.38597624473609776	0.6587814686921099	0.945675853279787	1.5941101185318396	2.4293533139911974	3.128763495041821	6.507404233113168	
0.09476145241452973	0.14816013215792823	0.3505756388023232	0.652926180183983	0.9493530414795992	1.5082953985831313	2.368445671437982	3.0763993381471404	5.760525515737429	
0.10374238149399839	0.14611943306243164	0.38083997204036507	0.6781150132975743	0.8328858999495022	1.3099055031229276	2.0661865828822714	3.4150436088193405	6.051048436134155	
0.10778015250938089	0.14756947590533184	0.3905037879267052	0.6399155578327169	0.9489551138680951	1.3486055030092476	2.490254518134699	3.8253204802068224	6.725194019281717	
0.09220598770721775	0.155167237042841	0.40868050520329746	0.623777748182386	0.8844124961113634	1.487096796206101	2.0516549116644085	2.723515759381345	6.666104273472002	
0.11262132187406229	0.15389780601444072	0.2631701772944651	0.691757310086042	0.8770323536530955	1.255289788971908	1.9317934221893995	3.2669376827901133	6.348632867523061	
0.10312632988884013	0.14896426044971592	0.43590775336201687	0.598800753588004	0.909136265755773	1.4816110517404701	2.0293747221849716	2.7239594586335087	6.048813114068063	
0.10467837377614118	0.14655276474500994	0.39280099995749174	0.5864334690070512	0.8809182613676917	1.3611930442920603	2.026154858804735	2.7184276837076324	6.30386261214805	
0.08731903546196368	0.1852077651588833	0.30706941142284416	0.5718723723562759	1.1187495132712455	1.3926178489682954	1.994462009494823	2.8188055205392697	6.044164263332005	
0.08936549283953098	0.14969351916145832	0.41829316722738746	0.5736562912198974	1.0019868988107723	1.4030862288235675	2.482928520187586	3.5578101677976575	6.892535250246677	
0.10305836961481799	0.17237019491372596	0.3589804970233477	0.5885076045749994	0.9798967361521961	1.2567904189710306	2.0784146873248743	3.357137359093672	5.697171026131503	
0.11617391396428595	0.15990278954970133	0.3994569184952517	0.5603529309047521	1.0209461747191813	1.2129431502677552	2.2256363234956025	3.5942938917191536	6.000163472878631	
0.08704536675561277	0.15518875248964573	0.31857149396704076	0.5123051987587403	1.0681819806287498	1.5655787083535029	1.7593661935856268	2.881123446086876	6.441349706524955	
0.1113276358470913	0.15242655691511992	0.3610679633975581	0.6294022666324177	1.047985342416483	1.3571473433021894	2.3762728253642194	3.0071375609493387	5.475427974795925	
0.10576746367317967	0.1628815739891581	0.39904898197995814	0.5872840597282369	0.9614598644064113	1.4295658188108271	2.183407940133505	3.5258712646796946	5.429596434986889	
0.10806177331848595	0.17254501280596632	0.34872007475238476	0.6770243758871582	0.9492369964055385	1.5186172169115002	1.8675357269706638	3.4617540953354395	4.707150573493322	
0.08819354740429214	0.1276484326962618	0.34113426217107456	0.5669048870099357	0.9315573650726559	1.1451003778136313	2.2400536781816185	3.1445068857016008	6.521555202081247	
0.10565360377695021	0.16326180826521647	0.37782445999821535	0.6280507516297775	0.9421680959552029	1.4880038326210705	2.105670540874409	2.4711728971650664	6.339094148968419	
0.10338049573128483	0.15923789326201718	0.375026996684724	0.6935452951894766	0.9183849965398099	1.4131135395557526	2.1869457758154454	3.451683140377883	5.387818958556287	
0.11090342598906144	0.15658126932391608	0.44581055143863874	0.6190093637332219	0.9461342519499313	1.249400410203341	2.132447941116043	2.88522473646948	4.808223341731831	
