7	60
1	1	1	0	1	1	1	0	0	1	
0.10843118252732974	0.13792137667602744	0.36496831876898206	1.1605733000302836	1.594990272636981	2.370328696672537	6.401220703403006	
0.11041092177900408	0.11469339495537308	0.37503748271180276	0.8662089693386811	1.205399079905674	1.835495843358963	5.902455558577626	
0.08594004999882186	0.14664280247360942	0.36282027469458733	1.0804248764924005	1.5226491746653934	2.33618135684959	5.349248418801308	
0.11280846615402407	0.15891618842870978	0.3764143692407352	0.7952647513078925	1.4860186145002587	2.084305707991824	5.593362592585375	
0.1023769094955205	0.14429063694157154	0.3757972111326421	0.8159884624585596	1.207137286598107	2.4629923528452577	5.276235527696087	
0.08840119112609016	0.14081454527854548	0.4119547243255747	0.8686256224076337	1.4069977893554508	1.9535551467108379	6.689933461778487	
0.07895788301701025	0.15342620613445146	0.4530334051927267	0.9038973606095313	1.2976843471001733	1.6826836524004452	6.212881553095535	
0.10917827484016787	0.16687664680104786	0.43606371458684573	1.0014930469185634	1.197749467199439	2.409400252886881	5.49283720730529	
0.09593517704338475	0.1608173981346868	0.39297274652128283	0.8505358700752514	1.4828390026054825	1.5652454484531182	6.528862331809625	
0.09521132479265533	0.1797460366937682	0.3672818362481605	1.043984361073148	1.560729401346066	2.3196657251295587	6.4804846162589484	
0.10496010181973577	0.1597011638502036	0.4081897896005689	0.9056548543209342	1.3379243511233136	2.044902853028305	5.813636015146132	
0.10202092141394035	0.16139991836412712	0.3829465957415639	1.0184223043634406	1.4320125584140053	2.6186468060552	6.045418821109734	
0.09949113014591382	0.13999867190131296	0.4230780563085985	1.0282491050052383	1.6575400217295921	2.4311077055179577	6.0275268085522296	
0.08826287045985048	0.1528270888375842	0.4197685557640022	0.9232408720625775	1.368717349415298	2.08447108891449	6.766080533494927	
0.09648922686471914	0.1603285205533201	0.41454046527828564	0.9847519223601828	1.3385397078877757	2.090979230499867	5.04719360682393	
0.0962070281624332	0.12402252459173925	0.41917107215363486	0.8106973024286734	1.2771075903918574	2.0868351348909573	5.679029280673524	
0.11948503504695192	0.1677158311753042	0.3709157875974215	1.0751677014423053	1.4934149247927628	2.143180811113868	5.4503220080047114	
0.09398137222928786	0.1827735290280074	0.39792466486052036	0.9078978604967096	1.4410756454243332	2.179694744701174	5.9690102479600995	
0.07541148470944682	0.16272578134740176	0.4477235644889305	0.956668109430894	1.494420556966053	1.9728638008511428	5.770688065697652	
0.10379422293751156	0.15265243707936324	0.3733545469476558	1.0278806374010254	1.4555167085258123	2.272141912425055	5.683784269869122	
0.10866558962829212	0.13447435310338765	0.38000183415776034	0.9644537538894012	1.3703737534110882	2.1591488293693275	6.409660715879364	
0.10699156572740379	0.14966311104443386	0.36455815940448005	0.9694479262497874	1.7309895094532475	2.2747752944459423	7.0177661515738405	
0.10219640490455967	0.15482027018111336	0.2945755246766065	0.9145738995626354	1.571416702952936	2.209458387814007	5.950105397202637	
0.10052831776688834	0.17627466576497713	0.3560208613411678	1.0259422698161926	1.6628378539100588	2.2982049090948853	5.470465895247861	
0.10626530438718551	0.15813769978393202	0.43832998978668114	0.9155971024220889	1.1234875547048775	1.9422643868562426	5.888476556972767	
0.10014529207953998	0.16210672226886952	0.3763899822492017	0.8798737409731509	1.3134742113798545	2.1163421716560067	6.106179965838011	
0.10257993302721274	0.16023688771917768	0.3909287185063319	0.7901465670468061	1.2396046569962902	2.0657168311285172	5.787062845469565	
0.11430311504733459	0.1369324859992894	0.40048653747764684	1.079714988013763	1.5287006700447472	2.3581707612054363	6.880833628062304	
0.10437964623415659	0.1623401899140159	0.3833756807930288	1.1059760820924993	1.484633924202291	1.9979564743111409	5.504448815740407	
0.09510434635971225	0.1269202663811102	0.43636137321587753	1.0680353539615968	1.5625357621747702	2.1637095455816513	5.377204571471908	
0.09436864499250064	0.15772153878250184	0.3652672064790536	0.9298318602200584	1.24586111441334	1.9383430680734548	5.667441994083173	
0.11111821896797186	0.15338916384322873	0.3514980583112015	0.8969101027249398	1.6300742556105858	2.304306944993874	5.399904110079843	
0.10154425739822653	0.15210640743360151	0.40908744708353045	0.8234107189021997	1.3642385108838029	2.3707816941839215	6.463865781000031	
0.09411864681224455	0.15700113674693883	0.3628446856368702	0.9656960785401693	1.54184217986455	1.9956349955743373	5.783448131639098	
0.10100179125070548	0.1426436654868976	0.35684277512262097	0.9633666576696536	1.5844458093724165	2.0251318051437663	5.550566837532654	
0.09162342840676588	0.1486388112390918	0.4310738166188617	0.8929279612036493	1.6192775528808632	2.0459151408147482	5.213727432432645	
0.11707171686222365	0.14788808270390663	0.4159699255314595	1.0064663794240392	1.5221963012530526	2.101020288270793	6.25561391594915	
0.0975812776429687	0.1291050395636234	0.3661768053576648	1.0044404752979244	1.582266948465848	2.3797612597976747	5.990538129389653	
0.11268249744600212	0.13534554467827017	0.4810695410917149	0.9272987974783216	1.4433922111987423	1.8918882553604182	5.718011393596166	
0.10710116497784067	0.15775946917082143	0.3255835221245838	0.9589406567924412	1.1912358582509617	2.414397093023887	6.746134322120575	
0.08968621238157076	0.15320727692335886	0.3263489555700514	0.8885249646027608	1.4659661019794734	2.1724553072304778	6.186595772169972	
0.10180817590321829	0.15546144946783833	0.35632181983453887	0.9133357934233032	1.4357354991051658	2.112008124058677	7.623873315525858	
0.1009276370023462	0.12930640211145936	0.3386709886053118	0.9529080804717396	1.4127361357387498	2.1122717642555937	5.063730472857925	
0.0863161142358431	0.13320660343987886	0.34275336299753184	0.8056912511727662	1.5300097876546066	2.1873794648043603	6.512722511363446	
0.11340322907060002	0.15359369104155432	0.35023551925031843	1.0043177493172644	1.2384568886074987	2.030866328654023	5.8644551955709385	
0.10188140619047646	0.1677711495693008	0.3465571143456704	0.8044742259992564	1.6497299001404087	2.36709256309343	7.803341396112137	
0.08463683271299084	0.15229221303390933	0.3244745248630434	1.0830126697804152	1.1640600136284607	1.9445782306197832	6.177541651839856	
0.1013879547982288	0.14943750539903483	0.3971666312180666	1.0279528627718544	1.4911736632474455	2.0630827813876604	5.500897453841967	
0.10300380867679824	0.15674981297278384	0.4029572676598438	0.9019199871628116	1.1846587529512478	2.284458649166683	5.6912613153012845	
0.10152447757815815	0.15104870150319513	0.32887665815523487	0.9276163960947684	1.4785005680915295	2.3239912529840963	4.870108998676371	
0.08456563711938514	0.1414802916204663	0.3680559670665942	0.7743901268117964	1.3368671563114822	1.871710979126368	5.310793971391287	
0.10044574969947043	0.14146832077912652	0.3343873771759692	1.0010913070548377	1.3203828033579976	2.440611537282651	4.8986938946553344	
0.10642363826189083	0.14944271057831274	0.3683498810312636	0.9080670488872802	1.423270564962686	2.1817889585283865	6.764734809051106	
0.0984868129542945	0.1682607960231588	0.368066856875299	0.9373996523929637	1.3964229483821924	1.7737372190720442	5.517511129401711	
0.1156736513484375	0.1370410015204029	0.4101784586862628	0.7281760628723069	1.3721134144353584	2.2418580661907916	5.964849897896204	
0.1036990666144023	0.11256864312049109	0.34085785831064713	0.8713115251777745	1.2843154500411136	2.122437838606675	4.909432459737866	
0.09655883618075287	0.1790561295265564	0.3659379705390561	0.7770969819654676	1.5735125648850112	2.021457609646122	5.067425241953819	
0.09795874369035584	0.14169376562453406	0.38434922633852814	0.9321238853490745	1.5029754585105535	2.182463235541719	7.356949642616069	
0.09310661485508973	0.12942064632380967	0.34413815398343667	1.0343904521625154	1.1879196833952201	2.352932830366636	7.278440499567251	
0.11367242289142708	0.1432608066844973	0.4049018198562763	1.0116212076039985	1.367161925472335	1.9143205329300903	5.95724193576613	
