9	31
1	1	0	1	1	1	1	1	1	1	
0.09691550562693468	0.15729231241902691	0.6490510815059353	0.9331060355632576	1.6633250713759906	1.5942006012309105	3.2872404002290283	4.944766169345415	6.595769636763974	
0.09322414713782656	0.14331376425919512	0.6746279763976577	0.9125132438711189	1.4947032101617588	2.029511425554662	2.9088287836271283	4.803363344544888	5.732690328391625	
0.09874371610367944	0.14984677652521067	0.5631175754911978	0.7906255396990048	1.4140045767844682	2.1137048099170657	3.0432441747285814	4.47140815226771	6.8099249619995845	
0.07788816731047704	0.11417945775318218	0.6355654290460987	0.8789030474757001	1.3125929666214262	2.3724489442318077	3.4224432055116245	4.238605684539631	6.181780661445433	
0.08856669645600064	0.13199307889123799	0.5964197908731389	0.9009958867774702	1.4393502256497641	1.929243695682708	3.2440550465322233	4.5587481444320765	5.980555408668815	
0.08559620438035301	0.13111769248972463	0.6996578785605642	0.735477242276662	1.5454140386103767	2.048558818815874	3.1813512346121633	4.006440057920942	4.785723972146136	
0.10135383699815953	0.14105114316353268	0.6123340424326256	0.9783728781894045	1.5950854398131775	2.2295357469258685	3.420044874748217	4.40273510351164	4.525056773892645	
0.10905222176945867	0.14069424060676783	0.46619748792242455	0.8919543512835345	1.187020441950261	2.1223750107088297	3.3856999136444688	4.370663847878575	6.096992953873151	
0.1004148803787416	0.17254570388026125	0.6051495139319777	0.8614693726543898	1.3607883397343656	2.084351002082034	3.0166344535358944	3.7981147063238625	5.406587382971622	
0.09413694320094684	0.14113268361397294	0.6524273065609185	1.0427897443523755	1.4876426439441333	2.205871758416154	3.2015507014434266	4.89906947236504	6.338009854591313	
0.10829764020073068	0.12083829556117356	0.733327130862061	0.8159479564598092	1.4770029390220818	2.101652460984317	2.86283865103756	4.208851328158084	6.064921008789851	
0.09196577990514639	0.14558819971264678	0.5809869749823661	0.8306225531664367	1.3692663387899662	2.355720065489608	2.955541767271581	4.95856957378143	5.049899888304584	
0.09661218870917786	0.16278712836291603	0.6416109244620106	1.0957109777275207	1.3827805494604803	2.055408712417152	2.6159302964630147	4.199625468504381	5.961187079125342	
0.10833276580778282	0.10997841466821023	0.5516991642223563	1.028637195754161	1.5058452584445075	1.854808223980477	3.4995164353038346	4.721051066998542	7.006324369075646	
0.10210375321907227	0.15740175259701233	0.6685820309798213	0.9255468149876971	1.5398086310940498	1.9909368231251068	2.96888717381723	5.096662068990799	5.525222016966203	
0.10719539422889911	0.15140597622779478	0.59401010225041	1.0169990956210955	1.4837221713095778	2.1321297160368085	3.3346324295424603	4.495545033402478	6.2433129366277695	
0.09726587054127978	0.16236017556427682	0.5202762934772966	0.8806407015858931	1.5291295776477158	1.8753614941964385	4.0521683378862114	4.238121426090307	5.899782424027942	
0.09318323960882671	0.15296765239610355	0.5718404492896964	1.0728330360243241	1.344974574438877	2.2439045827628896	3.1700960406385312	4.325324871163623	6.116313509178843	
0.08910932868497268	0.13756649053265793	0.6213176940054556	0.926516562771062	1.4268984100385993	2.4604232001260797	3.5071652474639383	4.102602513892177	5.614117620067814	
0.08945428988914383	0.13809763010375126	0.6581439937959459	1.0298017737881606	1.3235446401814306	2.1723140277042106	3.2062321155723392	4.682960659937662	6.3133305825148796	
0.10552547773567011	0.13459827632667826	0.5502684963085493	0.7299647141340451	1.506093274827622	2.2428918695742204	3.561527716718903	3.4256641476290497	6.315069795191204	
0.0858447217384201	0.1601408489632188	0.7116812286881689	1.017001116741822	1.315968130056145	2.5323444666034702	3.205738602807337	4.177742768821625	6.051179825571349	
0.1092414410694558	0.14831398321702755	0.5753408210453993	0.7923604105736806	1.541475220824067	2.2191261162063984	2.8314655598383767	4.111886694120502	7.359342027973129	
0.10241539733393144	0.14381363158019916	0.5639493401280158	1.0610457976638543	1.4283427809007028	2.2407644309147834	3.3423885296281757	5.376865635995805	5.564590509677769	
0.08807529323421516	0.1515029270853647	0.6290788230673545	0.930084427025505	1.3340034838198809	1.9031739379394974	2.742913029453025	4.710917149236399	4.74902796062956	
0.10339052663143673	0.14656864808659337	0.6953667711149144	0.9825948495116947	1.7309669351381423	2.2079441816996863	2.755931055136311	4.160258967694877	3.939518598946752	
0.1046694534387614	0.16967996485132303	0.5715000002626583	0.8382525661516593	1.574011117691039	2.4556568220448485	3.459525354218086	4.778149478619097	5.348495724596221	
0.08931176885486512	0.13242512798860412	0.5919355814716862	0.8071594883320977	1.5264276311920806	2.189947483890986	3.3189740923938413	5.348331820643942	7.41561155732521	
0.112482293126251	0.16493476600172455	0.5482744468996956	0.9150231992831823	1.7395401468243432	2.255495154055091	3.1196289477620693	4.248038039555139	5.66456926706637	
0.10607913418594915	0.14337386747844488	0.605201082957525	0.8995128135087589	1.3951887443895525	2.1216283857118294	3.047425920944357	4.331430346804432	6.419312602435783	
0.0895503053777415	0.14658975733590077	0.673627200879929	0.8287599683402271	1.09095057118026	1.811118148648612	3.1940307528719893	4.358564118927003	6.8948616427396185	
