10	78
1	1	1	1	1	1	1	1	1	1	
0.11961531275351689	0.14120798705706947	0.3712578615088039	0.5890078471771202	0.9196685556664187	1.3991773415733275	2.0471850188457488	2.553426398564493	4.583589249792233	6.371432069701596	
0.09057443547120281	0.16080575175192866	0.3916797139054192	0.6072690050149494	0.9470851287944989	1.5357772630269544	2.2668716553871646	2.7368335447861543	5.082859690561223	6.332824076513953	
0.09007001651123131	0.12317573134949192	0.33402065325747643	0.6748773979604966	0.9196127215099649	1.5425462574170812	2.5861921993504042	2.874823894508486	3.9626819463435154	5.989642027962171	
0.10298198323586934	0.16149747855607913	0.3447157048936602	0.5601890347781212	1.0584346177342818	1.487937879467986	2.217574745775419	3.1054482343389402	5.092317934400175	6.636874238668913	
0.09969941604849934	0.12503041970413045	0.41571651087377465	0.6320691215874809	0.9384607663565064	1.5973990940591667	2.247867629390326	3.1530793736620875	4.950460719238121	6.132062832731016	
0.10921646038842192	0.15211647693548755	0.4013085391446637	0.6887016544514012	1.0599222566242092	1.3536000549671732	2.34960686618716	3.052011379334753	4.857690982781998	5.9204613254884695	
0.08491612155426809	0.15434335950341002	0.419922443993162	0.6361863769334073	0.8497245771476921	1.4685194095021339	2.121437495109961	3.513817875253691	4.965373722507593	5.223067063413655	
0.10097994899641397	0.13647107518153592	0.38754613855112685	0.5167998707586859	0.9243058431431073	1.4705236320054802	1.6581134424625033	3.1628828548614414	3.826327272787335	6.498042912647341	
0.08057637631246475	0.1446984136356684	0.42993096801284003	0.537205122099466	0.8617350962652884	1.4192604556222064	2.1614105692297785	2.494857452304108	4.382169184417884	6.416181452761666	
0.12151314344006747	0.1385719589137999	0.36874366474029197	0.6243815277025461	0.8541911465953748	1.641896985757469	2.14231431752823	3.321597200751619	4.741380626971051	4.973307806675433	
0.10274891606947878	0.14053789194015234	0.3469083547814223	0.6275483786648605	1.0350110366145397	1.429864901611148	2.4803288035488613	3.1734939937787647	3.725053662321669	5.30087761729101	
0.11525613093681462	0.17673295503171463	0.3937919950905361	0.5629956957289823	0.901489590778135	1.4238320888705878	2.1530685926663407	3.4313396576129955	4.654414601820284	5.284864998546736	
0.08872002837179965	0.15815449505397766	0.36480724572084977	0.5951638473158386	0.9315637048097759	1.35251292773572	2.178374029251557	3.4741788554676996	4.44176484695913	6.8230327206943	
0.11562692050775172	0.1373212435188676	0.395530305384105	0.5856413777018317	0.8590627848154049	1.424694129289407	1.6908652136389817	3.5027656170890493	4.890409847811265	6.137727413809976	
0.10966346057058843	0.13952045134212826	0.2742009092060337	0.5711104846109549	0.8167950761897036	1.4315185808141633	2.459642563969051	3.3460005297294684	4.383872744090849	6.666593215526927	
0.11692092568093687	0.15665978118723697	0.35539344130932404	0.6073919627145308	0.9445520251895715	1.4030181564373796	2.427164293124625	3.524640317109903	3.9809201213724856	5.241942414974689	
0.09466046581935067	0.13508929963495211	0.3622297461068501	0.5999207925090193	0.913405185573447	1.4544888458075071	2.0782283280759777	2.7963160482912635	4.06512670415955	5.367290520538704	
0.0920569885242561	0.1560890780036392	0.364886901613171	0.5442189112351741	0.9216378478106988	1.47157601626031	2.2052396067361286	4.032008940716035	4.232565882534036	6.2246626195054136	
0.11067444048762841	0.1734695866838675	0.37047301386512516	0.49209214440487203	0.9013722128060807	1.4807626437753263	2.7183112585045746	2.798778931925025	4.475385732049366	5.592813766287199	
0.10915192569087254	0.1407388107198113	0.32177134243167405	0.4765350307750358	0.9540649326856429	1.441217549509528	2.2620096762530015	3.2937983171709946	4.6379239838416035	6.277550362156099	
0.09167000557637427	0.14999970710293248	0.3993198241562994	0.5427939016892873	0.7663373725201265	1.4796913265703702	2.110444447724928	3.6851082092831384	4.796188849975211	5.809575893959636	
0.08649078650755529	0.17019435111359907	0.40971033256097544	0.6772721252701506	1.01963844604111	1.2557066238242343	2.249187166110096	3.5597731201806346	4.549812008378171	5.8057871933100085	
0.0953472233438024	0.1385357460073238	0.3759488420610537	0.5248635921715841	0.7601567020832674	1.3513191559668771	2.024193353532898	3.977341850427564	5.113919265845521	5.877621959025268	
0.09969706538928154	0.16577622033572537	0.3794706820391562	0.5886954841696034	0.9064559958917239	1.4093241120924807	1.9098528713097758	3.622786171719625	4.381673289202899	6.755144967454314	
0.11080190391983878	0.1570541350543546	0.42687823370097544	0.5875809024195988	0.8782981041278284	1.3373789416698079	2.1654053876559076	3.476632561336425	4.672590556843959	7.150409009627893	
0.10506208510240052	0.14174197738163907	0.38613105664071373	0.6540615247470198	0.8859885284670772	1.339498641443648	2.3968191684394093	3.5019216611476542	4.516883959264837	5.690259783928244	
0.09711976139253217	0.15445780305487042	0.40783367184847774	0.6622124406785969	0.946259353525074	1.2575115674221256	2.4611662239583048	3.6342947808441957	4.939038586240879	6.820951973663863	
0.10822081992621271	0.15174086095064548	0.3383217961728156	0.5533412340313983	0.8940779114643875	1.5414269808524963	2.4915263553233293	3.6999571916270266	4.295914618499347	5.923434175020288	
0.0864832893017094	0.175020308834261	0.3247025824381519	0.5895488212550882	1.058826562336724	1.4861881580936853	2.271749560273196	3.330526019782859	3.719614175342204	6.267729007838836	
0.1061725743239112	0.14155707701394826	0.40837407393503394	0.5722188187717031	1.0578716221606481	1.4239926940665106	2.2717562607174058	3.346566026858507	4.825383079506609	6.065379994137425	
0.10717486676103652	0.16062950009291585	0.33354406773476447	0.6392209650992445	0.887828707659188	1.4075437006568277	2.0962350531953655	3.11830990748386	5.127199785110704	5.1758741329483975	
0.07274609158766321	0.14160962863325807	0.3727902772678426	0.5514959997960698	0.8417044237745841	1.5291413447432496	2.174305477735259	4.070508150660141	4.145022735831994	6.230145566549956	
0.10555937879614191	0.14567234324842143	0.3392494398510506	0.5943163955770417	0.9814865367573855	1.3349297181685933	2.0978102851409792	3.2087214030558067	4.143529433091884	6.7751483617877994	
0.10160724682585148	0.14699110657825612	0.41096064084283235	0.6091792211168262	1.0418607719048296	1.3045799321651224	2.2793281483300896	3.2421611655498994	5.104495772332872	6.579765853105601	
0.10290121743034625	0.15449085148817357	0.3768567276675025	0.6679788536866497	0.8803111798159319	1.4214034916832097	2.2862268058851263	3.0091406169472315	4.043692088830755	6.544869225209991	
0.08564288611598339	0.1639602566383038	0.36722043446925895	0.5273320219382044	1.056996143310501	1.172728709969806	2.390346718839921	4.188572660209439	5.2665799439965415	5.815084300477283	
0.11536683676889457	0.16707576080017564	0.34864778172102856	0.541503252911942	0.9532168641157134	1.5078576408205058	2.3738252950451133	3.573750484332069	4.60006705525641	5.699270881852036	
0.10911108044898526	0.1669145093389309	0.3853435674378835	0.5886450665190662	0.8853177210030208	1.218262519939252	1.9941964005090071	3.7199653144640186	4.518469369308675	5.643915254668368	
0.0997350470612502	0.14450038869609425	0.39671447597658976	0.578772246181158	0.9252960999830444	1.1387198263451457	1.9385745579889821	3.350586020298812	4.432833898019461	6.349972210644079	
0.10250311040013292	0.17105704455256718	0.26959955063685315	0.596383336847431	0.9895738671227754	1.441486822638838	2.0942159789973123	3.107386729077796	4.210403773899571	5.735961258677467	
0.09082011067480256	0.14600567142154136	0.34832336564320254	0.6658223228808958	0.8499546959769337	1.6549442325056443	2.3551274497155403	3.6331059236388126	4.485917935208814	5.31899716859942	
0.08299731933045083	0.1625787825736441	0.3763307001343378	0.573123015261877	0.9910527956769639	1.806721486691955	2.1583024060523086	3.609869510478468	4.42961902424818	6.579436234745368	
0.10100822280203846	0.1636008533487988	0.40360871954520955	0.5614761940795836	0.8012410574600847	1.107768491919568	2.239145594895491	3.688953046851797	4.764917124955278	6.828834397012137	
0.11671011988457157	0.1576579300261808	0.2952542454755978	0.5299806114241031	0.8669712746108077	1.2318992807906743	1.7950232856450672	3.2378036562767587	3.9755050269896706	5.523039006299365	
0.10274992738107645	0.1369464332249555	0.3824966752915126	0.5834838368062479	1.0299142186516748	1.3375516148908633	1.858659079524106	3.1471883609265	5.467652642780239	6.921726024943353	
0.11646814798011962	0.1562956667250965	0.3872146372917268	0.5396494275434661	0.9726806148373457	1.2358623681042626	2.108785813369671	3.3819679683484916	4.228411554638602	6.2595885276122125	
0.09468972642824242	0.11095155507027898	0.4091437876196463	0.6379359657108005	0.874229026209922	1.417467894106744	2.685205132542198	3.481603418398283	4.222147540410781	6.2108481967070395	
0.10583050952200868	0.14520111358045065	0.37365058979272914	0.4954599590575891	0.9153036605826257	1.2462545291190443	1.8935308143090592	3.109398521135942	4.71205718672817	4.8172306884808584	
0.09661886731473755	0.12809536390481102	0.4607910880844161	0.5117759706767526	0.9213212198632413	1.2538979309597404	2.2298371720610457	2.508815093000608	5.137324570357269	7.463656933212141	
0.11143948130764587	0.1518004424349357	0.36477016366015025	0.538771515213134	0.8114743403896673	1.339429569337885	2.266978449043967	3.0771437453127173	4.410386966567463	6.156984050500607	
0.10960572468286288	0.17812251245086774	0.3182454286258363	0.7183069600136038	1.0576316008303401	1.5419910393167389	2.079502962004231	3.109108760769302	4.9747415427032395	5.784649500769611	
0.08038584031631255	0.14777952360988186	0.35678608012875784	0.663660681382424	0.802021855144424	1.779452639438961	2.135671350175057	2.6938729294392108	4.51589658331971	6.261021487634455	
0.11245141658674801	0.1510322732391091	0.3860336894281162	0.6047085185861465	0.8178513043939144	1.4342673449325387	2.1438528592187946	3.022538866742342	3.64807608608237	5.7690544933597385	
0.10606775891080067	0.17207866692993048	0.37212159346870244	0.5913025695475239	0.9037059589743406	1.4739271729335017	2.045053331565557	3.432419493147884	3.4646219000393446	6.329236950277009	
0.09556772736042296	0.14816222560037182	0.31904846229162304	0.5981518440234836	0.9787908767485272	1.5915710618509489	2.15240248360763	3.3553022231747462	4.778710074910527	5.545794109769872	
0.11289277320251001	0.12964253856217803	0.41085060883740365	0.5320772721423247	0.8010808586000239	1.3100201752652616	2.2779095069307207	2.9112944104681255	4.887023830487228	6.020375652238388	
0.08842180389807801	0.14623036471269543	0.4095053104797625	0.6774838068464527	0.9984695411013708	1.5669625948883015	2.152323210336551	3.112584735035704	4.4076465722061124	6.856045403280323	
0.09149247617283318	0.15077711893146548	0.39482808473298603	0.5861859711727797	1.0525232227212558	1.482878677436367	2.193700633989394	3.317513854939832	5.013626694433313	5.764348507161022	
0.0933103793548953	0.1570466147005686	0.40297466988994574	0.633244530885276	0.7136851595555842	1.4276432114404949	2.1647695268165945	3.476216958743439	4.012499069761453	6.368879850956597	
0.09384143094342129	0.14897306067246227	0.4329592826532317	0.6124784363277457	0.948452116488421	1.5125112617023124	2.3016771141057344	2.3638146828587456	4.890140066784488	6.756127356942761	
0.1012736565208363	0.12285625651065252	0.35307706563992847	0.5299298504802207	0.9350850772733964	1.4496533150828472	2.3936243078282904	3.7065629593755185	5.643046167932158	5.5850488920035835	
0.10004298023347623	0.14976199497951415	0.3543767982932654	0.6167551391101147	0.9993315934932864	1.760163386029197	2.285469247907314	2.9001197719227494	3.899435725781626	5.509450190627225	
0.10674402734332794	0.15111240712121582	0.33099337631790837	0.5479521578284133	1.0305999775201646	1.6139191660138443	1.67636840228584	3.3403213371372624	4.885791826584183	5.801044968678097	
0.11035930693762075	0.17661411195111423	0.4192297800483365	0.6257188686543399	0.8481678641390933	1.6765811972480296	1.9495062618854273	3.4309851263429705	4.222307932432048	5.384577493499529	
0.11335897612168425	0.17097685463640033	0.338922780542429	0.6293120067142918	0.9166851094101817	1.2621502447215804	1.9602133536937507	3.1245028066166713	4.614544940174794	7.211459500575079	
0.11028256092962906	0.15388477775293535	0.3758101614462472	0.5026912926769233	0.8724308452052192	1.5931900722628352	2.3544792587799894	2.8370432101685696	4.3688765630781194	5.200170764024824	
0.10699313197664898	0.15601953201172364	0.3256842119376711	0.6362111037019599	1.0117215632965049	1.538948805900768	2.09865866476413	3.443560099077807	4.9331937948710785	4.718343404821303	
0.10638815172466379	0.12195080715963631	0.36109775316445836	0.5858793458703978	0.9836668059242608	1.4169674971090997	2.300755531127321	3.088069102612918	4.804419357614961	6.295079537351281	
0.10233776121111456	0.14481693472967758	0.37204959461422077	0.5969861412900894	0.8609242503661091	1.420597747302212	2.2135410774921453	3.264702851106802	4.029617042767066	5.842223084035024	
0.10068512053970645	0.14353605451306378	0.38782107541854777	0.5694856224857746	0.946134314459797	1.5259059508181665	2.0746134125710056	3.3707480851428766	5.036539422443639	5.901348485642079	
0.10637327744454039	0.1415833521192326	0.3895211885062559	0.5796495015017114	0.7549178637259162	1.6391194365799762	2.0730065571137413	3.4059702307813415	4.393806207134737	5.369261943281471	
0.11257614461771569	0.15996997947354513	0.34730875147436047	0.6496195241298944	1.079953168279287	1.4712075980338561	2.355269547190915	3.6871832249959886	4.147292445022114	6.359426893527367	
0.08635712272290744	0.1488000877831952	0.36072203880586673	0.5724872524908794	0.8539505299311974	1.3040813435670748	1.908687210191159	2.7111910458470656	4.320993946598044	5.151991089122967	
0.09252488533995447	0.13570818480151314	0.3249651007103523	0.6183294754117251	0.9378212109736089	1.4649024832166908	2.1595552164207428	3.4530408478897474	4.397118655919729	6.94443491750045	
0.08643499427293781	0.1276916735866517	0.29928587356040803	0.48781945766181256	0.8872029014062289	1.3928232870238593	2.35570920482551	3.1534358525082533	5.192573371999547	6.152685316015266	
0.10519855868443045	0.16326669247720216	0.3652740724673096	0.7006808609699653	0.9670028061841872	1.668090417272754	2.372176316925578	3.4331443311381187	4.339381240697687	5.951404834415763	
0.10342193489724252	0.13289013380206494	0.2945921556991084	0.5762138295845134	0.8991957241615164	1.5040758977458033	2.4400582929091104	3.245547013876286	3.9619124985959955	6.005174175135647	
0.10160883018507674	0.14664656857879446	0.34531995742383237	0.7186705024487711	1.0035772620186914	1.5199003787413299	1.763173985246651	2.8524334467831807	3.810278696466672	5.826108904438999	
