9	20
1	0	1	1	1	1	1	1	1	1	
0.11174582048692316	0.32320474595353305	0.6055785320590825	0.9432708438729153	1.4867262778819081	2.1382765705437445	3.1147730489597234	4.98139080683843	6.4666595987966	
0.09808078141661614	0.4306160409462345	0.5729883842195966	1.0570828537923387	1.3154102667866259	1.9502287408833936	3.3448785943534602	4.902610364999816	5.533289053995126	
0.08289227215408196	0.39172372288078217	0.5047667039147138	0.9203086377955918	1.1059991816280843	2.205085356816902	3.366486888024862	5.357356868823603	6.142086926583085	
0.10222821130043735	0.3617412302781973	0.6510127487748096	0.8617551724972032	1.2499075737603238	2.136505771216556	2.8645417769584074	4.8297131463673475	5.3042634605394205	
0.09896656605713396	0.3808929882746023	0.6559933571263877	1.081267167698952	1.8102629412640727	2.476471659463324	2.6001930828509314	4.47222996140138	7.061732696372639	
0.08005216546612692	0.42814661461372433	0.5418361899150097	0.9334361100496832	1.7659193445573902	1.7887985735595429	3.6354081392095496	4.324107646391627	5.712298119835249	
0.11163314294778377	0.3786505057467145	0.6228195743399045	0.9152560929137009	1.5031121920406678	2.310084285218213	2.548951150352649	5.6993385230684845	6.739753542674146	
0.09213622383260722	0.3675574679046233	0.6360788273750746	1.0304211403620402	1.3477771035100605	1.972290699492113	3.0514179031789945	4.161174038658325	5.3869425063135	
0.08053615623514748	0.3733600226554104	0.6477341007804699	0.9577658654484967	1.4299922719283014	2.6274277521802674	3.7400847127564236	5.558367241133528	6.296608841082055	
0.09057709171053575	0.3712006820721927	0.7650745763693386	0.8354139903972561	1.6015117089094366	1.9872057017342077	2.9278388769464256	4.822418322286754	6.597276160318984	
0.09886664794758399	0.32438251729986717	0.6264566258758787	0.9222220772168077	1.1885169203292683	2.0510221332117853	3.4349551352718932	4.288109874030008	5.396493996728426	
0.10971878460699208	0.37827369130455535	0.687083978480351	0.9848494946795622	1.7387820596991606	2.088108618444009	3.0434473583487596	4.647925367548167	5.5762949871053475	
0.09978793219344247	0.3414846152270331	0.6241076343605315	0.9189808306369714	1.3768601129796032	2.1703133488256396	2.7625265328112625	3.97495785649646	6.5456977130834755	
0.10036921420890473	0.36130728121912714	0.4969308720604983	0.9782454358854129	1.312149508958519	1.8754387287670815	2.684799219704611	4.390408323386758	6.475859410505388	
0.10206576428556279	0.3568828954006015	0.6222709180000779	0.9388550035374651	1.3860181090856003	2.4188659635937007	3.709005230451469	4.371458289198081	5.541551869469782	
0.0990188934569916	0.3308035107505409	0.5761644109556804	0.9294355694257729	1.3240526533230665	2.306410572583895	3.3025977404255635	4.797812298783013	7.330954416978388	
0.11051049818964076	0.3106694437779928	0.5149212021537668	0.8716487420845933	1.3717989712883554	2.1873639944167227	3.0274482613254947	3.8543566407230525	6.423508490886211	
0.09565956751265511	0.3063828967937755	0.638142475660305	0.7916107443462954	1.2241614958590967	2.3066275574157595	2.850178478328784	5.061403000900244	6.577051869310107	
0.08550982331618923	0.34281774809086774	0.547149320784745	0.8992329519890229	1.5415388477303253	2.361085348238208	3.2537976767053385	4.5463221132853615	5.679122379444209	
0.10671476862964598	0.3757790898464158	0.5172648017159708	1.0007723281511174	1.3468711342405248	1.954658952406659	3.288937060370528	5.377323460981081	5.882440314662678	
