7	77
1	1	1	0	1	0	1	0	1	1	
0.10620345884406056	0.13615393977465176	0.3116818373496282	0.9271723540759047	2.1334612983591543	4.833756252110908	4.937962755359623	
0.09097465751989295	0.17992953672164533	0.3914759477253878	1.0501651585980103	2.420093914094179	4.425338874051078	6.3046188215349765	
0.11324224794480686	0.1666244322938186	0.32022705809838337	0.8013750731705327	1.9983890418530084	4.577703421931565	6.114008444797355	
0.0994316239386612	0.153707428737824	0.4021370606716326	1.0510179161578408	2.2049768418379085	4.312403151059826	5.590154402577765	
0.09209194164841435	0.14677727293675455	0.4099675506352763	0.890950483483808	2.3889422897632313	4.233075913203385	5.656336522125025	
0.08132973418255868	0.13200607978747905	0.34945690697143517	0.8043797756521166	2.1911997568502506	4.515256796728934	5.447976753620837	
0.09056169627894142	0.15790324899545882	0.38928465164603154	0.9333280421248309	2.059224498075262	4.991709070274938	5.63142409386231	
0.09570272122431102	0.13051272020761337	0.4220154459902568	1.0246835408220045	2.221391952190859	4.732746411702149	5.325298930088618	
0.08338622619019961	0.14932114871575414	0.46800714085227213	0.9149000113563671	1.8250931262895889	5.806481941750806	6.476198969087434	
0.09635122276548491	0.1400764190192792	0.381988366644652	0.7967119862290933	2.2840233129464993	4.276450278590879	6.706820079423443	
0.10255343411612419	0.1250134617540172	0.33543048272540854	0.8337382010208316	1.5639991566133418	4.176717540208291	6.56083682303185	
0.10946226851225074	0.15050865089984947	0.4356704893743184	0.8780756320042965	1.9604110050249732	3.7840751519989806	7.270316989394337	
0.09029328941855373	0.1388002117936024	0.40568479638834853	0.9212905699511891	1.7353418700028207	4.76766041025289	5.769584152053631	
0.10932810446781033	0.1304592683036843	0.3753641121208741	0.8435961092972958	2.1398602732267515	4.220228958538283	5.832533995079097	
0.10019925745106406	0.14062761187995862	0.4150611365915203	0.9322839737920428	1.927189593386338	4.638724644700999	6.134227645525945	
0.10407279073970027	0.17137545243009553	0.3764957507417025	1.001089224119426	1.9158270816615346	4.838644100751191	5.02546186271031	
0.08217558036093722	0.12619822083183047	0.31061180273899214	1.115989439945981	2.1372317426725087	3.992139161997706	5.66945158580294	
0.11450636420404157	0.14815715236098995	0.3965907870519832	0.8647217959069943	1.7207122047400454	4.436200181387866	5.8979930038257535	
0.11643615709862182	0.12953646257459406	0.38351610675198017	0.9782582280950386	2.209533694858764	4.418318538545398	5.77074055570513	
0.09750421117229992	0.13984239983091995	0.3585979178033156	0.9357073592945576	2.3024712919321377	3.665229363253596	6.352943726580644	
0.10049260175425274	0.15167925012527206	0.2947248337725671	1.0290971964492341	2.24421619984618	4.530673492321102	5.720768958232756	
0.08373842374156362	0.15397381015669048	0.3707487565547403	0.852320030654738	2.289536452631257	4.984180925311889	5.838601145097575	
0.08902421335595612	0.1598252010392175	0.3480117277903847	0.8395032693077096	2.214296596827995	4.758444821222282	6.890357017861678	
0.09256648439904419	0.15950816059485512	0.3756205555990699	0.8104532633832987	2.176416486137727	4.374821398487704	5.222011746008205	
0.10485653128093789	0.1558423529110261	0.4270326996534994	0.9187676018366442	1.878338563298491	5.2608084132877675	6.844570716540342	
0.09233797191226971	0.13212363622092527	0.36968526485024145	0.8640328399099061	1.8975904681753704	3.7289101203051755	5.208118381958467	
0.07056130490653727	0.14222271334835496	0.36228780319413284	0.9769084721329937	2.0322353951209724	4.471260258267636	5.680100224881405	
0.09999799192546116	0.16175920945574454	0.37753775371948434	0.8610061884137014	2.163176743961608	4.312150830843875	5.856888139883017	
0.09391883858602101	0.16088110670538397	0.43686632883656457	0.8803656756062905	2.098615305105973	4.575716303540143	6.424444490550373	
0.10275115317627813	0.1573311981806325	0.4099446585904223	0.9122188349703763	2.2530219184222995	4.579340713793129	5.711121717033994	
0.11014762514406413	0.14732214798603202	0.3486535142624417	0.9795635574510543	2.27730666653601	4.460265762074257	5.652440073816916	
0.08416311431166558	0.13984511579749256	0.38276313339407203	0.841811507222713	2.686971650607018	4.380432340131716	5.2011393190236	
0.1046684490956562	0.17047468589014517	0.4256141025577016	0.9922601876849976	2.371432969266759	4.065205139272148	7.611152006020618	
0.10043222290042264	0.14986438745491867	0.38751976254054754	0.912765048143462	2.3820608885040593	4.529237293839496	5.534797461409809	
0.07706045751041411	0.13071686550247374	0.3917625850644417	0.9339882766196483	2.15097827538333	4.600628536913798	6.041661821016438	
0.11774289617343912	0.13525918626072805	0.4005526778205368	1.195364966149023	2.2223488601595367	4.564897950587594	7.085911540167352	
0.11092578015653616	0.1512196606521393	0.33243835213800477	0.9071027271580191	2.3325437448672646	4.690166795206578	5.9242049424858205	
0.10988802318216645	0.1510078861152042	0.3415077118611299	0.8370104059654154	2.21834685284086	5.0033478017168465	5.3745223852452035	
0.10040802579949917	0.15020827801435657	0.43673418236421674	0.8427070340283537	2.138280416656142	4.205128480202772	5.652814068654213	
0.0995365529640858	0.1758551528278089	0.4045711195629283	0.7716841081137517	2.0940136719499667	4.383072801014805	6.899664954653876	
0.0959930340054815	0.14237207906989258	0.349578388665626	1.0322010001376056	2.047522387622197	5.034166375992873	6.6284951209334455	
0.09440056967038253	0.13531946420450217	0.34502778401522116	0.9653011424958393	2.3518540991759456	4.84431187052798	5.937258209475097	
0.08325516143737784	0.13853367540740275	0.3902966224301337	0.8035725736118207	2.090038286193032	4.79865531657016	5.932200304437687	
0.0993094190177924	0.16723949975173924	0.3266350166050253	0.9499816191139326	2.269796883361086	3.995888644051022	6.548629397226765	
0.09670479289477096	0.1563317081858128	0.3951032367762289	1.0210572309004964	2.077677358766541	5.055968259093381	5.238208013884735	
0.11009460224707404	0.14217242343927441	0.4021109506187335	0.9096165539963202	2.2608500647336616	4.929923334080534	6.2201279571107095	
0.09503318800143773	0.1574847828445655	0.39381217764073106	0.913076639097055	1.6637651393147752	4.632983617334786	5.545109001718988	
0.10333089355482841	0.1726244440317435	0.4456500259008948	0.9200851674759088	2.4066825383110926	4.733043666850719	6.588265089838096	
0.08987405525682592	0.1567312438086443	0.3642433559197147	1.0036305489137693	2.3987211712928667	4.030662521499892	5.463123656835811	
0.09870266396861128	0.1649629808705172	0.3662369932504169	0.9399051691128526	1.8917712406359433	4.596885784886603	5.05495537734795	
0.10173732698587104	0.17011795770594731	0.44353927396978443	0.830546439028116	2.054593824954759	4.354424601203475	6.080918296249649	
0.10564642681792365	0.17553187245331647	0.40907444342457516	0.9446104239942794	2.4883544887030205	4.122007968599495	5.792040011859808	
0.11954265857028626	0.12826414998221267	0.38756371056521	0.9380920580186325	2.275831034035463	3.754828137404471	4.940486707503226	
0.1047346715848435	0.15593958377924322	0.341495645088689	1.062303856422596	2.570905798758742	4.159993560537755	6.591602009563554	
0.10381359195397553	0.14949234925429292	0.3832826962367749	0.7871205305517215	2.3413046583534642	4.383365586514684	7.378826911381542	
0.07984583543082316	0.15749436749148873	0.33702909739793907	0.9055020978296683	1.905306537220319	4.215644347491642	5.794009858140809	
0.1041417112512111	0.15645249114348145	0.3489290813108544	0.9268446475561417	2.4452969456457274	4.581435629492997	6.68268596421666	
0.11059219569887452	0.1476239672524972	0.34383322025943364	1.0275119141929068	2.1465767091408057	4.350954590279921	5.927040819776163	
0.08817960218222635	0.1850615664237099	0.36590524090776394	0.9341085121012597	1.8927736670815904	3.9100171443743754	6.337538285870079	
0.09165794730607953	0.16296638502307717	0.43044249957988706	0.8987596660763847	2.2137612853396584	4.537696257643375	6.928724643737429	
0.09233531302304794	0.1225885794353479	0.37750442216388896	0.9438738595556181	2.0908869361761298	4.590820719277559	5.3194630105562055	
0.09648269333000148	0.1514502163383621	0.3952521718039443	1.0687858536019692	1.7536495105323917	4.189184009311786	6.319053088135507	
0.10520209923063034	0.16195116790658975	0.4074868211895537	0.8598797585362533	2.1603475129763656	4.522799079452495	5.529082431982343	
0.10931201956522979	0.11983922186117803	0.3447834497629263	0.996419480662736	1.942635136151574	4.894888258055023	5.461896270479823	
0.10259844745270859	0.1372559069639377	0.3537871669465896	0.9620540681111093	2.0123477030694374	3.8166136153836723	6.787518501785035	
0.07701347591951278	0.15818653509379663	0.37239708364493473	1.0087179500610197	1.8539957565948368	4.89592640807382	4.719753521687981	
0.1007345805200302	0.13026158288860668	0.3374061293161153	0.9374057756698078	1.7878877944204858	4.691078067567231	6.077440302425678	
0.09896913763223047	0.12821329175627913	0.39453001980425145	1.104930547750809	2.2816005299673674	5.162260056414182	6.986679125901993	
0.07182884995173187	0.15119478152526586	0.34063075304983115	1.002016214898254	1.6962785398577205	5.191455120153969	5.132874298662494	
0.1057312192870038	0.16020787078232843	0.37987382810720643	0.8325133650474015	2.1540040875569395	5.412923931176477	6.188493147437336	
0.11499023508205136	0.16139416491356234	0.4080528345117964	0.8712787223903277	2.033813707726345	5.349164776984605	5.9405844359372315	
0.10261181832433114	0.1759174673033404	0.42635693299409205	0.9807446542158493	2.1502441171305984	5.013170463326475	6.303255281802217	
0.09101275488266142	0.14184554133588603	0.3565918122733815	0.9187142414012721	2.4717540351793312	3.7865226408617705	5.191710882761214	
0.09479805096410876	0.17174616721014727	0.31426773306234285	0.8964587602456584	2.4862144490379006	4.736696745332017	6.480066547805211	
0.09603348515947396	0.15988715075122564	0.36398811196810776	0.8707694206643741	2.1052492091998465	3.8402918218138793	6.620242751639697	
0.10255529523797527	0.13438593424313755	0.37570464987730046	0.8457668241088169	2.1604669296692074	4.73786506901461	5.691733998752298	
0.09966154099602237	0.1287478539877225	0.42397990991345236	1.033476827508803	1.9668336047675323	4.989688788181889	6.538830421732711	
