6	96
1	1	0	1	1	0	0	0	1	1	
0.10289489548170341	0.16160027478913577	0.6108811500096963	0.7609592785549588	3.922272259082249	5.871624595684941	
0.09985239579557821	0.14115769610422746	0.5775109750832719	0.957126869406807	5.405504045016152	6.613290638021767	
0.09631639265354552	0.14740156528903714	0.5930438038201954	0.876470395054418	5.071665401008959	6.746314102331188	
0.10216952105567166	0.17264097109907448	0.566681932134088	0.9773939767473147	5.062549791882796	6.361562342147254	
0.11657506090053844	0.15788490518564363	0.5893323873263719	0.8260024429371465	4.299696263579487	6.51525283728321	
0.11014034617720717	0.1197728212886854	0.5667397114709369	0.9731428992729593	4.58565483303232	5.538949027264994	
0.11512612866669186	0.16342926918205622	0.7315778877203621	0.8973509528340244	3.795257558384109	6.0853350573234835	
0.1201318201928203	0.15283757680744084	0.63613862882271	0.9749579540358575	3.9103363471615173	5.427379128818777	
0.09437679295832122	0.1459048152551555	0.6592490643223599	0.8586435272982054	3.397395722753363	5.479686506166171	
0.09541889743013453	0.17013907182996468	0.5509914256224935	0.621781777741965	4.071335980761976	6.008727307399335	
0.07657152758361013	0.15874658985523482	0.6272758928852638	0.9314626955642752	4.724904378500978	5.720040042849584	
0.09337291177574998	0.1405817769322138	0.5806312579217958	1.1172256747079403	4.159027199236048	6.457217815100304	
0.0902714436713678	0.14966217291617273	0.5956248098477259	0.6140501562781299	4.552939774967629	5.57419972771233	
0.08256838132388451	0.15336927408415754	0.6639901413847568	0.9313812161802796	4.96425963350474	7.283084754965035	
0.09948375219866767	0.15338559314750744	0.6192696070421846	1.0077376282584616	4.176646245127108	6.631134759841963	
0.11066460953696361	0.15507918967632361	0.6894240920343967	1.0289472015210808	4.013233214825426	6.019236818017333	
0.1083269310436606	0.1659853859211617	0.4464248829992044	0.9200132591432051	5.058002844089286	6.620489066658681	
0.08476651053409404	0.13613767386723322	0.6247237468401782	0.9195283472438662	4.396685866367132	6.024007015254112	
0.09760077374363822	0.14499429835130856	0.6354732670786664	1.0039407990330613	4.536159317032637	6.781835513983325	
0.09418776233164422	0.15118466210394163	0.58785906301198	0.7935571555088492	4.75203773739784	6.688807044969225	
0.10841894365714835	0.1538917917021417	0.5083514499607511	0.993953745884982	5.3256646509252485	5.933787303659729	
0.1011892338802311	0.1690497174435405	0.6056088421184886	0.9134860629020578	4.500174451090101	6.476324416939228	
0.10923944758222898	0.11803338414830179	0.6405672974936386	0.9445884112091237	4.144512600431663	6.858587884176083	
0.10654297403393627	0.130381817526158	0.6443678421068816	1.0388116977053299	4.152089686979656	6.129599382264792	
0.09917305453561756	0.15024782687099286	0.5808657244584154	0.8888875883270857	4.779067328430239	6.068195991391297	
0.10773600256769318	0.16611617634185555	0.6965615086636611	0.8593092919319879	5.0886474039982	6.276631617155218	
0.10186353865297862	0.1549167895041935	0.5920645115520721	0.7813985981558074	4.873045032377056	6.349512816899141	
0.1031096936899024	0.1279727388650491	0.6105410779609923	0.9718860543498495	5.3370371295790715	6.230490136805384	
0.08255412106730103	0.15776370581359064	0.6705569420474721	0.8993864208296759	3.8061637913184194	7.12481656528158	
0.1012148296194096	0.14194961073731566	0.6478940753352901	0.8432817534233911	4.077984759724644	5.771658678750683	
0.10239354788400426	0.14087802361617954	0.6335792909337165	0.9942718470081201	4.488136938531557	5.8810810675828495	
0.10846798860364747	0.15893356465642727	0.5357324013595068	1.0436610592328917	4.846934351523934	5.677795449009673	
0.08357763976519753	0.15434578921278896	0.6136761076909324	0.9545841113319077	5.12119883462734	5.982564797402226	
0.10386511328579101	0.15843950960982622	0.5733044034673045	1.0023141830934938	5.112324113095957	5.751441600757194	
0.08174045221748172	0.13810818274943212	0.6039340848326618	0.7835410482690643	4.265230306110145	6.019100954489735	
0.10641693117558959	0.16475619553133333	0.6211042759486932	0.9141013371480389	4.318472661500285	5.9670962224457975	
0.10801770071180868	0.15796428974127444	0.6017375426107198	1.0527354160491476	4.3524125865558405	6.653771261863358	
0.09560118199499341	0.13335912024838817	0.6045084282994609	0.7620505585374377	4.367767467438165	6.483620839953373	
0.10790975757722068	0.170081919055932	0.557757491889377	0.8306404779709922	4.7948760919976525	5.553167624393346	
0.10216603168521406	0.13461981091431444	0.5727401496792051	0.8840981222455496	4.493849634446379	5.931454263434104	
0.1022180992563354	0.15335403158891717	0.6283762047856198	0.8984375856392811	4.719364634595084	6.618659581144531	
0.08836682832178044	0.13506316284591635	0.6423485554050569	1.00343610909711	4.353167429871645	6.361904727142418	
0.09617089902793963	0.14968762439404015	0.5986991895322588	0.9411087537238387	5.124961258754443	7.487718099388951	
0.08632641062122556	0.14149468095277923	0.5583515709826641	1.0582270434209957	5.03537866344225	6.534560639162374	
0.09606218223938312	0.15318964558615103	0.5047031282255372	0.9979360767022106	4.676001986903248	5.722098859243525	
0.10780373634503582	0.1469974763289315	0.4890309392619873	1.048846098841383	5.280066048309573	5.180373923776256	
0.10267048183548405	0.1723644978619581	0.5206530234862242	0.7327212299482483	4.393571442431255	6.053417039893041	
0.11287513932404974	0.18424536901192082	0.6404674396846958	0.7675024527276244	4.70372865017565	5.9154218059716595	
0.10957173313702671	0.1216432709334269	0.6555737051998843	1.0771884422024098	4.599446766134075	6.70081637642403	
0.1078441515631031	0.11758673896523605	0.6097869439919643	0.9613594589760691	4.021654313974642	6.188900204952498	
0.08355469355230555	0.15034779131749995	0.6267373695744082	1.157174052706297	4.0933244047611534	6.4438936095537205	
0.08782482879124472	0.16722915601442587	0.5969147133208346	0.9832437028624288	4.092598508274468	6.32301442633681	
0.09409008761898466	0.14810402008393683	0.5333676920433642	0.8970116344141812	4.623669401651349	5.989122544600497	
0.11237098705706478	0.1413459153375757	0.6958199480677703	0.8982714937446484	5.234276074023504	6.199263637678681	
0.12064767427991754	0.15238158115028785	0.5061707858775932	0.9079038539029859	4.496872346170062	6.978201959948055	
0.08239338484520016	0.13644265693243895	0.6131627597673409	0.9592243499251	5.0627401088612904	4.821353157266842	
0.0928626391505064	0.16264908631551142	0.596267993030762	0.9959279647751428	4.441226005075486	6.622348085601482	
0.09338258259101745	0.14624215078087455	0.5967405431095067	0.8625882303760972	4.552108604194261	5.738197285951509	
0.10315721847611888	0.153976107384736	0.555370164821816	0.9811338506616402	4.609545419236657	5.646338272900881	
0.10875815057909206	0.15171183620463802	0.6643904471230583	1.0619540152302347	4.007125065332236	7.011588662254491	
0.10551854101028935	0.1546554474338838	0.558839045288959	0.961584623349491	3.5007025505878455	5.338303126176221	
0.08137628934313157	0.14791565230946974	0.6815184398247516	0.954205070296328	4.766809326482416	5.860762464432387	
0.10011411350966637	0.12310573058957017	0.6631958518417241	0.9774590976210105	4.852283181150526	6.206598523297117	
0.09541461485904817	0.15769303667018272	0.5821591281955378	0.9224093563786397	5.010355641394033	6.605220965238465	
0.09522412278595496	0.15565444087933117	0.6646298776479774	0.7930177636866023	4.5516434369869705	6.069670205955253	
0.08313790946124147	0.1355914793127087	0.5265186037448559	0.9180155923675074	4.59619550048225	5.14933556662873	
0.09283886464461151	0.14712825819052017	0.7103030547709902	0.8775146508059493	4.47427079879605	6.19010505075577	
0.11737126056122638	0.15230968647122833	0.7068713817476848	0.7894264434859644	4.825375419969101	5.515844871754182	
0.09751303245776695	0.14333110025518533	0.5357294108116814	1.0323348426488466	4.053132297307738	5.60848427213853	
0.09764421537037685	0.13987877198020318	0.6174883881505346	0.7542650103500984	4.092710436532017	5.543804941679622	
0.0913326446201068	0.1706186211116307	0.5737860000691694	0.88460826829695	4.579239355439738	6.6107702061479845	
0.09351772498020317	0.15379166146848391	0.5231629488652351	0.9597579304378985	4.48156673572439	5.3680737703314945	
0.08278098821692435	0.1678980131979315	0.6548048009031947	0.97911088587949	5.082012295573441	6.32214401323869	
0.09061941469465104	0.1529830226964675	0.691444823318771	0.8798038608650263	4.365086638023853	6.230037152966547	
0.11513354789238316	0.16009667779354575	0.5487327348605394	0.9399542337153844	4.546263473001679	6.390695966157148	
0.0862321266850965	0.12979664960254195	0.593538299649565	0.9281355877722692	4.118070334486384	6.043774983521722	
0.1002372167741919	0.1775158488019526	0.5762195175288849	0.8216534264999878	5.15549227539962	5.669366355876571	
0.10418423061129334	0.16694052212657884	0.7013914718794545	0.9442275655737468	3.9752371953174133	6.246235536480382	
0.09881242621830849	0.13410520400741363	0.6573009464941125	1.0098361438534216	5.115526454622343	6.129741965705536	
0.08344292431042517	0.17810913383958737	0.5156204311066146	0.8470936890106159	4.264150278300454	6.3593350767066035	
0.0969935903462654	0.15939771533700087	0.5323645636617631	0.9080507277421763	4.907152549964047	6.671611554445535	
0.10799201138091084	0.15692670098656067	0.5606055583048964	0.8551772040023758	4.8460870036939365	6.0511557350304885	
0.09113616187732539	0.16332358736818123	0.564931924136134	1.0602774428875028	4.28132183154538	5.607338433077294	
0.09411044163613609	0.14539470378614244	0.636806673367567	0.9174031512580797	5.2293811750866075	5.948898598025059	
0.08966775310696824	0.15326742990770448	0.721625376111784	0.9287213642220917	3.720268430571472	5.482341048514443	
0.10328613173251396	0.12167571062039473	0.6971759145798003	0.8920492194206602	3.194849497003099	7.475944612594612	
0.11471667341165909	0.14113590168650578	0.5462701470458462	0.9212252217352803	5.2398219454745405	6.008217255620158	
0.0858110594441009	0.1694261097186646	0.6300204233776762	0.8006476672063658	4.188197141855689	5.897346469175769	
0.09843502159156658	0.1638674206897576	0.666003687423496	0.9650303699391339	4.988409861246479	6.281012934216992	
0.08988573290474969	0.15069390993763782	0.5689197925432635	1.0374904174614916	4.1904722587042125	6.206170006818345	
0.09364943783598956	0.12568462604470304	0.6052548026636694	0.9577204136437468	4.961811839143678	6.428458206532144	
0.08780337495617677	0.14961843243043932	0.5359366016866314	0.8542241842502734	4.63328355949027	6.30877730076749	
0.0842380228902243	0.15485002671131065	0.6179362360661711	0.8252149488786998	4.438814712395689	5.359183756889237	
0.08168365575472208	0.16551166422719768	0.6542576307126702	0.9135336494736259	4.699815173384776	5.327613245502853	
0.10859852855810424	0.15258926143480198	0.5253162250032547	0.9591213685037552	4.669187357016159	5.697012296356682	
0.0848097645372445	0.14270406652384116	0.6678898318062467	0.9942897546624332	4.642252133070901	5.584623127695037	
