6	94
1	1	1	1	1	0	0	0	1	0	
0.11480436352586099	0.16480377847163305	0.3987499106931189	0.5906710461016729	1.0684788204570594	4.576001811260865	
0.09240777548724498	0.13569517172579135	0.3917858919838406	0.6424457583396667	0.887040435430922	4.743655020970482	
0.09198567766176406	0.13498973430525923	0.36077780601328474	0.6349276969966634	0.8169569969106633	5.028468258242832	
0.08743161442021051	0.17908159547300884	0.41126766731737385	0.5267737857083978	1.0284134565536436	4.859886211168364	
0.09439121734516054	0.16176877290698716	0.4404126676765183	0.5297069540672812	0.9647613354191079	3.8864114691826646	
0.11634777633089724	0.11953063969101685	0.3362269903527797	0.5608685054565579	1.0797414089719604	4.776388929894015	
0.0941042077305625	0.15661892808952496	0.38788205781356366	0.6166416628387943	0.8419967040780212	3.9988273321429797	
0.1174717413034606	0.1731258664502333	0.3410349431070487	0.6011328653779284	1.0664549486755848	5.160814571542099	
0.10724614153900469	0.18260520054495863	0.4147389187552299	0.7509920214633788	0.9459130668748552	4.3824411487511785	
0.0956061890203	0.1377558499205233	0.3449369619471379	0.4785712428799034	1.134823013234431	4.257850283173198	
0.11600607045372568	0.1455983381864939	0.3672000789361186	0.5581255435948944	0.8550317312916973	4.008047437722114	
0.10338912583674764	0.1458896884855328	0.46956039478087674	0.5901200765459104	0.8542135180254943	4.977744604668441	
0.09856888790175884	0.16581250410814266	0.3714125221526933	0.6039586873541875	0.772623810411464	4.21282494029284	
0.09905852625606389	0.1455973698963991	0.3915381751947028	0.6026437488456003	0.9509414244640051	4.752771611939882	
0.09706393083256304	0.14652455538306852	0.3420203288178749	0.7035423777928822	0.7168610052019766	5.099452469606728	
0.09815966029547774	0.18020815855782393	0.4392689281650876	0.7079818406956074	0.8342990128895221	4.002366740429429	
0.10760685784379656	0.14608913172221308	0.408945824067307	0.6057137356645964	0.8553248233945067	4.8740877720809	
0.09205630776349487	0.1520104371302077	0.3291866346235538	0.6152403865373626	1.0762375876164691	3.678120805495264	
0.10606264344153647	0.13891327466373707	0.42085028860525486	0.5964228481761132	1.0286580653937774	4.158989415175637	
0.10045866518013512	0.14376369111824006	0.3909132777074729	0.618018618332657	1.1154546111930979	4.9887151336663305	
0.1024816347542892	0.17325387238446568	0.3963444366976553	0.6764364752186177	0.9706409113005173	4.243059372860971	
0.10837901621038942	0.14535293555982376	0.3274120136594377	0.5628578178457535	0.8447354592906702	4.243987490241302	
0.11613986449545669	0.14497203125047614	0.41211795550847985	0.621864940025825	0.9690967312833102	4.544168513375933	
0.0946996602436061	0.16200240978906777	0.383919554331583	0.6783210357670543	0.8878552020627865	4.885794768899231	
0.11297197902543187	0.13013165961175752	0.38200925300643995	0.590073395901674	0.9934072142376305	4.3608494784186504	
0.11511698176000516	0.14207174031378839	0.3457131876394366	0.5279105760028743	0.8764934014251149	4.185512268633024	
0.10256214938918438	0.1371200101632117	0.3610819661968107	0.6470222027437389	0.9817360914283603	4.3788173357799165	
0.09249614827766534	0.162218946126506	0.2881045001917802	0.7069539407178078	0.8520786623268838	4.550094519797212	
0.11514209891901209	0.13051626717177056	0.35976486603785224	0.5747689281123726	0.9911705177968279	4.459302826515772	
0.10862606301502664	0.1338118963432112	0.3825659881742604	0.6104248810643316	0.8449506465697524	4.619572273124158	
0.10822662524541558	0.16144630424675885	0.3663009352508134	0.5299097744633021	0.7852749184439426	4.688388083175835	
0.10322611345644689	0.14994984503082492	0.4036944167417948	0.5519841779525272	0.6792387801486479	4.660807833867284	
0.11434702300767259	0.11879695703462849	0.35213692850971184	0.6674968169626806	1.2236402663985386	4.155625357365008	
0.09046602617279034	0.1656010619685441	0.2980006852215701	0.5990343096817092	1.0543050238096945	4.350786161325965	
0.11266537315593726	0.15038160941143822	0.4014664504812635	0.5362512986255694	0.9045467293621813	4.642276980055083	
0.1091127832467836	0.1493114668334095	0.3412490398887464	0.6296575740102127	0.8050190090205446	4.57664150588269	
0.10156663942904681	0.15649715457957206	0.3731792026743066	0.6606411470767843	1.0127361795642986	4.966277121975971	
0.1161287245852501	0.15357988687139837	0.3944073567805239	0.750996601273395	0.8547230732209937	4.317052313347751	
0.10904514183334311	0.16025192085499526	0.36396464886230034	0.6502040445375665	0.9316070062672616	4.958265494215168	
0.10259072410702728	0.13951315392982191	0.3681024131416887	0.7052333369946525	0.8597775396841356	4.433112926788646	
0.10572190850039956	0.12864105583117075	0.39936967644915644	0.39478381745956587	0.8210253228526997	4.63871668216423	
0.10328332871854629	0.15647745645628977	0.37309568603976706	0.624333526148684	0.9824006572848328	4.612471214838725	
0.09416129020873754	0.1453058336059118	0.3489016550183364	0.556668091603889	0.940946411030503	4.6060414897676765	
0.10480605855293186	0.12421184992797489	0.44572127526537114	0.5900665667848998	0.7576742920969584	3.8231425157784296	
0.10460022825049708	0.16168869438721137	0.34296457427907284	0.6562448896664735	1.1406784608032832	4.021232140852835	
0.0790410293282226	0.13762442140038703	0.3631322433759595	0.6370810538687166	0.9282656925787887	5.314463625934671	
0.103762912131049	0.13941828137801845	0.36859767235076885	0.6706837348257294	0.9519185472516931	5.202052250275708	
0.09264594919790753	0.16313999399913667	0.38956257994789506	0.5592561584006465	0.9449496761587967	4.3117977662343785	
0.1023240371544077	0.13687484830591837	0.39542867954812105	0.46707159058277603	0.9164972077681033	4.299459016634724	
0.10688380502069378	0.16050556078406536	0.395121979663439	0.6085373712776516	0.8154766984587636	5.083545203099105	
0.08870050387648654	0.17061786387204034	0.44206012170408415	0.6605331847310504	0.9617273158866596	4.485886279619638	
0.1001602401348501	0.1359364805939465	0.3746019245128852	0.6558954775818445	0.8013021653258199	5.2871511574848	
0.12708562419481628	0.15734358989347988	0.41397344011586595	0.6184148528688497	0.8747984030682499	4.5996836727710235	
0.10330071464357944	0.15219267033698233	0.46847986935821684	0.7163112242468244	0.9743196714167945	3.738191991147663	
0.09864744952810212	0.15409762713967695	0.4069161484775881	0.5415257239864509	1.0987592248256437	3.7790311844060502	
0.09642216208353316	0.15680473785578775	0.3014796359650747	0.495685149799609	0.888811002923169	4.587593355050456	
0.09750048560716008	0.13024260390704684	0.3578199890537549	0.6034237418681863	1.1235867970814413	4.060921951343288	
0.09825684517505227	0.13366339982858377	0.3651455055241311	0.6136790901699204	0.794347813787649	5.174943811134895	
0.07919374385683237	0.13897545288496646	0.3869256849175424	0.5537279858145653	1.039234079980717	4.383403472263981	
0.10547102142119032	0.17392158570149527	0.37663287607975887	0.5041108181199053	0.8943573571349442	4.62520313924683	
0.0972373356054733	0.14437296109308204	0.3808888441980747	0.6608890254029552	1.0318246156152375	4.48710111550846	
0.10669676195296124	0.149455103267482	0.3872727539454487	0.7006534146486376	0.8362408536301572	4.831854859503731	
0.09554034820386999	0.16046646568855152	0.41938788808662564	0.684941235796381	0.9668202444001499	4.573699433690797	
0.0974925040259707	0.11207249760139817	0.4061062631062516	0.6217166553858066	0.8474656923101205	4.9476989859348945	
0.10019991373017773	0.16450783979601266	0.3625839411089145	0.5511061545618894	0.8809735183901051	5.204875660841677	
0.08216661285269283	0.14256891084536777	0.38062374998025583	0.621817446995021	0.9539492206473585	4.945489448257779	
0.10152225660283605	0.13019434096459323	0.41871381969480265	0.6197286282581412	0.9099739098015462	5.453002886830925	
0.08993123860681651	0.1542497218354563	0.38707444883406666	0.5028275580657453	0.8244770973311084	4.5696690212965	
0.10213802303011438	0.15647294085541075	0.3757428276238475	0.5773083368773302	1.0228063852749942	3.366340998121593	
0.11142591321727524	0.135777712180496	0.35685129284547956	0.6037226156631433	0.9084347134313299	4.242986978238807	
0.11297195311288573	0.16986398516704668	0.48076802893519416	0.627881772016856	0.9012207503333096	4.604657428033622	
0.11916468188910112	0.15352557110986012	0.3599650797855371	0.5713783532755732	0.9230893715436802	4.337472073633247	
0.09439038933863525	0.13549047978585038	0.40900268499629744	0.557549296065822	0.867832110872628	4.594977041841793	
0.11073485863469008	0.14704954357644376	0.3256866890432652	0.5492992795155799	1.0163690629872095	3.84614072358889	
0.09276164218535989	0.1177248655606617	0.31440998616390176	0.5174411609136733	0.954207884623007	4.033000546751121	
0.08958544382366573	0.1411146206314135	0.43808384890737045	0.5449347867773783	0.9939479054934875	5.421610111519305	
0.10833718570825245	0.1428763139223436	0.36566875139619315	0.6289655860466964	1.0117178467598096	4.080169230309126	
0.09070269152707788	0.1617753115367741	0.36229949485137214	0.6011175603058297	1.0003709113765846	4.560226441948021	
0.10571651699270657	0.14504855342601303	0.43459445919296336	0.5868238133996785	0.9699020764785703	4.410754632591175	
0.10914032689605146	0.14107224417624115	0.39056787849492886	0.5589252139072178	0.8888450115684026	4.869254848595592	
0.09742516094813242	0.14951190710587176	0.3558348931966188	0.5642456745627603	1.1504431289283525	4.996047822210738	
0.10093022143788706	0.13905958880247776	0.35403327083534475	0.5154544619647338	1.1582970880799	4.08538986555775	
0.08934029959068518	0.15057913762842592	0.3118066029948005	0.5943049134763598	1.0335533128450665	4.754566357838278	
0.10110649663353546	0.13777422193560018	0.35419242688008273	0.5658694916066436	0.8614548086465282	3.970123587383875	
0.09504613840432191	0.16325028900406502	0.36704932840384397	0.6189130566952169	0.9884800991145823	5.073477356122455	
0.08652391196485319	0.1564283165377356	0.37896612832724946	0.7130331660464828	0.9669627829959392	4.7697280276083305	
0.1006919361875093	0.13638375432824346	0.3611437810410161	0.6140636425780719	1.0516138171004705	4.19721026152793	
0.08578522921380707	0.14574886224412162	0.3917962140237456	0.5804544347699326	0.9746731768790403	4.9247555767695275	
0.09372380879623704	0.14254404587058608	0.40524137554144196	0.5569785242659009	1.0683052336921184	4.850810708147998	
0.09937187009307247	0.15607353576617128	0.4002405405091522	0.6756847033613828	0.9915520919730402	4.608491543510823	
0.10137960076789479	0.13299925682334404	0.40077196363618484	0.6133300648993117	0.9319646340896927	4.368027876803003	
0.11352079458287179	0.15795623781185122	0.39037793022942197	0.6899542033327104	0.8993078890226837	4.742718971916703	
0.11758068357142722	0.13593519802841159	0.3583196257448068	0.6641789399758022	0.886063494438533	3.558951093311934	
0.09034540377103017	0.13123079025169038	0.3320434123740378	0.6347826390937461	0.9806429170945954	4.507945451264117	
