7	58
1	1	1	0	1	1	0	1	1	0	
0.09548108030777158	0.17299603238776956	0.37751274881995744	1.0381476255184854	1.4906833999090316	3.392275724923629	4.390178682203818	
0.10502210045707008	0.14802762282016163	0.349455468989058	0.9203043486755698	1.614159802780533	3.4242029983171935	4.845798329097045	
0.1000146737144211	0.12093314765727756	0.3335857170600751	0.9031224835204203	1.2676860845910278	3.0795837921579987	4.247750443628609	
0.09469591259872434	0.17155754782956167	0.3779868255526779	1.0169243247033497	1.4534441270717975	3.710117647489537	4.959440822316431	
0.09408484130329434	0.17942444209947267	0.3627281485333002	0.9486000619223446	1.4839148371233368	3.4087185470697117	4.858280952739306	
0.09243215581252309	0.1606850290022005	0.4020835311663296	0.930043899235385	1.4028666789345692	2.987366965204145	4.716158022956003	
0.09339530480041705	0.15356821155299472	0.37614949713291257	0.8059230497153221	1.296518292516162	3.3815521537763984	4.264056848713767	
0.09441579831512467	0.1385407889663347	0.3522595621311495	1.0827679861606405	1.2698487034083397	3.728693554841183	4.351170950640775	
0.09346245507422124	0.15575735345746902	0.382015549802277	0.9116325045692143	1.4614433591605664	3.262089414004287	4.402981011897072	
0.1093567437925074	0.1282953492673326	0.3452427367197523	0.8566959894409218	1.278715057332726	3.2779261480330324	4.727438801583521	
0.08037469505479078	0.1428892039044629	0.3677767839391336	0.903415396077359	1.2462324203090867	3.1481707163310206	4.089994698658453	
0.09665622893298681	0.12420558722001697	0.3675527419119788	0.8631298755754883	1.3924652101721948	3.3477576308522043	4.479869222813151	
0.10793395201775557	0.14458850380205487	0.4035176230788735	1.0346238008933553	1.4691476378813453	3.2432407050770315	4.686462937880455	
0.10309083617454458	0.16501864512139885	0.4101643794613749	1.004941930569504	1.4362957119313389	3.360898655625057	4.645136818465185	
0.08792620597892296	0.16603374027637968	0.31656695986211014	0.9962333591593144	1.468180441850652	3.1576063259750082	4.676035571471813	
0.10418569326229449	0.13038300139870385	0.4338127987190973	0.9367088390082051	1.7610067195493515	3.5066755843069295	4.522228806111922	
0.09309960714007383	0.14833740694210906	0.38569356768614127	1.066285004352478	1.6054123563064056	3.3967337568043576	5.296136026156499	
0.07983818870399449	0.1569418107979246	0.4277147729037765	0.9809117127416462	1.2394084590282397	3.701569018393283	4.8426068535180455	
0.10343011960213461	0.15132536986734108	0.4557606785896527	0.9713401315671646	1.3954054888005856	2.986301987208943	4.840888112643877	
0.10986233395275602	0.15084773331725534	0.3588044177658491	1.0536952636337207	1.303099595269353	3.8900697489328935	4.169459781743386	
0.08721701986151333	0.1327444995395495	0.3378306085248571	0.9079965623245732	1.3630513302690794	3.5830079430699824	4.896933666880265	
0.09776488940984311	0.19655076608647307	0.37100307946217026	0.9203729789791536	1.247329233417069	3.2238243944968845	4.633830311125994	
0.08815779106106189	0.14251962862785456	0.3924264077390733	0.8811903004436284	1.3250152383509548	3.5041932296162814	3.923048784990121	
0.08912077621406345	0.1526606901087642	0.4121540519841308	0.9584137288590757	1.3979841224840617	3.15074869875867	4.954698847271941	
0.10859001432970683	0.15074773877764358	0.36945048943281233	0.9332803139160133	1.3260107648511903	3.2011929132966572	4.279708497604246	
0.09899155181621541	0.14319473595508647	0.399910171209644	1.0061117021859975	1.3757006377092995	2.9861391076183126	4.820229780382878	
0.10184758812788441	0.14449895882224464	0.43227097270780185	0.8774518137766161	1.1450101068577347	3.0199132045446007	5.228270314601091	
0.09682296268933194	0.14226841062846063	0.3810109186076354	1.02402886717404	1.4181453013274463	3.4421879641203086	4.414830196078436	
0.10599211171146367	0.15270394190852266	0.36487631255420955	0.9540025538239243	1.352421083196793	2.8020887856542407	4.491050492766537	
0.08710625642110151	0.15896144303293333	0.37857535067445686	1.0623661512034166	1.3827760931235327	3.2434911610258546	3.838668276984069	
0.08895906688829454	0.12481915856477209	0.42094476482355425	0.8872614487055469	1.619772404449257	2.3788013814260034	5.1966334793448485	
0.09931977109295122	0.15509771083447996	0.3396081762530396	0.9790379624518714	1.3765302771141048	2.8619648778352995	3.9565501411941293	
0.08774649563417701	0.15570359393695243	0.3558459985972593	0.7774712807189852	1.4828098305073922	2.543862904959134	5.098082443647343	
0.11986410576273253	0.13031364486709893	0.41999312400133365	0.9624661142237119	1.3584944692534529	3.1026539632953027	4.794515240809548	
0.09960049202396543	0.11108686264039731	0.4587745473141339	0.9702851992965867	1.4225624583431624	3.016512447102426	4.4149677733501065	
0.1126918725885119	0.153924276518193	0.39426423572902425	0.8138271323728392	1.3800028704995786	3.266591739691588	4.813454854555894	
0.09584183790121346	0.16391803148212822	0.3365145780828732	0.9364668780470876	1.416041072317521	2.757453900049683	4.478531329495847	
0.09417395479433863	0.1712066209123939	0.3644102706349987	0.9626309597171225	1.2539609964574063	3.326884890359297	4.313229161125703	
0.09223723516032023	0.19250838347906163	0.36656893690750497	0.9102887495728736	1.5589850637432696	3.000261328504048	4.681472524834891	
0.10510320412444181	0.15367050639692562	0.4672608940053156	0.8552029783938339	1.6498768860250788	3.403445630788309	4.909252325935471	
0.10341234371683428	0.17817416027616279	0.3678370389156591	0.9762414821752332	1.6166826305016064	3.0683761234518414	4.950196504783511	
0.09981361744405662	0.13147674558998432	0.3248395960151043	0.9215537554960892	1.5716965723894216	2.5743348913855573	4.59020251760798	
0.10892377134884908	0.13083075172018202	0.3559092682260599	0.9832301255667214	1.551340926469904	3.7713319222146864	4.236146639414973	
0.09184423145561821	0.17479028197022917	0.3513122090851694	0.9771775522068594	1.7421854244697934	3.49463032542201	4.852471597621528	
0.11278066104765427	0.15787301366827963	0.4099466752609125	0.8981391658852315	1.5958746327583218	3.3843815251608578	3.8348689092333568	
0.10242943912350816	0.11745527876723166	0.40712869269503676	0.9082797064473966	1.7024940314015538	3.409130161024299	4.91588171596077	
0.08950776749952982	0.1602686208755377	0.355654995141095	1.031418143751068	1.270075631681931	3.285687389678503	3.978952905637535	
0.10125809953485294	0.18033730359000869	0.40740818704974807	0.9269655493224299	1.0779112453559383	3.075901686603341	4.713594140590805	
0.09489142324397616	0.1714072537194516	0.38271845017312295	1.0303093457984043	1.4593008226907287	3.1603058034903064	4.287903073393323	
0.0898784596167772	0.16644919775193076	0.36373554658194035	0.9785736062703431	1.3548184673926693	2.8980156060074966	4.749813364781506	
0.09253296103719105	0.14399269132699294	0.3325498375537136	0.8841395376031095	1.433447325065169	3.1565654314595277	4.868201977406827	
0.10145520743065513	0.19630970716668517	0.3961215223314164	0.768599659229409	1.3995578145247778	3.2089693519813838	4.223865942728872	
0.1007261083423622	0.14034904406699436	0.39264715235984143	0.7524920427123134	1.5936146614662436	2.7370556277511167	4.381400001592559	
0.09267293210902827	0.15458880106571118	0.3730368377920575	0.9534035119082065	1.5889005148379618	3.4998000172417627	4.5163383037837015	
0.10459507766638663	0.17940011278223386	0.41056105519794167	0.9027009721112887	1.6127346002467884	3.377175854266319	4.066751316929821	
0.09819277709818221	0.1279161395477554	0.29316923605058165	0.8417392529169524	1.4475290928213078	3.2907903842067108	3.864790941693722	
0.07621238072741299	0.17206143711481076	0.3836211385280889	1.0746812139462112	1.6442985268475057	3.488780641961223	4.526614611761306	
0.09602349185804561	0.16077894784875055	0.37392540109824196	0.8751654085818747	1.1299996301466924	3.2229907747646034	4.993501899373259	
