3	59
0	0	0	1	0	1	0	0	0	1	
0.5260512818539322	1.4529713242780116	7.61294693243069	
0.5280761804816125	1.5558823025096706	5.360839279142616	
0.6440469598091433	1.4582664668090115	5.994576627185532	
0.5671659130202044	1.6205834208956333	7.1013060505708765	
0.6093899810930075	1.619409878394034	6.085384258705329	
0.6274364856659673	1.2454640466740772	5.713637962801742	
0.6362484209465717	1.6919844414571472	5.803543157780236	
0.6598308563307719	1.411059754804126	5.914710620510037	
0.5276516140572662	1.7042255863654423	6.716298663165706	
0.5755752876572421	1.4913613164481379	5.710500632161008	
0.6285960268892778	1.4548575393469876	5.110672760197575	
0.6697420242113136	1.4232125033730547	6.489604943064046	
0.5876472376820184	1.3775825169061988	5.3788026966381235	
0.6647679751828406	1.5156935322877905	5.59171806718552	
0.6175112374085971	1.465969917262333	6.328533848954855	
0.676367595139171	1.3203389937513512	6.482039389602283	
0.6496927263883943	1.479008431548109	5.46569012430956	
0.604278798124592	1.1402494206795135	5.82248617073363	
0.5431149337608944	1.555663831440653	6.214286466755599	
0.5419569785021143	1.696704878513391	6.930014117068408	
0.6209646596953176	1.2381775410204645	6.270417092361985	
0.6040091567441351	1.6385355119443503	5.221492677657483	
0.5798387300416732	1.604596374201958	6.4439242328775865	
0.567885769072783	1.5478574540921066	5.83304421227945	
0.5546740196608901	1.5520690333702054	6.509798001839949	
0.5821213938860754	1.3071090869709394	5.688457294669171	
0.6148429523464307	1.2195042020193965	6.32620617934759	
0.6048805758414384	1.4413478332056475	6.394247888733214	
0.5181883584727589	1.3490617964036435	6.151037076716449	
0.6128160248792016	1.4392593161303064	6.043737143169768	
0.5402664290004205	1.5479826715727563	5.7759814955862545	
0.5830556819912847	1.4142684489265787	5.250815392981895	
0.6824826850726232	1.2907304943349254	6.096620674332813	
0.5203645724208812	1.2986463638961308	6.620865226257006	
0.5549688090092425	1.4373701975906754	6.135784927138015	
0.668989240968536	1.4189945532897497	5.424579993988578	
0.46820052078110275	1.1360064134059429	6.79339185478668	
0.6221494004292214	1.6936470136735347	6.269330166272081	
0.6092871076921916	1.2383092924081682	5.570243331910457	
0.6858790560312581	1.5077516664631063	5.450614814395034	
0.7367134551103109	1.5189295290296383	5.885072740002241	
0.6428675984323862	1.3239510009546755	5.701680210554814	
0.6846824870953857	1.3109691889236375	6.264328358380779	
0.5578162082239707	1.232452549557797	5.32105815618595	
0.6361881241312308	1.5580900932520225	6.621472908734343	
0.6730745205500662	1.2498500809432247	6.108051949787383	
0.6287116594088864	1.2040144429852613	6.362748346972382	
0.6731284003372551	1.6604559084085664	5.166511951197355	
0.6542930146726605	1.1856384016512247	5.662500069239937	
0.6270086975713088	1.4078075138599846	5.5915225620998585	
0.5700926945805305	1.4766137379091975	5.541022993254841	
0.6933779169768056	1.3585218056465254	6.655137610733148	
0.5535087286141487	1.4205863791999571	6.036869643920225	
0.6150740576174619	1.5223447793241864	5.1990084331498885	
0.6430664248824797	1.5357948237739762	6.802911006871238	
0.6058505899483754	1.3391589478865191	5.484285783669875	
0.5916831255625435	1.3808231087273324	5.251646023992718	
0.5778773567129007	1.521100819623099	6.169072230126595	
0.5940339395264094	1.3918202251826202	6.0605023829386475	
