4	57
0	0	0	0	1	0	1	1	0	1	
0.7884804386582343	2.206445999461881	4.01886004579806	6.4989447548535155	
0.9204753342962878	2.6690333179393275	3.0185606731538557	7.373858526431852	
1.0295549030599336	2.1898847992111943	3.0497064981305995	6.540191356889723	
0.9630193271612512	1.772624970170808	3.303833088519911	8.253149251239336	
1.114442111063596	2.1490920977794548	3.9731751529228747	6.622634453936668	
0.9025350680511927	2.1585212271574017	3.401999041512765	6.871921158808425	
1.0575688879796008	1.9434749045880968	3.2666960279367436	6.4037545784984395	
0.8148602314988717	2.3788234503637957	3.8842682588945094	6.30016235443085	
0.8060154241143361	2.5223401334976354	3.369246248827428	6.808595077005249	
0.8835841741233147	1.979512318499463	3.282138500644633	5.8289333370039085	
0.883822240941625	2.2327124428440666	3.218254447179049	6.089526441489931	
1.0094937853959036	2.656401227663039	3.573968848071976	8.04339521341476	
0.8720822442141118	1.9736359820940819	3.4356014078965624	5.2829181967306695	
0.9290138027336047	2.1093317040851174	2.8163488757235977	5.428198646568838	
1.1654885073238321	2.0300825213776283	3.356544598318483	6.554097470785118	
0.9429944645222327	1.8001414079609885	3.541778354066455	6.94876095662513	
0.8596786167562535	2.1808758097479606	3.086844053946871	5.43943833476376	
0.7777665552061945	2.2743098459775264	3.1447514027170573	6.198927176542069	
0.9580593187935199	1.9330943080252068	3.171643065980273	6.793136222865363	
1.0395278753927346	1.9960064053966926	3.2052675991196735	6.359973227595271	
0.9609718169553905	2.0813169126626634	3.4034507589650573	5.891745908677892	
0.7960645708984913	2.0746855266094153	3.159949813879734	5.824673844433283	
0.8158739028131857	2.5812629583059543	3.0696737755188415	5.352586812878576	
0.8855729685523367	2.170066153029332	3.338539217401435	6.43509299041297	
1.1594143320756054	2.3680875172273783	2.69170219637191	6.4464832561907315	
0.6835350574253546	2.0632298026891775	3.2550847873867785	5.427243560980728	
0.8880981171057426	2.190485616762005	3.577144388512608	7.104817523040129	
0.8468002846946555	2.0125228112203817	2.954997690341788	6.397942690420816	
0.7904756968748632	2.857736442433806	3.6309017583835557	6.234680595237483	
0.7978875027359926	1.506686584695499	3.4603409999728902	7.254270186709129	
0.8423706097992666	2.0365890778754214	3.6611623925839805	7.049655817398825	
0.9328406503883853	1.8332607532791216	3.1194236721318447	5.363502640623583	
1.0175824659589738	2.6123311577117074	3.419470842960245	5.433177336208079	
0.8387398672952575	1.804638345060208	2.3726432144374185	5.623195618093512	
0.8809042710356346	2.1484327178124496	3.6582154590112244	5.934795039251055	
0.8207833173450747	2.028719904530359	3.5710172255866994	6.32718909038657	
0.8677438888189466	2.1634121005615072	3.112588977181958	5.800135901887233	
1.097929178857888	1.7419339314986308	3.0535780410992706	5.971773478617729	
0.9930198284132037	1.7716510541550168	3.365740108102142	6.517898441172649	
0.8855728172807552	2.2186270535921815	2.683241849387116	4.8121135748810016	
0.9198784972425922	2.533086596877942	3.597091403988627	5.467829876637634	
0.8586955414678492	1.91697538478356	2.9137047016447024	5.346599341768366	
1.000400518619759	2.4916743894099826	3.011979428359547	7.100228461266031	
0.9148366138503572	2.102030099348419	3.0096101408770077	6.1512109604692995	
0.8328978631045963	1.938775210825473	3.5526451991278267	7.073320402430313	
1.044808693079434	2.2118451981710088	3.4567065024550914	5.585970482990449	
0.9622211719108736	2.321256662124248	3.367375662467217	5.9476828706768865	
0.9258792905893041	1.9118133782474482	2.9237441605397048	5.845070480639972	
0.8525975052970751	2.3990012658365854	3.1934836441157346	6.565689811609895	
0.9338745776535614	2.224710340059878	3.4933594261412133	6.065951832542562	
1.0220903637703234	2.325165125060563	3.065995407742039	6.738082393420653	
0.8940296961059749	2.13115838771641	3.2177876184709127	5.599401376583925	
0.908449867807853	2.3074778349942555	3.0789656082627683	5.932738692381581	
0.9980073167097305	2.39131264319265	3.5042315586813855	5.708352627548036	
1.0342431589892715	2.1159451147335275	2.9569395241317658	6.039439747986704	
0.9141091726341928	2.0685005654666417	3.567153009276557	5.0671306416484665	
1.0678917161245451	2.1491089487521506	3.5202976126131653	6.548367966724878	
