6	91
1	1	1	0	1	0	1	0	0	1	
0.10582439739173595	0.1730208440371624	0.3704270785132193	0.9961899865261367	2.106355420137411	6.0943751541583815	
0.09360683403000099	0.16132533829288848	0.3809222510704102	0.8571543635518224	1.8095425254202764	6.4591397786394085	
0.10372541597398306	0.15309050878191813	0.3468186695992524	1.0007136941520953	1.995895888058419	6.544717290268357	
0.09063754336242619	0.1313984370359052	0.37922881390601193	0.9917885588000149	2.3192962785188977	6.115274303995858	
0.11150846835455393	0.15405440587864327	0.3835243821496625	0.7126429052780864	1.9260235724311832	6.634951754432578	
0.09057155760602165	0.14574777933602956	0.36468725008247793	0.8336265172269279	2.0160703099951705	5.971194394709797	
0.08827637848253045	0.14465320757492686	0.3532277803057119	0.9393572487525089	2.3403267073526335	6.824122221232779	
0.10085643449524924	0.13483512404425807	0.4337837020524454	0.9663340107056086	2.028367028566041	5.799912600202054	
0.09332487968275618	0.1608544384512244	0.41727525326580234	0.9609040010560802	2.3850723597160015	5.961574290200604	
0.12350340720879115	0.14808842012500084	0.3065123666566939	1.015012924192341	2.0634850366765054	6.6441920913615515	
0.10292863964328346	0.139736682808312	0.37629842740975833	0.7939534285507076	1.9859657681183536	6.195865680840805	
0.10760680692765832	0.16187401255011896	0.35637960546390435	1.0294918334908807	2.1553442172058936	6.353539593012002	
0.11074077981001439	0.1536889526247979	0.3449445381377317	1.03980719529983	2.2435391021542994	6.249751650504267	
0.08802924888609631	0.16791744369019831	0.3962522203089851	0.8041954751924965	2.10363361133003	5.953179045617933	
0.10054025735751003	0.1469474180632615	0.3805239697120092	1.018706004361297	2.1353303399368193	5.667356137977009	
0.10149748587796577	0.16646998261368381	0.4082348005623576	0.7146002235855232	1.8700509897497548	4.920533788045362	
0.10429354533092626	0.16636272219345244	0.37789299331153525	0.9417317016619847	1.9393780356303754	6.659573976088371	
0.0922959522405228	0.16644191142227902	0.35699592888126147	1.0809755864176696	1.8467345490064606	5.3695295511336045	
0.1117545973677395	0.16727033076661885	0.3697128977071103	0.8036698342810403	1.6127950617970024	6.837927946598774	
0.10418194122412183	0.15238081312524027	0.35366265352719867	0.8940652123403254	2.336035916893626	5.326513255545828	
0.10852396467751468	0.15971242894573132	0.4403724610300171	0.9798705307757155	2.3380782049692685	5.1476523853688025	
0.09765186523556507	0.14851634199014563	0.3942847160889183	0.9405712409850319	2.3657947223157425	6.083021322022496	
0.09129641322610735	0.13474360832641405	0.4376251688619449	0.9565361794657287	2.177210330971448	6.155811933537561	
0.1019920195223867	0.1454152870717608	0.40300794989902866	1.0243903480121503	2.3327437537427493	5.974026892380801	
0.08946768148179914	0.1306114781614808	0.4165700554607991	0.8849300794149314	2.182317804406469	5.475692914860508	
0.10198301024216377	0.16672741413995495	0.4293575899933823	0.8006743737295842	2.3016777358944736	5.465574771555737	
0.11759095328482932	0.17914262166285236	0.39450569383058876	0.9392505894502815	2.1093209794393624	6.8901794156085625	
0.101595184039041	0.15444315721807955	0.37120808626558255	0.9341188112839468	2.2635589034151997	6.260470872368441	
0.10897913296134545	0.1535552779875226	0.37448970628745093	0.9600154739548534	2.1995239932705	5.572117109360324	
0.07890772305780708	0.13546960555464238	0.3325587937133979	1.0126670664117672	1.948986058152439	6.856492855213213	
0.09253801086466232	0.1590709585008833	0.4526592568111181	0.9860332435885315	2.5649676171967086	5.4330392294819365	
0.1119546113700075	0.13940208424278452	0.41748892020053824	0.9246748276750086	2.201839167960104	5.9868950200130975	
0.09691990884946006	0.1519129001729511	0.3965224089812706	0.7904057969671734	2.0899709426756643	6.39282953852541	
0.10157798652201243	0.16451877394032208	0.3239593511149166	0.9589221970868711	2.314549472481313	5.830296470000524	
0.0961516036109485	0.17022649660728842	0.26900898281542535	0.8840545762861494	2.0284272272192405	6.371884175190452	
0.11015375088990301	0.16605368766292314	0.3565007323943685	0.9541007248422686	2.0373247960531677	6.624303860667085	
0.10275728988807722	0.14901939044167636	0.3873223298606534	1.0165881805830141	2.219582921230163	5.822090813755071	
0.09804377670101078	0.16097552082301667	0.3410926103253427	1.01860941014435	1.733620429237212	6.043697382280827	
0.09334805326307077	0.1927595122099601	0.29167336877287564	0.8998369888414114	2.001903911620218	6.501905273123799	
0.11252186678221265	0.14849609864508673	0.27900613916801476	1.1078331272315258	2.3644718831831724	7.08721215452902	
0.09849525511354651	0.15504253602226276	0.3597788981730799	0.7301752841187372	2.0616181655817094	5.461491049147155	
0.09907570664156233	0.12621706715890765	0.40427078859340604	0.9619106684028775	1.692646119834251	4.537397108902598	
0.09148922813374855	0.16225823159195324	0.46113044831632444	0.8340352373739446	2.0296729523773482	5.236885138517981	
0.0978509871798764	0.1470275645859688	0.4171349537678709	0.792745369965563	2.3632801566156822	6.457595938351303	
0.09419587838423632	0.13850938894634948	0.3705998829086214	0.8594772159929872	2.074464237574046	4.901215985971149	
0.09675884428635573	0.14389137846541447	0.38576307766786017	1.047620036780525	2.1099098260174833	5.411301724424126	
0.08268405564177883	0.15844480251750473	0.38870679017663873	0.9205869018318711	2.1845956555930903	6.502205030282678	
0.10309215620237044	0.15466339524040068	0.4343012456115195	0.9349360670861493	2.0035349004120944	6.783164105806949	
0.0943232780765066	0.13171446859612793	0.3957584151691666	0.990131878379013	1.9790915893478007	6.5049904771717095	
0.0999039750889147	0.14296857290819523	0.3812264336384684	0.8728157369373806	2.146895071308101	7.002952035843101	
0.09667494257107508	0.1444481039051373	0.34736029314189554	0.8884621398153643	1.878484212102247	5.723183047925938	
0.09291259714007033	0.14626486302054642	0.3405079950524229	1.1603512296778975	1.976081934210347	5.757905580457696	
0.10261374902400616	0.1559684001928208	0.4079581526748779	0.9056844507751316	1.9670572052654667	6.888323705027428	
0.09116003555746721	0.14677807238465942	0.38202286407005875	0.9876855900787236	2.2435041840336227	5.649923661015054	
0.10203667895155065	0.12672215664570124	0.463578742614452	0.8551869902599989	2.343710610244216	5.415214180323466	
0.10640572292777284	0.13474777351851533	0.41393705207726916	1.1070758850523794	2.1655958226885135	6.339537325509442	
0.10974348170084969	0.1413244017495965	0.4160092140900678	0.8877639403981824	2.6151424673174364	5.273201717293428	
0.10161360414242096	0.1346405418500546	0.4252922370901583	1.1618054461605618	2.21098900905245	7.1582363919893695	
0.10830424981967385	0.1751248092085932	0.41112893297157255	1.0936200100560027	2.4973296536532468	5.708158199603315	
0.09540050980972345	0.14697349726342251	0.3566065825356618	0.9817877935645161	2.4661307618330537	6.315238241174909	
0.09688291071075841	0.15364199335811904	0.30561772835303613	0.8248407784925375	2.085245641922059	6.310445872243972	
0.09754673617416625	0.15305723088913262	0.3711300752417815	0.8933669466688334	1.90444154224443	6.266564321272417	
0.09546520507888374	0.15206086977315422	0.35603625484900897	0.984844586173352	2.173802363456847	6.162205293230436	
0.0923751792007486	0.1377180148331108	0.39192278525000734	0.7977590915877398	2.3366488714231033	5.933731827624891	
0.09024580570928126	0.127496292758952	0.4183928848882529	0.7207899959648666	2.251257459335428	6.083341644438241	
0.10636265022911853	0.13372438707263687	0.354459248085224	0.9602167485762427	2.1612684386458305	6.526534824832582	
0.09955477758467998	0.17095048703041385	0.3852720650722586	1.081037815239716	2.5198498349886203	7.050963950062737	
0.09263190202642807	0.16827040101747356	0.3791889488159077	0.9284333322033386	2.32646276517355	5.787835225500749	
0.08334226115825334	0.15037306604391731	0.4519088754952618	0.897570856522199	2.133567183658235	6.236868026849429	
0.09633715961222568	0.14700762375315207	0.38481251034289216	0.8915412493497104	2.431659202528448	7.270554133852853	
0.1046044243691549	0.1426693833119094	0.3993457031849552	0.8239024711851828	1.8528038388275043	5.9496632159290765	
0.11261033999066124	0.17112824219311476	0.39496330324775397	0.9953015360449649	2.2001168483037965	5.94069608829998	
0.08797263747580791	0.16787728067281357	0.3639262634700712	1.0067504379145165	2.1425766835043145	5.426615990718645	
0.09172902569522147	0.14133418172544787	0.38421540869299736	1.0399052916567775	2.3024444184180504	5.523882412996145	
0.08685930973044959	0.16008855973573127	0.4535907702023667	1.019176949000749	2.5873449658325742	5.700636687634001	
0.09997555140993637	0.16994180438810766	0.3178250687568973	0.9655397414708526	2.2178335292267866	6.838525569872244	
0.0903130436862548	0.1466288749748774	0.35412765919927247	0.9199608045828909	1.8861360194382581	6.317612602376968	
0.10168442614206596	0.1458818450382731	0.39070341365725497	0.9709184763790432	2.4694678668577104	5.942049541993346	
0.11331813359775914	0.13780792861523586	0.3564011044978056	1.0788849311563362	2.4119935043411718	4.982649119680364	
0.07810438038937265	0.17262174121792348	0.37506716333555035	0.8715071383934359	2.2057071439270763	5.649404998537322	
0.1000534036631386	0.14562580704760617	0.36579875304306886	0.7508623511114776	1.9284372608088032	6.664572714417927	
0.10768581999424383	0.15316448220250575	0.4104553432410078	0.9369421733494233	1.7825161229803002	5.332518574001474	
0.1048996176402808	0.1238505788559512	0.349463407079968	0.863670713331009	2.20478270078741	5.8781568199173035	
0.10186498509772074	0.15715344315551022	0.39359418931177814	1.0101387091691545	2.1857545209872695	5.40512208760091	
0.087515068387	0.15602474329049545	0.375900580342234	0.9285269508453268	2.0077572539982342	5.9578970352702285	
0.08478214526485822	0.12890137423136847	0.49130434997207756	0.7292130273616102	1.9253798065864098	5.294093643067277	
0.08822918331824939	0.14297374468516966	0.3299539581422456	0.994785607604099	2.1666036456925033	6.2689903747017865	
0.10245722312166915	0.13940582951173677	0.34996978488407066	1.0522864186401446	2.1743560763970167	6.072494411916562	
0.10098311321864786	0.15130862865445535	0.32485115200501796	0.9647651952975249	2.7009518952073135	6.041891694075196	
0.1173163907109571	0.15216626393223243	0.3915033607513405	0.9600402624554994	1.733000677737686	5.092899010116135	
0.09821715742540477	0.17595918450465708	0.36242834552651126	0.9783655890819197	1.9490814386151643	6.568865045888378	
