4	28
1	1	0	0	0	0	1	1	0	0	
0.08528329042794883	0.12452443960126154	2.504672524773076	3.7251031784032422	
0.09882139564524015	0.15417808520692336	1.9606548522066998	3.9543971565100153	
0.10337954170978897	0.144145644060413	2.559517724769147	2.8320661222000507	
0.11339780949925474	0.14898496785543253	2.6524539621173444	3.334220603393997	
0.09745276151688381	0.14251987051900308	2.0865609945774057	3.3095116554852493	
0.10166034320732892	0.17107039986410916	2.2245777807854528	3.1586221022977523	
0.11203659915362785	0.1516925467559254	2.3619694531116133	3.8038664194895047	
0.10099223164805773	0.1388780210420022	2.175311450136786	3.075073912516328	
0.09124986240340743	0.11527673056170744	1.8928697630675202	3.474810086855692	
0.10542516787027578	0.1286804321878103	2.0578291166400104	3.3860845043985117	
0.09165316906305492	0.14307356126027282	2.101800014669396	3.214432163981746	
0.09644693783171743	0.14407618623403615	1.933722524528465	3.175332757840706	
0.10341745375268396	0.15526187895002538	2.163093774412054	2.8357208532597014	
0.09463826593447193	0.15165346588555592	2.2817316805141914	3.07420547798227	
0.12629042689697012	0.17826716110430388	1.703946911733155	3.5937725047305835	
0.09566407832563546	0.14786258525295323	2.2238555639847344	2.9159260973648884	
0.11518457900164761	0.14368475887495502	2.0429750259887705	3.234604323623875	
0.08373975657040394	0.15159038591401078	1.7805855123317305	3.7604600612601566	
0.08593361464857473	0.14921042126276157	1.7265570880920802	2.9345128258571895	
0.1144033920938885	0.1482435426022549	2.648381452046117	2.8131651828883832	
0.09890962567618274	0.13067118116105322	2.048300171205052	3.1200335476894185	
0.10316596486025553	0.14829832756066155	2.045373189679044	3.4610750177174876	
0.1060858167292965	0.1719896888125281	1.8341276962527677	2.8943175252244946	
0.1198996791345298	0.18310002660388366	2.3042029940955433	3.460170381602506	
0.09913882720316197	0.15619364154583246	2.3102239746011355	3.835775099777346	
0.1061157722374671	0.14595272435736592	1.964691963296834	2.747453183319967	
0.10071903387991805	0.16532001330518745	2.443777719561884	3.793379042754893	
0.10545857557647942	0.14026704728993789	2.432140462891009	2.8427282856759577	
