3	54
1	0	0	1	1	0	0	0	0	0	
0.12557133516334715	0.7224611464670591	0.9242146030558333	
0.09687810591022183	0.654708471732538	0.917506378119565	
0.10209200787695316	0.5789222502415593	1.027674660721057	
0.1022646361983761	0.5941268009335233	0.8786535687229565	
0.088570853409733	0.6109358940682984	0.9553541354348506	
0.08685103300994683	0.5379165723685608	0.9523549994120262	
0.08831973617616556	0.5953312473709949	0.7848239182602703	
0.10615295997562485	0.5628903705611096	0.9333351021712033	
0.10705142761634201	0.7576906192147286	0.9347747166888618	
0.10113293876692597	0.5512357051773952	1.297825688261493	
0.08561806697639225	0.6142323483171043	0.9601825552959858	
0.08602657614308878	0.5827902867173133	0.948513786756478	
0.09231961731877177	0.6348443290644868	0.8636597745749869	
0.09857988205296331	0.6623075981514844	0.9617613818504916	
0.11135862070276735	0.5926196442266893	1.0276242224958307	
0.10862212762992406	0.5138729326458441	0.8197479059001956	
0.10216622987995319	0.5368406585062675	0.9320634090494061	
0.10296792604178034	0.4680194660607529	0.9919830548016351	
0.08885859118781084	0.5858954345940394	1.0325604194991025	
0.09095333872492892	0.4841416564848773	0.9050215626319843	
0.09363780145353111	0.5840934153578321	0.785242972846726	
0.1066676667396787	0.5733345294022912	0.8983951097551792	
0.07934212634428545	0.5214877737803449	0.8862880622572228	
0.11494133997912233	0.5955509136045763	0.9915962265198879	
0.10835778707277982	0.6015821590576776	0.9045175943148884	
0.09127059555193025	0.6093322371706288	0.8063471780888695	
0.09888319430563437	0.5751914037696448	1.0609015097394745	
0.09242931224529621	0.5702433716575468	1.0224257466128712	
0.09141278171455358	0.5962809707029751	0.9512370599332144	
0.0958489405826208	0.5672861139750428	1.0042145355550678	
0.11399649356673965	0.747622832586119	0.7938402729401461	
0.11069446817384838	0.5660266976799357	0.9700868068625342	
0.10734067425707522	0.6223437233240746	0.9595091945542868	
0.09087076767931285	0.6032487513618868	0.8587160663657739	
0.0864974651513137	0.5914599164039057	0.8475217379703665	
0.12362753921633154	0.7124246868164688	0.8349162529655183	
0.11214220034290903	0.545720448528089	0.8779302059732629	
0.09398085546605933	0.5840282752900752	0.9963427860241493	
0.07004529979671403	0.5862091058782704	0.9473686358223953	
0.09623614335012831	0.6652475872466782	0.8692132041449355	
0.09168112271763344	0.5351802790602698	0.9110129332294674	
0.09730907514194123	0.6078469360676532	0.9732575009950142	
0.09748040026919068	0.5992468875691944	0.9627158320320006	
0.12062402050806875	0.5897792725824302	1.040994580025107	
0.11680626304434048	0.6778292077863115	1.112036940984032	
0.09818834309192247	0.7199082763994405	0.7663047514689122	
0.12091134535250317	0.579152225007419	0.9577664316864722	
0.09182133009979494	0.5542811048273436	0.9425234788521591	
0.09115220942807446	0.5508715658932516	0.916615424451601	
0.10207623863839935	0.5740457936819271	0.7829228541540175	
0.0978962110435149	0.5557571854919436	0.8248549196227201	
0.10296281645297756	0.5882178865291735	0.9741507891165211	
0.09347052089503732	0.48407112185139467	1.01411330482605	
0.08860544209818866	0.5147100824332717	0.8507235645686362	
