5	58
0	1	0	1	0	0	1	1	0	1	
0.17196485612216825	0.6120165424695816	2.4527660736230423	2.803968255898772	6.170368161281267	
0.13854811301181869	0.5121730859311932	2.209568996651488	3.650736365776843	5.44864116403093	
0.17235193376291752	0.5981776444732115	2.1950231311621455	3.0903205241500458	6.547940518213838	
0.14590988858144524	0.6110017023628908	1.9736742792199085	2.9265828543765737	5.385236997985574	
0.1254721642839901	0.5406594043996293	2.048637440278787	3.1495696766162085	6.41005624361625	
0.1286959128448756	0.5231649968634676	1.9949627726213788	3.3794964830845173	5.526501063777215	
0.1355905912919289	0.5934883245920312	2.6081960649059552	3.2619664281563674	5.41402651201062	
0.15477836508207832	0.521461821561608	2.584652872705217	3.670324838405307	6.04286862281145	
0.15719252921297397	0.6740893662488624	2.094780022994168	3.3688993509422414	5.840641841466322	
0.14742254084663503	0.44715455512688845	2.5888900485149313	3.338918242685367	6.832784286933725	
0.13071571381072958	0.5884650966360198	2.322648693608923	3.2139442428440343	7.354377209545451	
0.1556813607187328	0.6416684966912755	2.0365504433993205	3.0866314793433696	5.68507334971138	
0.1737224628535893	0.6432767872676954	2.166857605126852	3.4411805588152378	5.651352610847527	
0.11943522898429053	0.6397535056038234	1.6889031098302731	3.3401707585425253	6.046823976320155	
0.14283392104349424	0.5070610221190917	2.4033504348132944	2.9479814511051297	5.527511269865318	
0.15907685980375413	0.5795331659018013	2.2616234298128863	2.962673809047569	6.781641935100774	
0.1361800890259731	0.6259075407134074	1.9741804658913453	3.391148628910615	6.034620165441872	
0.13919863501427926	0.5567132440528185	2.197535521606537	3.553599112584904	5.268890440314912	
0.16966171497532526	0.606886222795079	1.9276192474614902	3.6616354642699442	6.119527022170426	
0.14943581001568587	0.6627242682654368	2.3119413054061075	2.902172187681726	6.436669344180823	
0.179827622931329	0.5175217522728807	2.1438210407263343	3.674654624274436	5.723506474201901	
0.11216417765140697	0.6405989792190043	2.342895368139002	3.216717613223081	5.159574458823726	
0.16566972670021032	0.6328735052582289	2.0109709849988118	3.2329510138725617	7.15390300712192	
0.12371936997456437	0.6502897469317162	2.0601684143310397	3.1500099790420704	5.484870485879654	
0.14186291908294527	0.6247139418023406	2.1462558937031306	3.2225901355877054	5.9958746850323505	
0.147246403177244	0.6461878342225582	2.1189197550334797	2.931131597926541	5.431143627908863	
0.16836965186778816	0.539414522001692	2.209040765932766	3.255140688843756	6.150891608778558	
0.14344363804383037	0.6053287678970928	2.202467683818385	2.8905340265523325	5.447205120438122	
0.14658344852062205	0.6355390479299154	1.9465922597802743	3.114953552743524	6.1663881085608185	
0.1555331686419541	0.5334878194583645	1.9850059922879288	3.1617516725451873	6.997343253525218	
0.1650244961900213	0.5614514673285904	2.567967924444302	3.1905870201152293	6.483565223811517	
0.1357943508965138	0.5023025914983884	2.279203659546112	3.7432403949935718	6.109108609793713	
0.11904381974120998	0.6223479914075314	2.133301712454373	2.869316773886913	6.044095346555087	
0.12642945894173108	0.5802724981310565	1.8659372712061995	3.135896402369224	6.522494333922411	
0.14475557234700395	0.6430271076343151	1.8868879331070327	3.3891172092105135	5.9815158732231755	
0.14900716736157138	0.5800550493358356	1.74655547135235	3.3683712389214677	5.473407752652445	
0.13992131870842964	0.6405444254586045	1.889495734535011	3.054386810216378	5.970228285408905	
0.1439245605902076	0.5650052318651488	2.1540338169830093	3.3686158406103135	7.0021870924140845	
0.1657972072223846	0.6858289572850519	2.1301383477565152	3.157451102182949	6.137974663346423	
0.15655904900179446	0.5717753140062356	1.9678165017184228	2.720242925786381	6.660303637593355	
0.1568247837733287	0.6933156797658518	2.1918627274515137	2.5938975239327164	6.534243089926795	
0.15769394775839524	0.6152924639266903	2.2495362134850225	2.779046519923206	6.591390829603959	
0.12754806122057274	0.6375116473451056	2.199424999047621	2.529279475881255	4.825935037831764	
0.153887265894922	0.4835626663921667	2.3089770095197935	2.669621305264192	5.593757400517631	
0.16057739425830694	0.5460088572490716	1.999479623172338	2.9763638574766897	6.116908278756275	
0.17149692403505518	0.6454905062866175	1.9052480624729082	3.317950467709908	5.505164526849713	
0.1825104017967692	0.6582148891630814	1.9036057439621237	3.3922387362806483	7.007912775034672	
0.1682771757434321	0.7140063859857909	2.4629594805989554	3.5103051878562446	6.131199161998893	
0.1407378143943262	0.6475035556359137	2.2701969092529466	2.8979883917550415	6.875995737826981	
0.13814800408536868	0.6441314886035125	2.1417766224975576	2.9144404495658995	7.1499641544901795	
0.13586439711328982	0.5622485819324939	2.1853579415658158	2.7948198812891354	6.55942753168845	
0.14743259266970946	0.7027417180551072	2.4871822854441548	3.7401370894740484	6.131842643029079	
0.1138678531025884	0.7033077239323112	2.1638455618805574	3.637622290795317	4.737816393683762	
0.12200705417077595	0.6203732455909522	2.223023369425716	3.216445693898386	5.380740756091833	
0.15607219748035203	0.5869208816210152	1.9978819710209401	3.359711975628058	5.364616231167479	
0.15599384191415197	0.611476643054918	1.8595512871546456	3.4673589101829174	5.391989966977373	
0.14274197178317857	0.5186496866825404	1.9602411052216144	3.1667994585735175	6.145016478702734	
0.12192570188142837	0.5376050236515074	2.023503713768223	2.927299616171434	6.469144980584722	
