9	47
1	1	1	0	1	1	1	1	1	1	
0.10088766685854456	0.15496993878091211	0.3428478355540014	0.9014251422385929	1.5125278033062544	2.1179398142087504	3.269577580515589	4.946599483496229	4.855653729764475	
0.10369384794033334	0.1766480777165014	0.36567906732052957	0.8142820508363826	1.3743596505266837	1.823827225011322	3.3233476486404907	4.466837685620166	6.191239111261778	
0.09868764390653456	0.152938426767655	0.39711838914055775	0.8186187808089407	1.479490157676181	2.4613645205220336	2.9374402596853826	4.638746917232803	6.776819308582772	
0.08844954714494731	0.16196781951813044	0.37156308264383003	1.0240544298597964	1.3121026201009611	2.148053130412814	2.756491059683349	4.696780010026845	6.269242036935651	
0.10540802420398698	0.15737399475387778	0.3765391366806049	0.792580441714635	1.5718671237787574	2.1417366341561577	3.3778823029903466	4.416652931529044	7.175256223776156	
0.09432351357285051	0.1409083400098544	0.3206575333008528	0.9405009647757574	1.6957522102290312	2.1768830998086677	3.323812499890299	4.937946347760339	6.097257933166355	
0.11199289603066863	0.17021613675130562	0.3574663042262016	0.7969699939860707	1.5286113250946123	2.2193657509195024	2.910095430976442	4.194882902342781	5.591314072772026	
0.10147458299578663	0.16496077570715886	0.4200281792858217	1.0035465502766598	1.3882314940578846	2.627324184289833	3.26079665139255	4.325035796587395	5.180360100098076	
0.09652460272847617	0.15658160112382577	0.31972290845538176	0.8412676528569304	1.3631702046323697	1.9832911800573687	2.9711916000685146	5.006076350053506	5.009592288745584	
0.10175369876847323	0.1577861783964208	0.3616046297090924	0.9088937365324986	1.424201784754774	2.2863758472610214	3.7474746292497714	3.9219766746515448	5.450244237347838	
0.09134091231222422	0.1498115012354939	0.36480833852016764	0.991977475866783	1.3361216764826496	1.9590261928574018	3.0019803152094795	4.552059967160959	6.578353869292706	
0.09955564805402972	0.14162757637808435	0.34082059147846305	1.065931945186027	1.1781820154845146	2.1099942661659026	3.4904105848091347	4.410063369015548	5.660206848537307	
0.10535657815104851	0.13359327219758568	0.3138499644720979	0.9628442794239542	1.2876888884268065	2.1783195353093374	3.209938584031722	4.617470427411383	5.86375203713027	
0.10551518656598619	0.13944677584757068	0.40968705891315205	0.8167610198232825	1.597685229500709	2.591103931065955	3.2851362085855507	5.206128128214977	7.097045077535521	
0.09679065629270128	0.15071797345563834	0.3490635347362436	0.8602864675639524	1.4633004160558163	1.798296969356043	3.5213045704373385	4.575278145243535	6.408799114923713	
0.09817968788366721	0.160087904390825	0.38941052011606586	0.9771719233760121	1.558944847058498	1.8780359878142803	3.0215007364175444	5.541669716299249	6.124363539500818	
0.08283202629757169	0.12433136323297368	0.3771503305539721	0.8813575713385535	1.3146888262998817	2.5355262038753805	3.1300382685251016	4.86943775649102	6.150074878625414	
0.0970511068529699	0.13287413243527574	0.4092307990524807	0.7119742868252483	1.5545068789213077	2.1825263906313985	3.4510374477876598	4.5034933575543405	5.259393522244805	
0.10401546724941164	0.16273349873301657	0.3617923450564199	0.9911374604560995	1.4724068835670088	2.2468687122953215	2.9706512230634936	5.076973213177039	6.1776185850736205	
0.10831709758351538	0.14417775130741456	0.4173270510984951	0.8907593674310671	1.3024788569376755	2.5309461210651034	2.47888370556399	5.845450204668177	6.421044119510194	
0.09685191101616594	0.15489113770262006	0.40668859537472174	0.8990821334216013	1.721039733867197	2.4672463645222504	4.136218708265142	3.9503514211665256	6.12918305221188	
0.0861298761616701	0.13362791492549078	0.3676018362438206	0.9013393994389252	1.4828962291306502	2.126208504825591	3.509991732815807	4.643507268788946	6.98851988933611	
0.10828803560126786	0.13231559130013293	0.3744714562022629	0.9227449824428637	1.4929063783592407	2.3811850056046264	3.3418463580830635	4.760172857828719	5.319463805928819	
0.0954079833561558	0.12131816980659224	0.3967940745996562	1.0082593052783617	1.241385330904934	2.184066292301371	3.216759693140342	5.259797943078325	5.463377927674388	
0.10918157415488075	0.16714608590567506	0.37259185098312103	0.9572022146104665	1.5840763452436384	1.9136068405214932	3.111176134890778	4.583807419850119	7.238415094104122	
0.09600229153945203	0.14597018218610158	0.4387893599873829	0.991657050542837	1.742103916072956	2.3850477510433636	3.2025479015072302	4.3702846785027845	5.5052433604171895	
0.08694975414369298	0.15511223437459082	0.4038238782169208	0.9995083111271792	1.4123427485493605	2.5649746609637396	2.8085053689453385	3.8377487952562643	5.508227043274605	
0.10005954019878181	0.1335432583951778	0.4311836767600142	0.8612762184302876	1.298791806992718	2.376841969147974	3.3174166365536757	4.8531155621790445	5.9714449439298125	
0.10271753264760025	0.12849675821594417	0.37438207007709196	0.8325307762703761	1.7094779816276784	2.427956601947766	3.037474800578975	4.406599984878362	5.9037485339901865	
0.12153956566041112	0.15594597452784806	0.36374103117644685	0.943641721419052	1.2102102959668826	2.13416023836147	2.8987094225942434	3.668550289186395	7.191944475042918	
0.09973007001061839	0.13842620150099663	0.31550718773944386	0.9094362153039457	1.4086677387713504	2.3144861141160624	2.94000388265651	4.259808836222965	5.445245079633144	
0.09781950026279924	0.12010509056763263	0.3494403667642727	0.9885636078054073	1.25476141414546	2.364893767596932	3.5338425627791863	4.930660540727486	5.997286115694939	
0.09905599802455799	0.15479413942786993	0.4301701406812511	1.0443227712169862	1.1923003561067036	1.9620244864750382	2.9074696224634677	4.827047840228785	5.5924288518213086	
0.09796609327133271	0.17561922824334159	0.4225934773272774	1.0579865016483099	1.3274755723915461	1.554144880908555	3.121454471975436	3.8520230204120374	4.833570342222452	
0.1112867282697327	0.13662226930908428	0.34935062880815876	0.8959839653615904	1.6654487105025542	2.1152529339477453	3.559266615524617	4.358094341712066	5.051722871181882	
0.08810163941840106	0.14994320150447454	0.3840901513371149	0.98047202360582	1.5076668486451004	2.343534987690563	3.000025598520146	5.322248426574142	7.151254514229986	
0.0947946432851645	0.13809121076524492	0.3121772332218468	0.9458926888255861	1.4946984965328047	2.0254447354442497	3.341898484127964	3.875483920142384	6.580604265124922	
0.09469022135954853	0.15433139480328104	0.3879859677882782	0.7476789102407442	1.5492666426770059	1.9813446833908877	3.315814019895746	3.865553826937503	5.712373687355154	
0.10363248866930955	0.13381045819008386	0.34106800654413827	0.9416313346262252	1.4060454329654004	2.2251004922320545	3.130462620475257	4.788674360337987	5.659826745427316	
0.1059706458575406	0.1363982732359541	0.35678234370172757	0.9979523942638802	1.3564435739868046	1.898185477551029	3.8122876588456354	4.484189999421828	6.282871246312789	
0.07737919703122126	0.16997712869311857	0.48055677508405154	1.045522968193502	1.6280124865293975	2.0621144755622653	3.331842479765162	4.719634718633953	5.581433976509109	
0.09875940571507717	0.13498510371836187	0.36497076325509004	1.0082029160460022	1.177495967430911	2.3549172756467174	2.737357802662222	4.523605320241531	6.086061082203219	
0.1057281622190892	0.14729189650779054	0.3403016097184056	0.9471593785060733	1.740668299251961	2.146902030886385	2.9635526166194213	4.289785450079012	6.090142781878436	
0.09731378715346434	0.14388627858604455	0.43044242045856507	0.9781071996334062	1.413051730972214	2.1261654055964336	3.3062831202487173	4.752141455308716	6.769388973893097	
0.09588087712965726	0.1350836825128764	0.35886790786956085	0.8485699244070309	1.211780934056568	2.4532788744421032	3.5277404906680827	3.4724173756190604	6.1307681207760485	
0.09623265380584081	0.14256137505443806	0.2855121840403948	0.9276523619336801	1.441001074543091	1.8969674574675186	3.777392500046885	4.856107108857016	5.360198238047122	
0.11023050373470143	0.1430166901696945	0.4200941161871669	0.795810528376728	1.454318826318332	1.88850194186622	2.977853949740849	3.6307509388415182	5.259326530124467	
