4	75
1	0	0	0	1	0	1	1	0	0	
0.11622110457893176	0.9303240129592261	2.0041622321161214	3.100833207472461	
0.08413545157818701	1.1006711303148813	1.8775391200274616	3.1986817998206636	
0.10210565515604891	0.9243952038485286	1.841824410254622	3.8212065783511986	
0.08454847116608512	0.902008442759512	2.0754125665357397	3.573790071990074	
0.09570230715084006	0.9439489952421892	2.521909092038461	3.1705816704789314	
0.09310284664872187	1.0300147681825125	2.102804679017999	3.9424916380207344	
0.08854874842834418	0.6843537721187586	2.088704138559954	3.4820246070663643	
0.10073285698744522	0.9323215991989919	2.414692542762071	2.9085936514164823	
0.09537796603213494	0.9794053003970827	2.141603137186748	3.5622707943774903	
0.09913359729477517	1.0850776341171147	2.1286477168541924	3.599024733331508	
0.09599099550900547	0.989656398942822	2.117793122824648	3.1503230107710793	
0.10990755852344505	0.9596248776624241	2.0729874275342812	3.1869494608949065	
0.1073284336643181	0.9193544715163641	1.753518705637489	3.0299774157568384	
0.09265831979577084	1.0890975120167417	2.0008423553210615	3.3681177642670246	
0.0917617890159752	0.9222486250604335	2.3736451397329406	3.506888654676886	
0.11167872375277882	0.9001364558657722	2.2374196791344616	2.776198464356204	
0.10526108852324795	0.8297213647362875	2.0384397996846735	2.877694149761136	
0.10860640435487574	1.0541333383863514	1.7304592490645867	2.974356889725284	
0.09546206490502944	0.608445267796092	2.335718539301027	3.121078561048454	
0.08250015894167942	0.9424871634946507	1.7483926160912113	3.0755417599470682	
0.11075485278295179	0.851563087428968	2.277079083520473	3.5100981892134766	
0.12250752187123491	0.9792159208692051	2.201421805737936	3.1148992666038846	
0.08807374689719878	0.8100480915275459	2.1329809636266237	3.3001860200713526	
0.105744498474403	0.9766301809329218	1.835947009766186	3.1606016908050116	
0.09387999666516401	0.9712094364586871	2.132019435971164	2.993047893474834	
0.0931047547648002	0.8507563989695232	1.6442275509580206	3.7964896932046246	
0.10337378831599975	0.8349466749569739	2.3630837517349663	3.3768721873776606	
0.09977994972358518	0.8709064011106765	1.9838509140789085	3.7589435586769615	
0.10407043767280166	0.9671907532272729	1.9397337154342926	3.053549228952391	
0.10153880018197783	1.0610232703027234	2.4083124511896052	3.49196998638057	
0.10218052759101176	1.0286256448759346	2.5077236270783807	3.553987289488992	
0.10818958596174642	0.9540032725543702	2.1052528118804057	3.1131053899306824	
0.1130047111764744	0.9278596558607205	1.9486012869289788	3.316823328628834	
0.10398523445113442	0.9111675617605226	1.9722878854714565	3.6007387313611137	
0.11009403352859426	0.7564886160494062	2.2219917379083705	3.4054346207807473	
0.11137274135865585	0.8027625996652357	2.0387516692699132	3.5881520212084856	
0.10480737743099196	0.9502999636048539	2.63429261124635	3.816017653523324	
0.09290741035238166	0.9663250312508843	1.978932475543062	3.411694107033009	
0.11424906570142362	0.9105634692927465	2.2052460378543586	2.605165683090285	
0.10121601003250527	0.9093173480269454	2.2153017825629884	3.0793859434720408	
0.09089755204299398	1.0401514367720934	1.9269399113628722	2.9162587152283925	
0.10190259467519483	1.1745888131889073	2.198285572472613	3.045422075389024	
0.09360375491499096	0.9742909945882223	2.3000414712996786	3.0421127926281573	
0.07980472676518532	0.899451045159252	2.491242780777342	3.0492080222304545	
0.09841213522345016	0.7817200267419543	2.2056608965745075	3.0418974732676234	
0.0993173199791559	0.8663806562888562	1.8187969127411205	3.1561390068735227	
0.11921997387067802	1.0436583798777532	2.203364397033709	3.038362583940956	
0.09713218993701524	1.0250594144286893	2.15134539075494	3.1510966262233464	
0.09650836027488453	0.9263252900737692	2.7056154990362304	2.9878444510716364	
0.0984718088421147	0.9510355231237106	2.3937610711028467	4.048829296664653	
0.11101053459193864	0.8420937656121259	2.296621459668474	3.5827618916514408	
0.09714092275030564	0.8466987048080236	2.2362890475593193	3.382945771439597	
0.10240341540201199	0.7805082599003739	2.2387366197843366	3.63115790884301	
0.1062673175084965	0.8740885096254579	2.239845637447167	3.5921204220315133	
0.10080630591443505	0.9294756148720208	2.1464096034630225	3.3739535602269934	
0.09248238926445664	1.0401118395168436	2.2547840664489254	3.4943299800548324	
0.0964921597131228	0.9853475099543659	2.299849794217955	3.5519254733584993	
0.09723173706491163	0.8691077721142099	2.0066838703329126	3.1904806664314473	
0.10532820346204637	0.9433978068422587	2.314943947552923	3.3908806718749824	
0.10071966593976496	1.0576691525233295	1.981720915585083	3.521007160377124	
0.11289779975268942	0.8934847620304206	2.4167008948372213	3.4068914024843497	
0.08594275389450758	0.9528599452626908	2.3021501932115855	3.565931173852399	
0.12933275371398575	0.9557834879009793	2.1743719250286504	3.172309312178152	
0.10807164583745964	1.041084312213187	2.0593524986075735	3.2346305937199245	
0.11252030070438071	0.9971341154907203	1.8789143011317726	2.6788592950983254	
0.10460691308121838	0.8322981285701531	2.256196056634979	3.696428438495882	
0.10886402645203748	0.9618083797775078	2.20236633248497	3.43583882724129	
0.1045158243954058	1.023568463511124	2.0081607882341603	3.041885002853044	
0.10009077799843645	0.8674112247861705	2.09039953573714	2.9517670260201774	
0.10643680747644493	0.851544468813769	2.0918685765818097	3.092415856554245	
0.1023475449055658	1.0669470039905662	2.08344442406135	2.919115425303615	
0.09842117237350359	1.0064925939510598	2.5066729550461773	2.876708990457157	
0.0942351875438969	0.9782256157322048	1.9452095827393932	3.273597244536714	
0.08910943561497536	0.9309043484108942	2.2701097863337605	3.6806882242793684	
0.08738911522052253	0.9980067838176712	2.457871385514427	3.453076216210033	
