10	43
1	1	1	1	1	1	1	1	1	1	
0.0855131344471004	0.16045977150246873	0.39986772964892386	0.6661817298058715	0.8711375288918886	1.6263284667693756	1.9704118067274974	2.623945424984346	4.5339234015010605	6.496197754175111	
0.09342221383259097	0.15381373246846583	0.41998666414427155	0.6850881773045568	1.0036785094060385	1.3976347884982006	2.107412653063645	3.13014382190637	4.524716036532742	6.458979665580928	
0.09069523231445585	0.14125801204667351	0.40723547216078343	0.5908038764056704	0.9464182860237174	1.5215689813008266	2.1185874043049084	2.9773433122788835	5.233446816544314	6.236711337189124	
0.10950901270380431	0.14670400509830664	0.3917408091465459	0.6727963414900543	0.9605908292186048	1.436706236022473	1.929649168472454	2.594832254677995	5.32290196746532	6.012809439266459	
0.1244400118459199	0.15879009872891536	0.35680030390472167	0.5901750768268023	1.0768492093856041	1.6336371396986393	2.3514415062432654	2.757701846927353	3.810094013543698	6.776087506549933	
0.1060694967891896	0.173480401083513	0.3772796632256464	0.5433071283457973	0.9601077623049026	1.4960779174393328	1.9848778428831981	2.844661883802581	4.799392622870083	5.487064454277701	
0.12012705248402439	0.1746134633180364	0.40952434005682664	0.7010145041645542	0.9842304157552312	1.3987114039165591	2.4970927463277173	3.4261454713691304	4.318731262549185	5.395797574712855	
0.09320476643533576	0.16725430828442125	0.377376331566389	0.7068551767623269	0.9903175615164349	1.5449843926458937	2.012081583730719	3.1027667592495733	3.8840228666715064	5.545205670390543	
0.09428328556086461	0.1470986142416205	0.45532949985950016	0.5672540841355257	1.053253254048215	1.2730470483144076	2.0326400173543138	3.3200697946310065	4.9483925884926645	6.010189175382534	
0.09814895329779831	0.1614829377357773	0.3874217278983	0.51300098942981	1.0754243242546229	1.4808893363495788	2.1938552170709924	3.3167169042603986	3.866179163057513	5.110218832158737	
0.11824455084789141	0.14516867827018223	0.3775393515760413	0.581726361489764	0.951950329477482	1.338766525731216	2.066475319437755	3.193108237829735	4.702347732173082	6.374871299207896	
0.09982158494675863	0.12289963055376588	0.41700844688365524	0.6390022671352974	0.8023916128999098	1.4175911557411878	2.085163424244943	3.6183993960704868	4.7933259696801045	5.2912076218599156	
0.12047247556004581	0.14994590256114027	0.40787349311072735	0.5909494563621784	0.8515467792463254	1.3583620458794408	1.7566973182489876	2.620428079040393	4.381910606763366	5.601537574732208	
0.09711686042713556	0.1362186306874689	0.46680051690137103	0.6206484891941063	0.934672387230578	1.6203193859602103	2.6184229305614655	2.8317452501804077	4.662166132615508	5.76065505980274	
0.1058227839794651	0.1527305051166985	0.34793638092037577	0.6599849287967259	0.9239177749621117	1.4809080903150287	2.3333891349772036	3.5244624299151712	4.260826249517129	5.824171693900681	
0.0967402300825398	0.1331559124920299	0.3754316961427582	0.6280026610887767	0.8381129765682385	1.44362432989742	2.355275920725938	3.6061347616255537	3.723180895325074	4.44479780775469	
0.09872108235753188	0.14365167424620787	0.33257979822626277	0.5836212120856713	0.8695743965405033	1.3101782440163903	1.9782946700823458	3.255580688209695	3.4913618393759736	5.901180675848888	
0.12860757389450794	0.16233813068373465	0.36364736371369877	0.6647387054865073	1.0632612383833955	1.4716449865016625	1.8958800367956574	2.986781414888251	4.0976390081994705	5.039519013723204	
0.11023935191314899	0.18149290584167824	0.3816006298170492	0.5582624283987163	0.9940489066015681	1.5964023543632107	2.0002682959972966	3.335402367289639	3.725611616607479	6.076801909083546	
0.08998793303854055	0.15449338657935818	0.3592008090147464	0.6008395113007893	1.1305488346726704	1.4445140959351912	2.2528820218436256	3.195446442802524	3.7086051103649194	5.618322120990943	
0.0945676352141345	0.15870449974449558	0.3946004570631932	0.6190962931970445	1.0134326893885737	1.2648192434381853	2.5905764142025904	2.7042307812400606	3.9036110145994476	6.223784530923898	
0.08912115801543624	0.15074851102737805	0.35243184139755673	0.6304433423185544	0.9264923229941269	1.347550303640439	2.144510045360938	3.9080137609706322	4.461805774537567	5.163761283739572	
0.08183266080627381	0.13984222884737918	0.3892807889793372	0.6873014142814439	1.0127574363485636	1.318348820033922	1.8628592062737712	3.182770714606396	4.449459404428979	5.758321183192619	
0.10640228216095726	0.13585410451021987	0.3729449007588802	0.617185396600232	0.7842524792055995	1.4757311533189519	2.3569278383763836	3.4997161211681727	4.488192267003079	5.337668900639855	
0.09129525734934188	0.14684668779267485	0.3857567140368069	0.5403674747896274	0.9618154075898498	1.339857507360823	2.0776811335886483	3.463237058776538	3.389960578451465	5.973666229450214	
0.09766733976197373	0.13407335654855632	0.45113248204356526	0.5364805211844976	1.0028065315657761	1.528471540167793	2.2308869730098113	2.889186702470897	4.829480411217697	5.569593139022755	
0.07764557369787704	0.14858511390372017	0.38495426385882153	0.6450581322593542	0.8616806402856666	1.6915397674739285	2.1434841258046844	3.5552610537762845	4.814430288344164	6.290056289702317	
0.11190375951460943	0.14634214328694034	0.4016859493832127	0.5952909660891449	0.9219528681397531	1.3370734756618756	2.1344733174920796	3.692324080432894	4.802620944193596	6.257288594465933	
0.09394577338767525	0.14065895084237418	0.3513861531772537	0.6779282136703243	1.0099410374748221	1.2105317292341968	2.3573566929557255	3.6442076939225494	4.6048059770272305	6.961248379487619	
0.0895269379549635	0.15335912066642893	0.43292742213785856	0.6394503841325286	1.10560381930495	1.3385258436980414	1.9448537128477574	3.0391260309482897	4.377514108115714	7.319252486688935	
0.09356762201322628	0.14619292787727428	0.33519658389913665	0.5630245120310987	0.9444129469490822	1.1124114250968546	2.1075466571573402	2.958770015974085	4.600521209279108	6.684196112341078	
0.09562455640889268	0.15209083574313492	0.36127001573874945	0.6577009551410978	0.906599304279915	1.5794041704389197	2.197233611581522	3.764357939034777	4.728549379817859	6.049378938604271	
0.10947292678318987	0.1758248401345431	0.4400773106548202	0.7410596579955473	0.9212401477269698	1.470071246038721	2.0846846096208114	2.9588752227492345	4.764726601662863	4.5192714183488025	
0.1039615632148687	0.1706656419933383	0.41144351433085335	0.6459972836624116	0.7594924970282494	1.667581861259391	2.0684037249283156	3.4314442586631193	4.303146660742534	5.89351755280483	
0.10795739891746801	0.1684729671775614	0.37109647587313044	0.610218314901734	0.8248698652561528	1.5820636053416093	1.6927263118415092	2.7888307612431738	3.449174656000795	5.815377954006529	
0.09875814679406124	0.15563984667860103	0.420612482283484	0.5795865668181176	0.9738569547600706	1.222835626318468	2.276689650877597	3.126920347483365	4.347115263845154	5.974383809400782	
0.09257644134771455	0.14713768411397743	0.4289029265821217	0.6703743341649462	0.9487748077433908	1.3933493098705976	1.9971798037261324	2.926794785760937	5.027443487218599	5.9960480572619135	
0.08098332406025127	0.13028761439069128	0.34111662805623405	0.42245671139156277	0.8613568585154613	1.1073500946511163	2.207375898420903	3.246531004289651	4.9446349020143545	6.217743479481973	
0.12623576171835107	0.14473071818183597	0.3578312414352142	0.664990190084333	0.9535936616046939	1.4342928791997185	2.3645876650751108	3.5981022486827676	3.6832254303841863	5.912414543999853	
0.10446436005067208	0.11096746795662779	0.34957316570573316	0.6305939485892049	1.0215045844950663	1.378479622360854	1.9151202287053841	3.282979353509239	4.439609142813739	5.631288571294134	
0.08552642842768736	0.14277781373847506	0.31997088184786215	0.5551068384951966	0.9227724607763231	1.33477726748619	2.5587936067620043	3.20094290867871	4.906131999108795	6.067836652403287	
0.08803301263146679	0.14038809486763162	0.3735182430121873	0.5609456977745445	0.9276366875753325	1.3359844455568128	2.169429690458041	3.562449589209977	4.869612410074166	6.202194743353326	
0.10152668800644266	0.1336343338374411	0.4220209795406177	0.49197230608309916	0.8981612624212945	1.3010075038494737	2.280035410231945	3.8094340620748683	4.3411790597134905	6.9801482088580595	
