7	85
0	1	1	1	1	1	0	0	1	1	
0.14748466103042507	0.38524994580879507	0.5765467923205473	0.8408796966421282	1.5114640249313531	4.8655621059359895	5.588604711065691	
0.15871210126291913	0.3691090366307243	0.5519220157062134	1.081892906825031	1.4575536656536343	4.848007806688156	6.192950661027259	
0.1394185641036182	0.386214202825834	0.6926541171406566	0.9137710498408587	1.275299978575169	4.4777321400220345	6.6380256014664285	
0.16390474529494214	0.3526201298636995	0.6726956963684374	1.0347294971224488	1.5554385897041203	3.897862633712849	4.912379967415832	
0.18673108307002403	0.3737474335040122	0.5485369355248498	0.8832641630908802	1.4619191189786822	3.77017986978642	6.331646819456434	
0.1554820266883854	0.386445945570545	0.6545328890531902	0.8921809316858945	1.5187911016915783	3.841083149698223	5.816386644480042	
0.15594960961145285	0.34745350925954815	0.62235029803972	0.7893456275992392	1.3066399545161083	3.7829935908949492	6.517667950305274	
0.1357695337942659	0.3833805092092199	0.55805748363212	1.0657595874846975	1.5772522444017063	4.653696292848586	7.115994957078346	
0.1470697971428312	0.3441326191611102	0.6606308230225435	0.7991613471517818	1.4366176861878088	4.635240517123075	6.231022304837926	
0.16933015539637897	0.4502598982071904	0.5581615042232955	0.9629818022827518	1.4951361959275185	4.808590879341492	6.298367429616336	
0.13943961588768153	0.36149866617637755	0.5074614257115845	0.8430529367417552	1.276494428874713	4.384195359660589	6.751171234362026	
0.14533908342524732	0.43349435342993214	0.49028967459944306	0.8847401021026823	1.4203385810486922	5.122216744520614	6.538705074816574	
0.16622920890631174	0.3860520313452661	0.6007605137880644	1.0854638665961234	1.4115720738761388	4.481702532708217	5.592475706883784	
0.16057612453564762	0.36862372186037273	0.6275899148051803	0.9166834478480029	1.5585972292429588	4.335717554847496	5.850013302080655	
0.15785529200386075	0.4076284689246621	0.6349719405899459	0.9603164949970819	1.466821595127249	4.4212796618044115	6.955602569833831	
0.145181663505028	0.3997034511852853	0.6266777263901306	0.7792494069013944	1.3829405084561417	5.165317410454082	6.251300379904471	
0.17863409253717666	0.36705103345173895	0.6144258388093372	0.9997183550975971	1.352466787906411	4.32416985176776	5.287296617719351	
0.14505983410198378	0.38957752041155086	0.7127028032557093	0.9894160113302954	1.2332000608645712	4.610302627376879	5.542190215638704	
0.13182961354063125	0.42441463969965926	0.594275138738186	0.8761533681731866	1.627095884864768	4.067380564759936	5.632395548166104	
0.17677590128816267	0.41486367188030904	0.6243141141060731	1.0436809640904943	1.413387884404444	3.8929856934309863	6.016066048019369	
0.13154452728991256	0.39683814713351595	0.7214963389630324	0.9288126488925491	1.431109792921628	4.768726356748372	6.544243360752203	
0.17617098300770137	0.40678034713531813	0.7399779011960411	0.8978562901489108	1.4280972335737765	4.3530217997801595	6.409366856648031	
0.1830883588634137	0.3636223827994975	0.6205142240607116	0.8822944319417595	1.3220468376379988	4.50595285396469	6.177805975043869	
0.1334094308162912	0.41241889771232587	0.5914949035537276	1.0211216078371688	1.673500934261041	4.549982582311993	7.0717419257280305	
0.15620075093037233	0.3793733747915699	0.5605954524476451	0.8531431577749921	1.4600651977819408	4.549985317776682	5.3082054146856334	
0.1304994782830629	0.34518273476363914	0.6045383906929819	0.7941710834105448	1.3487148466168433	4.476938229332859	4.924567138396832	
0.15424547716460327	0.3971955150872754	0.5704543112535094	0.8351786995151653	1.4585745926528182	4.48607514332363	5.967423604896749	
0.17288812100714596	0.35559388311389356	0.5717010620630794	0.8835478556727947	1.2892895442507222	3.923151432253251	6.064492778880695	
0.15267243102553832	0.38365373175095396	0.4663409184266858	0.9720796743311877	1.582725475821307	5.001809337311592	5.485444879700116	
0.1445036926419009	0.34218326119405046	0.48885427507272	0.9533346606670063	1.5831332030527314	5.129295391006133	6.303476588012633	
0.16250009140045565	0.43214384283436685	0.6195152940631197	0.9175524352757835	1.2949592754009212	4.328992340380311	6.535132682469907	
0.15457153335837256	0.4319256398095746	0.5693655205064216	0.7740219933124292	1.5115042897396804	5.041569565539166	6.665601239374964	
0.17262087387362765	0.41222534972323194	0.5380240800418353	0.8657211028464499	1.178038647740299	4.904280966238515	5.307780140415692	
0.1408298820193923	0.33056671767408646	0.5383218569703759	0.9301676733453119	1.4986822480837574	4.350544851228138	6.034063307588154	
0.15795518472677067	0.40586228421657605	0.6919392722458256	0.9368839458061444	1.402732175193229	3.948443144964753	6.309215279390204	
0.12820004060906465	0.44753168199661725	0.7106317353781725	0.8001469159083444	1.377114640101032	4.4157913841940415	5.589611112593145	
0.16036996832066366	0.3041284556851196	0.5479967471086284	0.7531655653235755	1.653643010382161	4.859592126247975	5.795822477698574	
0.13076745034530085	0.4258739255035286	0.5833610157631496	0.9761386322188763	1.4293547199952608	4.541780418939131	5.8200428276266365	
0.1663686472202965	0.396958346920835	0.5903998269863766	0.7511171562818729	1.4913046053973993	4.76770688758199	6.67303931764115	
0.14641284199309046	0.4872302506874098	0.5022564605507982	0.7625396292889511	1.6038065435824003	4.943364551828504	5.2962636764927895	
0.15003970877653863	0.33331679914531104	0.5397641147687966	0.7881314347873263	1.2267200298666179	4.4170717337974965	7.041060740777109	
0.14884550064775678	0.4014207977171111	0.5745795969712937	1.0778940465084956	1.3689842969473733	4.10794593665616	7.0139020294660135	
0.14400876550555786	0.39216700327353693	0.7037693455497811	0.7981346954607783	1.4457404118257702	4.987173924372675	5.7917187929287115	
0.13622172491842413	0.4213265766971205	0.6335675701009075	0.8828457428025573	1.5938674552394057	3.7675345257497956	5.911233210712545	
0.1436566291860997	0.3423590115875008	0.6552377351761595	1.0878210219848607	1.4917982606351416	4.624266089645068	6.11670438714983	
0.14219539108876633	0.321359697000012	0.557676162383523	0.8521190325115582	1.2376485726300164	5.0045706309269	5.706854894136186	
0.16044404233159618	0.38189905975653465	0.5309452012608037	1.0927959145249289	1.5314183556640963	4.523595557567358	6.543102340941388	
0.17126846799465548	0.35228992717504426	0.5242268109546683	0.9403560146844604	1.337030979000606	5.085985407554343	6.434844698681037	
0.14336709936455072	0.40922272361140777	0.4978827518072428	0.9591158374841893	1.4664770106484508	3.8849582526322135	5.376742272819395	
0.15438813251251715	0.34553390023712	0.603211243542037	0.9683163855864904	1.6252239227564242	5.208961142457717	6.422383067571248	
0.14092120786990966	0.35907684610188517	0.6445000221216204	0.7676814559138025	1.4256425566911186	5.097502228483036	5.001246757919664	
0.15874915597832015	0.36101461511960525	0.5767916177643239	0.8076674064214349	1.4404832486719557	3.8999642742843834	5.665829907764024	
0.13930764752222505	0.3500732795290324	0.5425764925090616	0.7794853228855386	1.3161754151278662	3.841056957708572	5.415887221778062	
0.1552313912059169	0.34429603746049187	0.5781905019198991	0.9912356647576563	1.4898474263978705	4.192498460102859	6.051125491561878	
0.1184190854925577	0.3249146591918505	0.6305701163205871	0.9820322922619846	1.360949968764024	4.656302775193549	5.937188559313348	
0.13763127411912632	0.41283433659695035	0.668396454306668	0.8928932773613926	1.4712755181005264	3.966864904149375	4.550623303814639	
0.15675588071002533	0.32253329422954286	0.642099853349214	0.8531658480308587	1.4292206522194901	4.141226123976512	5.6852572900120055	
0.12999521604450898	0.3747926620873782	0.6596592633386983	0.8432761284113145	1.2756171752984953	5.107927631647438	6.458788025321869	
0.1499611685603462	0.35777865813275245	0.4884645815075657	0.8085501858454821	1.6626566952543853	4.177643726418497	5.396689777831355	
0.16208148604278755	0.31158532324312016	0.5906005390070138	1.0737926982326498	1.3588266706290877	4.50590344447759	5.624655184300186	
0.1312616896646828	0.36049252155789524	0.618575938383611	0.9811847054400427	1.5445312028465379	4.995829824858273	4.992568741092544	
0.16454176151736352	0.41531278391393917	0.5298224914531442	0.9442314744131266	1.4233083250527758	4.556331178048713	5.435647900963945	
0.14923793953419148	0.36320462197652253	0.7027750674840131	0.8316641410025046	1.2649633571270227	4.411609681141445	5.745087768089295	
0.13263598938112053	0.40469461588207023	0.5711175838618785	0.8910058387862101	1.1416114641484292	4.867276098899914	5.944732028543575	
0.17343947789041883	0.4077817126521715	0.5852477657951654	0.9206795454318498	1.357131482859999	4.318364984171913	7.281875859829076	
0.12383173833054073	0.3657767160301064	0.5265414955870485	0.760814058316065	1.4539423006266001	4.3937576341953	5.975266454178718	
0.1751892415499396	0.3323895068604572	0.7583608626995089	0.8429064007745924	1.2566556179490902	4.364563620539831	6.3630607196840785	
0.14414502157225545	0.36829686566508085	0.6445884230195442	1.0556363897990653	1.580287656246327	5.610712649427691	6.351463053989168	
0.17060897824358331	0.3443671746800569	0.5766740368039924	0.9630546311058873	1.3403762984231196	4.721982761585614	5.6292646982284715	
0.16560430573025742	0.39595068825943447	0.5599186836518232	1.1512602407371235	1.1945075761527004	4.3392801490555915	6.577772703123581	
0.13930034733786112	0.3214698828027747	0.524089152417352	0.986541128931672	1.4717968897444387	4.601304128552789	6.129786770012772	
0.16148393624155435	0.31219760377990563	0.722343554405488	0.8238294572502549	1.3815694318813176	4.899275945416914	5.791088144682117	
0.14950488247744717	0.32119544804563765	0.5220428481283079	0.7765925152667604	1.4518653059718676	4.629981868400241	6.143619724010211	
0.15037039575342984	0.40283506910853	0.6825411811299279	0.6664270710574604	1.641259177826725	4.474379413860275	6.697568009653406	
0.12754706772542743	0.3664419331114172	0.5828084706663353	0.9378144406588398	1.454766038380988	3.748669986728279	6.086140717146472	
0.12064384332912538	0.4008752657732609	0.5758091636387579	0.9072286570365339	1.3813286569325893	3.4245975138619142	5.1375774992557615	
0.16818595106596243	0.4182540039286224	0.674165520541839	1.0603750529740699	1.1419304185944341	3.645326457085001	6.442749122242411	
0.1515639046870827	0.4261614239999863	0.571674262285527	0.7758369278734228	1.6973936724315937	4.352297179911996	5.7973594023461015	
0.15984164194666675	0.3681015811549814	0.6325203694395028	0.8740252449989161	1.5210914292956936	4.261672316069637	7.072975258622198	
0.16698186155655725	0.4010594807052585	0.640461107568398	1.0133874730213657	1.3379106301024364	4.22077720939271	5.582427818675126	
0.13563568476409704	0.3970931787575109	0.5608372534701769	1.1294662125331971	1.3688158319250407	4.7999780509434835	6.020310836740203	
0.15447614042012017	0.38341792081043263	0.616790498787872	0.8570276698087332	1.2828766926649517	4.3869855174915795	5.297615651891285	
0.13246616519422785	0.34956974532681534	0.6290198857346225	0.8899454223151492	1.4517325036612903	5.051174129707266	5.170745922563126	
0.17758403516364543	0.42744678438443845	0.6328152053949773	1.066522706043521	1.4226888382013063	3.783392400828754	6.741100828853605	
0.13572566344580714	0.40407537025396956	0.5240694949666388	0.9720136996744663	1.1972568100668246	3.950789005606554	5.973283265645775	
