3	35
0	1	0	0	0	1	1	0	0	0	
0.13139555533720995	1.500963544973096	2.46880906627297	
0.1605718416365848	1.5457644900201704	2.2132135258509256	
0.12745267395600596	1.2806126861197322	2.2477982971427264	
0.1498359142205987	1.4928975327656142	2.5104310348364756	
0.16089053998844	1.6100207274212235	2.170356498736207	
0.1378917648377334	1.4217251392323491	1.9769783600503852	
0.1733744243515867	1.5430259239445723	2.26191018677508	
0.16853914803342154	1.1411319327231786	2.2764496595386716	
0.1303403132354344	1.4289624351194103	2.082982867619549	
0.15992604918145423	1.4626307823214164	2.4392001923265343	
0.14097154258601077	1.5314033577175594	2.1848779916332486	
0.1254706459489267	1.2986378464312063	2.1177762227927337	
0.1666843867483759	1.4963123972306673	1.8989873228656464	
0.14789525657929262	1.7185463221774033	2.173913016990784	
0.14509011637391406	1.5003187686281396	2.3141295121101235	
0.1431574747877991	1.5018681927351156	2.079288758215776	
0.16078991402744156	1.4542661215898935	2.2536230828163717	
0.13861224680748743	1.312556047077581	2.35328192050177	
0.1488090542792176	1.4707599681202086	2.084124983176398	
0.16348090161020468	1.3430831728557588	2.12084573342131	
0.16178989219054696	1.59773438098049	2.037391752429263	
0.17939525972933823	1.474793562198187	1.9257704237111213	
0.15553578072884952	1.3752311123288654	2.243324724744383	
0.14935715628509494	1.4406211376971907	1.9540074240339784	
0.16485091846074537	1.2646737864974025	1.911615547487926	
0.1555104052372123	1.6592067273464497	2.074192484131152	
0.16051458484055947	1.5834876452914868	2.3251571540182248	
0.14533187566239478	1.2739803194412471	1.6753772733806587	
0.1460573925080641	1.5984664937043909	1.908304313276184	
0.16050314771278146	1.2941281882025821	2.17280560392317	
0.16061687421232526	1.3356921525321048	2.186654206349836	
0.14377362994912007	1.5308362582281594	2.200593191224197	
0.150847615116439	1.6528440443003027	2.292395820609185	
0.13964472200810565	1.41772146218592	2.133681761207873	
0.15120479358937816	1.791004826554872	2.2297331569328644	
