8	56
1	1	1	1	1	1	1	1	0	0	
0.10323424835729145	0.10987173400022177	0.37213794960748364	0.6405593460970805	0.9126202402720879	1.4932685283731584	2.1293759747092267	3.0276576729977007	
0.10722544927592477	0.13606484846058034	0.36418405462937103	0.6113329890320229	0.8194626318926042	1.444612795176988	2.139050041654183	3.102006858436681	
0.09864926956599943	0.14545811197447892	0.34673567481572526	0.572530036922399	0.932367092994752	1.609948431693657	1.9751015000344516	3.037599681502447	
0.09696399686847923	0.17201568121915736	0.3500308348475677	0.5136242863993337	0.9681415065966645	1.4516657386686156	2.1462423326273243	3.250493508288241	
0.08729416547015777	0.15391907150641185	0.42539818405677404	0.6564095265633141	1.000169969925193	1.712738650362093	2.038681454149521	3.154943551185684	
0.09064782068415313	0.17656693251648337	0.38293038288273534	0.6347389397407821	0.925731412335247	1.3098929048610386	2.0290368350267523	3.083960567660034	
0.08806852325886923	0.12090470997205605	0.39220507082327477	0.6242466824289098	0.9985964481748947	1.55600907459891	1.9814507346573351	3.8245957417117538	
0.10726378517988931	0.15344940807638355	0.39801892298032737	0.5155860373099863	0.903361233398959	1.5607715675597125	1.949139570286395	3.1442234442135195	
0.09110932775661118	0.1734139276966332	0.4506350970375853	0.5596804746466048	1.114012443414512	1.3593911970290329	2.1457498397966117	3.1754808269388812	
0.1070808267926797	0.1201568803675398	0.4416581899286833	0.5897280156540489	0.8366391306536808	1.3183406785563443	1.9632644519307751	3.002204311986467	
0.11217005680777281	0.13306125442194489	0.3517116376289871	0.627267086537091	1.0727541448903943	1.3614287995327574	2.239337660831994	3.6678907640365224	
0.1090352787462567	0.15667636500016646	0.4524465022237469	0.6187080298061639	1.012348092620787	1.2818426894672748	1.703452919443718	3.2778832677799636	
0.11532042723437048	0.15468808796007033	0.38495369659372886	0.5556208868842232	0.8848765127527726	1.4956826437156616	2.326455583280595	4.133281134926146	
0.09338515402618999	0.14730747828153218	0.3741585903564489	0.6854328383705531	0.8943300663433186	1.1090405121369642	2.325349260905567	2.6380969849615643	
0.10927470559159831	0.10126979539513566	0.4124717386660393	0.6040958421754283	1.0088342229822778	1.2469924064978652	2.365028097312721	3.3039147977554997	
0.09952080717316991	0.12666435101216617	0.41226644668078233	0.6101863998301195	0.8668041195402691	1.5158662384182804	1.8900451873356927	3.7485789362724553	
0.09357049040750802	0.15551154226386005	0.3698597932609233	0.537409175499849	0.9175116434131244	1.4928738904612817	2.135064071970793	3.191055900532925	
0.1140188675375075	0.14204950674015118	0.44182550613345034	0.6118180931774336	0.9415204493654372	1.4461990351213099	2.12004526394027	3.0862007869621677	
0.11143582023065685	0.12774263572089706	0.310853868806669	0.6614624065453012	0.760010179659913	1.8138359351548095	2.2604516633726273	3.775271580852894	
0.10838435887747644	0.13638232435002567	0.35719126649061567	0.4477864540437819	1.0311641703448935	1.5091827185893194	2.5166569836534793	2.937019156627934	
0.10606739245753996	0.17316050186077814	0.35264062001493374	0.658892253095058	0.9489605320669612	1.3651200898160534	2.1587341910292235	3.562605618635166	
0.0998406088703594	0.13722830081893347	0.33664972249221076	0.5959381051299052	0.9368459701178261	1.4547481518846364	1.8332727545090224	3.0375409350134173	
0.09353828412784422	0.17005833468390272	0.3040012929850701	0.5731334909957991	0.9525608038727531	1.279860232989203	2.196150839333405	2.926950054938486	
0.10600630799364599	0.1589600373841718	0.3625081999996864	0.6535322017874521	0.883276777858126	1.318799914910347	2.3895627718636163	3.6493419722825386	
0.10275636871846838	0.15553243001693964	0.42038651463736776	0.6119724757012402	0.9241985482775311	1.4618785738481619	2.0195140477198477	3.23523561482123	
0.09257727049289773	0.1518186326662945	0.33970744657781926	0.6581560973238522	0.8937049080020772	1.443250269777637	2.044939542910668	3.500896853035552	
0.10146654490508755	0.15593826487082305	0.35874931379121633	0.6074022888042538	1.066815523833777	1.3335314398992342	1.89694925817363	2.9974220224235575	
0.13143337190978094	0.13425333088834132	0.41271900844839937	0.6336152204098965	0.9038102636939046	1.318552153440872	2.429546254854056	2.9439268944849926	
0.09615711629469917	0.15803470519918023	0.3140880386499622	0.6190604243818032	0.9391873657034365	1.2085573637795546	2.3269867225587633	3.082991314646736	
0.11309511742594308	0.15396406794643697	0.34432555518307956	0.571914265040889	0.9341751989338453	1.3775576984563123	2.082033923004953	3.2754517409189923	
0.09989604188025575	0.1379674385976462	0.42102765146186616	0.6026419349422458	0.9890491903481754	1.496982333004075	2.2448523163985596	3.159315578341234	
0.10297362400884769	0.13575909668711764	0.3851103323072073	0.5458178634608156	0.8907705262168986	1.483530560105345	2.3928457453064222	3.38089422693076	
0.09657159833532569	0.1404326201235929	0.3881527764591338	0.5525264464106285	0.8932915444798825	1.4689543946927255	2.017769647742069	2.9723365409550127	
0.08616889654609249	0.16911053019307884	0.41030182190781905	0.5428486105218429	0.9165149218080728	1.5810517926766918	2.2338031945874586	3.4209706115798957	
0.10804702385153914	0.14202651157265028	0.3939974632244092	0.6127285420596178	0.8354837306592011	1.4927471440609323	2.040480061314683	3.2096335666529896	
0.102110318284508	0.165348913290823	0.3808517462367134	0.6232782683322099	0.9611852675190472	1.2610445638213519	1.9331100730574322	3.303037695662251	
0.11784629334296942	0.15577551075943522	0.4021888689791799	0.6627538970032584	0.8850240163374234	1.7719081672563104	2.4259165531267013	3.380342913506517	
0.09616711674573564	0.13353775140533233	0.3983434236476126	0.6963350761545605	1.0551898511559072	1.7063233629697918	1.6125786733112812	3.450655180384082	
0.1029583185911389	0.156579523213784	0.408549941885257	0.621361634531905	1.0225722750337944	1.5009532120716946	2.219638453117109	3.3067402595802924	
0.10212219427676038	0.12976861285922833	0.3879735846231491	0.6287502620803213	0.9886255992525133	1.3655875620985165	2.2202785398046445	3.3628836909269304	
0.10415368039318962	0.14254777658612983	0.28707029874065615	0.613590202170444	0.9055487590849685	1.3499561175667842	2.180421489788444	2.9676616205730353	
0.11544178243618158	0.12726933953292188	0.371121577143173	0.5832470460163709	0.8140496512087757	1.2316803476535012	2.2382343234726	3.984068857753847	
0.08814804824938266	0.10696555083348193	0.3225669857183694	0.562873998505953	0.898626482463793	1.4418013380999775	2.312564233137321	2.9744618246638304	
0.08810573983416682	0.17343789628709594	0.40785494318150256	0.5355900193924249	0.9745334100569756	1.466555026709581	2.337710593941773	3.3534531151418054	
0.10983545508610289	0.13825000286713882	0.37313713950829214	0.5435996598038462	0.8742816397717703	1.4157398297967996	2.249561871631337	3.159501491488895	
0.10666496698975964	0.15304712344348345	0.3706278102633758	0.6708007467025474	0.9203574182136018	1.3010449497425858	2.1822280683062663	2.9692866178330606	
0.0829731745452657	0.1806689727725793	0.3583280780204702	0.6733730974918396	0.8055449107858698	1.6493241228268054	2.215087753520337	3.243050674040792	
0.10162225341924942	0.14112235862936773	0.3685509348631498	0.5607728341319514	1.0243314740072642	1.5118630454975905	2.1348963459981163	3.291496365913945	
0.10294015418905655	0.14817395171336564	0.3443551498120467	0.6005269039321102	1.0136022887196747	1.2513998929449182	2.2343805381927675	3.2132849710143208	
0.09322421094359416	0.16726152724239376	0.31059234247394263	0.5473074875801262	0.8615775630191985	1.7226540216077288	2.643430830209496	3.0212370818903875	
0.0980206996222977	0.14986056896823063	0.35375094976610494	0.6333701374504929	1.0257278986894522	1.492515801519843	1.9476030078041846	3.03159693902827	
0.09757500335252961	0.1642192856652411	0.3671695826210828	0.5975262132833613	0.7953032409926399	1.5919274658371787	2.028413089593399	2.7469044577103756	
0.11695711818880264	0.16330153360304056	0.37459194361844217	0.5817938624100312	0.9132180991875283	1.4192499250180006	2.4021185681123947	2.8087170258047593	
0.10699359273302189	0.1339887349455921	0.41472594960268055	0.503692583687853	0.8184275994030294	1.3636817575067195	2.212219892733166	3.4219259945989857	
0.09712187009103625	0.14406750914342167	0.4231636248047082	0.52612688060728	1.105315352497931	1.586326713495944	1.9659190761994978	3.2380511077526046	
0.10366666613813957	0.11854946023829849	0.4432684246049423	0.6967461680399696	0.9315509846820197	1.7083362858701099	2.171995310483595	3.15547136718807	
