9	39
1	1	1	1	0	1	1	1	1	1	
0.12277318747374084	0.11402459893730219	0.3843887277543463	0.5322705071956699	1.4265146916926952	2.1650964156006136	3.218215490169385	3.927899989827837	6.076264832669198	
0.10004855222859038	0.1533083834801967	0.3243995619140598	0.6819603251578717	1.3296531926592228	2.2276008009823673	3.4168044546043443	4.739968093596839	5.342012664229344	
0.08024439776561072	0.17548346065185813	0.4235573859884142	0.7011249076714244	1.4336710177705307	2.332632722776933	2.9383865118896484	4.6569554154170785	6.0078368274013165	
0.10287270269155209	0.14949628227485168	0.4184971099658218	0.5434393045873901	1.3713653713077434	2.1587125496008746	3.5035784828833574	4.741572587361162	6.77759884452029	
0.11723432425579997	0.16059242914741392	0.38949014902583406	0.5313491054882342	1.2090282408609248	1.8373061331588316	2.91524546067578	4.7821920836714025	5.1607375996493525	
0.1137172522620018	0.1502889362458845	0.3358861470398838	0.6938914391188928	1.6154669674036153	2.3533717073194436	3.283258159579821	4.774944051033842	4.940020569906527	
0.0934033340553936	0.14104519270163737	0.3126410996309341	0.5912702910158986	1.4699209234637334	1.9579569487328536	3.1778247102409938	4.266654743119969	5.242374397919008	
0.10562062632773234	0.1642547516353062	0.4108543579766463	0.5995455429283099	1.292107710362072	2.0712278963022897	3.515004909798259	4.658740684653788	5.313143673536355	
0.10124525937995706	0.14951990923285566	0.36691820880948284	0.601200661926017	1.309636251485498	2.355007924459571	3.329963403690501	4.968384060094962	5.174687515722835	
0.10068312079833026	0.17640086627417734	0.35516578008494976	0.6632315514596868	1.4507535786378767	2.382506496229858	3.0889287837493526	5.101431406495683	6.336077704090064	
0.09043371666709725	0.16271252067666378	0.423315988590827	0.6772004459039079	1.245727189405881	2.1950791721347955	3.97855063665697	4.655728866092625	4.821761465661138	
0.10604592164611466	0.16429201330635812	0.4327507658118113	0.5637438907953437	1.2400365751815048	2.403686026309512	3.219101377474748	4.401856551263117	5.4735227481232185	
0.10277480070142844	0.14036111116317557	0.31826766126860856	0.5568598262657577	1.3312504631227047	1.7904609888165643	3.175769362323187	4.003491873117888	5.838517620635004	
0.10456365854930603	0.15898810222100931	0.32116158027768155	0.6569860757803216	1.6729590545809259	2.2578393578905174	3.7746435970946983	4.690142308742072	5.97137247045808	
0.09497865526964488	0.1606329315965714	0.3300956174587755	0.6374458625649838	1.6624948269362336	2.2569329111915275	2.63929242482851	4.353669918808422	6.5338904872673975	
0.09608206125765933	0.16023678373561048	0.325820837876271	0.4805842144240482	1.433126387752116	1.6826292648140533	3.644669004110748	4.159133316872258	6.209966886813709	
0.11265164752943468	0.15063541115281864	0.3481982413163036	0.5589510388458797	1.4703688246993836	1.960812359465905	3.1974106162228697	4.528184060019436	5.761747705907256	
0.0796132953306424	0.15412007497841476	0.40103458539851705	0.544030832215431	1.4759610540998838	2.0419031932226863	2.681650061581989	4.246363097062082	4.927169784650165	
0.10184277833365418	0.16103337324442965	0.48746995806835947	0.6829218051370601	1.6030699330888443	1.7717752669145983	3.346662244506416	4.710774713513267	5.693327756079768	
0.08516851412731781	0.15651954745386312	0.30999151623987825	0.5796664257552533	1.5067501589301715	2.219513508545134	3.3406948199670476	4.405847307125741	5.556359688137015	
0.0948470140917387	0.10985547613716004	0.33733737489542664	0.6472784679434661	1.4198532858634103	2.40929646803303	3.127432984709871	5.409929049522455	5.8969054657060695	
0.11301226377091017	0.16329053475598834	0.39910994552326046	0.6812655123967094	1.614861585392411	2.106150894576195	3.199197392658658	4.705730269800256	6.980213778344873	
0.10564146644649644	0.17374573236013527	0.39417403171919974	0.5599124235063655	1.2299832302030627	2.2868010273968475	3.0747714032826257	4.833920647925153	6.120287863151461	
0.09554057883272415	0.13597847454472795	0.3616613349691793	0.534811210652046	1.2942555052140594	1.6004460400700564	2.5178776233614792	4.561483165519784	7.211013294352229	
0.10233782074011899	0.15293826162787208	0.4246348409572468	0.6105324566454581	1.451169203341994	1.8552404874184594	3.2425182352083692	4.233384009172344	5.918593892911569	
0.0948138121807065	0.1422869551323813	0.37206440469060525	0.6095823599710222	1.2927668104458936	2.0904964452853334	3.215541804727872	4.567260674402183	6.698648582175186	
0.11049830557547485	0.1663263838179284	0.4084458496318288	0.7683349484215197	1.452407150019074	1.9328758931156038	3.8405910673370616	4.572568041812853	7.02083044999973	
0.0983696172876371	0.17376123306482658	0.47223605286066805	0.5143736377590044	1.3072578556924117	2.3163215324708593	3.567552066231979	4.561359314543516	6.114462712805137	
0.09232600866876646	0.16863887914129322	0.4273935149141693	0.6410808373319811	1.2355013575088223	2.201063998883045	3.2124506085801174	4.469982164837655	5.055785924994757	
0.09447881044867829	0.15256129325945783	0.38605413058587335	0.5962791446478459	1.3526936030861376	2.1808132113694563	2.9471818962093677	4.701833141888873	6.322112708688042	
0.09199969944312877	0.16337402283804905	0.3519582520148679	0.6127747999446207	1.549110699226549	2.143013710918525	3.078709805289621	4.505949754060862	6.436011192480626	
0.10386730595113376	0.14325333701267373	0.3648718766399841	0.5985638920463724	1.5558797448909711	2.227752734912442	3.1885572252172842	4.347578899060831	5.19875363980241	
0.12253565042693643	0.14541464630333287	0.35511573341700603	0.6793937166973545	1.365697630370898	2.2160621861054746	3.210274466800932	4.376270740737298	6.308042016353339	
0.10391196977986815	0.1352539798262771	0.3710690128952898	0.6403616587879164	1.4995473032856086	2.111135637028742	2.945015413117327	5.077943548730795	6.432196215717043	
0.126019850425096	0.15110743937273502	0.40334565798608063	0.6185967480690487	1.2213110192123329	2.2114086913049804	2.6518890199971605	4.141646345595873	6.177192188367222	
0.09978991231212714	0.10715155067588339	0.3877683485166264	0.5310209658521154	1.5277147946125635	2.132071470237872	3.641117319057077	3.784789640809758	4.901456292426571	
0.11112768556572546	0.16942421589244727	0.4765893578201358	0.619044722343086	1.468772622827472	2.2194491421182914	3.497312117176828	4.517204713220952	4.860913978944231	
0.09607647228783292	0.14321854479728527	0.35867588802207134	0.6466467533729269	1.6860798595316755	2.135979771833181	2.8935602829670555	4.362763901924852	5.334724161645568	
0.0992805352909702	0.1255646606805855	0.36412037264958047	0.6450214282522465	1.4298416996383545	2.2518076034521934	3.4155431312314835	4.052909824007411	5.9616487596674625	
