9	66
1	1	1	1	0	1	1	1	1	1	
0.11109013340741754	0.1479143012512347	0.3898593217602001	0.598424576998653	1.404697425731137	2.1259048472952196	3.462801075444686	4.41516323725346	5.446781358808281	
0.09476997269639004	0.16514360390865454	0.387069571061474	0.5338559325283613	1.481870199781548	1.9815368755162006	3.270170475786885	4.961670370922339	5.553633397533284	
0.08923969467371468	0.15657019490553065	0.37573159308510723	0.6085577895116958	1.5906414735379477	2.0127306666511093	3.344574304025508	4.594433983534108	5.212033786725424	
0.10663991818020323	0.15686223287964818	0.373059741419152	0.6579084408390169	1.1645770970399867	2.0439121819646178	3.4639986691631055	4.213923167701832	5.427870777914913	
0.10365555061477703	0.13601718297190651	0.4032616022406342	0.6548149101217299	1.4010115283081404	2.1122316563305557	3.0563767908626236	4.479458782070053	5.757238031927331	
0.11263659049181883	0.16995408031759923	0.3752766833891816	0.6525527931414022	1.498391121788573	1.9574596242386997	2.87785115130099	4.319178340614319	5.480608840935791	
0.10286645265929864	0.15734583870086422	0.35274942583625674	0.6513708299113969	1.6637054240252733	2.0445497394794874	3.3806245058392212	4.72607399444	6.009767206386025	
0.11608661452347657	0.16070705653081088	0.4076702710537716	0.5757362269469761	1.562905764787117	2.0900994060660376	3.4714245584191645	3.777672304189779	6.40088085209103	
0.10663898706026372	0.15426616765929974	0.29285628137940434	0.6547175897904637	1.5977282028189086	1.8934180257874729	3.5610262409357514	4.003851606742363	5.634936380413409	
0.09790679476744174	0.16471342753958443	0.40215849890703553	0.5975494299785368	1.3974552681633463	2.242385031802848	3.2897273832613383	4.942589467516628	5.480261113643978	
0.11890032398671722	0.1634936634095289	0.30771478240961225	0.6101609575078829	1.2571618759946253	2.1281915436456433	2.487297593050152	3.882538744167021	5.961363709588862	
0.09494666699154689	0.16556252121402423	0.3644595804667854	0.6271777429447769	1.608030612303146	1.8546272386545821	2.8886608310734405	4.205765035083195	5.954415671990061	
0.10687470570295776	0.12848098714509562	0.3327951022739688	0.6033103284017882	1.2201620782536649	2.000694244214732	2.9961148554014674	4.330079721273103	6.930150759279787	
0.09305735834868736	0.13532157972728975	0.35698390529812446	0.5571019679655358	1.5199379252725054	2.2445716418472696	3.028917464972738	4.4344399954487	5.593546111043332	
0.10161782290426494	0.16625674782091704	0.4198099013787406	0.6258821585849836	1.3471932132173492	1.9968428681209567	2.788964931380388	4.451867553578242	5.591206834342164	
0.10987421633500745	0.1289800986337736	0.4081786107595275	0.513639784149769	1.2832828655995532	1.9838942282214762	2.970106107692654	4.9897656793170695	5.959869164327646	
0.11158317565688006	0.15088033692463118	0.3498094331205987	0.5159791805131646	1.3766619084118563	2.015499787490157	3.4105478589824356	4.9465553782857015	6.836859662101183	
0.10465245453524555	0.13561673538090419	0.40576735266004726	0.6413694691686977	1.3117807497763647	2.1955552613992846	3.076798943017165	4.110415726947805	6.57658580434017	
0.10121147187405309	0.16505763760795578	0.37381331857394484	0.5630695301592034	1.1597380096993077	2.5179929655249937	3.6030197580614858	4.118349153197775	4.635081218138878	
0.11049674941508687	0.15504181261080383	0.41150157731666603	0.48014270677100984	1.2481957108565802	2.1741420709673083	3.0338277885243006	4.27493262474893	4.800876547314875	
0.09564810916446491	0.1530987378414709	0.40548637428907724	0.6240060187003112	1.3678020064586185	2.3212468765408185	3.114602405630254	5.356100476693124	6.210539806491623	
0.09943117605010195	0.15039900069895168	0.3470933247800626	0.6458501316780019	1.3197826412349356	2.377588210228422	3.3178406404052776	4.135416910076831	6.24745401117168	
0.09340815100526255	0.1387040727330266	0.38707635657198286	0.6183809405482776	1.3656639257458516	2.048464812081914	3.1253438329278502	4.762094767569874	6.3917207625737955	
0.10558438258607789	0.14025392206691076	0.46101970158709105	0.46445304591708675	1.2979928416488442	2.259345133852799	3.7447076480557664	4.646064035130717	5.809143067582294	
0.11178950786922777	0.1425978710582588	0.3490114481329649	0.6482178641990788	1.6382025112455445	1.8114010515635153	3.787816163227228	4.907501923936148	6.493885579770069	
0.10862805544076207	0.1597561096744744	0.3971612547017379	0.5852591775642756	1.2501087265185566	1.9557408095986968	3.338708381359925	4.54210806376425	5.540533868379479	
0.0939790645569845	0.1493462600083027	0.3553290515518078	0.5553361417176774	1.5464596383854754	1.929619099388793	3.2393822166668595	4.724933861295136	6.050482623772091	
0.09624152910123152	0.17376917106110498	0.4132220286354089	0.7111798507267083	1.3610614466777273	2.1868108889369133	3.5792261261918705	5.377585963241383	6.6148296540600136	
0.09618779750155444	0.1506423267674911	0.3796951516538611	0.607647364034165	1.388558590665764	2.1871793707724376	2.276767510893349	4.061891413004695	6.4414943093743435	
0.1203062963145166	0.15360456138908998	0.3653764210897938	0.5302100588642203	1.3213298823080417	2.1395980678749225	3.351251473120442	4.172641218170387	5.985206707838579	
0.10533207437548156	0.16452346529977488	0.3880569433180995	0.5739316258933382	1.2234637463595013	2.08475752789857	3.518790455330982	4.594586788656622	6.292811594681082	
0.10809299097053987	0.16880144163434668	0.40254411865776557	0.625319666280611	1.0647342925422298	2.2732545745887323	3.8564389312841207	3.881339743005629	6.628970118858515	
0.11133492304261013	0.1546333672196661	0.32242628060902906	0.514686437241465	1.4550652592910076	2.481649495079449	2.708233355046727	4.3716806047941	6.4422788586692885	
0.09611730123662332	0.14647190823219133	0.4353664806122771	0.6383464596138392	1.4984433211497459	1.8852597416730998	3.0415763774826106	4.566148162219318	5.987337847374684	
0.10322691217700951	0.17169268169158672	0.3803273041185612	0.6306142639460897	0.972425979613286	2.0401569803685553	3.4367280212411337	4.226261076184556	5.427192026790363	
0.12164681145471355	0.16071960730785395	0.3592440236932248	0.6676252506239164	1.3709639543680103	1.8567865119480484	3.0725571633557585	4.150426819644093	5.621448381643666	
0.08905567177893664	0.1496645386916236	0.4062298567312645	0.5881744425903142	1.3964684047123075	2.2400077384862156	3.1690321024365367	4.762876119469028	5.890443462359631	
0.10955461330188093	0.14839911871209016	0.3471914628660968	0.6530628267418804	1.647714303585338	1.9795912773157651	3.4915311659693873	4.006445863144785	4.8657772275199225	
0.10807338772708977	0.1571074262789455	0.38796560433986993	0.6048703103278112	1.5588392095907302	1.9959416598052084	3.738818465718711	4.813031862781754	5.27330480483397	
0.09025123329490381	0.1355033741206387	0.40222218399061754	0.6214185831129605	1.3427783901299852	2.1538046041011163	3.5683258773030513	4.869842920084369	6.048237365435899	
0.10708162737182725	0.17491291962971614	0.4033194211672399	0.512472767942347	1.4341092260920159	2.254735945153158	3.6193519536577434	4.286095262487057	6.616941196340911	
0.096919709710861	0.13928955999883047	0.33327641306172606	0.5460823808883192	1.4520573007111897	2.146847892378487	3.0898774199943686	4.510207613542813	6.482436779745386	
0.12128001181535811	0.14779110585899102	0.44445403277651147	0.6035174897719079	1.3345248183626426	2.4669905555869125	3.0346141696506566	4.44195521301908	5.7605738629549395	
0.12919899802614168	0.14058199178429728	0.345798597402988	0.6866752294578949	1.3716204051377154	1.849685209019457	3.570064339104115	4.04663060842046	5.796036475390444	
0.10742617742528891	0.15449092789456847	0.3516322375938166	0.5902950368206414	1.3069445966684023	2.403175857661792	3.356566261592439	3.5766906480384133	4.5633294302454495	
0.1057883798364123	0.1514008527241113	0.4120339582964379	0.5209177689248983	1.422300982980817	2.2646574977800866	2.8636128171679522	4.047685879423795	5.75049441506035	
0.12118951291994205	0.1427410823598995	0.4058787726476004	0.6575497053081558	1.376975791162968	2.1924348390922916	2.6053130268515288	5.367485295833309	6.047214677911004	
0.09831394710282124	0.129255668025746	0.3555154138097024	0.7472737037204067	1.4030385191350163	2.0156768663550704	3.070913464173584	3.1891169077873944	5.962563471968284	
0.10378708344335241	0.13632870119161872	0.3900340068599005	0.6160726692799738	0.9345322919220348	2.199523059035019	3.4187268797586556	4.069194396264539	6.447122369955457	
0.08829281579285492	0.15229834577853646	0.3856516962422509	0.6598141648705493	1.5103941309959914	2.091414009419485	4.118040972796604	5.149978196524875	5.420256955253644	
0.09733413634241436	0.14789332579341258	0.3229655404050046	0.5447180658930502	1.5240376934681983	2.1654680033189315	2.8549079985418873	4.419520303257138	5.370985390709704	
0.09450950494915761	0.1928491278354418	0.38933323173844125	0.647228027389197	1.5722408517907718	2.1952464511120695	3.307530965487814	4.790139926314374	6.051259507682419	
0.10248619847857894	0.14850401837652466	0.36156025109449474	0.4996264294377438	1.2965967662097373	2.0780411717568033	3.180263445403929	5.0415993235448955	6.155449459550423	
0.10338942002495644	0.12798998130528988	0.37220933675107787	0.5405591234424074	1.6813803787353854	1.9478392048013173	3.391073682945379	5.725561408052425	6.271074881467915	
0.06783346489943415	0.165781804735165	0.37650312166512434	0.5083350441571549	1.447390296778251	2.292781116033442	2.8348356805475925	4.704789862622839	6.225163323155792	
0.11321494444646296	0.1504689002315872	0.39730987004969043	0.5057602215523683	1.4905331316333141	2.2201955825973125	3.142918139885136	4.749475426244076	6.619624086020347	
0.09395623570150029	0.1446134026296414	0.46549384448156345	0.494533102382187	1.5981801512518257	2.6825603868558643	2.7490727641362716	5.20408049984981	6.488425397957402	
0.110037204428986	0.1537654993550998	0.35649194777946036	0.5481118508668558	1.388143232702069	2.3970300790075614	3.762133701624723	5.2569468435698985	5.83767695675568	
0.0899362590831953	0.1495583147970493	0.45193070592831197	0.5988931039521129	1.3637883070955261	2.4915333160767448	2.8306280860351665	4.25174615181365	5.293968718840063	
0.11449891525839129	0.15810616934809302	0.4175659273052491	0.5410007519101311	1.6206907510107307	1.5270432250500876	2.833401553398006	4.573676857357656	6.544265131925211	
0.09321226845042457	0.12039908646333672	0.34589590678256565	0.5326469549175143	1.8298452125749878	2.298195765889657	2.9181055644237732	3.7905190141732703	5.50793090786544	
0.1016165157115464	0.1427726710196494	0.4618665089351852	0.55530301632819	1.5184880825774827	1.9982882959142512	3.5214448581286124	4.3021993175894915	6.626155598557111	
0.1042956751498194	0.177188679646575	0.38802939597537434	0.6337812493136595	1.2488137840191742	1.8256143012866268	3.4737761191931584	4.440955663114961	6.460124879997199	
0.09494041328063202	0.15377017731565204	0.35121137418117737	0.6282681322652852	1.2971201322803192	2.1753076582143303	3.060313396442346	5.073554695970718	5.572809413615793	
0.0941463971563324	0.14579578226450632	0.414822340824504	0.5975771314941822	1.405278021346232	2.0746748855924384	3.326116107386589	4.230500952525771	5.521961543693074	
0.09806400761598506	0.14124011264369687	0.361943427713375	0.4740718762834559	1.6177538754835659	2.1539734795214436	3.2457808375151185	4.132799880628493	5.723767906915908	
