5	49
0	1	1	0	0	1	0	1	1	0	
0.1330034917962247	0.3964812587436576	1.407146790082163	2.942448455549777	5.4239477298587655	
0.16415116314425035	0.3991249484773867	1.4563000988780088	3.471280860766195	4.636103628535037	
0.1517851620737757	0.42032632045084467	1.4357438448868354	3.6546142169375426	4.564759801185462	
0.1281436339208133	0.39827215567980945	1.3452243211956278	2.9257615855448402	4.209746166321184	
0.12701279420747008	0.4093591519984792	1.4899471707554928	3.3269872436379173	3.964141780207225	
0.15759261513858405	0.4573101754439692	1.45676263465246	3.0613379741040276	3.9899834859549843	
0.138754153948102	0.44648377682123974	1.3650656187687262	2.7215019612986215	4.642695666384973	
0.1431581220077101	0.34167130596032913	1.5206567730096947	3.1389494469815005	4.584204285689609	
0.1513907461191563	0.4362451762665785	1.4925630732621804	3.415090931674607	4.057918324871585	
0.12559930695671823	0.47845414085668153	1.5348466967220191	2.906152143990069	5.008918191882155	
0.15082697104382878	0.36845904654816924	1.3353509911840238	3.3364596964122257	5.100966280287418	
0.16565321101250222	0.4617909973016594	1.4000367964616947	3.262701981764742	4.929407801664064	
0.1601209217854966	0.46507711691462567	1.754876221639409	3.147490105701159	3.59017080762794	
0.10860184731462301	0.3968304140246615	1.3750371646929667	3.489533906544373	4.239707587684639	
0.17479066526530318	0.33179551077514546	1.3561145227618725	3.082801829038422	4.739769005839656	
0.1427396518719348	0.3648168222850405	1.6035672628223636	3.605603962917124	4.657146892373087	
0.13406863120436277	0.3956393585044154	1.5481812041612544	3.210105950759085	4.150473042920579	
0.14218975816011956	0.3902767822446326	1.6259566747189442	2.9569955843131557	4.691479520997948	
0.16562120490949422	0.39719737285219303	1.571753008407566	3.074289376575734	4.415931335623034	
0.12937665471079413	0.35509483489586136	1.3123354416649102	2.928871030190599	4.788385679127562	
0.12504516834687462	0.3313306875221856	1.5434699313699876	3.168369478943744	4.013756078356289	
0.15719866038989713	0.3711791925470986	1.466887983639128	3.3149129940127264	4.3888960903763135	
0.13745599804084951	0.3686461679562984	1.4758743198125575	3.3857894113239846	4.641128183617579	
0.14498723032604982	0.3928803057861644	1.2200015722642519	3.380732403594747	4.863773262625677	
0.1037016080036936	0.4199052494189254	1.6534805291814614	3.4038251019756824	3.5323836834221285	
0.15168167634450916	0.3499069089133348	1.4374775308796846	3.3749382090305198	4.801135022538828	
0.15339765118351403	0.37020794249527245	1.634658992446717	2.9726600356470887	3.9253349779794267	
0.14594399192729715	0.36662235068104754	1.3105807160727858	3.4272824593203577	4.266815358041347	
0.16051869449251954	0.31758528097320965	1.321623954475623	3.5809468751949654	4.245585700535503	
0.13862479057036717	0.43650843231693404	1.629619333739402	2.8777414875280307	4.396819298985476	
0.15144477189198488	0.3952936894889511	1.2309996176171094	2.8307508323521184	4.666661112751779	
0.16423005174984498	0.3646390380363308	1.3587934661044287	3.2950863302795157	4.560718341639288	
0.1530794004845169	0.4698382887056363	1.3016171812826454	2.9638403664696225	4.308155538993471	
0.15094710863044045	0.3539845311453477	1.360003727846056	2.8989697707039133	4.080912614979848	
0.12789647340934496	0.3985044993016574	1.3488815964820144	3.503826193164155	4.757942529412141	
0.17834186208995315	0.3755166219443475	1.4664850278548691	2.913721615683305	4.417466214838543	
0.1561799577183452	0.329848502098234	1.5062647159145774	3.3035979308530314	4.46702559074205	
0.15209139524513	0.37196689657046555	1.46675780602847	3.56733909780058	5.13004770771423	
0.14208158158543363	0.3915068912627613	1.2943752702251443	4.037196674652274	4.866008854373854	
0.1363557013886224	0.43662682701450206	1.1989348102156487	2.971517525082014	4.2275689283855735	
0.14657999790204837	0.4029973528817903	1.302909647020675	3.100768719530857	4.430381294297958	
0.1597963281337853	0.3669019343607445	1.4679709957497589	3.384146913194803	4.715270659140325	
0.11079373553374001	0.39045219172965384	1.17791839407124	3.2437102841501204	4.415283863470633	
0.1596950450716451	0.3070360644778491	1.2704322079457988	3.10935220845868	4.3248869004088935	
0.1539451106751839	0.3348546629870621	1.4626863767336724	3.207197278864043	5.136701225881531	
0.13381045858994137	0.4132528099565782	1.3965350286044167	3.036716082016251	5.184772759470682	
0.14348641578256272	0.39504770302811876	1.398835977044479	3.175877756016927	4.769623122754362	
0.16113757332392084	0.35130399365200954	1.332483808895601	2.139675831634794	4.347848947459617	
0.17091917136391244	0.43881267926759754	1.4296329450289953	3.7530767952956605	5.019518307500325	
