4	53
0	0	1	0	0	1	1	0	1	0	
0.40897649488650856	1.079811725828329	1.7560019515116045	4.505399659293213	
0.3953979974774074	1.2493276464536143	2.010275624859556	4.376089591422289	
0.4305616328405968	1.4934001059899726	2.1150058745087814	4.3045136098297485	
0.40313820769566877	1.2937795779693433	2.1314676080477177	4.5463418453609705	
0.3730365909864547	1.4812980761259997	2.014475745376186	5.0467585216794415	
0.4339284391736652	1.7527740584705802	2.497119720593622	4.720337154975645	
0.3920080862533985	1.6265236800306273	2.26122152171364	3.5831789437381043	
0.3911978671200605	1.3483546504390245	1.8805598503976733	5.008774831861152	
0.33104327049467835	1.392496981394289	2.2888503384934586	4.415486322841127	
0.33460329679149825	1.3501146715446022	2.1550528059051266	3.7194922413012605	
0.3452228699202754	1.4219814893072895	2.0901793923837597	4.312836518102099	
0.3663037175844263	1.6719358898120114	2.226528987413711	4.164123419803638	
0.38124646240185567	1.4061100964492335	2.0619201751831637	4.4371895201718345	
0.393376822423928	1.353633265123577	1.9719406486155933	4.0844786201469505	
0.333576877903651	1.4235883034118337	2.1307686842229296	4.657441483304558	
0.35087544168401935	1.416150465487491	2.4483185058328	4.620794701243374	
0.3346128085400173	1.3898604243622144	2.142872981230018	4.453644738898893	
0.34929968803679134	1.4148942006120568	2.1860669254153624	4.72697484569679	
0.45762999049286274	1.5166159923862759	2.229068823936316	4.253452612638921	
0.4122842460362836	1.3255924080026953	2.096270419873347	5.062911085117445	
0.3242377967414376	1.3973548160015132	1.9799901424221467	4.571912883649896	
0.34832237064633126	1.355491742758216	2.223348337860115	4.795077856526768	
0.4093903484540377	1.5257146975873712	1.907713299175698	4.753421037858269	
0.37616587278861113	1.5315729553380324	1.8566561709654974	4.099829836822823	
0.3525286125571796	1.7266515245281562	2.261264332861024	4.2176602543091875	
0.36682398455923737	1.2725135948659847	2.0242939085185747	4.5388892453499725	
0.3634959992057657	1.4593501173310108	2.136094773831952	4.2845459923953	
0.3042549867769212	1.379472327395558	1.9847102059347723	4.420203114865874	
0.4326751577676984	1.527226960464048	2.028188318183668	4.269442805181161	
0.37867490070123055	1.35304646767067	2.3889193806209965	4.939587298421951	
0.3413440989928578	1.6363995920759324	2.320987860595695	4.403810313573685	
0.40388601696358084	1.3763224246133188	2.0546084803939606	4.099930463295078	
0.45175243983272867	1.25605642867163	2.0189283332009125	4.684982132082121	
0.3164583398878155	1.243621042933015	2.053079593167863	3.673734656736902	
0.39588126780110705	1.66918983746193	2.9066786218848164	4.906988766541177	
0.39749386709061274	1.6815662653626495	2.1550732819676313	5.339441905764612	
0.4117822159949569	1.4960227045371515	2.1793645394640704	4.397491670279854	
0.4022310180818549	1.5362122923574266	2.060018791321188	4.367519034222089	
0.3707988363229816	1.5207617068934223	2.2683741920554583	4.0543512416608865	
0.4192740292632488	1.446729298990718	2.7733483524308564	3.9886233217813647	
0.41916871074432316	1.4565206337521026	2.321430611604327	4.123366087039184	
0.3533645484483391	1.3896936142346685	1.8893027089498036	4.51127487335538	
0.36950253991427917	1.576939193145418	2.2122384679648603	4.50344890895623	
0.3355675220041782	1.4138414844115545	2.281877272281131	5.386506064394869	
0.36202849678028587	1.3608301428620697	2.4186951507378867	4.738782916816451	
0.34309517293517655	1.381558577544489	2.111473911424581	4.64172809368438	
0.38365976343430663	1.567586820796432	2.4427417753735168	4.247819125229852	
0.3073087116600731	1.46664204790563	2.448577359912569	4.229992252461052	
0.3903327953508992	1.1848738305211035	2.2053780963514615	4.67318164215219	
0.372792820679583	1.9907081394668262	2.0107598286509565	4.009177347807369	
0.4228252257987674	1.3304128985770651	2.522859202884116	4.385099662577784	
0.384472073356386	1.383921182482888	1.924033460395398	4.188874300756076	
0.35256004470125135	1.472666782630665	2.1748509712256947	4.581983480704101	
