3	66
0	0	1	0	0	0	0	1	1	0	
0.41169117013750783	3.6317092653237486	4.035846390040666	
0.3623377165630535	3.040637774560723	3.965837868610172	
0.41342980122461764	3.219908881296534	4.884636103945139	
0.3747296923375029	3.4782085901813593	4.239271972406307	
0.33578751224108305	3.4208838226984932	3.954562626655605	
0.35038936929041303	3.3261526876927396	4.3027400590432645	
0.4112826000858169	3.035096950175128	3.8364684880386224	
0.37120484137890325	2.408636390522981	4.356381223549862	
0.3323957774368485	3.48616657804559	4.581445580493266	
0.4011367246193582	3.5232644408488234	4.812672768465544	
0.4042043555863272	3.501512508024041	4.9201027183687245	
0.33233500088348294	3.492496402266771	4.586887949049923	
0.3949023471140704	3.7737103665178875	4.694624484828139	
0.3719972133562729	2.6812591517681494	4.37452493519952	
0.399523155222489	2.950971789309541	5.021103784927311	
0.44431356160097885	3.3055162103987334	4.413446755348385	
0.3681186881572462	3.825903247166886	5.041300857078068	
0.3227708717225627	3.2399744075016574	5.308828483451739	
0.41263634813397665	2.93835584242211	4.390359513060929	
0.36876877453873996	2.8983504386642727	5.491391798785602	
0.4267345352490295	3.389990231506527	4.668359608927724	
0.4312739796590981	3.1213719860303	4.876016230770859	
0.4626946635680851	3.375349977257682	4.863923621384058	
0.37597610613646326	3.092221516377423	4.043078263310606	
0.38687046865556646	2.7787937046173243	4.180470806582536	
0.360924204290845	3.4432734076934297	4.156998253547364	
0.37965033415540245	2.8133166671575474	4.545743431430967	
0.4162989578791497	3.1432774882437085	3.902327461553656	
0.3887952555685022	3.86092992647735	4.36508710773455	
0.38750600995647866	2.9370416212496275	4.29647393415343	
0.3586465755054404	3.4267232583689613	4.169433378967063	
0.36474426182172287	3.327718916515068	3.5889557548761726	
0.40793856489506514	2.8287789714652627	3.9597945279063183	
0.33627249161890493	3.7105804177179174	5.091705462531224	
0.35006326631462814	3.7811691410842294	5.222351598186478	
0.384795430264411	3.9328500523091305	5.085759901726091	
0.37545916061038387	3.440122114391757	4.204914680372242	
0.3678590532449806	3.206983798032842	4.099989118969227	
0.38748526040817594	2.6105366612520156	4.568878127929067	
0.36581864058634384	3.492609418959337	4.301834042506295	
0.39070063023140617	3.1522889289140723	4.019537950217927	
0.3860361763930476	3.2623906374611424	4.9307093188616715	
0.4356174662044146	3.9796433980822097	4.65846741380635	
0.3953997811135097	3.332671606653051	4.125406372339225	
0.3660382384701446	3.399188309233631	5.045489618272738	
0.4252051085278085	3.177717890363856	4.147261402796934	
0.43532928838672486	3.0526119472016724	3.943088559396716	
0.3883636439269614	3.1526780056436463	4.4541056564270995	
0.37142365066484717	3.2252577592844904	4.470897520243653	
0.4013385670658739	3.2917047888685924	4.4837394053609545	
0.3965710512348914	3.510121125585261	3.918474183676668	
0.353546983915969	2.7328673770226084	4.479299803112615	
0.3596960394721376	2.9380380196616125	4.4975149786402415	
0.34167277507535776	3.4118845810785037	4.4611955029666985	
0.36916581444675933	3.2936171954220357	4.732989014146493	
0.3765991492831153	3.1461081102419066	4.411216609483501	
0.40906081303599356	2.7426420980168724	4.475635104521535	
0.4300766491714593	3.5258254129641995	4.62519558513993	
0.401280782162735	3.984627452981947	4.575991746162093	
0.3630708365758942	3.659490688551325	4.57951143730125	
0.3114202068574491	3.3186475035373717	4.7450223464815116	
0.34433085519647444	3.9083009230033223	4.219279079719486	
0.36056811342758327	3.5595470104676634	4.783729923274696	
0.3872030728389257	3.3965729835677623	4.335883457827122	
0.3615968431102548	2.891026202862684	5.372349992984804	
0.3286486481984696	3.234746399834637	3.906883343193779	
