7	76
1	1	0	1	1	1	0	0	1	1	
0.10431039020691675	0.15038369312678299	0.6395028197877837	0.8841155554277742	1.4060451374979046	3.9241040198417965	6.567818718697186	
0.10417395106875874	0.16204480965693438	0.6855368205520572	0.9338144394840426	1.3827045419934205	4.64670239932049	5.944926954031972	
0.09303577616259265	0.1454318329937048	0.6263123227312616	0.8540142825706211	1.1806088197291151	3.8357767665100817	6.263037690744353	
0.09885371708736376	0.15223040664422963	0.5907586903077336	0.9679238596097731	1.5606359228554663	4.827217471164183	5.148666292816687	
0.0911741292799101	0.15621212901845596	0.5578929677802043	1.0273834834413869	1.617907287456755	5.083556193049041	5.924035496512952	
0.10467573036930089	0.14865790149680255	0.6909234721153588	0.9315056768598494	1.669727240714798	3.4658512969778	5.617934396723456	
0.09657803643753145	0.1841564734693166	0.5170027640844225	0.95067817151876	1.4942239700945523	5.002047349166692	5.627048196184264	
0.08369653986806526	0.16529567276363855	0.6691741939023278	0.9142466955655423	1.427962892749572	3.643145404349353	7.119530421744205	
0.11129883924205314	0.13550943163571805	0.6608249422087954	0.7232428495489297	1.3926027220213417	4.393547481449676	5.301798476155207	
0.09897693071279313	0.1509154091815492	0.6479265481403492	1.1016752285509492	1.5011526287947716	5.536229752235887	6.1144894534699255	
0.09206107041176921	0.13934775061655602	0.595588674778184	0.8623682319087164	1.5559215511649418	4.433078395523921	6.193357432832829	
0.09031960786819312	0.1611193728981761	0.5631946168770364	1.038244351756146	1.3425425097555581	4.201748860802325	5.454328227163882	
0.0868774629428131	0.17002044439890765	0.6793827474622062	1.0066053675166184	1.383355278480127	3.791681909169541	6.52745864453236	
0.09054850858139618	0.138348259406085	0.6010761357164784	1.0029577068421613	1.5265270608213963	4.8739125724219186	5.143792196259694	
0.09848650523820217	0.15670296020079655	0.5040380207612927	0.9236639965380001	1.430794561186243	3.9554365816393	6.168058738865669	
0.10720852177101298	0.14518778191027976	0.6899948339345567	1.0066473629805484	1.3573334056724462	4.744763916620176	4.90391205507866	
0.11651206207505034	0.15745588634823168	0.621116450909753	0.8594722266561132	1.258346916764639	4.918149431840597	6.276502772307428	
0.10336681877507543	0.16020637704450882	0.5688723620983943	0.9172062535088331	1.4420968549301387	4.10168143068164	6.2883723439732835	
0.097649511412424	0.14726943391891767	0.6112659967607913	0.9390879409839543	1.4361791571020432	3.6632054490357744	5.857431400681358	
0.09998144199168589	0.1345597397512117	0.5587661224670953	1.0975611340963876	1.5135776444824738	4.446659672021129	5.482027571504428	
0.09925673135785704	0.1815334934317895	0.5793790684374529	0.9165194197783574	1.185351753329789	4.046237568932061	5.871289071479654	
0.10234951168486084	0.1822813199911285	0.5728848860641539	0.9180479147346491	1.4822936888670541	4.411200659741353	6.286097551138474	
0.1113132803177262	0.17652286061040945	0.4584885784277692	0.8137174894758872	1.3800888316839268	4.629654457665584	5.67238663934589	
0.09655988209089443	0.1560300040442077	0.4892634245254851	0.8257432701204626	1.563009304157687	4.185239255603597	7.012517412037514	
0.10250103267525934	0.17491860620993405	0.6792529934731172	0.9004074435599856	1.21546987376886	4.7027770304687895	5.832582931174128	
0.0983175622778658	0.14515079072908998	0.522603852979556	0.9756382925611935	1.3252538948150878	4.114911626823899	5.849740926274032	
0.11074911379494529	0.14824172142277983	0.5386680770487432	0.9408652113096037	1.6128076943774268	4.868437994172834	4.924887502052956	
0.10209558183059136	0.16869842948861904	0.6081277069870848	0.7847043763407865	1.2013200032098033	4.095703706763804	5.165988925667039	
0.08792728046432757	0.12874980510296863	0.5864181857745365	0.8806226900957232	1.407824785367828	4.755398551477157	5.234760826380156	
0.11621925689764762	0.1633177833923524	0.4873196260085061	0.9606290414975331	1.3506988302194993	4.574530014515626	6.227899674067743	
0.09460259888123128	0.14572033884080685	0.5617094705344713	0.954086486172558	1.4040126336602232	4.646731323404514	5.822068012613159	
0.08299956534238782	0.14785390969603388	0.6346608971958446	1.0204212678208489	1.1740717822324471	4.494307813994483	6.664902163188186	
0.09438309398468858	0.1684483115740193	0.4695706444626318	0.8401251983455097	1.2522273560853394	4.521218197809192	5.767559867153487	
0.11149165906692303	0.16414941810557473	0.5716095635568781	0.9955620652689066	1.3041491871136512	4.876661002288552	4.876619077618487	
0.1263703428164593	0.1582395813344928	0.7035508986020045	1.0008530479742204	1.3162489363711352	3.061145139451392	5.551091573502681	
0.10664733141094809	0.1256674288724777	0.7167244041550145	0.9120977656758261	1.757900681928127	4.226283938018314	6.35026887101346	
0.10545703795955182	0.12584101069907425	0.624176074434137	0.9818369064921835	1.5355918572860348	5.07139949433612	5.056580448883239	
0.10534730266212161	0.13167126229442735	0.5386625337571408	0.8276021384227819	1.4617390625922455	4.805522923913726	5.8195117195845	
0.09961260437247453	0.12637893728472432	0.6197822596099142	0.8837123468534407	1.2761995902569194	3.3600627204146205	5.379455209500316	
0.0973663071419229	0.15826630998545985	0.5380160919377656	0.8977629085333123	1.6436898328317529	5.019767205316621	5.674129148477583	
0.095065682964052	0.17771959565227793	0.6098799910771681	0.8982188549421223	1.4154032099940805	4.090869730969606	5.143916527901899	
0.0967586981321785	0.16823178125575436	0.5871687471143068	0.9071515312016192	1.5170988875910099	4.554219113155694	5.08751634394497	
0.10323065185895396	0.12232497602595169	0.6737071758020462	0.9780632729166855	1.4967518757123766	5.44717618936715	5.336587557586437	
0.10697379630563869	0.15286363028199262	0.6334393197415195	0.890565866863211	1.504201144874757	4.45790249818419	6.602779203919916	
0.1028053628083811	0.1643023959953556	0.5591944236007977	0.8852398851956789	1.2692599574785777	5.074765049895328	7.081796067072027	
0.09229856773859914	0.15386467455394437	0.6818734433111019	0.9431107419983902	1.4510546602883552	4.128051432181067	6.0629055717612275	
0.0901795964896031	0.17249280601650263	0.46324363973246874	0.8168268103102239	1.4618609233870552	3.8999840022699637	4.845908307686395	
0.1260134747794586	0.15894514272072266	0.5854782740410901	0.9772055238310917	1.4903192550843083	4.187967541854849	5.817569074131493	
0.09729751585443482	0.14410802545367854	0.5733000955783585	1.0043486356696423	1.4016348944351937	4.920011370683954	5.535839505975231	
0.10449964486508279	0.12033659271935201	0.6299342479503373	1.010102623705162	1.2648253678780075	4.613236188187148	6.454615299432181	
0.09714722674364336	0.16320471267650125	0.5580862014147073	0.9566899341065254	1.4386047662112236	4.5580301660395905	6.661135404924389	
0.10093482210505651	0.14324415860022446	0.7054597591511154	1.0883771566337619	1.7125828642733816	5.032417674417961	6.436991969669065	
0.11353794617893882	0.14120278496556135	0.5520309253103982	0.7944186742738913	1.3300307454756217	4.404525721143838	5.084142319361048	
0.10026773251494024	0.1353061557663205	0.47295804002809233	0.6920279345693211	1.2596476469657223	4.236877733644095	6.716827248963991	
0.088753491766788	0.1836542095365589	0.6414510735862391	0.9247087778976438	1.3131918757097956	4.326452701324412	5.423649415595111	
0.0968817778788506	0.14179052087069313	0.6395607591617961	0.8043120936612397	1.4697185735547846	4.429823525928109	5.766289677125869	
0.07681426841278553	0.1421375449503692	0.5966204864711473	0.9671898057628431	1.4977253059955171	4.889300306362106	5.939786139587914	
0.09934948391203152	0.1466777154112237	0.6332768063182478	0.9270052318464502	1.541391534246923	4.924074222593662	6.4991167147865605	
0.0957340565273323	0.1220622545117751	0.6090460411501455	0.9497696150720746	1.1480176732225984	5.151068079100725	6.27607561161807	
0.11446895483210202	0.1521803378879216	0.6152391061810435	0.9652012321689118	1.3633300995243662	3.973847100722371	5.231603056409404	
0.12278356452110127	0.14704036266532952	0.5289547793821058	1.095781834692657	1.616366065803799	5.004224770157812	4.75326131829972	
0.11318437767207412	0.1279429145271973	0.5911622888904426	0.9130107646032041	1.5062213955055137	4.575655958349125	5.680347197787837	
0.1171282367638825	0.17563764480495905	0.6213448247385928	0.9178604489138058	1.6464478281379795	4.975423021735697	5.237474302558502	
0.12227408018240096	0.1355878712936104	0.5728320542164053	0.7919544555837095	1.3554775823376106	5.030368990804014	6.01829364281791	
0.10216663834956292	0.1378553492552558	0.642246659709893	0.7514732498166341	1.3824159320266614	4.434236349708078	5.802566487521701	
0.10254950522384164	0.1272212762204276	0.6538294613181274	0.8297249823685388	1.7036089327779576	4.668301426063249	6.370928908237462	
0.09326914757736252	0.14277287386114312	0.6795802217706864	0.7978242408548751	1.428946396775874	4.507154145029313	6.27332777752933	
0.10235295843518084	0.15694403484872232	0.5663277358702516	1.166685667080589	1.4316207968759709	4.9684034039679545	6.6269996824442305	
0.07360679525789715	0.12653215410266555	0.550824466452851	0.882822529300461	1.4690548893503552	4.632652527406444	5.525882598214417	
0.07968012060659319	0.1743448908012448	0.6529269161080913	0.9916059672095092	1.4996076212568668	4.783426351859543	5.096756914683004	
0.08438002697231045	0.1594571581307071	0.4699020136906774	0.969678607015424	1.5415480838126063	5.288282481731643	5.8124975349699755	
0.08909823126604421	0.16577565971432986	0.5855065026788108	0.7717428295117381	0.9853791469403845	4.761456837985314	6.475891078123585	
0.09989952799780619	0.14932007192476537	0.6011058648968173	0.9130507811996129	1.201741207213284	4.337176390868229	5.925487039209408	
0.11000113470893276	0.13841163113537783	0.5740580086149286	0.9739794427109825	1.3340475523193907	4.189122831929572	5.101471454034256	
0.11332743558052767	0.15724999276637938	0.6497999819896149	0.8804364873662593	1.6919667379340237	4.641823322628839	6.388024375391922	
0.1031731753098504	0.15260786743550298	0.6089486672335326	0.8576650928204108	1.4809921647788877	4.648054941027367	5.7895465644424	
