10	28
1	1	1	1	1	1	1	1	1	1	
0.08728373472705188	0.16782662349538	0.3908997945470722	0.6110326218884924	1.01407546069862	1.4218460369870025	2.3715636520208423	2.8691440917258686	4.276201122426914	5.59008529273728	
0.09246951986339891	0.15728787456733298	0.33467627102548525	0.5262896162416674	0.8713127581817914	1.440276298699263	2.3264675980008986	3.3778775231210254	4.8560352114935785	5.615362313533982	
0.0916458818798654	0.14735214030053378	0.38372828513096363	0.550628580205798	0.673462219592577	1.0959220594345656	2.1924274586820762	3.5463635854186	4.016475035479863	5.96241790954409	
0.11690677776339393	0.161568695389317	0.37657698592366207	0.6122628127103281	0.9496088219143279	1.4246314543155372	1.8369154016232625	3.2074502386246	4.384471938631387	6.138412037367895	
0.1042085269353013	0.1430784647908765	0.405325956076992	0.6383326323507862	0.9924603385336945	1.2994992272816221	2.5066116358347807	2.8904029401665086	5.155114879818435	6.314862743653694	
0.11142055987948143	0.1469588195370051	0.32252934909269254	0.5498760110283865	0.9291937661279321	1.4839609947113164	2.322778802142103	2.609093875750812	4.530070185078872	6.788367747136164	
0.12468557677981128	0.1827100621778561	0.4529896691655974	0.5935911781657468	0.967189111476336	1.5869291387057285	2.367681490296633	3.056916239593655	4.388003693821447	5.502029370020081	
0.10551111428984979	0.1623938560270141	0.37652524854859054	0.6216004756603746	1.0409640676679066	1.5099402533418675	1.7436567644386567	3.2763561716227048	4.375347229818074	5.771138446531992	
0.09639360866124547	0.11544669627971411	0.42690152388439717	0.6202124196078335	1.0823558155401685	1.2124589963919652	2.0126639194681406	3.043862542663332	4.534798561773898	5.730334200622443	
0.10491059571973893	0.19241581676848482	0.37878996616226324	0.643946762595768	0.8839188232819168	1.6008313923859292	2.29135206424773	3.425456490700195	4.477362234772875	6.613009436092268	
0.10652086111831088	0.17120260781749028	0.34339307840042205	0.6131059798371014	0.9363018691898893	1.3848121535546811	2.205711370635205	3.4878351636844984	4.7856005295725135	6.235883665222069	
0.09150665804097871	0.15568522292667528	0.3322351825143533	0.6161383347034054	0.8847025394285908	1.5921905105619887	2.134482601231129	2.9405974223085827	4.813961988876267	5.989303006894762	
0.09810755218230166	0.14539878387108982	0.35801532290963894	0.646726856465779	0.9102217017054423	1.5150182462264445	2.252131133412587	3.576609499928247	4.537867992281229	4.951302578028298	
0.10753078880405853	0.14670965170002254	0.3690323118697926	0.734880166987841	1.0304471073848063	1.4800611049480674	2.0925032311568605	3.302232251490994	3.4998539158511948	6.6290920939912645	
0.09147867810102916	0.12967557783058317	0.34053400590982186	0.5706292274912858	0.9679212413793445	1.4316550441359015	1.9575389224234354	3.030773034206638	3.953117174608187	6.456091623897377	
0.10811325269617665	0.17185963330637333	0.37631402131041425	0.6094778435248536	0.9708277303049297	1.535859746603791	1.769879805323438	3.0851387887450987	4.342138020892998	5.068531170862553	
0.11112990304004247	0.12577537919038678	0.3266721723759179	0.5700018782939579	0.9050465633033731	1.6281169710663534	2.5842355914097586	3.311294721453766	4.188897106525144	5.288855365812692	
0.10627366701077053	0.13205622571314596	0.36935682244373497	0.6640249077892966	0.9829807279069124	1.3293954255289508	2.304927568649074	3.0265975902572992	5.091912531805661	5.564388018048243	
0.11186601428635741	0.13776148451603784	0.41258518135599953	0.6365761648627263	0.865334769752316	1.6970317478503205	1.8550550993095167	3.1439922924389383	4.0511752068100755	6.176799591948319	
0.10302391592057099	0.1345222510733098	0.3778214305259095	0.6883877725027742	0.9789814033365256	1.6628106744879838	2.234822482743141	2.7682721675477566	4.09102731436682	6.015870656355631	
0.09030008561309447	0.15178967221489403	0.42008078369107543	0.6794335474292404	0.9246562189554759	1.3233994856798088	2.3453268951047366	3.457344077248006	4.482903219077271	5.676209313506474	
0.08131407778427108	0.1547632355450484	0.39514042674574856	0.7358308587678247	0.8955223907665215	1.4767125723449037	2.212558643936234	3.5687480773221263	4.885377205916562	6.887563502213754	
0.10497275009168786	0.15823172103221655	0.424845007058622	0.6149642290315169	0.9316704936378988	1.6441093540633587	2.396131532755994	3.1047949901309986	4.435472374960862	6.056458325055365	
0.10780441328441069	0.141861295707148	0.3132527123121657	0.649048005928796	0.908465636627247	1.2611830974062719	1.835265628960569	3.6629467134908014	5.054701264511983	6.239793439118399	
0.09566836143928747	0.14636983896620237	0.35909338451021533	0.5597602991008687	0.9062863556909022	1.286300744271896	1.9261763846722622	2.745574869207765	3.9150375177110974	5.565880046727985	
0.08720308398887124	0.16046432685352685	0.3724065407804091	0.6285187761338632	0.906313450670888	1.3516401208927924	2.367075667863518	3.060921376843881	4.209363848916344	6.336660814958197	
0.09781816767562702	0.15948458494223708	0.36598315227481837	0.49729189149274255	0.8856883958785656	1.5486268591893046	1.8582644347412003	3.176886340944937	3.698970156689817	5.986117492724768	
0.10342162725515305	0.13963976499275954	0.39839120262557887	0.470007842610354	1.129216014571571	1.612876702012032	2.3127018443315888	3.5557732778335343	4.816360121535529	6.3506546128030665	
