7	26
1	0	1	1	1	1	1	0	1	0	
0.08289403330859535	0.42801795574890006	0.6569397786075274	0.9477208366099292	1.6791463739002104	2.1807119335829337	4.296285414239228	
0.10908767965780647	0.42816918813172666	0.5780051227925157	0.683719148452252	1.3187629319737866	2.244585407324581	4.69307094537754	
0.10580108609757549	0.419291018491338	0.5956931779919548	0.9085971837738683	1.1709109044017716	2.2407988795706144	4.082295996200619	
0.09814875110447105	0.3823349531781775	0.5731898392112799	0.9577089611386062	1.6781699658749734	2.2400602430742924	4.436023394783336	
0.1010264304651186	0.3221404323411032	0.6430170563550878	0.9388359786733291	1.5254481959331694	2.3930948638192833	4.811086203918005	
0.10524990827673733	0.42058031987057665	0.5401464254627699	0.9524053519457383	1.3892591865766342	2.1806727167830604	4.756031139725899	
0.09500768558125082	0.35329340836520706	0.6800020950987058	0.9244854849173592	1.502088048376941	2.268958215959248	5.013230821057933	
0.09883384700197066	0.41718598355225367	0.5694010697644801	0.9323184222570068	1.538131933338706	2.1432773105528216	4.144313620817013	
0.10405094247433776	0.31704319871579956	0.4961306625483958	1.0967002743949	1.4113331168957837	2.566024695938362	4.300144470205345	
0.10309380303042737	0.395387910954145	0.6894944137777342	0.9141070371396597	1.389630235240614	2.1929331057327994	4.414970877893881	
0.092153035763832	0.42554618122583837	0.6104696753005185	0.951956367695028	1.4396213255007217	2.3050419579974184	4.651265998998195	
0.12010122566251712	0.32959973756780864	0.5823115473704404	0.8804103716761181	1.4780744933867132	2.3613094013509492	5.039547341914899	
0.08775101163685006	0.39571496724656197	0.6118057659637265	1.125059213940038	1.6091397087815589	1.8636640202370507	5.201441483707825	
0.10425164758548627	0.38138309044080676	0.5074700086769973	0.8984473341966752	1.6930291115849287	2.161234597500166	4.498187741222242	
0.11131359569841298	0.31501426489453804	0.5726576573578864	0.9734703287524679	1.8065465986283664	2.341093551538978	4.072016463451203	
0.10278642447995545	0.37477319863904024	0.5880643518635995	0.913350305126973	1.4389823888674016	1.8767220869199368	4.857525546609374	
0.09740411696667112	0.3480772155249275	0.4990994310123045	0.9072610614863063	1.4038565880920941	2.4411577408680625	4.719715700429415	
0.09829937528644991	0.3501577360565451	0.5526810266680221	0.9449348482399731	1.3138258172343067	1.7748016761011507	4.589850903292089	
0.10201845424574936	0.40521923154904094	0.6043205434009323	0.9316453174966038	1.390189602194951	2.4767333065098085	3.3326877496303835	
0.11127374241803155	0.34984853006043765	0.6018890918575835	0.897373913461905	1.4171478792517023	2.24739895842724	5.055788843548265	
0.09858305984804677	0.35506505833699603	0.6206747006998491	1.0373090099154358	1.2680678930308609	2.6568397016626704	4.934235459492614	
0.09938804281397641	0.4111738988885078	0.6119080232515356	0.9907878861846163	1.5285677945858085	2.2144399010087112	4.613278348959636	
0.09859376718632717	0.3725405372431238	0.5333349705981351	0.7356234877303577	1.4092664313366166	2.0295489970009077	4.9195774479885355	
0.10086139497180933	0.42410571555076076	0.5536278667745871	0.8994490837946221	1.5150404449934138	2.589324379176472	4.697969237215936	
0.08291207895001568	0.394928050428152	0.5812205284615348	0.9269001319677165	1.4265045959087308	2.360770185051658	4.78385429319643	
0.10049459401050694	0.3694559177914397	0.6816529424668266	0.9623013438960871	1.250111834871811	2.0949700864375393	5.21951383689029	
