7	81
1	1	0	1	1	0	1	0	1	1	
0.10026167851888274	0.14970929882628636	0.5653335564011305	1.039129167170556	2.436546351564585	3.8861972401005156	5.424504510383487	
0.09760285994341489	0.14828986721129692	0.6290588167492406	0.8941569784272699	2.1032664965138594	3.439933032928981	6.727601980879909	
0.08208003501515371	0.12314970966053579	0.5042919972895857	0.848506837815795	2.367970884841655	4.9556614240527175	5.672248415392469	
0.08482012008528594	0.15507637922071277	0.5796073991181172	1.0078865016745902	1.8809647481031764	4.359490468215231	6.42433174402257	
0.10936954592684792	0.1710510766589289	0.6850270269346295	0.9153341437074082	2.3534013818245088	4.948938809981379	5.259552705228397	
0.10601606387791128	0.14666617575528604	0.6384417753397927	0.9751286048388911	2.3773474077479153	4.784620788059006	5.825762041268062	
0.10199287414888661	0.1375605311865405	0.6773649060755905	1.0140663234529133	1.8767419960821206	4.651678193771494	6.905158697768601	
0.1075437652988916	0.15680040522981584	0.6390639794059642	0.9429644020427919	1.992851182206104	4.320061444589619	5.590693542112719	
0.10395567378464454	0.16910688792614534	0.6669171057735054	0.8237400754428668	1.965838396460902	4.2398157349615815	6.122116346191454	
0.0911151012476761	0.163038845436968	0.5235182858365696	1.003701098199561	2.270872726007625	3.924634251304635	5.94014923894735	
0.09505740294976238	0.13389583177008968	0.6396704816254638	0.9557558430440398	1.9879263324613823	5.275090070074622	5.8339998609742	
0.09131134336691733	0.15240728151320276	0.6954558200522291	0.8264857867414315	2.1761077627336802	4.411721401954624	6.1877733394589844	
0.09083982869517172	0.15641923262471744	0.6201289214903499	1.0066402545465432	2.2442948615097857	4.911252701033235	6.247259022849805	
0.10953914093494109	0.16129561155582564	0.628779174561376	0.9844447392960842	2.2241783416682672	4.198443597309168	6.064111593946993	
0.09453776896153805	0.15781961766843888	0.4620624269445067	0.9007625196970535	1.8879056465252437	4.490331617166724	5.456641463283381	
0.1171327488014422	0.13266653395889214	0.5750758234573131	1.0722180289848113	2.3973935076064916	5.00646321911258	5.02431206046309	
0.09790787216301705	0.13515917395008467	0.6260420810408389	0.9953846373185362	2.4171064368367765	4.524702091189673	5.627082064929541	
0.09314166999406032	0.1500954093966396	0.6266236945704323	0.9964864083755499	2.2062323035550375	3.973727461347753	6.087149802961632	
0.10353940719532857	0.11418210102884668	0.6120545958556529	0.9290637769958994	2.3109798246490616	4.155246746983568	5.947214780217908	
0.09693771314141321	0.1522362192579751	0.5467150817144512	1.0076129474867035	1.8375465175958674	4.698370191225474	7.553168849788456	
0.09796327153712746	0.16763851596462506	0.5734684185297414	1.0729839636524836	2.110057518168273	4.5450458910684635	6.064021105716498	
0.08771594716908188	0.1583526566080356	0.5966069266614722	0.9148225694127915	1.7201015048878405	5.246210850406368	7.367525931050226	
0.07449492222293921	0.15189143455979623	0.6090047983055841	1.0963529393488392	1.997090905332275	5.146313284884198	5.5010448994403	
0.09931956563151795	0.16567315067073154	0.6307058216852357	0.9344709662611719	2.215481683802366	4.998852096935467	5.939773348312828	
0.10354212121339881	0.16921016848320514	0.6053768489528595	0.8879480810835938	2.3040708667119514	5.045754633415026	6.722714884639538	
0.1069795115299191	0.1736315126093204	0.6104405493289473	0.8868846631552108	1.8521032199936607	4.056694875674891	6.27959493636226	
0.10466841627575359	0.17175162702767516	0.639668012820443	0.9693940355749529	2.0292784419439434	5.0323879028978515	7.452884466464763	
0.09682204497773561	0.13894336087447054	0.5595747997298943	1.0831267263799915	2.3129150065854223	4.538117045150846	6.341216517989277	
0.08393887998528128	0.17577356527146412	0.6422212705309668	1.0088879412070075	2.053258393897015	3.957468960074713	6.120293595278292	
0.10525707900871928	0.15255866101258148	0.6550320652297932	0.8491946622338491	1.9605604142195174	4.143977030218103	5.339537022892871	
0.09583850797001679	0.14487710797338207	0.6099946109721963	1.0134251836904624	2.2294531242040465	3.8561120705029985	6.482567919066852	
0.0888851921661213	0.11852067982464934	0.6494382857897582	1.0239970065722899	2.4430578373409375	4.622233073486478	6.885197675699418	
0.08382919092961232	0.14457630130191512	0.6546146022019738	0.9294924585911208	2.2580570548003975	4.715407074882663	6.535826900037196	
0.11932404313022638	0.15741525245243576	0.6368010149174048	0.8454294104058473	2.0553849437563936	4.573157399749011	5.906828448233708	
0.08843013282537462	0.16500910934694055	0.5695465060870207	0.9279556756311415	1.880189318943095	4.798773224569366	5.867563029703083	
0.10598593233839426	0.10896143990133193	0.5544074218336282	1.0108408851904387	2.1370534570630064	5.464074735119264	6.186607859458853	
0.10882847095423537	0.16039908829194	0.5589567754428647	0.9040760439111146	2.295096846485701	4.698488555789934	4.955476097182652	
0.11004216563560482	0.15230789594048288	0.48527785169420445	0.8720838952420203	2.2952478922243005	4.219918884068057	5.667384541326978	
0.10740836987109498	0.13964026219817827	0.6404301013145298	0.8172665322474837	2.3222329495154375	5.01148223796293	6.102765670377924	
0.10003285761361809	0.13420264053869363	0.6568444161093056	0.9414719718889906	2.3950404865989943	4.75279398752042	6.850226757298609	
0.10878782990040864	0.16445792517288196	0.6169685223911947	0.900402785113945	2.141974434077184	4.318384753448827	6.321880100998749	
0.08471246929816154	0.15516125588873245	0.612017282605506	0.9443830296831732	1.9802702656131812	3.9197728688489004	5.5449898002517495	
0.0994224667678724	0.14866782979955312	0.5891363722080328	0.9287100176210535	1.9569560654947136	4.587939199791685	4.858270658257549	
0.11166429413025272	0.145015917326462	0.688889831034148	0.9149803198992742	2.2384848671062527	5.266747374214149	6.189614932261137	
0.09305151327064325	0.16437272253343044	0.6186073219292091	0.8239787517621197	1.8502168025308958	4.160181096315464	6.91605714108017	
0.10148527384545941	0.14913845529303124	0.6738631113815351	1.0993137039521026	2.1608823903094985	4.80622920315918	6.4181014837828085	
0.11133232417932987	0.1485966193780255	0.6737196722286732	0.7795825076434912	2.23076244295789	4.091191551265988	5.6791110803752956	
0.11498701907425052	0.14460018434726823	0.6005593226342936	0.9082739054848693	2.1771643440088195	4.970011471356762	5.932477524824538	
0.11004783576849637	0.15864458597678668	0.5265647699829729	0.9704682850630971	2.415627652222692	4.523223663435924	6.15729141005871	
0.10520239754435545	0.16660227091624316	0.6880731926156057	1.0186406405894297	2.185185910959656	4.843501045766012	6.565312105793173	
0.09000507540365577	0.11469260004098075	0.4966261248979396	0.910212226555678	2.2032412393231784	4.038095167847078	6.220610900332438	
0.10128566380029086	0.14186291282292637	0.6424866691644825	0.8001983702222963	2.182496023431005	5.200847867157076	5.879844939058164	
0.10769221533088974	0.16104584430039323	0.5784067901478714	0.8025537937760199	2.019766557953512	4.640262485563299	6.632905534388492	
0.08385874528015086	0.13810770980001583	0.6015218139522371	0.8523232213299007	2.4600738044786947	4.437112899023924	6.16167917542748	
0.09164034297006883	0.1608074026098293	0.5448892487535104	0.9716993117743713	2.4941320135292644	4.871735702168097	6.115492951919405	
0.09216210452322925	0.13929077008959467	0.6265648934826878	0.9432972010665038	2.345272495678609	4.4805075377177195	6.320746095001379	
0.10100447016285835	0.1597131258290589	0.581658149413227	0.7940675193368082	2.3640214523132927	4.438206850825063	6.814546308944768	
0.10104634967836941	0.1504668794625029	0.6799445969110232	0.8695962331879884	2.056473439908716	4.697457935129724	5.49150203238166	
0.11793209266324059	0.14527519066337613	0.5886203193648574	1.0565282315996023	2.1637948984475632	4.127956697627897	6.584475476960193	
0.10865252033464666	0.1332495154852301	0.5583404987978677	0.8379116141194044	1.3542623535516247	5.451093124279101	5.1546767643688005	
0.09172143376356018	0.15742599194300275	0.6203956908168248	0.991222840659213	2.211867867248582	5.187675113487276	5.652630890412492	
0.11757532784493595	0.1439203662476392	0.5240478176215333	0.8943459683539414	2.2599122644795244	5.069654489708738	6.410112693365775	
0.0881088782103227	0.1369969187201103	0.5660054731517806	0.9544277289583105	2.3702622479824957	4.569539570841615	5.020789423974265	
0.11355945947989726	0.14052996328371734	0.6761658078612327	0.8989465499743724	2.1067093967306105	4.657274872119135	6.542897194436511	
0.12178514989024514	0.1439790751889066	0.5899929702451671	0.8467779443786295	1.97073195417064	4.41014796860215	6.600693568927925	
0.09432535637389117	0.16481033834610834	0.5772010038458106	1.03310843169057	1.619689262540663	4.214821034549283	6.610492253913553	
0.1046047993324162	0.14811516288361576	0.6186321271845865	0.9725112177329933	2.1422601363920437	4.365743772780878	6.553387206100049	
0.10873827272224826	0.1657232924649816	0.7267380561428876	0.9593465875485206	2.607114110639857	5.225343985313747	6.99140155846636	
0.10490496604511544	0.16503107452620594	0.7023485626171817	0.8308271963480142	2.1443960840829708	4.629317291157422	6.728480098993976	
0.10731387619835492	0.1640103392473277	0.6310322190691379	0.9565650604080705	1.809535501422746	4.310660806062102	6.534402497875152	
0.10033662904967455	0.12780509378292224	0.5705399601987063	1.1178979925501922	1.8348336707767143	3.4845078791601756	6.683294645181811	
0.09878526325736607	0.15867163491886224	0.6533458182013311	0.8093546698863444	2.3433805844602102	3.558714330686606	6.204245194010126	
0.1080892730359053	0.1522641648728235	0.5223520385417122	0.9297321576017699	2.4998663231601324	4.7477722805994755	5.643047901514993	
0.099793330868964	0.16446761297187898	0.6942389322459972	0.7660169175437598	2.3960736189653478	4.952873980894358	5.4407512333111185	
0.10502289239265519	0.14620988391849152	0.5469441734510417	0.9175371751348818	1.8482799153851057	4.535942687660713	5.7248429205817075	
0.09731258918709924	0.14535698552941836	0.589284026481177	0.8615111504096407	1.6052395140152242	5.380908439363634	7.036306266869519	
0.1073058548440925	0.14413318599004687	0.6471370082632975	0.767531719225611	2.3488386789171676	4.26354221002336	5.203200366991581	
0.11160780911553869	0.15760484169118585	0.5709055220046121	0.9254389019637369	1.9502269765051465	4.7343579489294205	6.285127968566276	
0.10371052025935563	0.11779473426143447	0.6142770521417114	0.8256666296505336	2.3423642868947305	4.470576877973254	7.313095103243354	
0.09442088196793932	0.12893705805360317	0.5490436665729143	0.9309621457685762	1.9162906176966186	3.426322940279305	6.383944893237171	
0.12076452099688109	0.1708052846090394	0.578558256075348	0.8766713127116479	2.138676362071568	5.013641052462979	5.653940301180495	
