6	24
1	1	0	1	1	1	1	0	0	0	
0.0979406622929324	0.13148538487409728	0.6301201256446595	0.9434574272274362	1.4332573058699893	2.404995899677163	
0.09568785612578688	0.1339983391375906	0.5512225475402731	1.0098051631544238	1.3674626465411441	2.0626196738555627	
0.09675026493096932	0.1305923582247324	0.6082060377470666	0.8519841259517685	1.2728155517249027	2.3100384894682238	
0.11864903631116563	0.10787512828473621	0.5653125703845564	0.943780396735828	1.483383214992368	2.3243903916160478	
0.09231900660866217	0.14965038172172898	0.6025406923851953	1.0034217713318803	1.4224759533569642	1.8426049793622734	
0.0869847032571351	0.13060943611495338	0.5739798307627726	1.165771720824716	1.4369217745023446	2.2774170469431656	
0.09469149766708539	0.15647861363463744	0.6128571060570402	0.8839639689405616	1.230355197967455	1.9894805225725585	
0.09726791977005307	0.13678682320144656	0.7047192627139615	0.9123301582653122	1.593366358160224	2.29254561246134	
0.10364210605447993	0.15147954723614668	0.5547556637619705	1.0507317333387116	1.6062768751585443	1.9739733323225233	
0.10929235704090537	0.13951748644251774	0.6041394044806818	0.8457267422057471	1.2670371655045356	2.2246559945988618	
0.10836869827209682	0.1495295212060159	0.6128012824184148	0.8034839111665901	1.3176924194181934	1.7595178281499937	
0.09619417393971962	0.14468881645620174	0.646151407378548	0.9329987921782328	1.564955864133156	2.328746523086134	
0.09671619779622642	0.18044090738690724	0.5686734515695813	0.766008191960662	1.5094984934720688	2.013820860391442	
0.10025659500410633	0.1578986948697045	0.562086721707851	0.8063020113198349	1.2917279712886918	2.020668398011033	
0.10265843175412714	0.1465318911125664	0.5394609626359912	1.1443752141372754	1.470918359192037	1.80621181995776	
0.10794052298193146	0.17122176445898904	0.5173900261723045	0.8981179161296392	1.3996422002599977	2.2586836534421293	
0.09630852649702963	0.16232210695419208	0.5847600504362522	0.8931388210858886	1.5639614141959006	1.983859245515611	
0.11966134728988263	0.12252112960683988	0.602546047962495	0.9439519065873299	1.4747748948307764	2.2994963132913093	
0.10363815309132791	0.1209865838366739	0.6671882943301594	0.7559193610999067	1.4825027280952707	2.2014626647266753	
0.0885150501865421	0.1438645446622849	0.543053789013543	0.8222229598430625	1.538328161267877	1.844067109553356	
0.08944762899684519	0.1509153461363724	0.6232526627776782	0.8267030412678167	1.6627943040403195	2.4027825605136277	
0.08253292232744645	0.1596810193467688	0.6770437425409462	0.7445990422073523	1.3818442799117894	2.2209168021743535	
0.09772467772956081	0.1395408799752216	0.5415700803285116	0.9424802526838312	1.4379436763346292	2.2867357154867234	
0.10223051309654747	0.16422681167222705	0.7008378099409238	1.1016404432709144	1.369098554435352	1.6738685346306814	
