9	100
1	0	1	1	1	1	1	1	1	1	
0.11156027307834514	0.3066909827879108	0.7133465997432767	0.9323363496477169	1.5561933746800645	2.0792256282803985	3.389165718954305	4.839874082599955	5.06314683435577	
0.09510406197677278	0.463398865930399	0.6220331500905556	0.7747918972607791	1.2035728290804384	2.265226420066743	2.4124804265303026	4.317891004512933	5.363073935702749	
0.11062249571406879	0.344292933673123	0.5625786689890233	1.0504476887024867	1.399339207093523	2.0911538183962537	3.892639411910264	5.102524440843796	6.166981384486169	
0.09832709970041148	0.41327410672579307	0.6548257340655672	0.8458819222030077	1.4061119050140831	2.198536828815847	3.2585951176876984	4.52284983463954	5.899823898718905	
0.10617533614968096	0.37458319974725607	0.6848695182942763	0.9193435504068863	1.510930501405063	2.2494487423572824	3.606139013635154	4.607667147829357	6.0708522946437595	
0.10967916253124793	0.3809543066170463	0.6299012757684763	1.0224791117524565	1.6904650127612855	1.9857368961215176	3.670910875103703	4.0163445118797645	5.4485246672042305	
0.10689796148983055	0.3405790128745798	0.4812354958141485	0.9746300618717729	1.4815742797468365	1.977606444158092	2.9795692753145424	4.679869817562137	6.584310231380682	
0.10027736368856098	0.4172955459583505	0.6265171084601721	0.9005519703722186	1.188641175789986	2.0321417584097814	3.4064120023987905	4.3283625617866095	6.787361636654366	
0.10893311529351545	0.39376530595428344	0.6039831370264219	0.9408228081088388	1.346835174666345	1.9557036996633754	3.4661820072003677	4.54258505964162	6.312402963075458	
0.0917513167699347	0.3741154107614432	0.578574975910587	1.0025677662221748	1.6713259760831864	2.3413028387502877	2.857121128540279	4.683723545435013	5.829260486877551	
0.09358945181741815	0.39329156477689015	0.5561449011144033	0.9935167661429584	1.298825628351814	1.758510264663031	3.2885769747974756	4.938678733119246	5.968454212786143	
0.08436123538883501	0.3261276947620952	0.5726025651091755	1.0282104827726413	1.2688176098731845	1.9831041081153469	3.490604328111087	4.666086750306545	6.386617160114309	
0.11255582101992292	0.3377173599971793	0.5510810267630749	0.8426672675847938	1.4335787687518313	2.5772929479518627	2.867995575294015	4.322253778918588	6.625821836553831	
0.10169929757715113	0.3239763006303839	0.4731872225144677	0.8943388175154345	1.4957035577956268	2.0129602255368857	3.3138822422831127	3.6974714685581143	6.3601464515107065	
0.10780077120936958	0.414829600819578	0.5920053029929611	0.9310863690182938	1.422397054236076	2.0572288731344788	3.2158672348077184	4.2365488035407814	5.731474171949832	
0.11228773008276934	0.3730949245749486	0.6448799589800154	0.8073430804094514	1.3338558744299445	2.009815937974162	3.243552469183809	3.952981833619386	5.324120130947794	
0.09634556364024949	0.3416236011080832	0.5758417376238808	1.0751734495857688	1.2772716576858956	2.08707666257369	3.474456160650916	4.175790172780726	5.257109099735144	
0.09321315769016596	0.2913804364584166	0.6417354173206888	0.9129840791285583	1.3644200205144954	2.1211093787467634	3.0991457691737416	5.143839152399433	6.661687347107611	
0.11654222678985325	0.3979867817785355	0.6409948254788472	0.9835112368614561	1.3563220952827109	1.7087013876951147	3.210504727594024	4.74307823602891	5.939100884643256	
0.1129716151976517	0.3620496470455873	0.609663762101329	0.8887039264883435	1.6747708515147297	1.7281186793292185	3.6633102036458127	4.444564768342553	6.206530825628782	
0.0759737258787862	0.3252030192921807	0.6002659790125402	0.9933528481351505	1.400914003077308	1.9308170332842707	3.225541060589251	4.143717078937784	7.429063567443887	
0.10624852433364358	0.38411990765616194	0.6837288389768021	0.9544508191143851	1.6176185813708601	2.8362063687163026	3.0602471529899726	5.028511748441509	7.162905136014292	
0.09930221186336965	0.3866961666056309	0.6397854907331179	0.7976092379219545	1.4781640406750531	1.9364015896400766	2.8892751935819474	4.9301901351480595	6.602752248119676	
0.10250011497429333	0.3555810434029576	0.6572626897544251	0.9650460653197374	1.496622268014618	2.2811158835624794	3.2222091212460056	4.618193063410011	5.7181357574756175	
0.10929500347318272	0.4069915315110529	0.6706440289762244	0.785346759017367	1.5490980880681942	2.2666236201338723	2.8227342991645092	4.956617011342747	5.592438869999975	
0.0983491365327429	0.4143340455161244	0.5173289731350597	0.9776557735742472	1.2212265837119904	2.389393747803129	3.723602277508485	4.498551880117065	4.864962020736138	
0.1015373031962862	0.4308945807602725	0.6605137097689838	0.9864912800950446	1.5808380545549172	1.9983713217479022	3.331156958515604	4.190623488317174	5.657436389996774	
0.09241135861338168	0.35096118748790983	0.7720177920224015	1.0514464659946954	1.3637697490243736	2.315878385688821	2.996090771264483	4.00224634531578	6.647267022877564	
0.0915327955780819	0.325245845679318	0.6223787328809404	0.8869560990743586	1.6367905925030253	1.9572659791708098	3.410620941259444	4.733751485575167	6.1339144573079825	
0.11365378000443511	0.40067999816215694	0.6122529496804409	1.0106071580661522	1.337874609367143	1.9840320276769228	3.306747953644651	4.774472365132279	5.938512625771288	
0.09933460030316954	0.37669485044030837	0.6231428067156503	1.0241065843113895	1.4556741662306327	2.1111777427963205	2.935987261810673	5.410749369080082	6.971226326860386	
0.0910156714459428	0.358158421719082	0.6239108399717076	0.9696238153675919	1.4984367435494397	2.2039741077355504	3.684325096460732	5.142847378732758	6.406439482027119	
0.08425378864496097	0.38145439233641304	0.572219813672735	0.8047078915356703	1.374553758186947	2.2572914912821243	2.7962739949864805	4.917928867824944	6.632713920435241	
0.08762529893253328	0.3604712757089798	0.6604175710056089	0.9966231844515107	1.4043697789695408	2.504995816554456	3.610257827241172	4.473532353987081	6.641516881843207	
0.08945571547644827	0.3323958076502469	0.5784757489478248	1.0058668681046121	1.6599725420174454	2.2258993657560957	3.3220316923018935	4.953718442393203	6.014578524292332	
0.10621272711490973	0.41773573784107143	0.6704028453832441	0.8114296960812266	1.4996023427182135	1.9351597802360028	3.1572504428099473	5.237128040573007	5.561180177913329	
0.08850504494593905	0.35560740447386013	0.5627026685876322	0.8426492432997947	1.277067323118886	2.251713977355028	2.4391917786569643	4.4846097690492295	5.649009233009306	
0.09980344365311332	0.3885214462808382	0.733311317514898	1.114358283182884	1.5732123548760653	2.416529740620203	3.2531444887964582	4.6598460113859534	7.22752035074917	
0.104879773898037	0.3358074784169584	0.5745659610592485	0.939171841657376	1.475546756323143	2.485300164733576	2.7910787629573095	4.738218759186974	5.93926817198649	
0.10749772770710392	0.36397112108414387	0.529167649805472	0.8919625343662523	1.4815740237411825	2.262507755234098	3.0648661451732586	4.580498066570577	5.829745799731871	
0.09410777027784994	0.38616665460522986	0.6546063559735686	0.9009415486987502	1.4296107527779716	2.3221789145393594	3.160606552144826	5.496984565708245	5.20488125201371	
0.10114488648532023	0.3547232949012063	0.4826696647241069	0.9682671731468249	1.3081786345372388	2.3939150859790943	3.577716327135227	5.256746556371786	6.427845758209164	
0.09745170672463145	0.333501788117169	0.6143809875383254	0.9625781061764676	1.5225384723085542	2.153969165083065	3.0985604589285543	4.282113432362522	6.471508229930111	
0.10845982487268323	0.3639270024988925	0.5181991390279886	0.9143274072346792	1.5587205411778307	2.3374692561567136	2.941080462471342	3.3206934402551305	5.772524872604127	
0.09950103038585066	0.37134660950592885	0.41836996704017815	0.7066244909614838	1.3702170701753973	1.7161396798739477	3.1755377468843027	3.956537024904295	6.668655343941477	
0.09734054194055325	0.3993716553350895	0.6493600475679894	0.8835513937528882	1.3578160519735238	2.2086851504093077	3.319155041481458	3.993082899576918	6.058575228048113	
0.1121021156111062	0.39162695388610075	0.5034689197067671	1.0015706755149267	1.3946490958549151	2.0448955960653614	2.928216857553897	4.500616465130598	5.6013937076576745	
0.09380623064734267	0.28505899582685207	0.6354087522686352	0.9691345571310437	1.4922635855581372	2.222244131498992	3.8632625441780077	4.594086076758791	6.36838878264521	
0.10193077117805241	0.3453980119874725	0.6246009087190852	0.8748540397667472	1.314834842555342	2.370902153135588	2.9404735702643934	4.479022127127294	6.568124141017099	
0.09751675207303859	0.38864098741776487	0.5977836496117397	0.9187465577799394	1.2973092441400775	2.0619329718965	3.008040470143302	3.4874611802543876	5.875440571580147	
0.0931577708245519	0.35881346022675265	0.7010441592211032	1.0462059855374901	1.280697822313014	2.2626245423842812	3.026700647823831	3.863774624943046	5.770434782472594	
0.08953335840110155	0.4248681084133063	0.5628835980898003	1.018351661811454	1.2426166383434312	1.7836784791606937	3.2295061460254946	3.1090159439397933	5.842418769583956	
0.1134037919702786	0.35513478350333544	0.5965923975777758	0.8982533676298446	1.2680314367856673	2.0423469162404597	3.4301901383875704	5.260111067188196	6.323424621378585	
0.10141137812868739	0.38243132250653117	0.6206489027293242	0.8777822049887327	1.4532799670624885	2.274098455446021	2.5453195078033577	3.815225549193478	6.225072989285353	
0.09554921000820853	0.29241308139624855	0.6237493764265202	0.9018687336395236	1.4579193011418006	1.7588113578779923	3.318368654428638	4.093852234290344	7.052393503858962	
0.08637757963984954	0.3680929425883549	0.5162931657159169	0.9488843848886577	1.5172367843610477	2.2092097997582454	3.27426699450187	4.907253606743472	5.224553590191821	
0.09315550251194167	0.4081215820916922	0.5676317514053285	0.7698618249755438	1.2605563562558686	2.18547308296563	2.898145099511319	4.377775514756389	5.211497740354925	
0.09646734462620213	0.34200008183927594	0.5649623826574237	0.9047024359750933	1.4100922206646995	2.290456969898977	2.9445866025021306	4.158694648502489	4.8973939199059835	
0.10478552669935058	0.37111916724251737	0.5047098025194018	0.9532357262547996	1.6669220801014961	2.464771508529519	3.4780812663111917	4.311496327089391	5.661440423966844	
0.10582348559352078	0.39612559956467597	0.5916180917488681	0.8615959156633729	1.6004970613969642	1.922020520903786	4.129210200273124	5.075189006140012	4.8952526123668685	
0.10250933063840753	0.38236423664227037	0.5602931078867593	0.7633456906000107	1.4260802783677855	2.0443121226957284	3.7247029234892937	4.839531362735046	6.056466457224736	
0.09702110293053445	0.379231293134978	0.6419700833415346	0.9336314530744396	1.6533413188125938	2.372221593387876	3.5611088895563645	4.917290093152349	4.683342884659158	
0.09792781672204932	0.3714768429432168	0.6125214139976946	1.025148681094177	1.6173849705185226	1.6748133769845992	3.4092710751306257	5.4171223066895	5.765041562321281	
0.09967894461627216	0.3807009278416665	0.5397068781596145	0.9046575364045466	1.6085563467645279	2.3146050646084224	3.06931984332238	4.615508508961829	5.044034997789341	
0.07821139858621524	0.4298458049394716	0.6407185862982735	1.0052592036241152	1.4103519145506864	2.0831742437144922	2.852731463618741	4.611773297027154	6.161774453681575	
0.10701653769340068	0.40870932619118616	0.5999813726351838	0.9476164032825771	1.4826736755240733	2.012363829029622	3.0347296086548465	4.418251022184828	5.570951102918794	
0.10849974578995486	0.41216835924385964	0.6171584260081964	1.1524440873401547	1.6822114415248544	1.7927348810639143	3.663676915590621	4.395472274303471	6.397619935942456	
0.09355133174126565	0.3903499975216531	0.5366648907486193	0.8649349271034127	1.459200379894191	2.47058720595457	2.8319435962884763	4.219689819184325	6.210902100306591	
0.08704842629112303	0.44797540704178646	0.5910051026700909	1.1034823651612946	1.1314194747480428	1.9767598370574282	3.2954845641316957	4.262984903819453	4.911687468657974	
0.08915385011375351	0.34482678611514683	0.6159586386536557	0.9018639991557797	1.4650238889892602	2.384262072656805	3.531589106380922	5.019672858493731	6.211008607826679	
0.09806243441169951	0.3351845606447795	0.5783279823815821	0.9154204244891352	1.465740297482459	2.1721777028898233	3.6785764266354333	5.108422913738825	5.455460383504921	
0.10016804540705766	0.40976946340141146	0.5323930420870628	0.9256446622403208	1.672570773948933	2.296793760460823	2.8622546842174748	4.930872856021131	5.872293741451387	
0.0940534712570253	0.4167904078836979	0.6545728134677173	0.8247521879752566	1.4677502265908386	2.3107540880027844	2.7007009884234	4.691967921748439	5.194426643065815	
0.09875235464647257	0.36698307986046597	0.5050396895013746	0.8337863655240276	1.3186683544153528	2.231518508735887	3.2595541706697273	4.890627881803399	6.155702085325162	
0.0910686768159671	0.3324255565895409	0.5585452226400256	0.9496362942382314	1.5778123117735872	2.466980573750188	3.433267256576542	4.508070040755463	5.490044398362301	
0.09226807873850366	0.3524851639905476	0.5403870111815585	0.7845304578593646	1.4881653928045502	2.184224000678845	3.5351776762868297	4.437057373202895	6.249740114650812	
0.11120054704511657	0.37401500993288245	0.6101536560982501	0.8621161637819442	1.285625791401116	2.1967638233836206	3.2229246884456897	4.37420759076575	5.88765503975956	
0.09158147092303004	0.33295747406941534	0.61378826063939	0.9088050473382213	1.4399334324448478	2.337145880174916	3.029346314385722	4.344671367928656	5.643742434103521	
0.10587750004828594	0.3333212117881372	0.6726561488183103	1.0738508061634553	1.3865332315868701	1.9405991469892416	3.02790383413338	4.644337131059169	6.674368105118643	
0.09849058734782533	0.35745207136969726	0.608849213323682	0.7088136048504307	1.336697937115567	2.093607220503263	3.020518612888871	4.471833977229146	6.656306458005837	
0.0950095713581113	0.3730968489674006	0.6447536668910117	0.9324452351401774	1.1552230389278537	2.0069356760451664	3.127231755041802	3.8418078932372515	5.3363834914952495	
0.10797954975776743	0.3799414026954152	0.5297648875913293	1.0704360132186357	1.3311321408269599	2.0926482329682488	3.4638653789096354	4.439220071574779	7.090146890666385	
0.09669895900112292	0.26890452097082845	0.5400088711162975	1.010804957806926	1.3301763832879188	2.0080887305368913	3.370797274229651	4.8045059760325355	6.033909693799367	
0.09610208460471398	0.3447630634798529	0.5476874400542798	0.8683814402464367	1.3522139972982545	1.686444946619031	3.5784638403106013	5.132924089832151	6.950284422899288	
0.08966359030509394	0.34492450854479567	0.45933527623571146	1.0344355209355955	1.4109852023428981	2.3381835420773016	3.4159532984122016	4.973341279586911	5.475696220413153	
0.08644146158399885	0.32164371384537577	0.5832398321995867	0.9242587129465277	1.1492611057961448	2.2126365916054715	3.07798477920751	3.6979730445934527	5.949864808614329	
0.0961963989992934	0.3854711117480244	0.5740434298448404	0.952616396913619	1.2852294679253047	2.163001444167362	3.311190230904218	4.320321670766786	5.232149245284602	
0.07507779868381177	0.3385415348424969	0.5876938153868999	0.9290701613121346	1.3844827620438411	2.595327090478907	3.783026761448137	4.514266948071727	5.693420682225824	
0.10376734340786789	0.31483366518110006	0.6460690738492979	0.864648437773188	1.3207763868404612	2.612246224196248	3.321902284665993	4.621209733879051	5.421063984174721	
0.10139546342779407	0.37990197089316424	0.5904510892882908	1.005071323342622	1.5536441807292778	1.830375097582044	2.870199074784104	5.159028004731639	7.493858470359228	
0.10413078947619975	0.285996277015092	0.6820559381673889	0.8872243635804833	1.4941391961127728	2.3089850700850443	3.389248438955395	4.82171757378363	6.6527924312410045	
0.09499016716194093	0.3697717564638122	0.5937639213822147	1.136928913424515	1.3369183771350994	2.012958456163691	3.6087921921420123	4.040222719171791	6.007961617288151	
0.11160248341768884	0.3437046942668142	0.6506877115898889	1.0630393417129305	1.3556849149908408	1.6362098934094	3.451694739605318	4.823834952621775	6.98610494159928	
0.10739583837827582	0.41098128786796034	0.6033592800660365	0.9967960588315977	1.4640992111786235	2.494842670221956	3.2107945323393	4.294124751819114	6.245063011390039	
0.10666805283360524	0.45823345615129835	0.5870858351892282	0.8680025457238209	1.472042838621067	1.9521449742622374	2.553254271940901	4.70269355879891	6.435895000812554	
0.0881870698295351	0.4377101199151172	0.7538846069104221	0.9125478398455524	1.256775424296352	2.6952211024574577	3.61373422831524	4.831126918804922	6.4657721190404756	
0.11508593669141227	0.3711612133806907	0.5688736669606205	0.9252891704471223	1.394223574241222	1.8591743159846574	2.8366502338282293	4.570133219234958	5.7363133617491755	
0.09767001450447868	0.39742127410828637	0.6140110152312742	1.0089574990405614	1.4850648119174992	1.674429338195482	2.9887863295640895	4.882365785948466	5.533921143987019	
0.11030558985016635	0.32241157780580737	0.5625884809482731	0.9688679604981983	1.3882373739029357	1.870347688218783	3.044545926260621	4.675867737046767	6.287104571591181	
0.10680508852962317	0.3413662895594429	0.475097961857514	0.8737020394936225	1.4614851797137898	2.2155623177093045	3.0232553884440083	4.461526215408795	5.796958244498884	
