8	26
0	1	1	1	1	0	1	1	1	1	
0.16204631185992577	0.4537170457155049	0.5749179257920823	0.9580837587438062	1.7202447978256428	3.4514138051157466	3.3631304285982107	6.7086356997284184	
0.16617913840513232	0.3614680913877214	0.5278790892242349	0.8483864582755763	1.8639907031750405	3.129845795056632	4.446845393456342	5.816692492617735	
0.1681117616181351	0.39077240723634826	0.6435929098370099	0.925050658275124	2.0440864264000855	3.0141909040840944	3.9841162588827377	6.786778933652114	
0.13989623885996882	0.3830398530205248	0.6493787304574871	0.9145896667366791	1.939907391814163	3.114099913100238	5.308176538777017	6.420647207542872	
0.13772876249108307	0.40453909132901666	0.645847629091467	1.1191492923857735	2.3450161558664093	3.4363601452415433	4.603567462306099	6.139962786702615	
0.13233580758434452	0.32132417646665157	0.5978143538818592	1.0128024372561684	2.007591598928644	2.9790052850681934	4.069611848803689	6.056787356932348	
0.1352301497957276	0.46872887037861116	0.5508355865293196	1.077052432691637	2.4391514085412505	3.156081960227697	4.4450170492630035	6.768060746305993	
0.1360203245462765	0.39868712585615323	0.461988369149657	0.9116994455354707	2.3005752886025004	2.7794142810744966	4.631503649200638	5.1153882173067196	
0.1430759736275513	0.4681874205296009	0.6691682541210388	0.951686890360577	2.1057113921248094	3.152147895424294	3.8904126913814983	5.763078599262975	
0.14361454123841197	0.47348739417368874	0.5840464979902877	0.8736994172686866	2.1002815295550645	3.4470060027150904	4.630507046035469	6.43143154059697	
0.17417574066828354	0.3745926438453143	0.6338171610202358	0.8909665766174147	1.9228845195559614	3.060664368583446	5.1481103065676495	6.421062144513877	
0.1663228876315799	0.3761385302409748	0.643929111302815	1.0754206823612837	2.1680196862492846	3.2262395307792224	4.611884964471996	6.106679321917726	
0.1562472221603977	0.36962905711824906	0.6285547975864899	0.8762393223898199	2.508320431819972	2.8712916708770453	4.368579196240733	6.551816075733756	
0.14020066007270426	0.32854135122692407	0.6393354168468103	0.9775510711416553	2.1319105250273673	3.2889892453011518	4.331051223667072	6.603765550124363	
0.17205682398347158	0.3985307051703273	0.6546959533441502	0.9610306582895951	2.4918922776495824	3.0770776179828587	4.32855496246366	6.210324994813705	
0.14686693538980175	0.37836849955615764	0.6536459015869261	0.8206807871271675	2.10748922620112	3.29725611421147	4.493757281294715	5.618504130777392	
0.11999241166298844	0.401883773100873	0.7102008376261157	0.9280649554905552	2.4132298476846485	2.440007986501287	4.7765443199109345	6.609295745040468	
0.16944688403614475	0.37209400026764433	0.6772718529374512	0.8894619902283138	1.8448054170669947	3.3604441973769177	4.830455131581083	6.309704861833712	
0.16641876889143942	0.3849886456061833	0.681409833209562	0.9340756327891229	1.9478189677703852	3.1678869571388106	4.8457581478455305	6.045617906827649	
0.13674178093934536	0.38190295550704867	0.6351744515650597	0.8986750105617733	2.1392785787153348	3.0626232679666305	4.46319941463441	5.709183813962698	
0.15000974301317607	0.3984871134769602	0.6923734259677492	0.9486956295699409	1.9631577606824506	3.1483817977706656	5.164505219884892	6.260684837408223	
0.14429859848855398	0.3905850874321532	0.5117673786578664	0.8182381915137087	1.9195832816552865	3.4060934364936157	3.9956238926886787	6.575521352225803	
0.14181411158421894	0.349538083113486	0.6233354737213579	1.0109405870740271	2.101207430121002	3.619221835461481	4.697330373128964	5.02828465599615	
0.15151246576328614	0.3901540424337322	0.570238860371175	0.9198700332726051	2.092401005001081	2.9870153001592907	4.249963318511928	6.12895154391516	
0.15035569846482183	0.36891475168666166	0.623821338482999	1.0263185224103626	2.4478595435752264	3.808164717952879	4.607804758166101	7.532292441794079	
0.1862279982080598	0.42578276662290626	0.5739893588227156	1.037085771994706	2.5054551719134004	3.322236828803981	4.786743058936206	6.349377062341871	
