3	22
1	0	0	0	1	0	0	0	1	0	
0.10385286162135293	0.9641731607930032	4.621623605312898	
0.11377640714575284	0.8758101359009091	4.660662310795902	
0.08263197459514027	0.7873614751275573	4.456240174594905	
0.09204823633266615	1.0451941820709392	4.868340557308775	
0.10455355064067587	0.9181492306922807	4.038311293292333	
0.07006708417853279	0.85351586310361	4.655958894095797	
0.08846263079640992	1.0622316960779934	4.551160638114746	
0.10669043547693291	1.0609077798137645	4.058326350705375	
0.09717128118046575	0.9875909635595579	3.804953406962351	
0.10363332678114345	1.0402163712861607	4.761368550275576	
0.10275503591094329	0.7958089620626966	4.451575690541993	
0.08679627492836664	0.922841337719353	4.5130092147575205	
0.09230131691507468	1.051122326764265	3.8760397055083304	
0.12422091369642117	0.9969972452283969	4.872846105649957	
0.10083592685205162	0.7803233860700872	4.19036577867698	
0.09641734401400484	0.9113130590410458	4.166776965840049	
0.11613122567663413	0.8380087604898075	4.356103752385288	
0.08981221730371758	0.910026391838482	3.6096924945709787	
0.09468236095054285	1.0259041839221374	4.537203919584956	
0.08470765659915919	0.9531081445037993	4.71535369218375	
0.10260563492406836	0.9602128103319748	5.187871394216674	
0.11166093522262935	0.8590211929227205	4.235220106196462	
