4	59
0	1	0	0	0	0	1	0	1	1	
0.17769208383290225	2.148281905963223	4.938980243296762	6.104214809222485	
0.14779320395144377	2.2541766649346253	4.232117177881304	5.091240521979759	
0.12985517433541285	2.1137987894647017	4.65696978512416	6.1223105091208065	
0.13988385632168593	2.142120909650609	4.248742644541116	5.2283508073760565	
0.12221932029618672	2.069777596270207	4.837228672054079	5.934211308531778	
0.12793692136986576	2.3790255727095873	4.144286154433057	4.577794402205193	
0.14776878771180402	2.377318349449336	4.55805096858548	5.324858073770019	
0.1343875839072424	2.3800554997949264	4.192375546931736	5.186794310653447	
0.13186544213358203	2.0635949950941708	5.069025051396526	6.3765116636345045	
0.15099353463777096	2.665023792602257	4.72608158949421	7.628856243293873	
0.1429834522068703	2.1422914187062374	4.144414397075473	6.045576377830017	
0.14641597399643927	2.81000571054664	4.377768338930277	6.6517503299918435	
0.14915523702075129	2.2816349169282852	4.640472572981083	6.251307956179728	
0.14965774997288014	1.7803826253893043	4.895923710502642	4.860111965328157	
0.17150676024985032	2.2606588403093584	4.615507937739825	6.013378533170375	
0.16941825125321755	2.4342656146959984	3.806237697603585	4.584444924041852	
0.15866056990057456	2.1479584671702323	4.221697356133352	6.067198866418734	
0.13497447308345994	2.2542997926541153	4.120951222869671	5.898679486748715	
0.15700826612253885	2.0147575153752135	4.290466524826409	5.917574627266847	
0.15382812912527766	2.4401868868997547	4.298592144332014	6.432422798989933	
0.1581921089264353	2.2072375534364577	4.886550361701647	6.925395695063892	
0.1510577821569096	2.2958683127377952	4.242767922324867	5.785764525827638	
0.13454897483448347	2.0835597497325886	4.620930653555669	5.9916504666966315	
0.1464344788314461	2.097160276558728	4.439721484414625	5.924202589622611	
0.17330896695607004	2.141290944050748	4.035036433101699	7.1091865232591225	
0.14917597522702936	2.114476753546762	4.091042983044311	5.539295242670432	
0.17381203946168883	1.9554026914137832	4.15697029507995	6.358765876020196	
0.12669181210996922	2.3679442742296897	4.774730011803153	5.916020983387627	
0.15583226704328668	2.4866365663910854	4.861815926307985	6.530624159638358	
0.15801347089392614	2.1078370606357657	4.4508258732293315	6.1263082876990085	
0.15940307395098868	2.0587622391206795	4.734075236297289	5.8547829913774105	
0.153578433464082	2.1677636454610782	4.676039293736392	6.217800023044761	
0.14996252984113964	1.9727567238355812	5.116109765101841	5.727001463867646	
0.16760755507466762	1.8969839209206578	4.002970967890336	6.658076831792179	
0.17618835956703774	2.2755315147770747	3.864920841360202	6.682527308109268	
0.1359908758432613	1.9129362941722037	4.569546663949674	5.701976915483597	
0.16218850080311747	2.2605523797767444	4.346942842548303	6.381935369179617	
0.18346138823245714	2.090492309821077	4.657914532181556	6.367419219602258	
0.15856686598663347	2.601088999180481	5.021124603811678	5.412519729742581	
0.13573988793998815	2.125315691228533	4.76383508935662	6.616617942455386	
0.1653344613993823	2.146550172328591	4.7711276479640015	6.9555344051643395	
0.15802306744418518	2.2332827918432288	4.943630722475337	6.141299557559938	
0.16058118398795204	2.5546045668333885	3.9831041369066114	5.8988219885558415	
0.14119975306888122	2.008767227183154	4.252742866335402	4.729537600831018	
0.1436053565005359	2.38305997993509	3.94717090351511	4.96967354275923	
0.14146956951925413	1.9850085111960791	4.882623619081984	7.049179671984225	
0.1834120437331264	1.9919439407252826	4.771605946402006	5.987105068750749	
0.15629179754433759	2.273344570634499	4.4714936535450285	5.434288309060334	
0.13849419673647487	2.19528741109757	4.667984779678054	5.630189294862235	
0.1466811163570344	2.4012648969372195	4.5064269805097785	6.281101031440123	
0.17255642211759603	2.180699967698026	4.295518859556571	5.7080747081607	
0.15954817478050287	1.8269136228241663	5.1776362622701395	6.698073923369218	
0.1299085528534855	2.040827095276545	4.271191371152133	6.323239468326651	
0.138726838736623	1.63843432587324	5.052179719434442	4.626717772622991	
0.17534200953039109	2.066823642734862	4.492733749060861	5.84114349481577	
0.14332304027229692	2.1653097035767797	4.379934227766714	5.492738633941855	
0.15917823420576016	2.1004435174912124	5.388111801868414	5.469313003777056	
0.15740937103976108	2.0356662399969916	4.217994479680923	5.989083852190011	
0.15968630871279335	2.3223005746038607	4.427675635194509	6.944438047142651	
