10	57
1	1	1	1	1	1	1	1	1	1	
0.0911442795163763	0.14632787053136573	0.40568460527535016	0.6855936984531911	1.0877680897971076	1.3458710883773302	2.0933527995376027	2.938742588029248	4.900687339877032	4.9863107699111495	
0.09806746853950792	0.1118997699630125	0.3532791811234778	0.716946704991107	1.038011711557022	1.6372191171011663	1.9381534959385265	2.7417643938170193	4.604209277748058	5.779576610711685	
0.09148989008543236	0.14854940740334976	0.4135406827100795	0.6530091042034205	1.016878990980405	1.5604536331462397	2.295648975419417	3.271959574698651	4.9697782279047935	5.933005980349375	
0.09844709215165992	0.14728189694130758	0.36390433529200356	0.6564870349550833	1.0597793345804096	1.3679232549080906	2.459874197057819	3.3448272991313712	5.034008811784161	5.676190418740669	
0.09813427012736482	0.142872205127125	0.32380750402933356	0.5284501259867173	0.8471480377909063	1.5153390773120303	1.962371099456949	3.8645843707139584	4.426544381164149	5.055652847801101	
0.10301160227879552	0.15755303506198604	0.4088155985047611	0.6194925648258217	0.845414408995685	1.5887840283639705	2.2390905209551546	3.914197663113724	3.9153166436775706	5.58807752756714	
0.1018857933913125	0.1431882460863004	0.34581081855667156	0.5954961977660629	0.8368686005503815	1.430485513631246	2.255853579498893	3.222695217614978	3.76506788943656	7.358959508097113	
0.1041299143659698	0.13976544270018462	0.3541228122821016	0.6613107496252623	1.0334276864242058	1.407868170185949	2.1857826457968477	3.2803526513045984	5.177230329929403	6.4286423440395986	
0.09664246549697973	0.16685764358315588	0.4354581793661383	0.6944847966631567	0.9981448724597538	1.506801136818068	2.183065091239503	3.4562262794868945	4.454533985176267	5.286899431095028	
0.10475189440236521	0.15646384064761115	0.3049468733550794	0.618068209168903	0.872344819812565	1.571888173163856	2.567554459446117	3.4279908999042568	4.597551015649022	6.066054521989296	
0.09915364088545187	0.15160027467147372	0.3692089015141149	0.5481314452604874	1.064522304269629	1.3851231792344103	2.270858615343149	2.8283485400055866	4.816612581703043	5.839297170072965	
0.10244534569775073	0.16186443568677417	0.3872468648498722	0.5550756475206372	0.9209450440477065	1.4340190708432827	2.2183049476528582	3.7012441278370245	4.274101207005904	6.047111535256942	
0.09649865752443369	0.17070950030693288	0.4361405585232659	0.48385051541230206	1.0282464366099051	1.4653972805452522	2.1975067705208065	3.364241326584194	4.285295272178867	6.123966078162548	
0.10214457981449741	0.1329323443195253	0.3464132514576018	0.5177939915295954	0.8017418846246938	1.32518186238254	2.150253258455164	2.3302563192287886	5.036499932876374	6.075098808310828	
0.0882930186273605	0.12753002653382692	0.4192516915344576	0.5613329304680599	0.9312748756054399	1.6562544358817386	2.1577480425208524	3.77956950999107	4.158901037615116	5.95092666138036	
0.08838987901234395	0.14002388384673356	0.39648098407856325	0.5569929861337111	0.824122237865575	1.158386404073093	2.1125377999615753	2.9946565022947906	4.66382583099846	6.580565747616065	
0.10469746129303899	0.12805812059425786	0.37124942622945856	0.6179388638291649	1.016166621019459	1.6962591907440554	2.069749332354202	3.2376633993014394	5.220657484491806	5.199000270855252	
0.08703706278466516	0.15777971225473034	0.3681702258165293	0.5511707870063217	0.9103165446861529	1.5047365927473821	2.661709417429746	3.3722264406491234	4.620513498706824	6.24068599186454	
0.10963148120327051	0.14360735758943702	0.3915263572177764	0.7085553116619608	1.00325141361357	1.3825998630213896	2.357150461951817	3.3156673274813993	4.200611019110455	5.789625802345804	
0.10369786590220811	0.13416213384923562	0.47542841189752333	0.5379071410738953	1.0469648960887334	1.4252786010641527	1.9903146467268809	3.386913626518656	3.9638854172981497	6.577742986158368	
0.09945721319325368	0.14920301190916788	0.3331137285726893	0.6422943425408801	0.8973858477052913	1.3566365978483852	2.3240900914621094	3.072399087688687	4.904088726161315	5.955091138591827	
0.11005372668488388	0.13149867150619055	0.35877107758571736	0.6239531656064005	0.9297406505839693	1.4922462170981141	2.2070430159554033	3.7073636552738587	4.46993137350867	5.727010619125465	
0.10589498003302954	0.14810710852343667	0.34681600228020587	0.49319993393319406	1.0195641395645225	1.4822088971420297	2.199132276699205	3.3775505336340284	4.194398059688255	5.646895987168961	
0.09598284948534318	0.1715987944907678	0.3575076936384621	0.5320830708444992	0.9435782812187911	1.3667673292048246	1.985792921204919	2.8416065755734174	4.961146738683668	6.135641418975862	
0.09122188491891708	0.13309588114654367	0.38279275710619337	0.609920695976084	0.9946330155640739	1.4321735111313632	1.8422896431291782	3.064842871132475	4.374705337497257	6.679448821082397	
0.11349651327189339	0.15393830871344946	0.4011919022348566	0.5376695645292521	0.9863230874129176	1.2263635125162018	2.42816604072416	3.167230227441942	4.483942744209717	5.524715789584656	
0.12509451790110956	0.15245126590346994	0.3472606883965625	0.6653787622261184	0.9948884400179875	1.4968646140750825	2.3953706141811426	3.001811320744808	4.399851187276171	5.463504629925997	
0.10866639558812181	0.17307857175841665	0.3769968373918242	0.6529796480315111	0.9385552271647701	1.3498253452462892	2.191423346141917	3.1960548203448997	4.1164860121431355	6.24340153375616	
0.100802841289929	0.1396137513470227	0.4308159812600051	0.6102409769296802	0.7873409397078293	1.2995767588440976	2.004446470199849	3.055740366317443	5.522420699795199	4.660776969541639	
0.11185869691443168	0.17356780208379435	0.2915715712853153	0.6224874838666379	1.149600688673743	1.3834141286854376	2.182270865355182	2.4758922854905054	3.4685575095943637	6.071600011017166	
0.09159363104539749	0.15476410902004786	0.3976975050251972	0.6209551212723771	0.8929187485995483	1.4336178620082005	2.024280550253236	3.8374784381308924	5.1222996653589155	6.101284226964797	
0.07473125953452385	0.1632888246411574	0.3900162627109385	0.5886833828738792	0.9080708324650119	1.4055951777552307	2.10841629102187	2.991114132699233	5.206248477648315	5.422540485957844	
0.11575122244480113	0.161364031695417	0.4209158132303375	0.5830256985254525	0.8828182258999164	1.722658272472581	1.916968095519189	2.6697067960625245	5.283910408112213	5.919109407800706	
0.08853333618446234	0.14917026064282599	0.3883580989523761	0.5950986580664479	1.0139983443233627	1.5410183925527714	2.1298012297389355	3.3949991827813846	4.583708565306848	5.988355406939396	
0.10019646115167039	0.15819413825222753	0.41931320828309526	0.6433754054844464	0.8708441363662315	1.3849516646930116	2.1262273122992106	3.1450671833316477	4.215165354396933	6.7087255380649555	
0.08560212804748367	0.1642433161839025	0.38823643902726873	0.6906396771132768	0.760679867775063	1.4794165394510677	2.1985796391615406	3.441833576959381	5.2075030535198055	6.8347247925126995	
0.10000941559562354	0.1414263367592209	0.3752475135581543	0.5338995917681758	0.8311685096772464	1.2781215072662	2.040192028075271	3.255398074730522	4.416112817379031	5.905801019988454	
0.11430029291437045	0.13821968998956974	0.3988319929914832	0.6561473864986452	0.7955807246202725	1.3471324691579978	2.0468491877773176	3.3270215524888993	4.4832972363068855	5.3633923384620905	
0.08396471463592	0.1495196894645868	0.34387795983714653	0.5857420057058957	1.0781577371094846	1.449238003465399	2.209085430916608	2.481426010303868	4.32467326554053	5.796257900299032	
0.10142651192503623	0.1519910473311722	0.4013592078385964	0.6157433983311821	0.9414621552731455	1.2826133453519006	2.1039279776634645	3.41298235524052	4.412107362041426	5.473020818282157	
0.09543203011193033	0.13043010463823193	0.3893939059000723	0.5529291384414263	1.0450342972077242	1.7116948593626067	2.394852716121878	3.2862814827109075	3.794972727486556	6.447259957115515	
0.11451340715358777	0.1347105314677587	0.3700150685996022	0.6578451482857297	1.0029456168097863	1.478565823760099	2.320256498005556	2.908954601191177	4.782186655929758	6.536151040373772	
0.10515488747348714	0.15257298702937758	0.4053555050330935	0.5639078834983229	1.0483239288357362	1.5556934650005108	2.2911722142190807	3.006480902229561	4.367294932485246	6.5650990312124495	
0.09329199385528968	0.14665813048283496	0.397248544211333	0.5989803238673234	0.9964399274934455	1.4989536940593335	2.0061830904299898	3.5656043633019627	3.7173994764119116	6.538421927754952	
0.0903919363818896	0.1518486305494408	0.34808237929771335	0.5760488815505757	0.834234732666027	1.550269597627326	1.9444354533307295	2.853372617019167	4.799493462510536	5.493977390680168	
0.10518967999464368	0.14363902286869124	0.4595808488876579	0.6041684398718745	0.9023217899769798	1.1467843020238053	2.1971080791202016	3.152363605894246	5.110488289389209	6.361813115728486	
0.10054315238237227	0.14520407414693629	0.3847562756671523	0.5780054380506886	0.9646584189679803	1.552282206561658	2.2366704853767323	2.394891126416849	4.030676497783698	5.3720635013805875	
0.09932444643472906	0.1629132621506488	0.4420929682707068	0.6778298749683652	0.8354009658274218	1.5258978738790185	2.164729455575914	3.0404589792874352	4.796190590915175	6.015445900242582	
0.08074384555644316	0.1419563676066413	0.32725830239926956	0.643149850350475	0.9302808068033043	1.5768151239180588	2.1327198146260407	3.2772065949698455	4.232151092738784	6.367413099694192	
0.10216090399385667	0.16857125135998888	0.3870796635596397	0.6652934755994069	1.0535780507094568	1.2219530649953065	2.536205944585635	3.305828616046912	4.372408663015033	6.1797222371874785	
0.0944281675991489	0.1389145587309737	0.4025303873094423	0.46972730192400947	0.893584170981899	1.6648071266894413	2.089087413553764	3.380442891718296	4.910123232801899	6.406450478817801	
0.09736170713359125	0.16891274982969864	0.39661098189869054	0.6450354000710397	0.9234496411051992	1.5279332536602754	2.0597290297993798	3.4269935715141533	4.144630480374876	5.577753411896351	
0.10334120613572031	0.15489266536705476	0.39289905001995556	0.5761686623610308	0.9865784555281454	1.411765092929299	1.9040119355781817	3.3588152582922475	4.680404882768503	6.448186763094746	
0.10279091020371958	0.17152612940541231	0.37172469229594746	0.5832804496293549	0.940615691168268	1.5907218576660165	2.054915868548057	2.771207775681162	4.107888278206776	5.980942467774165	
0.08889874509468114	0.14938555800652983	0.43854431903291385	0.6509035107437339	0.9129810648554477	1.8260788657407359	2.052797301749928	3.3531088589708666	4.371974133027946	5.727437443500445	
0.09556867668257589	0.1488296118575336	0.3895461038238054	0.5691930321626951	0.9408056519870939	1.5126015997354931	2.394868203930969	3.2066784803021715	4.214520813750604	6.5884814468543755	
0.09621356108304863	0.14012030425003225	0.3217292463343954	0.661743936249206	0.9490450598215993	1.1964501074792935	2.0432455941450747	3.183857934959468	4.301813236014112	7.009596986052117	
