3	61
0	0	1	0	1	0	0	0	1	0	
0.36068655096901164	0.8855209734755101	4.588685056539297	
0.40148287164776536	0.9172704991294895	4.5004688719511945	
0.33761320024028285	0.9012763027344552	4.59808703632347	
0.3882889675563327	1.0526310632271667	4.108610469591552	
0.37056919829334795	1.1000580788441108	3.9536415432686547	
0.37231451540369204	1.0816285511474548	5.275974769183334	
0.37921923875552027	0.8475312031804556	4.38862532613831	
0.3819188197871401	0.9288954893611725	5.156685485426861	
0.35623183732166624	0.9757943403175502	4.501956065604062	
0.3857739054016313	0.954009994502253	4.262070609334863	
0.4183632439325354	0.9852947932439883	4.764424612717456	
0.35036928633200276	1.0834983115877372	4.604128957461341	
0.36612155922034156	0.8469677914600753	4.222086846911061	
0.37402509257081884	0.640305937282459	5.251393450380383	
0.40630525850777444	1.0446391581381447	4.44682810288724	
0.4220105720212235	0.9968522358367408	4.657776474913367	
0.3686041804281644	0.9780595239111439	4.794918224729116	
0.40800345492555024	0.9178197003214529	4.302735816603722	
0.38462821218354326	0.9603545505486685	4.922977307568936	
0.34120724230560995	0.8195141068515416	4.413054360179898	
0.37191622533919594	0.9123828035433772	5.423173816331324	
0.44118218691859895	0.9892188738115092	4.232975292024059	
0.40601397411844964	0.8968366401500046	4.604465357942226	
0.3804911206867369	0.8672689961272423	3.6739950130102246	
0.31839687588814586	0.9909365196180502	4.567242413328055	
0.4175556629806504	0.9859792440426998	5.3970975217849855	
0.3877076216603577	0.919571306898104	4.038057089075794	
0.3871425472578901	0.9734172301001319	4.395471588092814	
0.3955445144513966	0.9414968534486086	5.145589421515035	
0.3812906208412607	0.9323799502445772	4.698731570056574	
0.4469180004486251	0.933232693836543	4.268192135168226	
0.39084895117798457	0.9075254716343721	3.930688805833257	
0.4079162480787409	0.7801076062155358	4.0719257610619985	
0.36221909597374385	1.0179938408862785	4.723402799808663	
0.43622199688357294	0.9753372241838255	4.407278335057594	
0.3185553136859261	0.9004409733606386	4.7913226550718395	
0.3339998122592823	0.9755830006833972	4.574500909404728	
0.3752345380012492	0.9155211574633465	4.267157188493375	
0.33011093480995485	0.6582346575646314	5.009115052644207	
0.3888815346112071	0.9805020193260386	4.688684809754671	
0.39381825844153034	1.1484291667161681	4.663509029621876	
0.42168332794360364	0.8589246056535124	4.691961761996593	
0.45909070223299764	0.9729879021414648	4.3581584743691115	
0.3797449208864351	0.7625795558898806	4.10783585029832	
0.401486138697673	0.9883749723425005	4.702639428890726	
0.35367068179673466	0.9519745226444166	5.138318190256502	
0.31873663855263473	0.9063167688059712	4.326377778416144	
0.3914997333324326	0.8321935062525431	4.1050503224688555	
0.40188350077536655	0.8899542699258404	4.82916303168437	
0.39461222575573296	1.0116525666621652	4.047298698164408	
0.4324947630635077	0.9616677884939275	4.940101544281821	
0.3271772685848723	0.9165834571287843	4.520871847547785	
0.3980066784046281	1.0469033117062692	4.35087821208686	
0.32638579353304775	0.745674806298014	4.362342106755564	
0.4062320220417765	0.9756627637876862	4.490894272652906	
0.40742946566365595	1.0992680547049485	5.316087440107811	
0.42845253909075487	0.9982526208945496	4.216745932687677	
0.45555510124581533	1.0438563941995398	4.596999494936561	
0.33948948235832566	0.9984088078774638	4.923576608808204	
0.38228963777670333	0.7930858622041065	4.2984915812888715	
0.39636000934947396	1.0440873392961036	4.520463505268999	
