6	100
1	1	0	1	0	1	0	1	0	1	
0.10830751911556472	0.1579292474699459	0.6153827474010601	1.3970664395043233	3.955130950803635	6.658204882611134	
0.08422753088407864	0.14742812056827984	0.5237898999945699	1.5204914984830444	3.0913800156208118	6.455924540257152	
0.09929929992145566	0.1331384407473545	0.54535873860389	1.5730377567891245	3.4185748087907633	6.6809702497695405	
0.10803727528805254	0.1418341385242231	0.5898266544910846	1.4257164835889249	3.1669633843604856	4.9057305619163865	
0.11428518475759955	0.1573216527501293	0.6263441650602142	1.3511727004198504	3.0714378958415716	5.989173476121387	
0.08319161226306816	0.1467849920672439	0.5560974186183272	1.2603296449124162	3.8617072778052415	6.9019364422389184	
0.09083779850026885	0.15253230318980812	0.40110846542807527	1.3977083720131496	3.5259603633124925	5.655648469815526	
0.10273753157158189	0.14631116786631293	0.6134337903891648	1.4625398818679642	2.5993682750894354	5.935706291839707	
0.1191797208352054	0.12580927092523442	0.6296983588671239	1.5374634940439365	2.4904064267705435	6.484237025862865	
0.10401823517398348	0.14379103857188905	0.6019664607829781	1.4567047300589615	3.1617636176071104	5.137120072981062	
0.12160586916869505	0.14822042663999435	0.5881677251662984	1.1747948323982793	3.601201803353509	6.191115555626171	
0.11151803535278818	0.14008015865375592	0.47858272735150176	1.3538109912514478	3.5654009783942264	5.613375363151166	
0.10283243283554902	0.14112624035445606	0.5584566237226101	1.4814142295853754	3.1370845965003915	5.663247501123126	
0.09025786344960512	0.13223482566129163	0.6362578914567055	1.5257430186402952	3.136059901166047	5.176920366829619	
0.09815648725423237	0.16403768081551376	0.4657557091891362	1.2169950177964344	3.149704713812907	5.647583635397892	
0.10533473219313941	0.14327130623675075	0.6391539572071511	1.4997093131043921	3.2856595937454744	5.436711360747844	
0.101492079650899	0.1546894105425241	0.6280214807080274	1.4896390554798962	3.781358371555276	6.2119782427513215	
0.1089798402459889	0.14579143701423306	0.5144041742066962	1.3690133417670571	3.1413398827525345	5.129214473623508	
0.09713997634877568	0.13617946416447554	0.6023272454806359	1.4415306430103794	3.3503802671785667	6.78752572917552	
0.10731054623776824	0.12679837278083594	0.5635583973205714	1.4368530832781325	3.430099132261942	6.564061528807237	
0.09847238598697272	0.15511664109189707	0.5897481100640863	1.5577918582387935	2.951793378732759	5.267862954001062	
0.11137512269188657	0.13303014797366078	0.5751101301465028	1.3969457861965493	3.174496364750634	6.051384396178497	
0.09649016176605363	0.13070808491216038	0.6522868617150669	1.5304038992636508	3.2423978744384554	6.086669544487206	
0.11061616312404157	0.15682237925652096	0.6020997627285871	1.7310488060665015	3.122398658912943	5.229720493084549	
0.10233898349979326	0.13677993420826265	0.614993384408324	1.495677672540312	3.48962210326863	6.266221889225855	
0.1035940817820717	0.1616991139042912	0.6501733274386093	1.6694018205681214	3.571469708696046	6.727543508820522	
0.09074367617478554	0.16950504512132603	0.6685833974922609	1.4794078409489824	3.865627837139816	6.286257822429352	
0.09557175392251072	0.149140891519227	0.5535110749713911	1.7043534385981045	3.2682883754738197	6.829859331142433	
0.10480586881652215	0.1662916560240478	0.5687024140286577	1.577334823030072	3.0723577321805333	5.461660907180223	
0.09773009557308522	0.18958838739242506	0.4509727547099366	1.4132676727144544	3.249197240216172	6.431668947723803	
0.10994612297457747	0.1706239797880205	0.5670496538541935	1.558912890155828	3.449748563307129	6.619622241268706	
0.09042966272276842	0.14918428288860341	0.47131127925798066	1.8391235633421095	3.476728178384182	5.4433350524752395	
0.10304360584540487	0.12742623524305466	0.6113921804529207	1.5426378657532622	3.5094446557932004	6.524296763004334	
0.07721903981859668	0.17157560880185357	0.5986441155088182	1.4418894629958348	3.1232690003452315	6.923661313340411	
0.10232605179659249	0.11641775753463693	0.4818624898092915	1.3450857868778867	3.480306085413362	6.0087601605248775	
0.09747776700520662	0.15612290774386847	0.6111004283345355	1.3121915730985467	3.030465024600973	5.724153575577382	
0.12171147059077872	0.16490362490638313	0.557663368539776	1.4070082933338202	2.953836317770175	5.567781219658636	
0.09909302122794457	0.15628025725994982	0.6231030006482372	1.484704303786795	3.4541560816105497	4.93282105663559	
0.09178691070872726	0.15474662311504264	0.6480701703519784	1.5113050885944481	2.6082903255512147	5.494543895856432	
0.09194826402358187	0.14824333595874797	0.5613924552665694	1.5824263706754162	3.621923384084964	6.29862708965788	
0.11254530499691047	0.16560297888404926	0.6124641499889268	1.5067360893234023	2.973986679440475	4.611353885616991	
0.09906076943013041	0.16979609135397764	0.4659363202445961	1.3371870835095245	3.283708372951174	4.221079829785489	
0.1318451433771029	0.13000740279375186	0.6120425631876892	1.2477352208966332	3.2040194276455214	6.8298513679868265	
0.09172960402477535	0.1598932138079898	0.5268768660521924	1.4869020340372954	3.473353373391456	6.243158603200073	
0.09280567780808545	0.12799956925086917	0.6115550239953921	1.3782582434335244	3.3698533506922814	7.03547810545335	
0.11528890387967423	0.13598580857475437	0.656082419219	1.511738422657215	3.2808982319568876	6.400516613248621	
0.08839765552345545	0.16032497272623678	0.6280391230131959	1.4751747815909566	3.1960824286485976	5.365182139554847	
0.10887739461219431	0.14484953324229755	0.5930879175463345	1.5121742694523992	3.1512387882053874	7.099752521971338	
0.09294131450471843	0.18109822662538505	0.6306685852819595	1.216968636441272	2.82021258468428	6.212107976928738	
0.10541758383200124	0.1395139041962369	0.5744199010055833	1.5252874520791528	3.146302346842943	5.614987383505431	
0.11106938265716562	0.16523451174316797	0.6169520605900585	1.5013752157131082	3.415588353358948	5.620782637039202	
0.11613511421936021	0.17396857795558493	0.5341502899163776	1.4090212311515928	2.7811403394022993	5.813689782437914	
0.10194208181727982	0.1289116921628368	0.7074745334673954	1.6205098378170297	3.1018842692188953	6.4755630477535995	
0.11706845036826655	0.15569017284097234	0.5607480856584115	1.512125554964057	2.9128462216476754	6.4246925387759575	
0.09269952613569853	0.148183237703903	0.5844406136732743	1.5567712252555108	2.960551419894394	5.837349119853823	
0.10585217883784236	0.13767308080050614	0.5534289769583426	1.422259307375412	3.551489546798102	5.988754129252546	
0.08832231911994427	0.14573986166697755	0.6398449481100194	1.2781629020268142	3.6942168629801784	4.558879514147716	
0.10580507269872315	0.16975284883397682	0.6678983794782136	1.4281632002356848	3.284092504577422	6.427134184143766	
0.10540100050267631	0.12471268629450755	0.582230919189789	1.4837796430876447	3.198192986766587	6.51522713965034	
0.11066837097859135	0.1325453732510402	0.5614574046291536	1.4966584907640181	3.657327799511442	6.741592547131929	
0.09661398839008944	0.14172247356442502	0.6286859761381044	1.5136914394775776	3.6823266349561816	5.680866168560705	
0.10601519442698558	0.14842090583620549	0.6131925462458265	1.306758719982409	3.0739956808402065	5.779444943961104	
0.09307330071746277	0.1561240576521019	0.6521242664488498	1.463371657153366	3.5072878623945654	7.1635990393215145	
0.10353902342994298	0.1512699074399045	0.5909724478831492	1.703713752407845	3.281379786933476	6.560563708396998	
0.08337892682662065	0.1369838149788121	0.5826296314574239	1.3719732543129215	2.7252955053522014	5.915172709425982	
0.08739755720194259	0.15306320972274487	0.6647697986784661	1.3334922026588012	3.621258378236742	6.488552794717448	
0.07806786505224601	0.16849415849420252	0.6215644443020732	1.4652820776165185	3.361390531693098	6.313119142328361	
0.10734082677634622	0.14010589486843658	0.6447002849021345	1.3852787089719865	2.920367709181286	5.944672700362029	
0.09860080297076522	0.1527330870621633	0.6221726045294326	1.334102014926003	3.564615848497585	5.142236115687053	
0.10586249230203659	0.1718141172255355	0.5357020902750826	1.4635565815769274	2.7938142440392615	5.721405704159646	
0.09871389779871727	0.15323578266934754	0.6191811134117211	1.708820217404896	2.643563650318247	7.134692567868039	
0.09596172041122086	0.1324872179338841	0.5257331912002258	1.4207934841479002	3.023759234075996	6.064012120875265	
0.10288386525170518	0.13733500798102166	0.5739363573419789	1.3314306823801514	3.2337011364934085	7.293514402087382	
0.0944445561478037	0.13891337563277506	0.6130925967152102	1.4927641555948923	3.3114191846839507	6.116191864303097	
0.10106676636238321	0.12378646688318382	0.5758057852639539	1.2195350340370708	3.278278524449941	6.524890844212596	
0.09122991732537869	0.1646776575058043	0.6237733114438947	1.340157791165235	3.2383972243034327	5.4969239416310645	
0.10346501827353992	0.15569619565814954	0.6356253453365521	1.2556498225115402	3.2170687364037773	6.106236280707005	
0.10962619261669504	0.14452670851955848	0.6460972374276865	1.079960603973397	3.336028252458827	6.553722727958858	
0.10490404147304655	0.17091845858894988	0.5968183279435143	1.5450605314886978	3.1730604864506673	7.208444814902312	
0.10589538166533084	0.13904425261413456	0.5789895987277467	1.4355320099847941	3.4795027749213747	5.539149556317271	
0.09354762682689127	0.13792118432318665	0.6484132296875955	1.4298566373594879	3.0911535990687473	6.899377845513264	
0.09036593682538031	0.1483594573155102	0.6701582768450864	1.51120867107753	3.4564905733079465	6.687511782560071	
0.09571366904886187	0.15085062805006336	0.6041090071251677	1.4485270777897243	3.434248282511277	5.519695796226472	
0.10024103627671942	0.1601533902054972	0.5330601714190124	1.346843451785164	3.088329801886423	5.736344793603626	
0.09578668373756609	0.15075812668835623	0.548017759552639	1.2059377956639956	3.342665312571943	5.827806514438459	
0.10654625267440657	0.13712273596579969	0.604582622159189	1.5893704691686852	2.8778785379153113	6.844842789786221	
0.0869993643992761	0.1707006445084658	0.6787080557161885	1.573006120795048	3.4772413951030297	6.137866690088142	
0.10871676382576823	0.17500179414796208	0.5732158142853337	1.3232669862498745	3.2187723519731137	5.747471244673623	
0.10285062386276914	0.14401478532332013	0.6798095814943995	1.2775583019328633	3.3406366743296627	6.57979529170415	
0.09509927188663786	0.14443406642597528	0.5785944557520398	1.4215825813278615	3.7624083180354746	6.532586412930084	
0.10631566960375666	0.17462546407438825	0.48621889480949315	1.2982200978661793	3.48110339567941	5.736016793451366	
0.09354742417063498	0.1828543343089223	0.515548700204227	1.4181765179597865	3.2138812644315204	5.821392106793332	
0.1049205696609818	0.13933255657805643	0.5731828358225285	1.341123890782511	3.1224597815636153	5.813634359198782	
0.09722175525881965	0.15451199895922024	0.5638453143340482	1.4515991992523372	2.822486315282615	7.235343307619616	
0.09379607949080472	0.1760289722037527	0.6931314081429927	1.455247474977256	2.991456309895467	7.246777938866877	
0.10391880071005882	0.15671377579333745	0.5868192102530678	1.4899054612564748	3.090257195699714	5.256731881432921	
0.10159768480244691	0.1596663064645234	0.6339694790478108	1.3360784327311923	3.3622247428230443	6.690857927600821	
0.10906929596608339	0.16252292810525915	0.5747807595209347	1.236586938315157	2.7519514086006582	5.498816178652564	
0.11146754673701145	0.1344561269606467	0.6547496290588519	1.3452881537455952	3.345768636743734	6.664887987140093	
0.11278570397066622	0.1354463064796647	0.5993715452731099	1.32133568418091	3.3544861994014257	7.006872066201947	
