6	39
1	0	1	0	1	1	0	1	1	0	
0.10938788660043895	0.3598290132293407	0.9764172946150361	1.155617332072662	3.1019932044855567	5.029583934648705	
0.09437681303329176	0.37153645416765657	1.0450177363447568	1.480602481387603	2.7570738056840773	4.96839707356297	
0.11228572363470918	0.3421242880619266	1.0518044971077416	1.461581990372543	3.2753152233083993	3.8049635488428972	
0.10903572981092956	0.40349499605187233	1.0036561855116422	1.5166514470678092	3.309294660096873	4.245020133627505	
0.11126010311836719	0.305118888745744	1.0537684151652675	1.4577623241966784	2.862356309567319	4.15732337258529	
0.09561263182452917	0.4360949138186691	0.9105540907321953	1.5211553775117717	3.7305116563982694	4.723799229287756	
0.09434707108716069	0.37287481644621273	0.83558917092938	1.3847535170397955	2.851359293169674	4.0301129358026575	
0.1047886792792922	0.3494925750877394	0.929989793469025	1.2545551245679218	3.6468674020000993	4.553290837866603	
0.11300273778200365	0.37356302713603123	0.8476555502376517	1.3400689728198172	3.1723487303814735	4.639580630932866	
0.09622287652817899	0.388787739616914	0.8680840239395444	1.375902294768534	3.717839539969267	4.2675142064862435	
0.08935944366535352	0.4089340964342603	0.6779666779816492	1.660519987426674	3.197444966273473	4.5415613313293335	
0.09198294791871009	0.4049082965163524	0.8644420857645956	1.4700985793358028	3.532355780592513	4.965124672002932	
0.10502663866432278	0.3689114624999127	1.1531569791084368	1.3400279278569385	3.2913363134676716	3.7198414794244945	
0.09664929782187154	0.3649961350735736	0.9055772985280619	1.351591280486183	3.3027380291946495	5.076507612482257	
0.08125921924785101	0.4530531657880689	0.9728299733273814	1.4658669198053607	2.984347341481145	4.7884239027980655	
0.09707273951741718	0.4181861673277073	1.0370731854984345	1.3802039038851037	2.9713335909559455	4.1313294882726455	
0.097959128377134	0.4118626544668832	0.9199204551908577	1.1900752379315924	2.738544292591477	4.484968177920331	
0.10593611223484667	0.35538591894160204	0.8007876603035731	1.5630740141063872	2.557904794849403	4.99630397412928	
0.11232480169001915	0.42491589187844536	0.9842522514401179	1.518291261162502	3.5403591478662637	4.7624639077454365	
0.08839360104038306	0.3816558582776613	0.8560815638250413	1.534410621065079	3.195952996561012	3.9826437520027707	
0.1124814775590462	0.4626722772117511	0.8533983754758093	1.294465000197264	2.846171983249037	3.70607272442955	
0.10434039066131798	0.391677204237086	0.8494449871946399	1.479941552798402	2.8768702228924887	4.822153757817933	
0.11223020666518067	0.3994316363713134	0.9574423414878003	1.3955968179638367	3.4754968478774986	5.408712177135233	
0.10172342663658114	0.3561406545788094	0.8788050532222416	1.4216482365782328	3.520151199669745	5.075081932936906	
0.10207333943061897	0.39249649887002847	0.9004877788668963	1.4692689068176739	3.224153963678825	4.552449470267257	
0.09268815462206269	0.3601804360837343	1.0117823788756817	1.232242815705072	3.3327796609654765	4.793395685069637	
0.09379338559793993	0.3382791687219301	0.8103942639051186	1.4308984816322097	3.575497214580114	4.887564251785594	
0.12400356612095882	0.40833569968630257	0.8475345151544165	1.2859295501154375	3.2898394914747526	3.923646732256237	
0.08711094842177836	0.3528459202948222	0.9357909495643587	1.3388634303380968	3.313382417759672	4.334577179271885	
0.08277502678990802	0.4267157482510016	1.0282532081155409	1.6711473321345638	3.493456207396889	4.507113281096781	
0.09731412800912564	0.42053516707539695	0.9231974549118354	1.5055614658870453	3.0510210826336928	4.683966367474314	
0.10713935415695773	0.3975008630188106	0.9147283090270178	1.3864369557934513	3.5335462344340964	4.677654317629855	
0.09947680867844011	0.41580453404285145	0.8375685285168702	1.2253543152803532	3.795061305836229	3.74370633725223	
0.11154493109968361	0.41627149391188734	1.0173058751981507	1.5028585037398352	3.3414451869840818	4.372630722555233	
0.1104893993706094	0.36576376388360216	0.7819561189937511	1.3572768061351348	3.0925450918617727	4.792517338248698	
0.10338419396641274	0.31240428660951786	0.728909942582235	1.4842643987680626	2.81061452436978	4.706402263207278	
0.09203268534772657	0.3316972875108294	1.12807980565184	1.3880543470152287	3.5464302258893863	3.479887581079137	
0.10307868694074687	0.33554400836223963	1.0058800218991109	1.330978928536984	2.8680059494957466	3.955306811665813	
0.10618766334907313	0.32004377167808135	0.8518126870888489	1.5754085402895457	3.419188505348966	5.048424406425854	
