9	29
1	1	1	1	1	1	1	1	0	1	
0.11824287505336775	0.15121736478109774	0.38280766835196683	0.5648338486965977	0.9163509203791125	1.391011935471729	2.436247207706896	3.3441208339651083	6.423330448431623	
0.1009849699466217	0.14383571897978212	0.39409765510424544	0.6954448070235938	0.8324994569298562	1.4899858158811072	2.4717650012290733	2.9851988476080553	6.553206795148399	
0.10923170834577184	0.13058579007053822	0.4221965858246479	0.5643529199662516	0.9633730397647703	1.576452189119245	2.4080174556215286	2.750848907735266	7.073161501874727	
0.1141792822768904	0.16577901180549928	0.39373616261663813	0.5738581272030409	0.8292640894236971	1.1977908316538566	2.2885752413404234	3.591714995752808	5.949227206884477	
0.09539025493619063	0.1510486925624682	0.3556652472707446	0.6012965817523943	0.8651078011936271	1.5175216219700762	2.4174319453419097	3.4152645719531662	5.951720721189503	
0.10989130711151934	0.15028359469489214	0.4163792514988607	0.5618313623550519	0.882873419573122	1.2885994778232421	2.0499227049314213	3.5689538835915653	5.4769514188265696	
0.07695439959625688	0.1437822808972789	0.33539829240476227	0.569735335971367	1.1259388657313143	1.3028773684017694	2.2862097953751945	3.223930042017428	6.223488397916849	
0.09490739666971282	0.16742019499062533	0.3962201989828271	0.6272781235837047	0.9391971381957944	1.6096024566962086	2.270432596295111	3.3705440327864027	6.391587085674342	
0.08240022108260342	0.1528164075553304	0.3775670974848207	0.6701150506224477	0.864804303243076	1.458758123678863	2.5636257065036125	3.241642611859888	5.201835721623967	
0.12173940051031132	0.13926679594335784	0.340488436459748	0.5399783842621219	0.9976727979369688	1.6155825362328773	2.528486647999816	3.2549790419448743	5.407875781802868	
0.09430055067984834	0.15050376124093853	0.3791949710882936	0.6784978900027275	0.8074619268176532	1.2704869102718308	2.0833908957601706	3.3699913463096083	5.734406239872527	
0.09475917090849638	0.1676061962896048	0.3979342161427398	0.5409166333516753	0.8825971280206625	1.5039048359654588	1.8788801956555536	3.415988264298543	5.793721148249309	
0.10362808276552687	0.15179796716632618	0.33754053604484474	0.5618028175867756	1.0646082928465388	1.769099018556562	1.774342929647642	3.589015012700046	6.177370043271082	
0.12082283256474309	0.1416223223386549	0.4141347844209142	0.5818414052186166	1.049170498573937	1.7605141646691687	2.1958090225104248	2.879837225655685	6.848323663758004	
0.10565482169680446	0.15567049130037877	0.4401630671062299	0.5317418118080145	0.8633950791303767	1.5149799443363656	1.9912271381894489	3.147296952966597	6.764860617166862	
0.10432953565528587	0.13231758616252412	0.395505361067885	0.674344392457918	0.945953039814028	1.5546671900021545	2.038842798360485	3.334460462606657	5.053941424452332	
0.10629732279663645	0.15540195884212696	0.33096990259298137	0.6912527557104279	0.983115495016945	1.3309475296136355	2.291067433174993	2.9300585165233937	5.492317413221864	
0.09020768679843567	0.13487847294930067	0.3966292880796446	0.6056714729887248	0.9995845733827396	1.0267849196324395	2.065819029465909	3.1273434575750083	6.031580573501312	
0.10026771738582337	0.1534212794221411	0.3833749573157648	0.5724721495713176	0.892842198035146	1.4224468548320037	2.258498313990507	3.27765681662743	5.528889059775935	
0.09161873684020755	0.1576484333887824	0.4087809230521672	0.6642608541864382	0.8843438744978765	1.1614912446794357	2.232053631019808	3.0174196483451183	5.937977784167215	
0.10148229887189034	0.15830474496033128	0.41394155619283324	0.6701780936187242	1.0526966222336718	1.4448786388138344	1.7869418120677398	3.0518993476286784	6.844875651810794	
0.10148759557948145	0.18267561915035233	0.36559855490699117	0.738771782140445	0.9298597201699838	1.3699752807310084	1.996991693983977	3.4644525425315917	5.1521676283280256	
0.09450244270083275	0.1492112747675193	0.2942022020354022	0.5941538474399266	1.0900061767217961	1.4917695693600206	2.0085201842830736	3.0946905257362824	6.202287248683518	
0.09489252865081135	0.15702839698622914	0.3595189420763625	0.5385424388695406	1.0398139748792996	1.5313926867815406	1.7439876640723275	3.1405210933835206	6.625763507692186	
0.09833859360069135	0.14129176092331786	0.37040332335582676	0.6066550444796456	0.913293879761578	1.4181772352090378	2.1177629473499953	2.9335740165014896	5.3849042609096625	
0.08910043973862594	0.15137249265686084	0.40214509017300454	0.5435218099816407	0.7904888557922242	1.3054013692476203	2.4515167616086035	3.148239618545024	5.871549032024622	
0.09202287020893364	0.15857558709878877	0.37531324270179295	0.5564016673078844	0.8341253116718433	1.4840322053151027	2.2067568082388815	2.847558776246097	6.736429313017773	
0.09358111625358302	0.11662869977942643	0.43808810780152224	0.5938474680879986	0.970405765802544	1.6691369330833947	1.9344363883840845	3.405784021068432	6.705197006489927	
0.09065489323395054	0.1719098525376114	0.3264519321706856	0.5942781034929718	0.8299936725539596	1.5295055371313677	1.9424402287431892	3.049374567506419	5.472620751814535	
