6	51
1	1	1	0	1	1	1	0	0	0	
0.09376421192348677	0.1336955612019143	0.37051373818480554	0.9499247401011726	1.1793525013959159	2.2078098972570546	
0.09438263027266736	0.15910965844463554	0.37182904076333806	0.9845502236400122	1.4988977744157022	2.1858719703824385	
0.09846880793293358	0.1670795891429633	0.3773353094451701	0.8339626874216527	1.2485953584027563	2.2827563583945265	
0.10335230065555796	0.16927620233492147	0.4381105728918438	0.9716031543576531	1.3271761936309083	2.269314502631322	
0.11064156627981221	0.12951285418650751	0.3664756341547922	0.6679633089447776	1.5078136333941243	2.484032733180269	
0.10759571189880712	0.12503890289689032	0.33934498966456367	0.9417555200207552	1.5213576904485375	2.4615308437028425	
0.10352712846125454	0.12919345048592218	0.3688928265443382	0.8933278612807207	1.4592530872216258	2.298777670232146	
0.08486499015293777	0.15589494479724694	0.3237881561888996	0.9393015385580556	1.6542812368502369	2.182019242124982	
0.08507363568200094	0.16316102462795348	0.3423306301547355	1.0546694166812032	1.3270099876144477	1.8828395001859737	
0.11738740962374494	0.14966580150624778	0.36698354600641514	0.9456658200450657	1.2393588861247213	2.1988949268669766	
0.10449367891714718	0.11934272881746738	0.42127328591484997	0.8686967765985167	1.4150790597047143	2.0525129004339813	
0.11192440884839748	0.15274876749097432	0.3822227345317689	0.929906403395091	1.47266134237794	2.3258464398762935	
0.10765806045440458	0.15102250898769015	0.40637008187540213	0.9595880048475438	1.1191030884918387	1.7746626586158478	
0.10965126088931837	0.1514508304748905	0.37222909692142125	0.8600348145372907	1.539503145588536	2.075735677027721	
0.0772603435525399	0.11801817997782532	0.38911840625364624	0.8474145825226507	1.2577957253501335	2.1278371050974356	
0.10387737424995008	0.16816980788979702	0.3803814198933124	0.9968389917035924	1.2210392688577982	2.420526351810954	
0.07889116329614475	0.1558202564188923	0.35420823604631047	0.9052906183240008	1.363567218065371	2.0575716628307954	
0.09705684919888037	0.17501402115550257	0.42171604663412454	0.9865825717650616	1.3853216597794153	2.2155544538584633	
0.0931578159313026	0.15520256147992506	0.3762166259210697	0.9758084153365343	1.3637846197414225	2.3611046346036946	
0.10050442562466691	0.14713630405819053	0.408883896310623	1.0797377727398054	1.432481262705474	2.110014808285508	
0.10411658742430026	0.14303021502814248	0.3382185552589444	0.8679982298325477	1.6137457437610965	2.042914041270935	
0.1024481071854956	0.12506084482770868	0.3377332280375131	1.0284734755155718	1.4930895632290921	2.1797539359999947	
0.08704190871749588	0.1526097365961052	0.38431505559319495	0.9330257006657207	1.318908821023689	2.305980356268028	
0.09216470915241819	0.1462389090345304	0.3020296956223651	0.9246794583544022	1.263217251918888	2.1889110478848215	
0.10042300203816859	0.15001811735274204	0.33548030723572464	0.7931658130827727	1.420538656551748	1.779293464482138	
0.11237397557869883	0.15422263274229037	0.4119936879119304	1.0191742909743815	1.4770293395420955	2.132948179749632	
0.09889855105345982	0.1691426539531973	0.3588106147114673	0.9168566331917745	1.2922893506539181	2.016755471486838	
0.09551236461672871	0.14734511999381736	0.3743674746595543	0.9392564409390878	1.4717802307019863	2.1814561434221056	
0.11498280865168437	0.14922404374111833	0.3822402161037497	0.9931152099775085	1.264009534381257	2.102269753762877	
0.10369678386506848	0.1567385423289701	0.36330581411068397	0.9535611825446753	1.236883817160207	2.3779989906198553	
0.10487679689272345	0.1497935386071355	0.39011137238070676	0.8653929410958254	1.6177807838374552	2.5255982896252713	
0.08429613943259648	0.15974796514061765	0.4080290694570844	0.97357465619691	1.298821181256488	2.0306377469191523	
0.07771616112926998	0.13326916670901504	0.4509685175333408	0.7978161836138064	1.608181646433757	2.2431285791498956	
0.09665942643952677	0.14852838381971084	0.42294307356476335	0.8190329728405911	1.3690731306196424	2.2997252514823425	
0.09496662175988779	0.17523533784913062	0.400303403292548	0.8511449224714696	1.5089965508070433	2.084514136873755	
0.08649836671831689	0.16863665988845983	0.32099242397066025	1.028413541761247	1.385384940062196	2.4989300854549583	
0.10380925966250272	0.15649388376654697	0.3810716519099643	0.8795889008680372	1.525697358179795	2.0938440377106082	
0.09539178302401417	0.14429209369659912	0.37533329098145424	1.0152765599493965	1.3260274980968476	1.9290217232058906	
0.10280194342993605	0.14916853216657544	0.3793307949948431	1.0200484536519943	1.3753255332828453	2.265100134889397	
0.11497433357724525	0.1521498771575233	0.38297280688214347	0.8114987221163165	1.601188788263306	2.00993792581522	
0.10561597997757571	0.16710969136343748	0.4384867649667433	0.7194101687526899	1.4145157587789334	2.4608341201324646	
0.10449390229624034	0.1436599302279174	0.36287502088464474	0.8974938035949591	1.6446624111804584	1.7479508240267145	
0.09645378436912849	0.1552344985334749	0.36367878375920704	1.0625390619843094	1.3313225277102192	2.2534963544814297	
0.09799310009579065	0.1387660379884697	0.3597668997550913	0.9887440010155959	1.4585683873697122	1.9386938853965965	
0.116752061274335	0.15441845679905325	0.3291576424866304	0.8170486438657442	1.342818832395259	2.57481248390981	
0.09658519989313628	0.14872552730946884	0.3677372514218134	0.8077351353937576	1.2213437332482076	1.9117006154670373	
0.10083264146421239	0.1431215987735538	0.36741180287220637	0.9858549584358247	1.581316975063526	1.892972942348003	
0.08859605549472546	0.1318376170850514	0.3211377527136189	0.9781694016282874	1.3427903226194617	1.896643364202051	
0.09550826418597447	0.1442174205465855	0.4043961119119583	0.9794744826798247	1.2877855655275832	2.14992421780081	
0.09268222307557927	0.14163709415858333	0.2982175944330471	0.7941031966686726	1.2254180471229845	2.068754250071818	
0.09633620626000342	0.15526107210894116	0.39217836305683046	0.9496318118752585	1.6190372436019467	1.9143893378367585	
