9	61
1	1	1	1	1	1	1	1	0	1	
0.11365552896399721	0.13033862930282994	0.33966327604025875	0.6055778135018581	0.8209667486203327	1.4169089425068124	2.3468788180781655	3.1982159096569194	6.013154222484721	
0.10000369143362456	0.13306960774345727	0.36470092338410803	0.5843978404089512	0.9582337596062036	1.1369851048241604	2.468042295071175	3.539330362648901	6.224882295677544	
0.0984579026989781	0.12695173196516196	0.37603179324491104	0.6237501860445337	0.8065755847844845	1.5406523464720678	1.7693656676822145	3.8360633944026503	6.034109492506158	
0.09884801974605455	0.15695750856541438	0.3319810908208296	0.6823554194866862	0.999319155579107	1.6168403781081975	2.1365486426541827	2.724113341545714	5.169350778141524	
0.11038409682516014	0.1476236100051766	0.40908207941503033	0.6853087607975304	1.0242788775317553	1.5426402990064179	2.029647204178467	3.964364260564797	5.432163037982535	
0.10814567916890248	0.15505083989776006	0.40125238628618465	0.5208487075077051	1.105618240425182	1.0980124302468375	1.6116823973883578	2.663390892733286	6.628329730995038	
0.08117301599108885	0.13658106133812994	0.3791229540237673	0.628222851788382	0.8882024407902177	1.654836531461976	2.0511175789626	3.5351278532859225	6.975340418608328	
0.09795467185009181	0.13811608517847143	0.33237820545681734	0.6108418288010563	1.0227071368253728	1.433418806559441	2.1120273441391064	2.5692326210098226	6.087605448838987	
0.09678888189231794	0.14885471607634998	0.36300205356774984	0.6850215013855946	0.947381569777224	1.4441097916498937	2.419165833836231	3.3319510177705634	6.575724375634208	
0.1081447096529009	0.1578827522070696	0.36892747577288276	0.6169556935421474	0.9586155767671638	1.709518406129507	2.1298149712559686	3.378194341280247	5.786675153767296	
0.09758655051824247	0.14473764052591215	0.3373056793085341	0.6232211351767873	0.8807904439517178	1.5662210981781393	2.3957893669051686	3.202895596572147	6.415173611885034	
0.075827125906571	0.14864646824802413	0.3681615297994262	0.6678248442789952	0.8883818073825275	1.563913809912937	2.3289319415575704	2.554011671546787	6.190225498973552	
0.11677767787021456	0.1603460831410715	0.37682842129366084	0.5316904043619676	0.8448914581216183	1.5573829857196793	1.5914775088773492	3.4180187131722337	6.079963936404239	
0.09821805195032349	0.15151913765019753	0.3461737886043374	0.6540984781655776	0.9258656308040248	1.485288717613542	1.8947363478157984	3.0060476136451735	6.174278783909688	
0.1209439873014734	0.15812907745991733	0.4448117266245664	0.7296491509287496	0.9111956370711085	1.6136240963917878	2.154280306946726	3.016603645148659	6.775313766658784	
0.09996810055829895	0.14678073996282026	0.42116279397806755	0.568737090277419	0.8857868094029373	1.5366492186918204	2.291663842758895	3.363829053138393	6.3961879175769045	
0.11388789406139317	0.13981849411533342	0.4138819030502477	0.6466967589985171	1.216684711877862	1.630322691065957	2.0756071466977035	3.395275391244568	6.182454570387433	
0.12382607913303799	0.1638838653875077	0.3723184035172196	0.5919422437522243	0.8903438740659578	1.3793082435104242	2.5175647867833995	3.2389493566652763	6.88868846233078	
0.1038660330557733	0.13515462551135657	0.34380982373124264	0.5722763444965122	1.0296680790544452	1.4804453832927316	1.7683125604212944	3.0605653783141227	6.048103093488223	
0.10192083135418128	0.12745605861236275	0.3461575232715291	0.5931778886520096	0.8243716167589351	1.2591877236985194	2.085104807506328	3.561711137271499	6.087534216113135	
0.09216396262098613	0.1526132046638639	0.35730275778059256	0.6298424861468043	0.850173996446602	1.336786401404922	2.1511042951249513	3.4717661923106498	6.4890682313109505	
0.10638672828250971	0.18138255120256827	0.3922528352323882	0.6215645948551496	0.9182251551714425	1.3195260910657598	2.142249759970844	3.247101771777757	5.887618858570737	
0.09762994939194693	0.1712214210765372	0.33762813134557	0.5638791014613863	0.8630631211027713	1.5809626188086474	2.4051339339202746	3.1998086328611723	5.574404050878087	
0.09829712926312115	0.17442778710027243	0.3095831621075981	0.6025146989909721	0.9067007867062988	1.3201118590177314	2.247771807352615	3.2145538681087586	5.446005957181402	
0.11744576950714808	0.13442054529417127	0.3816649104075612	0.6048283733457744	0.980328656953024	1.3857726806260575	2.002649413236124	3.6128844739903236	5.563219694169545	
0.08021050851919281	0.14734741075327396	0.4254523997919669	0.620113880867601	0.8515606023741042	1.4990342445394873	2.114067524224034	3.2443636776853917	5.41215417089662	
0.10474239607365701	0.154311786335074	0.3480702128636288	0.6630703703159266	0.9437110741112386	1.6057903876084179	1.9291693180513474	3.5890188823308016	6.027508128484647	
0.10193683563745362	0.17402295419633454	0.3869292650133717	0.5931556364893947	0.9487049168332802	1.5454576408151939	2.0561113455168236	2.8878981865365416	5.553200235166906	
0.09866563948865753	0.14176811566673522	0.3661690204792838	0.63535759347893	0.9691280277514948	1.2179195930387308	2.1915435797122464	3.7125158596939722	5.9143183494685125	
0.09376049575339958	0.1830736640738486	0.38871714877771874	0.5963349773284641	0.9928871748664106	1.3585360408471159	2.0563647455235263	3.2302126906673383	6.687323628126314	
0.11376870314279082	0.1465935285829961	0.3397815282712582	0.5872096445402847	0.902325774450599	1.3286873033643554	2.289451582205528	3.736778953719456	6.768895239173874	
0.09918795411012465	0.13576431395250713	0.41802345394209794	0.562512630603204	0.783434335156603	1.6261929220345495	1.9737363105418866	3.547531343527306	5.757736610036288	
0.08753534420354774	0.13834581090645942	0.24578048137400524	0.5241267696010694	0.9938683847303075	1.3824394734691448	2.1640054086713962	3.5014254164455116	6.792340269038947	
0.11105120445698363	0.16523007778238824	0.33471289366065426	0.5104198603067963	0.7604939556226904	1.4525894119292109	2.371990030326768	3.289840023551905	6.138701733962506	
0.11792231065922387	0.1568985298027429	0.36307894398409374	0.4790781479658904	1.0477275755443025	1.4012625513576307	2.269756857999385	2.634403687183521	6.3912141371917395	
0.09894859420508134	0.11925356507894676	0.33336114744008294	0.5450883697029114	0.8562248680611462	1.253786896029288	2.104932650582396	3.469686985932079	6.305525327062322	
0.09625401536327088	0.16010494764306119	0.48340568255958216	0.609867439804103	0.8142906690228944	1.4360686685457986	2.1775373886268983	2.751696982016127	6.348226184176626	
0.09505357826194273	0.16490249537049412	0.3776978399086186	0.5955498594801389	1.0230701358990049	1.345998768889929	1.8850645667633865	3.235686703866306	5.032925358898823	
0.0910453942186063	0.16641778385750078	0.35840921637669504	0.6171179499481557	0.7095892231391582	1.5288504078183456	1.9620814189345646	3.0525537794420963	6.569362039127283	
0.10187110694560762	0.14793037408027687	0.38457352778416753	0.634977193493428	0.9196904599180237	1.4542046401077044	1.8633438443403658	2.9576055516266306	5.517942283225228	
0.08628149597710467	0.15402335769075773	0.4151241780636194	0.618038078234674	0.9844203629276095	1.5482319799725879	2.0892138038518526	3.1118661609747735	6.727467238669231	
0.08733693594450148	0.1547613800231654	0.3883409366951129	0.5365604518311703	1.0459031974249327	1.6208948614698941	2.3427533171786563	3.3388482105102257	5.835957964522409	
0.10153883010101412	0.1754729585632919	0.38666597609361314	0.5880237834346073	0.8302686665480309	1.3588289493866903	2.0620652124707726	3.357087645776429	6.860007838273386	
0.10725124422831922	0.1391487666877427	0.3624229779853949	0.5513202055272678	1.014925549090206	1.629147044605501	2.24568837156756	3.276738244988323	5.375011669543013	
0.09429981571798075	0.1564285306514352	0.37337521795528317	0.5719902145871808	0.8845742473455146	1.513825900744652	2.2091499536431267	2.709494854972889	5.7139768621106874	
0.10465310330985769	0.13488128927196716	0.3436154269372756	0.6819023967747141	1.1442221394736465	1.5498449059472295	2.0901942323893583	3.293824250599193	6.962957585835299	
0.08402367347952344	0.16181913036062034	0.42160649235762554	0.6261832711385348	0.8307718330291403	1.4898721896294533	2.5195726055210974	3.3884295769471673	5.857967274322245	
0.1165848187651605	0.14710103324844168	0.3506812610303267	0.6387884441730388	0.8855593721725048	1.1488155181587238	2.0731671635031472	3.206043603726982	6.800252799816434	
0.09171677668061094	0.16724808148833187	0.38732051691258845	0.5106652496732887	0.8265254606645881	1.5570427870439998	2.041830692324441	3.0591168668533375	5.7062815947519905	
0.10901299378338081	0.14411469945907482	0.380002895618916	0.6093297616755337	0.7774431985550726	1.5486579178709292	2.078093992836933	3.7945357966841073	6.1623825759881665	
0.10314580156872495	0.15115923856948876	0.3163608109045765	0.5883597554953466	0.913685931950359	1.3466445436916632	2.148478681460293	3.0213850879655535	5.872572731651196	
0.10116445134721747	0.15897627102912784	0.3875665098927151	0.6108128289012261	1.0456429246949441	1.5174524386858839	2.0153420006030367	3.1323887065773697	4.864798833399147	
0.11276024625648716	0.14473399662846176	0.346720463794893	0.5690037009546096	0.9944689317228095	1.4519069735944092	1.8628194904866362	2.7758863285455413	6.826896528160161	
0.09220191693892406	0.1440855687563009	0.39990417250951643	0.5268405549806658	0.8616202855391062	1.2993504015041613	2.3822748670132667	3.289212892429883	5.977534448985834	
0.09193004253202194	0.18728789396059684	0.35177911647733046	0.5197226537089736	0.8804835637865925	1.350363843127093	2.1056556422286894	3.531186555894659	7.0679721313051145	
0.11486164917752184	0.11935771991599228	0.38226223858725444	0.613830904912746	0.9227212784214377	1.4736323790473222	2.4127681635278053	3.210599471123832	5.480031139581317	
0.10041080716565698	0.10847242975555853	0.4205622527590926	0.5707770552982504	1.0133966086392265	1.4332500817980252	2.128722419337825	3.4618477859704835	6.467877841730283	
0.093341776354366	0.14525099234865213	0.38090672810851944	0.6388948510245275	0.8886479356467475	1.3124187883114813	2.6545422113273887	3.041006010005923	5.905419416239101	
0.10828108541956788	0.1505359507179135	0.33018889369676174	0.6846289934324362	0.9974280261713583	1.6527009703340634	1.861517431387695	3.072674054353351	6.72916715203401	
0.08270386103043274	0.13538833604061581	0.45743238930478003	0.6093804489696594	0.9296423413546151	1.317388403221686	2.438904840607256	3.5235853945206284	6.075322581598978	
0.11572783382388184	0.12824077691151947	0.39204451198981305	0.5578639905654231	1.1453173488001693	1.456811828984727	1.8176181314897517	3.1571855443064387	5.343339309207046	
