6	38
0	0	1	1	1	1	0	0	1	1	
0.3552961465420567	0.5659269323156174	1.020162872615025	1.4875760095352109	4.153102609550917	5.615313574920504	
0.4332819132179668	0.6921057971165339	0.8608926104930242	1.3161274056038543	4.603665506238954	5.736203812373728	
0.3736966407463131	0.5269320727815827	0.840084469003703	1.4831063176209258	4.042235961207604	5.60987229232751	
0.3683921821453919	0.6106308180571739	0.9303877891609503	1.4283556940153723	4.589171232303416	6.654326510574105	
0.36916310940863406	0.6974714274218016	0.9734928827665081	1.6948134010295406	3.5946148508701024	5.501682695744455	
0.3753833448237762	0.4350098757571664	0.9012987676560302	1.2037061074174351	4.582240315129304	6.257574980985301	
0.42049620927205184	0.5743927490407715	1.0673940373349409	1.5982594612626762	4.852030579568537	6.503327828349032	
0.3826300551508525	0.5645324783195652	0.9426889326060086	1.488003515725715	4.208213637202906	5.359230330361806	
0.43041053380296324	0.603531879228751	0.6701320141193452	1.5455868042967416	4.420641895205829	5.865704372733132	
0.35707756944337	0.5513512007293877	0.8582300820994911	1.529313135522209	4.093115299023663	6.645970662995359	
0.3522951308526171	0.4822888357749702	1.0322588855101957	1.164762639581456	4.240197936276593	6.110080853833889	
0.3190219680128188	0.5034138979461358	0.9115525279545376	1.3944080725930998	4.064595566739644	5.71508908013094	
0.4041555915211145	0.5840800343586793	0.8169088798841306	0.9851028920601558	4.86519358100128	6.461292442956103	
0.39878382232464904	0.6152121494907917	0.8130146567621273	1.2204138999260263	4.850378669215965	6.596314348572665	
0.33195859243122927	0.5742007845486523	0.8403068409052703	1.4897879470973927	3.8515344753953857	5.751970187621556	
0.40779682015321783	0.541695243133462	0.8244566633719368	1.3962178721523353	4.630767623498703	5.448863428724843	
0.41976711429500707	0.6199484868530475	1.0154930660830614	1.450478004904425	4.337711818933401	5.998616466768733	
0.3754252478605629	0.5236020820154722	0.9361671760315462	1.3113782006105212	3.832482350201077	5.917864585475214	
0.36955449302471066	0.6486928697190788	0.9011880854370493	1.5506976258388392	4.7030821123832975	6.133569073035824	
0.37702311498637725	0.5210914809939189	0.9334310795442498	1.6845798543869053	4.548679973074702	6.414069080246547	
0.29176077536153117	0.5302008923671124	1.059573985733696	1.4348020394579537	4.581759474826239	7.098013929920168	
0.36845630231309284	0.536135177153548	0.9611464745573909	1.5796367158309255	4.793400913220414	5.823527500996808	
0.34353858361536777	0.6180423564553893	0.9398266833753858	1.7158277017556802	4.725537105924638	6.0744237699378525	
0.33374227271138307	0.47241847077923477	0.9535722709066028	1.5722153282901763	4.077784473182094	5.8762880106097235	
0.4259898295449706	0.6374895821886983	0.9464909902014887	1.4137110484579187	4.776649391925824	6.104838373337715	
0.4437601872817738	0.6395825832365521	0.9792838172802485	1.379372412306232	4.5438376068145265	6.246090758090027	
0.43658072314380786	0.5887920686008574	0.948447812937866	1.0848976936522066	3.6495776512535483	5.452312249341629	
0.4229922506425797	0.6143889528198976	0.9513372728694833	1.486329631838583	5.513554960508172	5.781097243860877	
0.39462074259595914	0.6290611178895903	0.8939289355636267	1.6790926054117177	3.9228573553228188	6.424958934152544	
0.4488138210714812	0.5824924156447918	0.8427507908238511	1.6325231490726984	4.167815380707764	7.123274905812248	
0.38448099488613163	0.5726054154962215	0.9337075008423384	1.2709311737377014	4.4961476723710945	6.205351915599058	
0.42035598115674705	0.6805353758007145	1.074246682932335	1.1881601387353915	4.32723658575106	5.958304004087033	
0.3283638827936996	0.4774755685291637	1.1117887591801723	1.5852667387278985	5.2875905223871555	5.47962405261076	
0.36439591659079684	0.5546911875023237	0.847350428763714	1.4924522990086515	4.603915642355866	5.772238620733474	
0.3436457344666232	0.5276393320679966	0.8557489658879835	1.3709724741646976	4.591434442320642	6.356941330109355	
0.4408326925835259	0.47401828077004593	1.237468374294153	1.5904037833832714	4.580282165645601	7.233738816688302	
0.37459338080154336	0.6051471484226401	0.8553878733801478	1.4834472237108074	4.50920614845422	6.022385366130537	
0.4125725517337467	0.5961261591266906	0.9525300232712116	1.1634418096109378	4.719045366929346	7.067635672488349	
