4	98
0	1	0	0	1	0	0	0	1	1	
0.16943370005931335	1.0589080915356217	4.2680361513307465	6.186944693247783	
0.15039983321856612	0.8436642892939543	4.134425701628048	4.374557378577917	
0.16932982566457247	0.8257596541240668	3.9663325501922198	5.644428073311787	
0.12619377098192566	0.8696688097270442	5.420279953479477	6.460622333270594	
0.14853673297619108	0.9229159081895629	4.864499933231425	5.642677269898753	
0.1430415443466646	0.9239462213650662	4.932336612156462	6.290475587579426	
0.17202910431830018	0.8633923930856345	4.087814408809664	5.9380257733573325	
0.16295600768742083	0.7577287337236214	4.6815406716712324	6.821276792268571	
0.14825461810748916	0.9632542615791454	5.027524705449329	5.832630759254586	
0.1488652311175488	0.8744648461982987	4.443941361520183	5.5276395569337495	
0.1282159981105018	1.0386919872063793	4.4665574965172485	6.236740801760978	
0.1584042486159739	0.815913022281496	4.593943543059161	6.64738537512439	
0.16624388260749903	0.9077717898520172	5.171176016027495	6.633701126579728	
0.13839359036492285	1.1569778161526125	4.092919574970994	5.4291796947044375	
0.16973669620937895	0.9137812585136783	4.053662223247161	5.66937579439958	
0.1767226318070644	1.092755350221705	3.984222126143127	6.0096615174002475	
0.14787861300892688	0.9562875627164101	4.665782191052843	5.6967405365965735	
0.15288570965279755	1.0883697490002664	4.42944841937477	6.644660437708289	
0.16930310446239347	1.0255126452327032	4.738292718371837	5.4643801980669915	
0.15929937987513837	0.8692137809435179	4.269917420069719	6.626298739588124	
0.1265840033632163	0.8337217823995307	4.853012999588307	4.9184001663034564	
0.14322534074594967	0.8669838572751785	3.597852885691816	5.828170549726061	
0.15742673979853755	0.9218665798536976	4.063239332070217	5.50770136086065	
0.15386188162825148	0.8542189436933008	4.140465940418899	5.809386253875451	
0.14754548149533034	0.8349773901851596	4.093990216308087	6.266781552262632	
0.12721590398572366	1.0722765268260739	3.7942087107363616	6.599406528405014	
0.16087384556811035	0.9206642179500797	4.6784044959837985	6.0205543395191885	
0.147288244439603	0.8579496765497066	4.909018684641723	5.426798913121596	
0.14747415907138073	0.9909186337172836	4.268688932452626	6.207992260262958	
0.13572665945958282	0.8945900316305755	4.5666112415759965	5.293544909958944	
0.1226454384866178	0.9014315243118	4.319880857753465	6.090955326886839	
0.14805743449309774	0.9218597219629183	4.668337293683659	5.421079016043008	
0.1465917470532793	0.964555072991593	4.063214867164904	6.218364932514806	
0.1354009631723672	1.001001182987785	3.9845783745412584	6.4529211855527855	
0.14003927186983114	1.024155279440899	3.630466467271585	5.737282544121385	
0.16933878966558344	0.9494012786880995	4.423066672352157	6.31348643833384	
0.1723424501919085	1.2164134873753845	3.8116362125888466	7.021768535321362	
0.1613979894779203	0.9764924431489446	4.5644792716123685	7.130196131159201	
0.15135544267695658	0.958162804323657	4.237265778462504	6.61460516291196	
0.16792076699698558	1.0728711077562747	4.3532559753655935	5.429298058620391	
0.12653725997706758	0.9542111906129684	4.4618472808968415	5.992192936874402	
0.12892142484377891	0.9045242501853268	3.9179766238584817	5.365170196717822	
0.12964186025669958	0.9633978314324577	4.3559715531958165	6.472466515750754	
0.11139496792391736	0.9655889669290763	4.569153405882814	6.314638162261664	
0.15367970347668558	0.9880574551077875	4.924547713409953	6.856692664630428	
0.16867357367862373	0.9550153738128088	4.928771498123383	5.131670125791293	
0.1553901666345142	0.9674837294912094	4.549442206058966	6.4646459947230355	
0.14358878696893498	0.781743374019734	5.002856991874012	6.035674337720302	
0.1294727755968034	0.966035444896266	4.4980909131204605	5.798847162887027	
0.14753525756392985	0.8432765430462795	4.301374209901671	5.538562668326905	
0.16959719455829805	0.8697683393747404	5.07671441681168	5.794706610548309	
0.1483499253677397	0.8624207740280876	4.224573568029959	6.353237206728831	
0.1448526114836734	1.0458393887887047	4.797542623326075	7.056944256092372	
0.12674279606764158	1.0376927404571776	5.498552300707011	5.460483301943552	
0.14468248195068523	0.8520103695677448	4.88448970825806	5.683514458508265	
0.16207004611109707	0.9077857902161832	4.23449470323604	6.680997189504723	
0.15455220661716912	0.847521786226945	4.388904748413108	5.967877416243667	
0.13839697102989798	0.9591362371373257	5.2998452594841	6.099901675474761	
0.1381068474618274	0.8028046408297671	4.182051762640555	6.170265961710218	
0.16502006288248772	0.7905597450775109	3.9792179094229057	6.1524123093481435	
0.11847041114915138	0.9814835823613409	5.1114823561246405	5.8608275041276485	
0.16079219254931373	0.8507515272928681	4.835940993093305	6.180136872654973	
0.14736076797058634	0.9823144979226015	5.1521713848511395	5.677801885405002	
0.13149483056383282	0.8605031990596577	4.040283783171507	5.728500085277186	
0.13003171836332983	0.9430771603424237	4.68780091649201	5.534648328025506	
0.19282184370498037	1.1008252059357682	4.574969745222893	7.238841123597922	
0.1588122004342801	1.1805382299293754	4.406255632624999	6.320144827577144	
0.17581361110267738	0.8072201633363748	4.4175490462905	6.511157917223503	
0.15929082031614797	0.8639678878921354	4.329965629540272	6.169356061148476	
0.16093942235996953	0.9247492794458714	3.483753919985889	6.192015951673382	
0.15768779475174963	1.012307339889984	4.468808266423959	6.090101788368172	
0.15471707538145493	0.9607267243756535	4.914047035396069	6.458579256511437	
0.15736457654444183	0.9752120940759614	4.365964062159035	4.706541947529157	
0.1557140632808041	0.9937416800597738	5.377965817721957	5.136019257355628	
0.17159406414555464	0.7617196743837753	4.468604039552874	5.53397158973634	
0.17241131382908317	1.014102653650391	4.826231177868728	6.055750998967526	
0.12177792180519756	0.9892336351633291	4.269224527959416	5.607770645117657	
0.1408810610283559	0.8486925606449641	3.900333330031981	5.715893916611876	
0.14808499057762464	0.9726321195093832	4.529571307333362	6.193123351097732	
0.16650040361316223	0.9877565551999125	4.813132995764587	5.45816429609312	
0.13441493624880144	0.9072272486952769	4.565964441457267	7.143165046837781	
0.14634745046446415	0.9398283748235264	4.062380053411747	6.409606828024639	
0.13430765096069053	0.8490798738976254	3.6957910445735154	6.396799438333796	
0.14305950625960823	0.9448263837182103	4.648296223994127	6.855955151316401	
0.13766596248051294	1.0314763903193616	5.067682431284136	5.984648097974774	
0.15261389178368837	0.9053391156541862	4.350396019403843	5.9272730810346586	
0.17217532056079013	1.0724644488086734	4.303022580982814	6.338690063534597	
0.13381172588276402	0.9975318404060801	4.428428783386368	6.102497647853095	
0.15650823682403694	0.8181710483042735	4.392794441834647	6.160492586716728	
0.14118208370242571	0.9320419434798551	4.460226128148803	4.705797254153844	
0.16047008882385327	1.0188147879995106	4.956667147934679	6.522689342956564	
0.16151720862397	0.7747531743147175	4.711027890647543	4.517309481229153	
0.12129188935270861	1.1214986654310823	4.551739792543102	6.218994730532288	
0.1387440322149314	0.8726451705060924	4.791994503831252	5.66777321096427	
0.1490878378215466	0.9278893308684294	4.1444603314721045	5.658752960263408	
0.16089405214688643	0.8449577704580522	4.546393820639673	6.473646799082045	
0.14450585594916757	0.9130348578269029	4.342316516766406	4.319657294694999	
0.16216164107486544	0.9793821688552445	4.263660246523283	5.652112446197313	
