5	98
0	1	1	0	0	1	1	0	0	1	
0.13828530448198054	0.4270212738247336	1.3472961247342965	2.5519657975898635	5.935579495048722	
0.17834982330047297	0.43108359050985334	1.5233387255581265	2.2462918972278003	6.832237968970677	
0.17186506255765296	0.4443951772846103	1.4502009201886832	2.2774447133135203	4.810464299832746	
0.15548024944323402	0.38093748513080006	1.3728871502056226	2.405961141368553	5.588020366586311	
0.1493064979979534	0.3988932635971613	1.404728013445273	2.19150870542646	5.954098648797739	
0.11054366083626647	0.3999438554664925	1.0934143118721444	2.2489770043824904	6.624234358923785	
0.159424447213999	0.41105772214271735	1.7117461949402317	2.5094126518917443	5.6680754227593475	
0.15181131856982574	0.3835375627296038	1.4684400538099267	2.2878330432248695	5.566018794062947	
0.15129341919033013	0.4099300116311791	1.3859014277266228	1.7211576027488569	6.668672145727852	
0.15232624229549988	0.42940737709273724	1.422472375614785	2.4912619580352486	5.999778204855087	
0.1382182221698273	0.38864835020914057	1.4696510401157554	2.2689903723030223	6.474200351302876	
0.11652992378242022	0.3566486280861182	1.5824742565882648	2.3733393540808105	5.536357550428614	
0.13609297398921374	0.3030723516787126	1.4579399566610283	2.23711101584621	5.452750668901166	
0.1518302090606105	0.3749220597077274	1.2002073868319285	2.3948683253976717	6.13507066026564	
0.16174690763365077	0.4019210128470509	1.5437227605640373	1.9944804791228155	6.989236063835934	
0.15465237891885608	0.400456994705318	1.55721445358755	2.377623812869229	5.075464920696355	
0.14440015129264716	0.4002036145723191	1.7116817089483904	2.3518056494427104	5.11241576164055	
0.15921706717779374	0.2696975122152022	1.5160326451583916	1.937522199473783	6.654665648717002	
0.13448798245966248	0.35827452390896297	1.5325524247464553	1.859560357151878	6.712736621684821	
0.15138743824594103	0.38555341995468273	1.2932982282128864	2.208617272013336	6.209275986581632	
0.1709586232340473	0.3439556158223282	1.6254387693399097	2.0234934176693593	5.785337050760704	
0.14060880708612833	0.3614758255536642	1.511576349132557	2.061248029640619	5.318399304045775	
0.1421704214461953	0.3908645403258071	1.6020940149336058	2.0074359561863497	6.365415271451142	
0.17730300902998744	0.39149542507911794	1.336511722025383	2.0560427222830198	6.086199703626345	
0.1469517163716564	0.4160164520876109	1.4537013546457946	1.9845244288964288	5.678795695062254	
0.15520550454237667	0.3240655986418633	1.3360149990433625	2.181012869737352	6.311087853433289	
0.14121328121912985	0.4199700481293751	1.3656182927743497	2.33184675012441	5.491218721517317	
0.1395949219407452	0.3944436814273461	1.1845726754971617	1.9273091475845954	5.522857905606754	
0.15624908925221834	0.37840275297373843	1.3464666515953718	1.7599051738255427	5.496147878247156	
0.1816294529366647	0.4232043545822207	1.3454470795712798	1.995866364816021	5.01450258073024	
0.18030464583977265	0.36570640198350535	1.4914567488275592	2.1833596530855037	5.933895918713683	
0.16217385129684328	0.36019968165961136	1.345553571725036	2.0625697817625968	6.055339477414911	
0.1551994743749837	0.30912412346181284	1.3869584780714708	2.1128626986590207	5.511029724921027	
0.14234663902448513	0.3868293810198676	1.1707726613978888	2.2853268163621165	6.353554080022022	
0.1612388433618885	0.3467559495728764	1.1599230393869386	2.4536468047323994	5.622415337232074	
0.1458364159288323	0.29870745235995244	1.6552017274206254	2.2219323530808106	5.204130252286203	
0.16443567239894794	0.3734068759580824	1.515011360410142	2.3478078261632858	6.505704456267942	
0.1630403234846581	0.43644746586482475	1.2123456573736653	2.5768201825576926	6.251600182213273	
0.16502723840859232	0.4182103968668169	1.3908770124509116	2.207604784419217	7.011967804509876	
0.1338127876199967	0.31445051122302603	1.3570388545983583	2.0401972229459613	5.51268520932187	
0.15053627354001017	0.37629420786462603	1.5871310076777183	2.1941978448139805	5.530747453395814	
0.1515798800187885	0.42000179327325315	1.7589040527630961	2.1894479862023544	6.709729512418843	
0.143326881839342	0.41257216948857905	1.3839493092716277	2.1806094418595214	7.152395989663858	
0.1499832050369003	0.43629653832816057	1.3274883176014074	2.097051075845412	4.7994142679557426	
0.19145264406477128	0.43672551921045205	1.309978374746669	2.4943544180291455	5.370457135439952	
0.17101364310282136	0.36475200634013155	1.4767543047885066	2.1151406013428145	5.741441870033442	
0.1564844561280184	0.375225797291363	1.430352140033	2.309020496185866	7.111782752922926	
0.14678723205019645	0.4040117669908447	1.3727979894935152	2.5474081543796534	6.544311892159311	
0.14608408756353483	0.2825042401786965	1.6904684169973352	2.136389109453587	5.431723061311671	
0.1273390352566684	0.4015227204476306	1.4850033249881847	2.0936262385361455	5.521854128205121	
0.13283730553638226	0.34044191353987374	1.5096115465829647	2.0748703558311923	6.885593940516008	
0.13828789232632507	0.37120493135333565	1.4807552408212687	1.984072692576744	5.8382624024197805	
0.18939378927239425	0.4071061775109552	1.5420660678356908	2.2680641263212022	6.8661720157322055	
0.16555161322515688	0.41251118555525024	1.422919373310736	1.8289602294548093	4.938885609474024	
0.124067541035631	0.40069013605709086	1.6837256146106863	2.1218863255247618	6.670377166690033	
0.13008091632525304	0.36784242489564606	1.2574089166657623	2.0194536063564703	4.658888353698604	
0.14989960946038516	0.38421622923185367	1.4738525828871163	2.079213287993813	6.464093963330329	
0.14813868130964453	0.4262708106928947	1.5936891937176016	1.952976891802102	6.317588819140443	
0.1693405190653693	0.4103492187107604	1.3455503443645211	1.9769974029195032	5.81351602490233	
0.15745068910551285	0.40971444704701404	1.4328798323675678	2.191011654059774	6.319972307308831	
0.12610182969305314	0.3833016042602227	1.1820006746852534	2.408325277171438	7.071439844071271	
0.161075648110532	0.4118021222743484	1.1402954192579782	2.031135283800421	5.894190979745602	
0.16995211388193257	0.38604515790943333	1.4842250050650283	1.8569421891514788	5.490644200120531	
0.17329136440587678	0.3637609837375908	1.4152724226257989	2.097224330518182	6.123980153581845	
0.13933711817261407	0.3977648806773682	1.5929974308449542	2.085452427114076	6.534944691583242	
0.11767814139540383	0.4423277524044336	1.5551627556908592	1.9758687886184712	5.530200513930481	
0.16323224941085454	0.34180784882251186	1.3649372366944261	2.374417154054225	5.463871647862018	
0.14412257684616878	0.4019395079124306	1.5877541869683842	2.312854974481047	5.391370837828581	
0.16226694137084433	0.3668414317301439	1.5158767435092086	2.0907543297989153	6.445875784064653	
0.14891766729741207	0.40157411349844646	1.3598992454936853	2.067946755485984	4.629886679600122	
0.19855195616431484	0.4021585239744674	1.4380869054267134	2.1526736864233915	6.411505584191482	
0.14730514844411033	0.40617776956166723	1.5722106398945312	2.2919363047626797	6.225257316629273	
0.14584641893346162	0.3939667481792057	1.8599707646489996	2.322468339140087	6.365827587872302	
0.16117218103752198	0.34314420513107075	1.414233174506558	1.9260674241151872	5.438123134751099	
0.1612513177458602	0.43145241839424925	1.2243980264948418	2.094995480865428	7.570295882895531	
0.1678862194874654	0.44655601554606933	1.537146779504121	1.9567643214025636	5.350818823699869	
0.13251729895295844	0.3743903384496448	1.3035333301124592	2.4468674943474458	5.088831408275843	
0.13323786339051208	0.35151917411131706	1.426553790034079	2.241937007357596	6.4085898711046045	
0.16081421621339378	0.40124419625187036	1.6095135509328273	2.1953744253885614	6.4659105692917045	
0.14540744484932	0.3124382912375369	1.2409650067018052	2.5722405020403287	5.504305569063575	
0.13710421979320656	0.41066539223473614	1.545199932428188	2.260987105566291	6.179059029440207	
0.1541802021483065	0.41147594843631996	1.5139700860644627	2.2332493238331206	5.7401529937087945	
0.14990001553852406	0.37525482646852854	1.5156692498825795	1.849540134999703	6.144496007013137	
0.16446252309592127	0.34837620692582216	1.0992935320790465	2.1236697974506686	6.953806344406848	
0.1506365751120555	0.42424024268002947	1.4039553732361325	2.1873061328261234	6.109385819242799	
0.13435150200328028	0.3394575051632288	1.4372302772489258	1.8528594905244478	5.781445032886421	
0.13087298448124135	0.34052050045386545	1.5286401356756416	2.0034389506698513	6.883799926323896	
0.13266698003143593	0.40205915556869937	1.2766631407010562	2.4084669756229857	5.406623600479137	
0.16614759693847772	0.4143838007724785	1.4387551133364092	2.406809611414279	7.397936108437288	
0.14073954523089843	0.4103735553874118	1.6109560574417108	2.3691010439941333	6.359601659925236	
0.13772263854872765	0.33096601284436783	1.5557470334611854	2.106428613684894	6.526103509238269	
0.17623977615027075	0.4598461467237773	1.3362719301609738	2.1847137902114513	6.058761778818697	
0.14931686421796506	0.36300230708577025	1.477147813695225	2.1965807278643985	5.7441947076410145	
0.14021706995402486	0.28398216222037714	1.2251526470917213	2.354864125621026	5.1489041351485145	
0.15434154356552932	0.4026602151012078	1.2114688221350807	1.7696353549299688	5.595568851440127	
0.15389772331176632	0.4482006880504929	1.4424527714604523	2.2798692213301033	6.684972677599341	
0.14752379991332676	0.3810730003792085	1.2684752265331563	2.5354410735353246	6.561903836654382	
0.1518696328067828	0.3014310784482508	1.7201103174032608	1.932213101423418	4.920382974062394	
