10	40
1	1	1	1	1	1	1	1	1	1	
0.08798064068380163	0.1361480250516307	0.3828839960099235	0.619287785238179	1.0604029142635292	1.3458309172075948	2.497832745567116	2.987732063342021	4.392891413797999	7.058843851465078	
0.12902941628505343	0.17528904830935998	0.37150351236365303	0.6308925141797675	0.9934852299527989	1.4793956061227873	1.9333129919505643	3.3262393017994873	4.27236944883617	5.418952371773999	
0.09688630758729007	0.15472997205966635	0.4180525595351046	0.584764301399345	0.9226892884369472	1.544961886980637	2.1652374521522026	3.37400426216401	4.5350858124872735	6.121639012943814	
0.08920975540732101	0.15183490029247282	0.4342587705192413	0.6101394858848599	0.8524611624090921	1.6411437953557362	2.305094910724583	3.4994790227368906	4.833235030037596	5.324177762313009	
0.10647804971950824	0.17076945687264813	0.3617523344368886	0.4842831761767943	0.9639981545813469	1.4346829135967043	1.8172626646276957	3.446748030639395	4.738631561579674	5.120316520025015	
0.11889307222378653	0.1612668178617072	0.3081701125258875	0.6491318439351063	1.0034538245488447	1.632346153192878	2.0158666875504796	3.5208234923355968	4.393506642586509	5.666109137916734	
0.0913499349982661	0.12145285191039482	0.4005361120961563	0.5836170550490906	0.6760990432263374	1.44077579357936	2.3989370730638084	2.8252297257808237	4.179330413139693	6.264553025649532	
0.07441123769812663	0.1419947805020147	0.39317104093795496	0.5663329171645852	0.8092852107934759	1.251237319461569	1.8033955907220303	3.0442634948174536	4.975497877167462	7.417134421902128	
0.10036182729443091	0.16152372865728815	0.34424876118070286	0.47450088579813743	1.102199644164669	1.3449008800301603	2.3045222829038656	3.3014998851636306	4.947565917976076	6.5724585962255855	
0.10277725656334512	0.15581671814043582	0.4260782141149949	0.575418427422399	1.0746721914160335	1.3287765566210952	2.1664646852087452	3.4544834538092304	3.766908020116206	6.82910882147585	
0.10475900834524982	0.19951457841452291	0.4590663153963513	0.5993459321397772	1.0960595633302748	1.5511690945256569	2.1996880412303934	2.7107072007503246	3.859409186563396	6.0026221509497795	
0.09504635373210056	0.1533778383719554	0.43215005357557945	0.6518974923502605	0.8652453942891912	1.5622689789143236	1.9534798260192885	2.878771918105056	4.671736680465916	5.511298444630549	
0.09358154217234693	0.16490958096113217	0.40499008025829225	0.5776916591529998	0.7788657959092388	1.3248717896604236	2.567546772185518	3.5641256348748094	5.140615927959126	6.1536148469411245	
0.09648951742527778	0.16357788851057833	0.4287098830866212	0.5712154862822663	0.8636719533230429	1.2124598715260086	1.9912386237220692	3.46739863481171	4.231682601954771	6.55903803058251	
0.11967174962803145	0.150372308319372	0.37938174908543276	0.6329166916272707	0.8765805702337354	1.3374331539852808	2.0172358466004816	2.8776873009837045	4.904904082843358	5.70205202775605	
0.1111138692543126	0.1579392448804672	0.3791343360430868	0.6485776966837296	0.8422580731814255	1.3184021882873969	2.303423460039822	2.536406456569132	4.506575031135172	6.354301391277167	
0.11310882726688697	0.17273219498531417	0.3750491225272112	0.6462159917089861	0.8551954353216149	1.3665814392203894	2.444047010435	3.2370310987335578	4.571854992823869	5.380118255952859	
0.1042256716467424	0.1613108142726857	0.40747487034174656	0.527318331963028	1.0229948239279258	1.2872716055863187	2.144320775196285	2.7241112696221004	4.4192392390458135	5.397848119103135	
0.09551142840325293	0.15089865659526724	0.4114345426612024	0.6475742080015376	0.7126314452862351	1.526999513058185	2.1943494272566535	3.067934124989426	4.103816713836119	5.9625431175149215	
0.1023059801889391	0.15566823423421847	0.3725029766134374	0.4485466991807327	0.8839367984378824	1.2607319950888338	2.5918725082310146	3.2692766487612976	4.833504005797469	6.38107625625046	
0.10310328475961748	0.14375673570151012	0.3593344959507401	0.47876438998005966	0.9432239615681419	1.4729544739849774	2.1397165830674485	3.2966121073324	3.957115349720642	5.823571611620263	
0.09350146206218213	0.15997508873452515	0.3815574044729395	0.5616112416484879	0.9151245677351478	1.2813479713719003	2.079442347729152	3.4393732625465256	3.900467306915285	5.963306038292664	
0.09250065086221748	0.130026275079635	0.45088115677298124	0.6752264410798855	0.874380110900659	1.3885630191677574	1.7152171510212688	2.732441658165401	3.9923872168358323	5.979849014892003	
0.09885278488206084	0.15497582919934932	0.4057870910446673	0.61668055709319	0.8294290701396014	1.4763353510937551	2.2866006394293152	3.1111364109262007	3.669110253426375	6.710441435066324	
0.10088314549465244	0.10840741885355297	0.4586696172249534	0.57127424885491	1.1568291564074904	1.4839631043573402	2.1064238698596975	3.3096682853998742	4.180827727285268	6.0367862385336215	
0.12010620633208191	0.1365206635462387	0.40026785893953687	0.5568144693163869	0.9143684684503521	1.7126552777449267	2.2631892898835515	3.492343895128915	4.531880878223528	7.6172932256814505	
0.09050361254909244	0.12630942138693696	0.44406847818671924	0.5771049870810947	0.968154093415212	1.6754392653283217	2.241065149958595	3.9750159383386245	4.561288138262474	5.575123881594931	
0.07646516806368911	0.15450821172601498	0.2950158042668038	0.6194783844687989	1.0657370502636485	1.4275603217389135	2.190872852962595	3.5475910263573223	4.8012904096002025	6.696299093646019	
0.09980821374832859	0.11623297163984858	0.42468867228779433	0.5856718867589653	0.8482853007014923	1.4780387609696934	2.190106491558564	3.0064246994004633	3.921487004153944	6.281049214913267	
0.09150128328593472	0.151715752127039	0.3941909235068887	0.6580905691725254	1.1270766350194397	1.4639209157824191	2.058547283892912	3.7889916697780843	4.971641727981679	6.101029816669852	
0.10236486946146582	0.15040367586212042	0.3861640371802143	0.593888078901443	0.8393407651416392	1.4312689046158948	2.527813956670511	2.9847863496786884	4.37792790624437	5.464848440307197	
0.1115733229567355	0.16244556194060567	0.3314241128265549	0.478892254291679	1.010510209631619	1.238484801555704	2.3280772667096348	3.042626263538295	4.812749850999495	6.2664698557010485	
0.09463545884977065	0.13681511980205835	0.40188027508985547	0.55844485680537	1.0331351621830205	1.3109739622139034	2.225325318973182	3.123183535562917	4.502571349748756	5.579683805633381	
0.09821393564590108	0.11157372656912971	0.3491089456703392	0.5647432989953902	0.9233154827485333	1.6149264229244087	1.9999879390607775	3.709545176024286	4.1123616128561	5.335126821534497	
0.08115783731478028	0.15910176970431505	0.383268852151554	0.6328521731569197	0.9422407240759707	1.4286848055407175	2.2111511041971736	3.9495579931591283	4.28672781178957	7.23259332333764	
0.10852363134800358	0.15547796862617133	0.40107208566082875	0.4082625546905978	0.9056652866665379	1.3341566292034783	2.604164565587602	3.139045437731577	4.48659001071233	5.972373759376975	
0.086934673583378	0.14159667558352698	0.4110421206296493	0.47209159294487074	0.9589557716203067	1.3010883901932442	2.4294825802832896	3.378349574342608	3.816104452735482	5.750312870092964	
0.10453560030264589	0.14544068905394186	0.38551457265124894	0.5988457943361564	1.0106143609902491	1.4928579057772293	2.1396351970868492	3.2558232649221233	4.0127246718376295	6.8804292063212955	
0.12962213864420544	0.14504476130172791	0.38181257989319783	0.6609028166075085	1.0238806795417679	1.4554983237531443	1.9401236610292643	3.840901621919631	4.806555443997749	6.132329344137133	
0.09277172369861428	0.1508693275296176	0.31105100004402314	0.6444542779830676	1.0215803257748621	1.462855535847814	1.9435456212499231	3.3968667154878536	4.854311121012451	5.554058179933143	
