5	44
0	1	0	0	1	1	0	1	0	1	
0.1548554203427616	0.9669508629175513	1.2995761765591352	3.1555269943515434	6.036353472303958	
0.144977189479845	1.0691910576853891	1.1187551419163027	3.3614144561318904	6.129268558056775	
0.17422617907010385	0.9779186603699078	1.5714790260861602	3.1849488385043423	6.481050557184757	
0.14567449597606827	1.1160771469907143	1.3878618852051448	3.4483684020177967	5.546864637434991	
0.1405333506027546	0.9323897967628015	1.643771401592363	2.677555164318731	6.344417076451756	
0.17329479163235623	0.9539292866012454	1.5876697286262973	2.9873028507057007	6.320397848566955	
0.13852810333268312	0.9006155414443515	1.317549894116377	3.5426403368946797	5.307315654744778	
0.1222568417937555	0.9250932578870267	1.4781007600736162	3.0439151554606627	5.349610187661062	
0.1540035268506536	0.877014022336337	1.3760919959988211	3.4891469844802474	4.977117073304759	
0.14877654183908265	0.9827583410745373	1.202263836763541	2.8840397342802255	7.012120714114431	
0.1556125870589982	0.9589927579327027	1.3738284702290156	3.657715785740923	5.628571206864636	
0.15026777658887427	0.8602932503485962	1.4495817204393928	3.6516417592444874	6.191422601339484	
0.17355065483191545	0.9099645072812506	1.7173949246682665	3.4452466721175825	5.751059448952738	
0.14915686254370852	0.8183667924032909	1.3213555863284898	3.4184249629712955	5.734272418586299	
0.15034525513481348	0.9968102290347103	1.4322618493648556	3.228971051234059	5.758826763266439	
0.12737332867351997	0.8184686254049851	1.4931776481847956	2.4298914487381023	5.512345457652237	
0.13887811469977362	0.8978130089852956	1.7808781865916112	3.025294412275958	6.886550628267674	
0.15722117437025876	0.9117252977354823	1.2197987241204318	4.127631597659834	6.840324559956846	
0.14449062362009624	1.0036177705523677	1.5088787202910523	3.7134679231599863	6.688858807976695	
0.1360473517109614	0.869107870753995	1.2029370992648143	3.1912443955195084	5.971342688505501	
0.14169938522365627	1.054115438242706	1.541881946857123	3.3312487433208102	6.711809116386129	
0.15118890498764673	0.9852849849886933	1.5434630833416887	3.3187009865421517	6.408815449119048	
0.13699008458375572	1.0414663879349302	1.3895333285865448	2.809989005216789	6.322785615890341	
0.17414270867609036	0.8573644484056925	1.269931313495443	3.3745875979149558	6.265857898770046	
0.16868548275921347	1.0595994664839368	1.1323414926019615	3.4350985559301055	5.045695939838896	
0.15730420214355548	0.9465676888212289	1.422341660801001	3.857954066285376	5.565302852486132	
0.15956922511194807	1.0374113426417138	1.4112154393588205	3.3498383419495985	6.112751270727346	
0.16083088231608475	0.9207913475674231	1.473543247597963	3.541370614196304	6.633543217470544	
0.15446401750360836	1.0098851386584824	1.4317927453241595	3.1833385407385415	5.742909336063889	
0.14578582288795688	0.9401507550452923	1.4198906872513062	3.7058025885812014	5.396980066256306	
0.1572250694149446	0.8322968125092784	1.3445070192240922	3.3282611917531493	6.1558339682469985	
0.14865340221829454	1.0260085040550906	1.428597138827434	3.6674690273695436	5.434569897834403	
0.15756019964936596	0.7269471840995696	1.5422073330883066	2.866311963380616	5.545581859879648	
0.1738047817348021	0.9347268073961184	1.635310832961178	3.2757904216643463	5.936519190460878	
0.1382455267757081	0.9422729307309967	1.3956427643069969	3.669792351519837	6.3978946672921895	
0.14836293921943294	1.0763530884253578	1.307739585257699	3.745290591455869	5.058411431906226	
0.1470068463726978	0.6263827443778383	1.4038306983104727	3.2773950341176468	5.530801524204999	
0.12298962035576944	0.9154520854309542	1.4685428808145395	2.959272809392086	6.611387654677118	
0.1596426515928602	0.9873768068984642	1.5940543554599953	3.1292967880592903	6.184999136496186	
0.13056055326492536	1.060568361858978	1.5651158456760201	3.517030462905696	5.3731669389158006	
0.15135076693926525	0.8329447350179268	1.1933474182989678	2.704567028417147	6.3614729859119	
0.14070144929305817	0.9231940539788347	1.5020879944865841	3.441449329471392	6.792282048601827	
0.1579205214790291	0.8037769758923887	1.4635747464625781	3.275004677597881	6.645408445613706	
0.1450535508398748	0.897610918962388	1.2720684746600424	3.0088867021261407	6.631258247466501	
