7	47
1	1	1	0	1	1	1	1	0	0	
0.08974749533534604	0.14696114173482128	0.417564300115864	0.767039047734935	1.4705758465256387	1.9525150070017447	2.764794904474406	
0.08610087966490693	0.14637918416988482	0.41300690444341576	0.9752359426963993	1.464472111555684	2.3272361770534973	3.6508459045582016	
0.10937978694627976	0.1359019257821263	0.4104565611123788	0.9391558154496759	1.2840324941916463	1.9092746765844057	2.8695143137347863	
0.10226247145475949	0.14609809667889373	0.45615648757691996	0.9185105475467482	1.2463472386615975	2.209507312112965	2.9721879213357836	
0.10255755463494154	0.1440375887160124	0.3636718896795113	0.9468079242815014	1.396931542432436	2.033993720544369	3.1274241492523958	
0.09185898184265227	0.1594749122047947	0.34022186419281875	0.8760566471725909	1.247151939486979	2.112200392498726	3.794448245254554	
0.11794844368342834	0.1495038758382493	0.4098330802835586	1.0461431754812016	1.457424609955368	1.9633191423566476	2.6751248701788826	
0.11410391785444207	0.14560784961861323	0.43462830698736904	0.8693065847985564	1.1954265900675483	2.478852968984516	3.2127566463979296	
0.10108304893511516	0.14601051698121373	0.4341636798700635	1.0386625326435726	1.4770577368806135	2.4400523884714156	3.6180111453726673	
0.09785937488751105	0.18032114925289577	0.4055532162755682	0.8980073200926626	1.6055437972262687	1.9561207554345648	3.730130869388273	
0.08973295016907588	0.15526301661360042	0.37134153484810095	0.9441732633048084	1.457355072856028	2.1040977453362495	3.3111642422904213	
0.12925898511569064	0.14481219796938027	0.4097712532865499	0.9669598806183706	1.1392465736387904	2.0608190094711927	3.4077194319590394	
0.11031674380317885	0.13594620693118353	0.4191192418243197	0.9461461355643335	1.6731316500469606	1.9626408436444593	3.0653693316950203	
0.08589500529562456	0.1612081247154564	0.4378367522446311	0.9259430193202852	1.4385952402291526	2.0072645608647464	3.2451623291535103	
0.10086316635078461	0.15580852729056005	0.39291590131901416	0.9014298915922263	1.2967531762308984	1.8434564873290664	3.429393680248544	
0.10160083374541273	0.14213975302243462	0.33688702146879984	0.8840779997554444	1.4591576944973768	2.4081509514745894	2.78153265633049	
0.10371930652773582	0.14927026812348024	0.3041698888891407	1.146959732552419	1.381361165893632	1.9604934786701151	2.8266602586899365	
0.09468015613145121	0.1521200380721208	0.4016641737863868	0.9378066415278699	1.494500289355295	1.6460310919043792	3.444430373723292	
0.09483523028234828	0.14263589138984129	0.411238827097064	0.9856673560425655	1.3232143898798503	2.265474139248103	3.657857438190614	
0.09484877837836059	0.1656387384448201	0.31635041954702825	1.1016959805727005	1.4058202483787952	1.9685452222346227	3.489173173892593	
0.09979026880110628	0.16046884661174468	0.351721981176269	0.8440364555631983	1.3995861780110406	2.0998189964169693	3.3129552194059846	
0.10202768469236063	0.147508050784865	0.2702993446125488	0.9872113278224696	1.3621126559762404	2.036051122102798	3.2257775479535487	
0.09644498333550972	0.1246507057556484	0.3618693503431145	0.872645936371445	1.6568038870709074	2.1398491984489465	3.4657968916197563	
0.09447127801660281	0.15721243552283498	0.41646314254239536	0.8255974139799527	1.4397265112727076	1.7021031624150267	3.787285842113739	
0.1089233068404685	0.13613429449397685	0.34009639798509317	0.9638440154626479	1.1859197055897255	2.0665443961223637	2.9146220373500595	
0.09219466788481706	0.1376198083519897	0.3724290288492762	0.9514053207735821	1.408723504186	2.0196852297270067	2.958617814883944	
0.0853522428065894	0.14077079423671032	0.3895972642602271	0.9367295821350197	1.6160617343384567	2.1777844932076893	3.2001825237167503	
0.0921470177345673	0.13653699423130064	0.3376064462930979	0.9410761270247401	1.6007094900762215	1.8402601549424054	2.9024622615883127	
0.1113722784117842	0.1256461975029443	0.3350762641260451	1.1436978439005379	1.3424681130534073	2.361819105807485	2.6931821072706748	
0.10130490470801026	0.155608747487489	0.42067603160721406	1.0611678768217943	1.5490882008737954	2.1787735899055396	3.2592765033491533	
0.09648059568616131	0.14011409211734727	0.30927380143763394	0.8061461909983406	1.3467147491414253	2.2317354188335115	3.579067944875496	
0.10656783918242979	0.11500534974011145	0.36340888060643967	0.9212686686663287	1.2415370793875065	2.0719794729019907	3.236067087263234	
0.10386487576504051	0.15294496257685844	0.4236890749560958	0.8028843549419566	1.4142552237293577	2.1860054626292356	3.995359336308762	
0.11211913102336812	0.15578564072740977	0.4237068036587661	0.8646193924494109	1.5581956526020149	2.1603999336761137	3.8758408690209807	
0.11808839971944077	0.15794727198564998	0.35873207299829096	0.9909505707078019	1.8524336497516893	2.317795668703913	3.4017998063104176	
0.1024273214028612	0.15339128427126075	0.4059123278709082	0.9990628513066713	1.605916386319357	2.16151450244292	3.565465562813605	
0.09725275115149529	0.16012700459539828	0.4026789156648528	0.8943846364441023	1.2371949615896627	2.4274267235063003	3.008259640971794	
0.09167967614669971	0.13610018250241207	0.398314120199595	0.9621227121909753	1.2958093295364244	2.2130396275931408	3.3804135067632513	
0.10289676435124546	0.15896097082670105	0.3970829974270155	0.9595834099151258	1.7855675042568033	2.5199452087639083	2.828802953979807	
0.10465591824249061	0.16676996827791116	0.2844159317116281	0.9273606795250425	1.3441064600915018	2.4347407194633224	3.4812058725804635	
0.10063426900559742	0.14091384865054926	0.35372917585394964	0.9832577129921676	1.342232813967996	2.100012504183995	2.7649849702564313	
0.09353962219820916	0.1337223933129739	0.3613720603255942	0.8641122901237595	1.2131073982248581	1.8682215029889848	2.722766143314626	
0.10067299484916975	0.15124627083280498	0.33590007107619435	0.9172727843196926	1.2302310692868519	2.08600312874258	3.0236423099886	
0.10228581630817944	0.15481282000798388	0.456924254192352	0.7784757467676813	1.5966552615396974	2.175137652018589	3.557932948448719	
0.10374395689212311	0.15640884057564963	0.3505676591301127	0.8657039377316865	1.6957498179937112	2.141027105757602	3.4944375409217674	
0.09693584990723486	0.1451824332242125	0.375731731934187	0.8632711615636361	1.5024782129845715	2.201208538283072	3.4564124388578557	
0.09390107914383222	0.12360457895892096	0.42887240468154575	0.7234755256002519	1.3811253396686944	2.0980560460186837	3.7074114187995586	
