4	27
0	1	0	0	1	0	0	1	1	0	
0.17705759564676624	0.9242737112065637	3.098165554738093	4.541085742868457	
0.1693470050559794	0.887403632377998	3.6415605246469167	5.264529350678094	
0.1500059911067612	1.0195827345676785	3.179525359654652	4.356526414962631	
0.15468221324493017	0.8977606955571854	3.9979982651072477	3.941744318094877	
0.1491822938633067	0.9494976149305973	2.379698422870211	5.061726020078911	
0.15877080138133562	0.7963993706265589	2.3395013279523758	4.627533704399958	
0.14305218061568215	0.9869292846125989	3.0595684771208527	4.734857180878206	
0.13962942687385346	0.825862384858726	3.059168338559098	4.366958844666221	
0.13560411253705293	0.8415300132553829	4.042971720280257	5.02080546703679	
0.17029329070074523	0.8390593961760664	2.91933398423671	4.596564404330736	
0.14879747627891204	1.0245532541847255	3.3835293300817093	4.883706520908364	
0.15100809091568845	0.8848240749713544	2.8720242511807257	4.656625069304125	
0.13242503307192144	0.922595291780784	3.0344358686572677	4.850529629457679	
0.14369697700461723	1.0089292177689515	3.046460915657309	4.630724785968801	
0.13976671612255	0.7903625271037694	3.207062882926865	4.346540378961517	
0.13447479982499302	1.0009192743650508	3.2175204837260933	4.668086667316022	
0.13314787562611624	1.047874896507211	3.2567982603771988	4.535503527639047	
0.13526564007849282	1.003706905193544	2.9496451697314163	4.325059781906718	
0.1391022899453117	0.9922159415712781	2.4182399052703256	4.37215830850088	
0.1631310919349734	0.9663986223181265	2.824422558227138	4.778778049987323	
0.15022569879245218	0.8803573808877643	3.221959667751757	4.980347198334778	
0.15264481306666436	0.9736348582929207	3.317848687682825	5.207303364442264	
0.1484823204611065	0.8840346704974233	2.829777300441907	4.345505151280941	
0.1531409852847859	0.8927933682787647	3.164677330598423	4.700314725121302	
0.15794544466288732	0.9357777077897204	3.3095065096803573	4.328732544892251	
0.14076874129862263	1.2458154506640777	3.398525641235093	4.34870386660655	
0.17340022206408492	1.0668741233817332	3.0688805625305866	4.1543304828898835	
