7	24
0	0	1	1	0	1	1	1	1	1	
0.31511951082005624	0.6028223215133043	1.477485265694948	2.127866989371152	2.9899849150703117	4.5766531192024535	6.783963241321814	
0.3774273264551114	0.5622616376979716	1.4569620272956838	1.9847669703837163	3.396767337474205	4.517422830665239	6.085045695755047	
0.4225933964610703	0.5795800096970339	1.2599404170924624	1.9405910085100888	3.4727826154873718	4.140369567844428	6.398058493065619	
0.3570124547706096	0.6083695192144813	1.5900534077975406	1.9336053050048534	3.1615467455193014	4.17700109753761	6.9105506610064635	
0.32464133655108585	0.5356831114984634	1.535851806930052	2.6111092239615448	3.1000610424425044	4.53973624626669	5.87449038706377	
0.4155357324381276	0.684225345282029	1.5005466836034589	1.9220961793417517	2.9278302086386625	4.760299597083553	6.448481819414658	
0.34613413231798607	0.5909953127251579	1.6042162564266007	2.0290024556863564	3.2677293568843644	4.881232550732256	5.212638245657967	
0.44554767494271785	0.6454329016716476	1.4125364570912375	2.277376351842713	3.2613505258522966	4.623385360502587	6.417418774189828	
0.4303362038143621	0.5804138729294226	1.6236888269230054	2.3576218753825495	3.616501641061183	4.974834726573558	5.067823593169278	
0.40409570410758655	0.561826814707335	1.1954964484646433	1.9630565148123509	2.7233189300520513	4.589012368306205	6.0573263160074875	
0.3785859039710713	0.5466455159377754	1.3014567976954647	2.215844471216967	3.3777354284785215	3.783112133291447	6.8708235037381975	
0.3624748188806718	0.5313635392446558	1.785743494747879	2.210203260503036	2.647764662481633	4.662418707178796	6.234732843574386	
0.35583613119751495	0.6777423229158814	1.4204659443621286	2.3059637308475796	2.6956807753730683	4.962252800995905	4.767283309435677	
0.4101308645825212	0.5667809440241125	1.4163485349837392	2.354369891364817	3.3103924337291897	4.828137990742025	6.719027220506643	
0.3924348779448004	0.5733812780166814	1.2982362822689502	2.09277657337776	2.615735967633896	4.861504006260024	6.639359441402952	
0.34898634631523234	0.6168800148934572	1.1829883496239937	2.175413842054943	2.7282489273473893	3.7691052057119614	5.98082806968824	
0.36342710444304893	0.6215334751198923	1.1174270947871274	2.1858476211588402	3.418310590334785	4.306943280970242	4.986825938386934	
0.4315069883897958	0.6121986740591187	1.3801631061859225	2.1111978607625432	3.20729154607161	4.728037471218672	5.760017281841258	
0.3449652501148808	0.6870136415540834	1.5815700207264944	2.0959463774073956	2.5809261605065545	4.447627103629506	6.57881351889359	
0.3492179912315551	0.6441182121646684	1.2936845873838374	2.1033999504804477	3.547101452327095	4.308285498022581	5.7457236261231515	
0.40613098475613396	0.5560754895992148	1.4166151732407706	2.2132707955282727	3.0780737587801106	5.417994198521481	5.865789033407722	
0.3097218402710811	0.6030124038010267	1.5580008930109877	2.2057874427810247	2.7708746624252134	6.033719534910306	6.932135526510682	
0.4098693073001825	0.6365847468415337	1.4656871261877968	1.99689719280857	3.3365831338300938	5.170302503614521	5.290915270817891	
0.3062865704553616	0.6221298939242993	1.2803671474735563	1.9432693880403338	2.9976980742984174	4.2589412606944	5.092574801894937	
