3	48
0	1	1	1	0	0	0	0	0	0	
0.16505884436442278	0.3851152525643338	0.5463222892452829	
0.1432905974633152	0.3175956564583322	0.5955972734683502	
0.15858391196823832	0.38465544130375406	0.5880151755885868	
0.1404814125267311	0.3713490072689816	0.6917165371009533	
0.1537960800150591	0.3712355265331431	0.6297275472767198	
0.14045110161827484	0.4053305400224683	0.47246695391689997	
0.16229167196610791	0.3222986172489139	0.6373131709020523	
0.15650852211684116	0.33947979766412384	0.5707085926384499	
0.12434030258096734	0.32405414059124854	0.6097680414216503	
0.1468344761919671	0.37317121163232747	0.6261391423021945	
0.12474840045237362	0.3178936314371663	0.5569806316297632	
0.1667494992739483	0.31817830754052734	0.6010965336155791	
0.16504794567919526	0.3812519734293395	0.49981130747687913	
0.15600506566954953	0.4438884841656549	0.535556195555617	
0.16287005457174686	0.414632800636283	0.5921296507637969	
0.18143873724967088	0.36977780265508287	0.6141057368883769	
0.12029728872019432	0.41704551324482786	0.6895411515319623	
0.11857368137019861	0.4148169429871966	0.6315371295463933	
0.1482596749838935	0.3294281875480378	0.6126022011950604	
0.12943553195362814	0.3407539557996975	0.6169026577638043	
0.1516377479154964	0.38494055005003747	0.6043186139261089	
0.17129401277203324	0.39331372222196825	0.6379124654649991	
0.14224888123725038	0.3640021153696011	0.5508611459199649	
0.1459983900416121	0.379398827357734	0.5404141875514373	
0.1669945855834781	0.3749168601767434	0.6240190508178208	
0.1431345222360214	0.36541519133500466	0.6818958330205586	
0.13124742482790586	0.382608221615586	0.4713578392535092	
0.16327225663270703	0.38812997168014257	0.5675435314431714	
0.13529666301536364	0.30429334349601656	0.5425460166984039	
0.14881668795881642	0.35889685028887836	0.5025100144279898	
0.12077141180268117	0.3337563340810622	0.5888667865826842	
0.16668238691993176	0.4330202424245254	0.6272498497091109	
0.1697736143962109	0.4000178207879811	0.6726811451604262	
0.14402502846533333	0.3528939378881179	0.5994958075687682	
0.14236988249909932	0.3783010529424927	0.6261094189067318	
0.17155986541012877	0.3952501703352169	0.6390908196583989	
0.14424494880193978	0.40646613482320965	0.5292075839747835	
0.14059317316180767	0.3728465259635954	0.6212283039423075	
0.11937899430952274	0.42684032807627037	0.5713791936001066	
0.16928424204167572	0.41718662029748615	0.5526507155726599	
0.17919591509027377	0.40401366981070935	0.6115006337152308	
0.15480837930752345	0.37368159447460214	0.5643121987245587	
0.1479864575759063	0.39777602360573283	0.5345670149311922	
0.16006964727307724	0.36341311130864834	0.6104106211644353	
0.13920191251646355	0.3695743031150475	0.63259739399171	
0.16165181885814675	0.32058331993033223	0.5175294841855804	
0.12633022229662688	0.437899886347	0.7201155624202105	
0.15270058832967362	0.38782360212331823	0.5624967335340879	
