3	83
0	1	0	0	0	1	0	0	0	1	
0.14433801655209078	1.4955555219045071	6.175301166256492	
0.14021618593875715	1.4683179071867052	6.8281128534241535	
0.13470640403668785	1.4843279329335781	5.548823643157849	
0.16793835923946657	1.2069316430087942	6.954260061044193	
0.14611900767790686	1.3974339252900339	6.44949994762791	
0.17730313235784123	1.5395567319116443	6.322839593062705	
0.15540630512384537	1.5437886710786912	5.920640017062078	
0.11337070732536869	1.4986271830559115	5.914818728736273	
0.13273376160337194	1.3043393642194139	5.461349941147648	
0.15161819998008377	1.3136558688146514	5.80734220139424	
0.14111645437381556	1.197751231060926	6.186222906348026	
0.15236510312992232	1.2289548548143767	7.302781865674804	
0.15913456807332374	1.421126682589034	5.386360462230152	
0.14400808674143	1.2983496077654173	6.1304734651133685	
0.1696062505186773	1.372917020733188	6.862347629958803	
0.14261733167492432	1.5758379508970177	6.734152970541352	
0.16165892854674094	1.4071402136008402	5.223316040522647	
0.1270652500991579	1.5812841565342215	6.508805929047141	
0.1652228265672978	1.3391918499377056	7.249862364014836	
0.14405174050320363	1.5423224674433407	5.27512606319814	
0.13952472213820777	1.4486440597708776	4.6957132114997675	
0.1261692149213541	1.6440400446078587	6.001701901092516	
0.15425977533341442	1.316699429750326	6.695414277616574	
0.14842478375693566	1.4909384210669148	5.2913851871952176	
0.17714797832878088	1.5194732883837136	6.393125669128201	
0.1730682600640774	1.3249450744092068	6.439246928955136	
0.1467849385077201	1.4519035748895872	7.131973864556745	
0.1428102255704001	1.2824475313511707	5.750922762316526	
0.15131936180289696	1.4166364346657556	6.57497505932062	
0.15307337740778929	1.3312897325494129	6.3847445327500605	
0.15263241953659154	1.3061460147160995	6.30178969135677	
0.14970610817787516	1.2709731175600383	5.870633967745951	
0.14248054804081323	1.4108628642098737	6.1710793502737475	
0.14975526420790766	1.300759363719367	6.9105892364420445	
0.14580086084884944	1.5103981988902488	6.797419912565158	
0.1505547883891978	1.3936660901303977	6.066941918887489	
0.15411841271122836	1.5507584348182746	6.939238460215714	
0.14683120156628335	1.0571399682409248	6.60837698897835	
0.13154934141937694	1.6997132013236158	6.6641775353240025	
0.13293066788742172	1.3653028453970975	6.238466951325916	
0.17577461949156556	1.4137454357270935	5.651566424835515	
0.14562788461469447	1.1162549346985238	6.742387733594425	
0.1690418048230378	1.403125853567204	6.936450649866472	
0.12367489472741797	1.4767923961322702	6.51331537224286	
0.1622923067769624	1.6192280312579654	5.474524998637341	
0.14608649544323252	1.639754861819008	5.05281055800993	
0.15997730424330278	1.4420033880802718	6.6401658224512214	
0.14877151514499384	1.416708519516962	6.71333257968741	
0.15908056573308701	1.1467958396307958	5.931950906062749	
0.17618982264989927	1.5351912377730996	5.8329276883361185	
0.1715975956435201	1.6451490062745777	4.963015425875745	
0.1666083357127567	1.3187315200570477	6.941655450711319	
0.12691269318493745	1.266685032200186	5.564495516056511	
0.12618589075098588	1.648608735398367	6.818207184326733	
0.13603500546297168	1.5650111986072397	5.379832681405209	
0.13781098270903785	1.028034931747823	5.628270022863851	
0.17120630480485532	1.5556438057691446	5.874786904248916	
0.170148972878227	1.2446261904524307	6.339556021437363	
0.14373059397358995	1.5857943706900153	5.356723386623408	
0.14938276237205364	0.9649581703895241	5.172162860461437	
0.12052022384859395	1.2246127093741452	5.68385380797538	
0.13021676622274292	1.316656921594422	6.171537817533627	
0.14653956366478538	1.6385826503721521	6.192459081787787	
0.141790506439007	1.4744701145615116	6.479260414015547	
0.14408479887904704	1.577125149882281	4.842780620650282	
0.132921977471841	1.8072252487183647	5.349461241186952	
0.12774842712572218	1.5617391861752254	6.648671950622868	
0.14862060180943512	1.31288202162994	5.8654207473283675	
0.15751382431179567	1.3441951190717125	6.389672513379363	
0.14361638902715734	1.4065078388304746	6.139178714461197	
0.10352842182313308	1.4405593372662755	5.840833003467539	
0.1511468435355156	1.0705660927046259	5.514232616785412	
0.16181111974196472	1.2748371438280202	5.969096194828755	
0.11918137379836398	1.3587146959162142	5.713878608764395	
0.1373151268361114	1.4505763513515617	5.877686007773894	
0.14658371363967396	1.1770461750022694	6.070651253958482	
0.16292213183749252	1.266650522297269	5.967475703349159	
0.17320969309921325	1.4928913480886927	5.840034599490286	
0.1653242404520751	1.6073658210269208	6.506407158978	
0.15423707996233618	1.4849636707854397	5.2802316347262614	
0.13253379665765574	1.996732160767179	5.933666868185933	
0.14807218221575008	1.189438174595678	6.186159926612495	
0.11772562918868694	1.6325686375781852	5.500784695571596	
