4	44
1	0	1	0	0	1	0	1	0	0	
0.09190236187888717	0.40614458772176876	1.081736414460393	3.6309323989697684	
0.09645220136913148	0.32210871487731585	1.5953732447647018	3.1060376620965786	
0.10479183468021774	0.4388327391730787	1.5323270432926546	3.5375700074351224	
0.1148118427899271	0.42763414255921417	1.5637312104014995	2.655251757181204	
0.11891056342970491	0.37635143475073396	1.4463180313996573	3.1297705523870074	
0.08439151319722892	0.4208822563300782	1.5404778631421643	2.979852466880373	
0.10520311289723135	0.3548054063654597	1.4839532175867547	3.234254794222498	
0.07544935082843429	0.43287036108769944	1.6650326575984982	2.508320990018018	
0.09736284044685593	0.3575631521471411	1.6476274875412351	3.7125023579013265	
0.10027560796145607	0.3764193610663009	1.5325423972668721	3.223598872881976	
0.09558313346503595	0.41654443744862973	1.633606935292684	3.0665704160228713	
0.1175006654966438	0.3949666954961708	1.5567114693493838	3.375608588118454	
0.09859468666203094	0.35197795525650105	1.7496173775366168	2.6723250326769836	
0.0968044003750601	0.3701045107055368	1.288251942368103	3.1655099887193217	
0.06546625399868476	0.3779379546545803	1.5410209059616022	3.276023446260251	
0.07822231012904496	0.38869502187556304	1.6316652687678201	3.3263297674321732	
0.1077682440382002	0.3706741888770265	1.5924556092917972	3.560164636533605	
0.10424622364839731	0.41930924396016844	1.4450188915174271	3.8929799276799275	
0.09420662310854555	0.39855937104304395	1.490814842959034	3.247157478427741	
0.0981489385883584	0.44353146118116255	1.2696316829477228	3.38317494567951	
0.10747672692345851	0.4327620553389532	1.5972379213879662	3.388181713548377	
0.08815708756451875	0.35946568595974177	1.350117459553388	2.6841976053534156	
0.10764601849721728	0.3120220160670974	1.2125471705415143	3.267376591604385	
0.08250203264002363	0.30763187005173676	1.86541997526407	3.318272647175217	
0.09076887802683305	0.38726999137509793	1.3245025586906245	2.8526483957549984	
0.11617100635541655	0.36304524043983255	1.2166027433594095	3.1295312053260327	
0.09155939478218274	0.4275183657018228	1.5908637397050371	3.2041335409307816	
0.0969976955044119	0.42024512614834963	1.481729648834472	3.1057941988049214	
0.07941177484513533	0.390921852569427	1.3387813551104015	3.498670130011313	
0.09635547072166122	0.3996697576661745	1.5964500311628491	2.609234117104984	
0.09831244426946784	0.34137279933611037	1.4703989957818147	3.5165455374379198	
0.10103057857206954	0.34115446476074496	1.441613346929156	3.7411768389833195	
0.11263743879361524	0.3823784073134195	1.3863505129102245	3.0340886971736003	
0.10867944930293083	0.3427839164476426	1.5493194388143672	3.0608028009436214	
0.10680165419143212	0.40656311738568635	1.352161023583719	3.5869135706736595	
0.11378811215243922	0.37992936084667395	1.4821726746669308	4.0191344767879835	
0.09340827579660663	0.3335118682654881	1.4445476713437468	3.127528514670047	
0.08946215873943802	0.3242854562539182	1.4032186229540955	3.770372813732803	
0.1010778664415914	0.390755349858291	1.4725961048987157	3.2683018656972163	
0.10161952205220562	0.34097254699846435	1.4620689313469464	3.337466420878362	
0.08520455048161928	0.3906417307763076	1.3198660602307963	2.7793568448582984	
0.11404341620890723	0.35136245194761967	1.257898235771355	3.2145714575050404	
0.09235110988928356	0.4215991369537412	1.5618090236134474	3.306216455429033	
0.09507347180993064	0.399430607383951	1.2271603391921677	3.382810960881467	
