5	89
1	0	0	1	1	1	0	1	0	0	
0.09435132711710037	0.6450360744928494	1.0236445528753793	1.1204739691704493	3.1537445576242322	
0.10807525405844998	0.6238912348383016	1.0190838239609943	1.5312865749880145	3.494950791026765	
0.09824251901616916	0.7036076860993855	0.9657548382510406	1.5518917842869764	3.0448659627947405	
0.10094261464036958	0.5621239233607951	0.8295193946343246	1.3371973465014473	3.8075802067357323	
0.09645269523875977	0.4690690156259685	0.9210869813118915	1.4267920028203653	2.8902427992860136	
0.08917536932699949	0.47002514881855384	1.0659353948554349	1.4182643327764801	3.1040213490872874	
0.1167599572464475	0.5523249649972406	0.9403481231855783	1.3551381088280183	3.441679167114241	
0.0926761858057194	0.4637738673032198	0.8601894060397276	1.7332434567071968	3.345858485639856	
0.10874484884135693	0.5230537013414529	1.0225915216924844	1.3406618561223818	3.35781520475872	
0.10638549650335252	0.5433068673197223	0.8645512943530695	1.2791069198850742	2.6364145336002927	
0.10309612316891048	0.5744764916298141	0.9093701820152779	1.55905763500006	3.547356897872392	
0.10060177662192432	0.5952476399458759	0.7807124125677821	1.5064628033441796	3.575159320707524	
0.09775972759854996	0.6217284114306117	1.0135187107780876	1.33778247395435	3.444860496270158	
0.08665343188677903	0.5496040644719048	1.061343593151796	1.3880754342607349	3.2963199661782494	
0.11495421788079754	0.5663415622978892	1.1019669251757414	1.4695440163520563	2.599422741724809	
0.10730891815988064	0.5866709432802446	0.7645274726067143	1.3936305220145706	2.6729085867844757	
0.08934863061591147	0.5757964037475803	0.843366101795716	1.5222855537576712	3.2728220875399465	
0.10405918367607547	0.6327078973179262	0.8324048314071705	1.180368562238371	3.3169353571504763	
0.10301806478951106	0.5740561826621919	0.936611633531812	1.3996977406207274	3.218393887002931	
0.10757081219684946	0.6119924029892904	0.7720259626844221	1.4765419336934813	3.4584017614324267	
0.09684885125722321	0.709064240400138	0.9367282188999188	1.1927806873851403	3.199653375545407	
0.08636669287129578	0.6156178238515808	0.9863408986841915	1.4741403678269096	3.056107595973972	
0.10354774590989956	0.647708997282532	0.8628580868684284	1.5046990629358306	3.0498578474246347	
0.10576732308819768	0.5871834119747948	0.999875670901165	1.1784133801823808	3.120361482620111	
0.11561541318600455	0.6087875796619604	0.8231588680251376	1.2798398056549627	3.2091609500636844	
0.1093896690491242	0.6637492434861024	0.8553342314886305	1.5179568102201453	3.681962498594424	
0.09367952265780562	0.5693214111150972	0.8818906087098346	1.6910806291879266	2.934992830767103	
0.10046880334876414	0.6157568983898112	0.9006943598246491	1.4715676778387474	3.3180153741848355	
0.10597478655545112	0.6306466049782756	1.0704211550735978	1.2986597892537974	3.043405647557879	
0.0876291247866912	0.5912929366058968	0.9911436767999525	1.4162796600728993	3.685721357004156	
0.088551400797232	0.6652573959044281	0.944023328080662	1.5691729184982783	3.130043578843274	
0.09936561643348832	0.4441536068018484	0.94943583680518	1.445347259795267	2.974540271224792	
0.07189882471709592	0.5825102039853384	0.8577016029608935	1.578608971847697	3.140846069084059	
0.10365631915944085	0.5551335797342296	0.8411990418297695	1.6042683465142287	3.176993720024044	
0.0937789604317941	0.7170676045453998	0.7619445607596809	1.586384150281253	3.533870953437694	
0.09012404113745595	0.632517436276441	1.0172877292624969	1.3105910796099318	2.5170550205731397	
0.10485162197373266	0.4934198114632922	0.9900429534854198	1.4473797773794022	3.347846270233993	
0.08390469789955211	0.5854332400167974	0.9115089904890493	1.48169284844835	3.080845118316371	
0.11081249725408976	0.5918090843301178	0.9950284624328526	1.29335823432413	3.597990703340522	
0.08782743974464854	0.5291772915233329	0.935309171532286	1.687407914648389	3.1710170563389624	
0.10250625315504079	0.6026731896111375	1.1203815893459732	1.539240731360112	3.6392851936222366	
0.10995050769859592	0.6189489995039431	0.9263652067634686	1.242754377309957	3.0853205533641606	
0.09125559463784522	0.7065597649547303	0.9092580005693258	1.3926510862269028	3.209009446086006	
0.112000501957057	0.6293188812644535	0.8003224352600169	1.4565527899419286	3.3061431404309047	
0.11251578938953033	0.6272387634902439	0.8253407620433074	1.4689191547752443	3.2830608144070976	
0.11677122255931237	0.6334151285989943	0.9382635340728812	1.4200310357839565	3.3663362930558582	
0.08043546044038133	0.401710016590617	0.8785072005435581	1.5247750253090915	2.878907648904899	
0.09117887053994365	0.6148242848900107	0.7746531793868191	1.3279971503672756	3.44977480452189	
0.11286926096891679	0.6476741547312737	0.8169026969262301	1.4269765960132	3.6677558308478546	
0.09753752585368101	0.652211480174216	0.8008836842143685	1.3553167148632972	3.069980318262582	
0.11264797705331325	0.6521939354627454	0.941954681270339	1.5757436565771759	3.540304273161826	
0.09766513253751674	0.584263692316463	0.8496293144523325	1.4395808912390116	3.6843040281020527	
0.07559782547143695	0.6660920193420837	0.708535197261575	1.3854289561204478	3.66565249667617	
0.1031845415482525	0.5027414679923712	0.8160631592057676	1.4527288704205361	3.0930730263213153	
0.10444978001551064	0.590056126316201	0.8974985198952768	1.5296204350937903	3.478068538506979	
0.11130964465959058	0.553081899130222	1.0198615137423244	1.4512365559021478	3.4848703050731813	
0.1273429982343128	0.579825834691371	0.865643905030019	1.7921177659422256	2.739501500140006	
0.1136537067838585	0.6252961726275008	0.9484485793887734	1.3665364646714568	3.709825681354625	
0.10021734187273992	0.42435374694170086	0.930645534657273	1.4189850123719385	3.0746274178623194	
0.09223645560724025	0.6022983805811941	0.9504522209584313	1.4421527463689838	2.8022659713174454	
0.10840231451729837	0.6656858644435869	0.5804211487793199	1.2668335908785517	3.6221388573833986	
0.10463963271948525	0.5501586392336948	0.9506285274719039	1.5125729971806707	3.7358341515938123	
0.09495053380062433	0.6040895495016699	0.7218245209780907	1.316402212868649	3.4278878750830764	
0.11762105633218783	0.6527099256308758	0.8425904835344752	1.4474932255162631	3.572136022400656	
0.09338855867230261	0.6443054320727543	0.8593666426951929	1.3727313591045052	3.115834783202011	
0.09766680957658197	0.66714666140089	0.7760091521676259	1.5931264961447444	3.5347093591888767	
0.10813771068116569	0.6093580110420869	0.8733792050609951	1.3038861890525149	2.9958350514263508	
0.0855916986064224	0.6885370620110158	0.915799711370095	1.3520327008013175	3.4399544032272655	
0.09902514823450594	0.5360300646843875	0.9575986609030808	1.700996195678563	3.678276734253194	
0.11036770376881078	0.5804873250569197	0.9877163811097337	1.3656980742381286	2.850600782840943	
0.10806553546885192	0.5014648882688055	0.9150881883892905	1.457657335998052	3.9419172440173833	
0.10769539481063901	0.5426490303512295	1.1057518155259554	1.293035630759596	3.122954959239017	
0.09234110930728326	0.5520063674182356	0.8626975486955397	1.672088219723508	3.3879093237321536	
0.11129697129445995	0.6828870775209969	0.8977106626135353	1.4887849132490543	3.352451357301094	
0.09075679212189498	0.5486722104323197	0.9340887636803531	1.4648182493157933	3.3259876636569836	
0.10163107380984887	0.5721625851653461	0.974531016086691	1.3801219781166025	3.547660043607121	
0.0859437734062695	0.5865011378368191	0.893784380943081	1.4472563614909426	3.465027573337183	
0.1027385885501835	0.518726759161879	0.837434125327151	1.5538655366286942	3.0023619037238536	
0.11064178950718034	0.5630273404914495	0.9777412214353378	1.2983833018190358	3.2311292304912427	
0.08539242757689652	0.6401123591335466	0.8437078315668037	1.6544687309945385	3.182254474201403	
0.10028692830459636	0.6705184527542974	1.0303594231453703	1.542491992277129	3.5499027532314713	
0.11475378346144437	0.6238720014222197	1.0034492717209853	1.4153126875366593	3.1173038674487707	
0.11272435057838806	0.603288701291441	1.0010885758827703	1.3994617407687782	2.6572813127656656	
0.10620784484762823	0.6051280058723548	1.0126602756852647	1.353938150398257	3.116410589950337	
0.09990292385753433	0.5854595610143559	0.8297880318608056	1.2602374035898132	2.8406634323911364	
0.11430803682890078	0.5584592268551489	0.7422070765010046	1.7380931865715907	3.8502873810668055	
0.11700712827707088	0.6076596967461229	1.0199565606233119	1.426823606544194	3.302750445356164	
0.09321085250151438	0.5840799868207284	0.9439915246353435	1.6596586123927897	2.910277442464419	
0.10336910212496808	0.6163428286229883	0.9825303949073638	1.1633056400880026	2.7595815458243207	
