5	52
0	1	0	1	0	1	0	1	0	1	
0.14683769969099217	0.6000555663630708	1.4700557075078409	3.264770315097466	6.644028253363825	
0.1704379140185544	0.5448743363592383	1.4872856239869894	2.8194681823796057	6.837063837931525	
0.14339943041689623	0.6049338074610433	1.585753733555332	2.9960796570026496	6.10790179860536	
0.13267313763052413	0.6049692143445223	1.4712268055211315	2.555660320993821	6.427350269915824	
0.1334183495062338	0.57842833428902	1.393322997626925	2.8282665003612286	6.212532569664625	
0.1508252362259551	0.5202682474629485	1.6387921387022213	4.110932315550705	5.759676759260295	
0.13939587532097084	0.557121483847139	1.4103533955493464	3.4230054289053764	5.485698425761023	
0.16080342444478227	0.5953488047018409	1.472671120234225	3.217030771767411	5.080612744729601	
0.1571700884581891	0.6617344559729871	1.6453357739295285	3.243826641781169	4.846547710640962	
0.1502326402380559	0.589395903176641	1.5297082227193066	2.8118086513417517	5.579860277208884	
0.13638165164310154	0.578539981069334	1.4039778084491032	2.985601223439957	6.5985666886302	
0.17297398567628033	0.4583386834147421	1.4572872135878674	3.9712691583430484	6.085197614077588	
0.13589849666807796	0.5613419079729883	1.603838154247347	3.0761899958420558	6.589073059137516	
0.14721543352034325	0.5671164387177772	1.5992611995938844	4.016636401826961	6.272235354155333	
0.16249986601899863	0.6913271889711491	1.3786233985410343	3.2596966038318342	5.252471096169664	
0.15919177674050708	0.5412220914224972	1.5806171676524892	3.041636520817624	6.1950569010575744	
0.14690999616952816	0.6961888629274385	1.70369567509159	3.444734155460956	5.730641019919096	
0.16732057355785204	0.677616010385053	1.2146255398137384	3.4230206889578887	6.359142111793638	
0.14446752700699877	0.5845531209448748	1.2716378918820128	3.407449357867896	5.464609692420659	
0.16062542425094833	0.6176299882004735	1.2352197797147795	3.0708717733756123	6.847629305739142	
0.13539836722347923	0.5563043646063649	1.4258965434767714	3.5466016365022153	5.902003032821193	
0.12854108073975137	0.6688120750744899	1.780280643385093	3.152788281778911	6.475445176378994	
0.13765816650424384	0.6746711784497008	1.615910333607394	3.502210020472778	6.524108312586679	
0.166964930747848	0.6045314488172276	1.1303572780408082	3.222459396153594	5.6089110723531315	
0.1444550981616053	0.6234468605211427	1.4786846910928158	2.806869207935808	6.414563358341036	
0.14994508047077	0.6563156335398722	1.4751999279543024	3.3755648061384265	5.762774715312776	
0.161306044963883	0.6420143997152435	1.4669302101615853	3.383245136893375	6.254785531598695	
0.15083871967553836	0.5470154732069223	1.278311715625548	3.078933595249141	6.921286906379517	
0.16754233371892363	0.6543613978753897	1.1798244636171418	3.443066916022557	6.530339017583702	
0.15513987317592434	0.6289049729576378	1.5106292101252643	3.391370365104061	6.106268553897562	
0.13658350882565098	0.5902895299245962	1.151530802341252	3.1262595708460044	6.470630028658824	
0.13339568957407194	0.5500346776791738	1.2425243442625793	3.9669320024154824	6.707298720867651	
0.1433551586891514	0.7481981526047575	1.6072562188708361	3.5876454537813967	5.959250475849	
0.16103433883451215	0.648539210261386	1.2386745965687564	3.3532519692662484	5.951523278346308	
0.15037930510022912	0.6524800165765149	1.6214022398067935	2.8575411584562196	5.498499056798269	
0.1472924825069804	0.6596013521987857	1.3602123320956367	2.948665532109047	6.193639629445437	
0.11818582321845912	0.6049845509484801	1.7591506843654494	3.3979096482450784	5.525770523886426	
0.15150307334605762	0.5555756664661214	1.246795830666647	3.1270689160331715	5.518591578231575	
0.17073781695444726	0.7145384517294865	1.413341952079926	3.133839558719607	6.2125277246181625	
0.1390978586931443	0.5889878580211192	1.4387530135542268	3.009779711676146	5.3078077680246345	
0.15483263335013234	0.62550661157327	1.2955939679522526	3.4006970850402256	5.854767310265532	
0.14307097430459334	0.4932591342789925	1.5287128660145286	3.161302875933412	5.869010265078421	
0.15882946423255734	0.6819807169827814	1.3588215369324053	3.309352602400291	7.0055697173542395	
0.1546256340246821	0.5837227538075281	1.690484965640833	2.828178663416451	6.178729018764824	
0.14297060283025292	0.6366363315604008	1.5004844871614946	2.1007456631068484	6.619440137334139	
0.1549975082580925	0.6902328103893054	1.2881711501462272	3.1693200991584334	6.481666288511622	
0.148250464293849	0.5969355198824556	1.0560993969889176	3.180242039882827	6.821179851795257	
0.16141149579075356	0.6024560949746864	1.2870978852446149	3.184863425022579	4.969725857150856	
0.16398057264048363	0.6398285398582685	1.393384775963101	3.6474091675565603	6.569976682313273	
0.16274779176485482	0.6863646519499512	1.7121764534784945	3.10940680071805	5.738654626441359	
0.14085885521493072	0.5427853168216106	1.2178009990537615	3.1037505022446994	5.904139528804631	
0.13279126191688767	0.5721392935185735	1.3974347781160585	3.12428629811398	5.685393657294458	
