4	30
1	1	1	0	0	0	1	0	0	0	
0.09609519466329322	0.13834010491603138	0.39289688947853696	1.8374961316172922	
0.10396579891943308	0.1500035597268127	0.40306294956299454	1.7628780536712139	
0.0815386866161715	0.14893030087718476	0.3367185294168202	2.033116170305392	
0.11446323148142962	0.15291305982703512	0.34295370051068474	2.1954635472252395	
0.09888228088757228	0.15069519258465244	0.4755693099029415	2.3155810112664144	
0.08251914722974815	0.1892914607929023	0.35810847568344145	2.1653376572931538	
0.0851160901967262	0.1480051920966424	0.34808311384124113	2.0554294625609915	
0.09481940195674532	0.1675678092619299	0.38538333318712403	2.541594467259819	
0.09781824141916894	0.151841396550268	0.3835418143134727	2.391300595391303	
0.111852037798528	0.14081268356773116	0.3515358503196653	2.0858935813126225	
0.09464849151238497	0.12549857089382255	0.38302839110681053	2.259851304735286	
0.10254114077267606	0.14745476339872532	0.39676756742435065	2.525144216336315	
0.1033991723327063	0.1431178458596455	0.40106112410315914	2.4121994756557577	
0.10626622978491324	0.16541897456495144	0.3630647070796701	2.2018381296331095	
0.12209744323209804	0.1569351945752785	0.3474851807895325	2.040419318705113	
0.11815535364708368	0.14967165228703724	0.40818183765384647	2.0414954823017877	
0.09085027024441132	0.1338181019655535	0.39484900674744533	2.5997533298384266	
0.10332309174245272	0.15809233159523145	0.3727868386257517	1.9825312941380644	
0.09345940810875565	0.13411812665606496	0.36770394039288296	2.0081866035508718	
0.10125387116314964	0.1761876329476636	0.4311424552880161	2.115187218182628	
0.09259414252700715	0.1576311054085227	0.30063720552258794	2.2179453996546625	
0.08439186801223149	0.15276046168201374	0.41949123146518535	2.3197039216937583	
0.11284268879996187	0.14659879035117568	0.3879002984715689	2.156029598322275	
0.10500334365805486	0.13014525310960226	0.3768512478058322	2.175201053183131	
0.1030087933861169	0.13772458017782238	0.4252608696434673	2.1473526779750207	
0.10401883389328748	0.13258052457598715	0.3523933385166994	2.09512398179166	
0.11642095809239959	0.1605240054194632	0.44007149639732274	1.9467491327299586	
0.11990777080773701	0.160250703785311	0.4191378459549964	1.8352872532556022	
0.0860079342292756	0.14043191519625692	0.39722681252728814	2.3175905586365304	
0.1010586831847846	0.13580719978442612	0.42499302257423277	2.251626956446556	
