7	88
1	0	0	1	1	1	1	1	0	1	
0.08850204324280533	0.5997223183416523	1.0167759164975954	1.4182919163276004	2.2290477773886157	3.207872655546688	5.9364989819068015	
0.12333976934008334	0.6437064331804543	1.1598391264716428	1.4720223271392971	2.2844511853652487	3.7604714947618447	6.303319511226116	
0.11479870115815419	0.5591380211466841	1.0430406180767506	1.4217716627352173	1.8161568408487951	3.0681824948809178	6.168952368500079	
0.11008913745971649	0.6898781668242663	0.8825398910425227	1.4258443655707482	2.069630029953159	3.3217882054416488	6.455865498579646	
0.08628629756577971	0.6138518872121018	0.8503634671457262	1.4535861837217066	2.4388865933354102	3.292500901598229	5.779805451055159	
0.09515544832259937	0.6276767723906217	0.9432165537597311	1.5495771299186158	2.048980712000797	3.854869802078466	6.433031985065801	
0.08313630305643993	0.6470730001573827	0.9112702405031009	1.300838616557085	2.149095571134142	3.064816387931594	6.145629111274365	
0.09515567428891397	0.6694778043795182	1.0180194702109475	1.6682726965184638	1.9066326310275663	2.8707679745269505	6.038466437256841	
0.10315159905199339	0.5787328315715953	0.9852051672905713	1.2984103836604937	2.3952719272907115	3.3436702764032242	5.473762548262186	
0.09114511063662943	0.5822329042346193	0.6848587053492662	1.4127353191058405	2.021123472691981	3.1314152125373207	5.420122188965902	
0.10284558744238521	0.572141577294714	0.9897243967355899	1.6395807446724784	2.4933631039786426	3.547769192179018	5.019925471297802	
0.11987480617791822	0.5800113897268306	0.8402167980811955	1.1906332459377003	2.1223836909044205	3.3961230993420615	5.884595171721406	
0.10450626224819037	0.5759579277697995	0.9613909829542114	1.4759787691256048	2.4937358981649407	3.6147554114560645	6.231642110587748	
0.11820930047194081	0.579324796043905	1.049445554217549	1.436356980764118	1.8663832457633684	3.600996283253787	6.444356908961155	
0.10674629983476698	0.6543567944137568	1.079402258481592	1.5372033445606843	2.196599676708015	3.337531358224483	6.432527083163336	
0.08935591494978935	0.5758335878757938	0.824956673919969	1.6676632291055895	1.7697293151861997	2.589229069637796	6.692777708727734	
0.09646101825943583	0.5994176547440719	0.8406459721303411	1.590050871156644	1.999270340052993	3.155340919067001	5.08072552969849	
0.09545395444666427	0.6832889569318735	1.0337363499774461	1.2769634644190966	2.688300610673231	2.9226126540899027	6.728998452144264	
0.08565873772470728	0.5587094706745874	1.1091894045785526	1.3490586384180983	1.9727205301146826	3.156835522174063	4.757608431853539	
0.08691689570898181	0.6380648189386142	0.756638323603446	1.3627974912494754	2.450910840067526	2.8504014686568304	6.208273958659236	
0.09981755641685139	0.6461198732844471	1.0715789757498058	1.2649966996193134	2.0709329941504935	3.190728953270496	6.402312137363837	
0.07828376168310215	0.6712459481279697	1.023348661497535	1.4536382214467272	2.190848041236376	2.8020935310011517	4.5388408339458515	
0.09684863746633375	0.5025623391760318	0.9247724447273663	1.4974920320783192	2.4269913215166063	3.236018869828972	5.376596959770807	
0.10393759273447252	0.6774086101912199	0.9919381063132319	1.6040714000814509	2.0845438506528455	3.1864061940168655	4.547562067078846	
0.0975415750503459	0.6973609082742533	0.7650255346195236	1.5393410756290329	2.345165584814161	4.090281243327602	4.875656974675535	
0.11492189218167703	0.6285881549736942	0.9367619986978115	1.5782535720232362	2.1157131300808563	2.7928833012830534	5.479223071029278	
0.09588834412996991	0.5650936370551646	0.7857946063439861	1.7107362989756991	2.7681557853289838	3.3602253112165523	5.923081626692413	
0.08966363658572063	0.5525314903565235	0.9299591902150727	1.5304272547950137	1.8061153150882747	3.134280777551523	5.5623510656948065	
0.13423260270519233	0.5194030516759354	0.8165247649775733	1.562967861488716	1.9500148595234197	3.3288827437513184	6.566291815664797	
0.11653034328622623	0.6152977778992902	0.767656875531038	1.5310873341409474	1.722503607829175	2.792421345127513	7.076932043475196	
0.08554085532162037	0.5648624404731644	0.933812751932623	1.3961558373068226	2.3358506300938173	3.1228788828686755	5.98480520656665	
0.11694246890482374	0.5460065404445681	1.000941019434405	1.2442067398090397	2.1649631936506517	2.982011908665601	5.928586440850343	
0.11342107719326054	0.6029907421444243	0.9014393667670758	1.4230131205090264	2.1352317630375715	2.7172679545950844	6.882481384429072	
0.09744798788312974	0.5802103899504664	1.0064852018758979	1.371415359445741	2.4931767295682943	4.2669023347826585	5.059938534332462	
0.09152119069848151	0.6671619191580528	0.9844989972725616	1.4410136747230091	2.2082994088098933	3.0194829887247647	6.612752994412078	
0.12220232635319135	0.6160111694536776	0.7542532818138797	1.3573866150316551	2.271049093829132	3.629505042726792	5.941079291594761	
0.10412505971073827	0.6304564815594715	1.0502248814492487	1.4884230687343618	2.1687167054590524	2.9257484731307377	4.3646086714560255	
0.11016397794069364	0.5557018973793119	1.101791821815337	1.4756740489043028	1.6762454092213086	3.481543374431781	5.653926221982563	
0.08995379616118285	0.587429816589294	0.8951798268139979	1.3970707519899785	1.4923012511128089	3.2071035091115365	5.830174411967033	
0.12795106896116662	0.5439420380544143	0.8873809405490989	1.4616486805108124	2.176294256643912	3.405256788434095	6.020772229737426	
0.08969732162047056	0.6649753991397791	0.9255192671071499	1.362170282805511	2.005377835933948	3.2262473132256413	6.915162830628976	
0.08751801715604234	0.7074075502008482	0.9615567219914967	1.421537606138123	2.1894872243871717	3.4058299344863463	6.4971450479011	
0.09321093934329588	0.7262991768322573	1.0050228128731984	1.3707852782623835	2.1711781928705602	3.133262269289399	5.314384606490497	
0.10164470235562018	0.578159991555359	0.953559123913521	1.5591362635810035	2.2886649419245586	2.843526861847511	5.923443863076402	
0.08819753695041439	0.5354197653863453	0.8169542729591319	1.2856634205176265	1.944739345624826	2.5377376800547604	5.948319943772203	
0.09192508181797501	0.5560509822603688	0.90223984579613	1.4609638886230853	2.440021679765908	3.0455161892186844	5.681808451674304	
0.08940720186200485	0.6167974993578825	1.0648087785557963	1.2588033398081355	2.276103408374212	3.5546379811736037	6.277992196597204	
0.10595942030997572	0.556304371557434	0.8500906239501607	1.6958067922318099	2.044112843609863	3.1934408290488934	6.188036727375177	
0.1018900410957419	0.6601104348015541	0.7512026318892223	1.182152582831019	1.9916407955914868	3.0704762513950445	5.710328949659636	
0.09837492915430954	0.5307794194794603	1.007337518763768	1.584517422421477	2.2659952860444905	3.0167622832257814	6.742576438747861	
0.09798018493893455	0.6264785010041175	0.8411377476194828	1.2178567423833964	2.1699012596828275	3.845446260783453	6.184300774212746	
0.11172674098906077	0.6358651384639987	0.8498969131897802	1.4059315106286372	2.3325009030190835	3.662401243476314	5.912786313785974	
0.0773157210769983	0.6368534329710476	1.0039441289364348	1.5037455721338326	1.5669857158014633	3.1374696277858725	4.885701670056021	
0.09654702122185951	0.6519861867978934	1.0111893938171674	1.447460172209366	2.448859159120777	3.380785542545242	6.920881977889135	
0.10826524262109836	0.6207897572380398	0.8423943788101583	1.2045980258820896	2.0673935491288984	3.1878465251879815	5.848448655714538	
0.1068267135597729	0.6793004977781635	1.0762981127023674	1.2265527447554854	2.2258689096645106	3.345511883416637	5.341699973263538	
0.08393693275315926	0.5128169583825893	0.775648820445074	1.3267648840836626	2.2664658886226126	3.127525829881321	5.268113002562874	
0.08479569812913082	0.576696476491233	0.9204834803166456	1.2778240643690095	2.033152104708226	3.160131508710477	6.655810504344547	
0.09749240234322733	0.5426211227133486	1.1951502758141683	1.2571261036544663	2.298575383096917	2.9636681300406886	5.353371245780464	
0.07940636096070278	0.6384055640078946	0.8349326117117749	1.5641576529529637	2.118545467403901	3.2637298202112337	6.702951576649293	
0.11380499758389997	0.6324559780237548	1.0119756027907818	1.4534102896544931	1.8629675340024434	3.6285098832508025	6.103194474702177	
0.10453700464760869	0.5968414760364211	0.9768972395290281	1.3955905207420582	2.3640002101519437	3.5337348518942395	5.632049665664622	
0.0978761503867197	0.6263077394583181	0.7573326504060747	1.3341275431545916	2.1306263516606463	3.0516749334267357	6.1434977649022215	
0.08882698401929089	0.5936986900314934	0.7647723026204977	1.3570429893211997	2.124236792808513	2.909824785098751	6.197595373024672	
0.10314710424775947	0.639940829400608	0.7382251939817565	1.5429360540156696	2.3392803221262493	3.4887301900036967	5.692575939593457	
0.09554312367030811	0.5737342680151186	0.9539020374507514	1.3197185393807622	1.9173028896587598	3.0509361611849246	6.558415985430851	
0.08505316143602187	0.6506690964689783	0.8302633125910409	1.7072331792550774	2.454458038351435	3.8239538437286598	5.426474443356975	
0.10298148969628627	0.5534182720318596	0.8514852254844714	1.5070188020775774	2.0679829044382574	3.3199392844941378	5.917237873773663	
0.08589524390724163	0.6478996164172937	1.072145677398721	1.687886404611003	1.9596494818140298	2.831921739648117	5.252435896011408	
0.0992080174292227	0.7486442340560169	0.9122901423008041	1.5593633886652838	2.067209868864165	3.126240387832846	5.214203132043343	
0.10609776646217979	0.5639352012339995	0.925108552072516	1.6046882743261934	1.8274580707739898	3.141340827077972	6.2252308726243575	
0.10036063425885947	0.5168521031202257	0.902451839485415	1.6574734628198249	2.171805925211914	3.0499470971201417	5.657449141259926	
0.10465060127296302	0.6819933719427185	1.0638245448313346	1.3145664248406044	2.5167543419975162	3.2173890043249687	6.506117535743765	
0.10704792986986218	0.6706812118581228	1.0986149518591743	1.6099031317601735	2.2514257024133153	3.6332423500578606	5.386402601788182	
0.08274443812216045	0.5521214500150465	0.8339925883377901	1.4105343818864942	2.2440176411702684	3.150614635055035	6.034686373390174	
0.11151601606650219	0.5853861097321452	0.9395708257421413	1.541300726437301	2.0367483540763653	3.248128294826994	4.73895690889942	
0.08371414464891574	0.6770550333446214	1.0843374753785657	1.2098392275732663	2.010691090303964	3.768222610487116	6.11133644162132	
0.09931728897430797	0.6538240172216403	1.093755095857254	1.4539050427775015	1.891802112524522	3.285139684860294	6.657481256413869	
0.11320806727280575	0.4564481492551363	0.9840370835193724	1.5216686833034223	2.053333811824284	3.794223927490621	6.16964773480127	
0.10405435837514575	0.6033024534860101	0.8997631391964257	1.4418076927223602	2.4852904879929723	3.1252052007091184	6.221681846899918	
0.10456809672650527	0.5271567636091508	0.9839937027206155	1.390916176493581	2.0007343230643975	3.9047072907736693	6.649231037156431	
0.10745294153447996	0.46998801078890545	0.8498682159806491	1.4613218538479607	2.179898716362744	3.1949501848988016	5.541631041930364	
0.09104981695310062	0.5658214928258845	0.8714559797680681	1.389404088959913	1.9292276702226887	2.720694989573499	6.557797466985308	
0.10461105478692229	0.4801519162332499	0.8450794212899427	1.530472479172122	2.2175614527748433	3.6298961536511936	6.261805872493005	
0.10348205169222008	0.6831543376019887	1.0353947026084391	1.4651570368035343	2.421889861566515	3.836504956711433	5.825050139306713	
0.09337896134194058	0.45796067144778885	1.0161320059833494	1.3788530196437785	2.4434073349099674	3.153699288729229	6.080800519008834	
0.10984319540843555	0.4824211773770745	0.9939726188375281	1.4130099012612896	2.1728766478166475	2.7147936271275546	5.911884461711999	
0.0929976923621506	0.6361280003551537	0.9021193418989718	1.3784248912769683	2.0993464850910346	3.5625832377272246	5.790287671036368	
