7	90
0	1	1	0	0	1	1	1	1	1	
0.1371158610536183	0.3516250414337447	1.2509473073362831	2.2166666780732878	3.3641450285833785	4.352024058916178	6.266302815362181	
0.1486562802019353	0.3593151527584106	1.2171165863874427	2.0898877470453847	3.1598649895475246	4.613141974640605	4.983523683666871	
0.16840562351751562	0.4099371092060093	1.5133081845961605	2.266806940312882	2.9734011569384733	4.659742324265566	5.753835491132762	
0.15027605907373764	0.4245975432186764	1.352197608711651	2.3984645031122813	3.1698131886991296	4.000819075504661	6.430652055782927	
0.1608483990507862	0.3783932361347766	1.2809946743635883	2.366788055334292	3.167623263339863	4.813553778059414	5.292270926978151	
0.18374081069591608	0.41931093079348597	1.5793765978642271	1.8885380147219766	3.00559419607924	5.37055464246438	7.68055217909331	
0.1377694463121287	0.37186496103347305	1.3315923516795998	2.357881358324461	3.3433342258384755	5.130581838663077	6.1320670052465776	
0.16376915190850108	0.37205088275337433	1.594131124638206	2.5318023036015096	3.5560268763286373	4.879912082326528	6.6168774550984075	
0.1624656463648719	0.37039228830808263	1.2982716623584276	1.8471923017955922	3.2710644196554677	4.372206924871561	6.221428994613434	
0.1547832982684304	0.38001102801063374	1.4713647206572027	2.0739600775322087	3.016524914221291	4.441813883362752	6.393732871689007	
0.1709001905014952	0.4626258669668428	1.5568791594349718	1.9793503236484211	3.2294328422364535	4.925321351692321	6.605131217584093	
0.1281014860727703	0.39834323835459917	1.208428325565713	2.4075601376939733	3.4417165447022784	3.010024276534085	6.550375187152368	
0.16683689913581687	0.3665366009545489	1.6366751661430303	2.1175504206933584	3.355441225859847	4.461320168953035	6.024301403124687	
0.16451681258348028	0.3331714554388691	1.574302253994548	2.5286516781868347	2.8657409165317174	3.7877971500475036	6.438515887840982	
0.13215902918614958	0.38630360439770034	1.7099321813534427	2.396449397527691	3.590227703251233	4.468178022585395	5.749817930261866	
0.1643953679557289	0.477042085331294	1.4870053300076016	2.007952153858106	3.1367587502941268	4.2053033171577985	6.972919787151325	
0.17386639215005004	0.378576168696312	1.315709715939496	1.7343083285167802	3.0715186804148296	5.094583322695537	5.818629514089543	
0.16985234623960202	0.3496229752648552	1.3467552098121465	2.272799229275823	2.978869587622702	4.717896132010573	5.556570819345292	
0.15546920204211095	0.3482794407895765	1.4546052523506707	2.3352792489801835	3.520284611894766	4.128044582657948	5.1721631980714955	
0.14065439892814913	0.3364523768874211	1.5806385407873766	1.8820823696702331	2.9761369214938482	4.91221168649474	6.1885122309371425	
0.1863979740730494	0.34840157756926476	1.227215421833428	2.0944375215254674	3.118708281209435	4.605455128026568	5.380323927515841	
0.15667920898706278	0.37219446913010573	1.604409372674561	2.341958646866198	3.209454869987467	4.36510524266385	6.014748488250338	
0.13364201858984656	0.36696952069240646	1.4740582517388368	2.294362170153295	3.762145100369705	5.1988653646369185	6.767440723266982	
0.14168924970908855	0.4088358688036712	1.5009991536012652	2.375146040100571	3.5674874078395735	4.2714153384053475	6.329259103575682	
0.14829742592996245	0.43215930675631353	1.2970356746458729	2.1552913886427985	3.504287583249789	4.759709691549919	5.19783279345422	
0.15999472135775009	0.41090846751057786	1.2814854154563426	2.1893598701649135	3.322878287503368	4.315202611910619	5.9115960790255295	
0.11146233101481355	0.42095616266933417	1.4340751014530528	2.2527058033911302	3.084127037196306	4.056383195636652	6.271139664397347	
0.15737885850949546	0.34267055448235545	1.3681752493746704	2.240178134385901	3.6172111345085853	3.838625684700065	5.791853438063589	
0.17222906574466784	0.34654860993547393	1.4781645312338763	1.924102867939888	2.962240563320306	4.497788914265077	6.544568025935819	
0.13856747353418364	0.3962784950170635	1.6921585275630813	2.091551142511706	3.489392456850565	4.486738946022516	6.2270364627915065	
0.16465007057271872	0.3251851280216951	1.4782171052106723	1.7847211471218332	3.7932734587991144	4.910210677678944	6.284886711157186	
0.14409729588178435	0.38660883056985085	1.3765295252969205	2.372558392758682	3.353064327724183	4.572791472834972	6.110395259771618	
0.16976978862797487	0.37695701313831403	1.4901038950083976	2.285127378190504	3.795220009500548	4.4288209502769025	6.441171233602098	
0.16153871013139245	0.44879209090837135	1.482199213692226	2.1384331221628177	3.304948117050297	3.682419251313122	5.910975487879027	
0.16744753418413297	0.4209790704030958	1.479745846560038	1.9564754816080454	2.867437958199185	3.993688776435163	6.281502499921121	
0.13740792197752652	0.3969322328100337	1.446946014382938	2.607286928360156	3.585772307896765	4.519803337800665	6.207736509298684	
0.14673740752642644	0.34255969368595507	1.2882738292431302	2.0312581275688517	3.677627922574023	4.966516304312372	6.775544431247859	
0.14753047130240313	0.4094838364015673	1.66784439580176	2.137382310489809	2.8303373984299522	4.0506876250774635	6.6019758431060245	
0.13385785528687505	0.3643748718441226	1.3874914575826442	2.0697497202277937	3.2548150112735335	4.969243688259208	6.054536091924954	
0.15066101911924137	0.35925286584513033	1.927670414169598	2.1359374578823793	3.541598747293831	4.422363132430081	5.35892874721884	
0.15418891689132525	0.34481048880904897	1.4690996894871116	1.800513986753251	2.770884282610317	4.599795485723374	5.951146555127698	
0.1562689493609678	0.3536742409442557	1.333129713015475	1.9600513999733051	3.2821671017570253	4.315472597601587	6.252549345111021	
0.15052416103615784	0.38559897475043214	1.733704928036489	2.286722458980293	2.9209310396727943	4.084650395639476	6.418877980319751	
0.12770719386741008	0.42769211208869096	1.515971259268428	2.1451458050964494	3.5064387293078445	4.806590340918415	5.396393829402567	
0.16223691159028558	0.3811268567883485	1.4234715402302667	2.02563095619848	3.03943500406874	4.9030193452144974	6.430728202054949	
0.13024255199536297	0.3739096586306968	1.6747846823457062	1.8218724219033064	3.129069086494545	4.0389926630362	6.436473485138963	
0.14750923382568362	0.28020177696583065	1.4953955484733799	1.9522331005103108	2.743609664892071	5.378075612653141	5.600094314654453	
0.16263986151609988	0.39068254318492424	1.2867864420019606	2.131049768543479	4.300499466265344	3.7150069674702384	7.2129636650941595	
0.15225933936075284	0.34174804347578286	1.3677591285606865	2.287334845720567	3.6793997246558012	3.956527145649819	6.555235133319776	
0.16472800625809136	0.3821531789700337	1.3406127564047694	2.119487886996748	3.0232456175908085	4.6576327737236225	6.311878527175214	
0.15095156414705155	0.42163929339526596	1.3815219434755561	2.4610774722213127	2.6418130967866613	4.87578864204383	6.155361700451254	
0.14282939899921035	0.36120200453067053	1.3009782524739222	2.349121973044642	3.6879728023559353	4.939197771877639	6.4794708873460145	
0.1502823638854099	0.3868158177912123	1.4636335645779377	1.772712256997124	3.0379632208866294	4.365500247509004	6.181859553814424	
0.17005145512111886	0.30659373286494335	1.2636613845193314	2.4269320392847877	3.8807592665374875	4.350179306214906	6.571898243585672	
0.15303539608249397	0.40774175936469004	1.460134012999432	2.753063576738704	3.5727149259900273	5.095507991941283	5.654252247328445	
0.15443903073568963	0.3594276536378291	1.6217439301548862	2.3223571386975848	3.4299306014783717	3.996560162356266	5.712026773602046	
0.1306133633985441	0.3638476357579486	1.4147763861241687	2.0333029528867375	2.8510137483528446	4.7355522739194065	6.431809644880965	
0.15895510533614268	0.3749016220073067	1.2361410859201254	2.0945624131171425	3.5794776768035046	4.662137418075778	6.555375275723807	
0.16187088588765738	0.3756732888329864	1.4565120804949352	2.112735782589613	3.5459852176201148	4.329040548697007	4.794549662196625	
0.1460464553413323	0.3748950921188422	1.6747624990229508	2.7388524005334864	3.2636977447987965	5.272440144320788	5.098329740694098	
0.13743607708694885	0.27106799722777897	1.5451596142682316	2.3337444755156014	2.8831930594791597	4.847187189348195	6.293432960868069	
0.15529850951996602	0.37513675425161136	1.5134994913585071	2.411338040991424	3.2059231926271887	4.8909424495840375	5.689931900663823	
0.14565374599911574	0.420252617073067	1.346397532087782	1.6824368695304994	3.8586816561881276	4.655377874075831	5.70005187757274	
0.14837930238014493	0.3885940277036241	1.468682619212085	2.170925524887021	3.2655170413426697	4.180143210776308	5.684819557234892	
0.1411547593683095	0.35391699684518857	1.3450936901911896	2.603145179472363	3.5243651366869138	5.767005731074543	6.001740823967897	
0.16902743905687648	0.32205633591231464	1.7194892401626192	1.9957293949868895	2.9990661404724173	5.3352835342031435	6.016379899139567	
0.12841448088508126	0.49253745978312324	1.3025534055818515	2.08028367817414	3.33133697513436	4.693912454278881	6.154259424458033	
0.11674693602210133	0.328768504463794	1.5185808812582267	1.8843386197811733	2.8263857106526165	4.463944258476092	7.258483260129761	
0.1506622862877238	0.40915163156498763	1.698027876272278	2.3930538937521755	3.0253359259623704	4.697293064310626	7.710340065596872	
0.14811215183043341	0.3678066955497428	1.4235331165375114	2.1347262351845973	3.3233988826076692	4.8005818052198395	5.882069782612623	
0.17413084180239422	0.37705976067682956	1.4479807602577797	2.0743358771502867	2.3766543914699683	4.931481561108133	5.406728184064467	
0.1473878605089102	0.32314504908660807	1.4316394240938948	2.2374838021768615	3.066013011330598	4.38458382764527	6.304500696663824	
0.1423771502795259	0.3943313004957839	1.394212531339628	2.2800345922839043	2.8972945792965046	4.133826305796157	7.644338474789506	
0.14689905570589748	0.33377779132984403	1.2106301476941574	2.261824807888176	3.2171516546248657	4.65478684849443	5.969343209948985	
0.13695846975972695	0.42472453607567473	1.4299878700498876	2.4632636051365893	4.100194191072347	5.289628999659756	7.014692741000173	
0.14895235501054171	0.3496927804222109	1.6515843648219253	2.5620669959121547	3.315761256386196	4.518561630590555	5.979428585493317	
0.1484494793330007	0.376865140549846	1.5581496887819097	2.2694501557432907	3.3940631966764445	4.233956309435284	5.3967792970530155	
0.14850162120760949	0.35758810793682894	1.5075808093827232	2.230261844174501	2.506640348996658	4.734155579525709	4.8261309165814215	
0.16279211943352143	0.4396805246617493	1.657525442316173	2.1547988117907435	3.1465594506178545	3.951714497334659	5.342895481862777	
0.17294417975328938	0.36205270986977545	1.4122955071937011	2.5237107015351317	3.9053739303665305	3.4548153596021813	6.574505791298508	
0.1506226660574074	0.35153109107465397	1.623947915153158	2.2070393495292366	2.914753413413285	4.977012147956785	5.184466445742296	
0.16626012777828206	0.39970555293704607	1.3835794575638203	1.9409325784356484	3.6469660383150986	4.364733397085977	6.130535955250291	
0.12294705382718601	0.41038275850150346	1.4997219931803716	2.0549203617421954	3.039507190197936	5.773212628128321	6.806085804093284	
0.158911959922937	0.41156091844145076	1.4846142933221766	1.8566222836398403	3.5508654441173997	4.2814109214029585	5.403062389135116	
0.1650369790849966	0.3619879501954006	1.5422739539578918	1.9483907115327384	3.5742850415610015	4.479493576305636	6.131308036067859	
0.16116876131542468	0.3535167142546001	1.5752383109709942	2.3577877358940302	3.6343162444044026	4.163803885850815	5.319329744051428	
0.15203072227254355	0.3713746942352551	1.562855228939991	2.311811300578127	3.140107094879697	5.398814343307243	6.732897181180663	
0.1323034209919997	0.35191437587064694	1.7888590892582092	1.9324825664423957	3.6257065154342754	4.68879570860295	6.214986817832749	
0.18583287032878212	0.38730704875024013	1.243942620106238	1.919167421006427	3.5601761192532457	5.281665991258319	5.586903064080257	
0.176624664232744	0.3937287024340006	1.469098006317711	1.6176701961960351	2.5352024383182514	4.396990675356817	6.4414544971816134	
