5	93
0	1	1	1	1	0	0	0	0	1	
0.1427418349052375	0.3797418953179203	0.5425893537524183	0.9430030060635395	5.4163156094902325	
0.14243613705820704	0.4714534068137904	0.6872515139635724	1.1817920712151864	6.003392729479634	
0.13792039567249773	0.3713182380063767	0.595712429594761	1.0418687983740957	5.72921371386175	
0.14115834080880033	0.4132661592940043	0.4679664354833285	1.0752745919695703	5.894548256728073	
0.14837370779780823	0.40148061901249477	0.48318520003563736	0.8674789893063359	6.0596529084250115	
0.1532737747895562	0.34750520105821153	0.5819931286573282	0.900001794770212	5.8948681959155245	
0.14621706599468615	0.3870545863072395	0.5285839740540733	0.7930958661189885	6.061220588114697	
0.1415714615851863	0.38182823608581673	0.6262484811023745	0.8730419972845771	4.543593698767312	
0.17327387698427124	0.41280485038170156	0.4612364271904742	0.8110966068520167	5.529160171629127	
0.13183079043232626	0.3599457096981557	0.6210429680870961	0.8717875604913833	4.427933733655247	
0.14017552307669637	0.3809437286145793	0.5607532080444783	0.922621856701263	6.284062118202047	
0.1555249560074107	0.4065163748890222	0.6110690780725373	1.017984908156074	6.426767790113299	
0.14523830769124788	0.3770199913656954	0.6328134896832066	0.8052304749013349	6.090017167094857	
0.13652202384141252	0.3868176760293946	0.6410856743635566	0.9064304594083469	6.264481837449321	
0.15089063408155062	0.38693193132849024	0.6586129535903965	1.0366179479198108	5.8888237385165	
0.13701897947015174	0.37322539441150365	0.7055013790963541	1.0484735582288351	5.936604717958904	
0.1482927081417654	0.42480481540719645	0.683503326549713	0.9627499776744776	5.97400835201583	
0.1490036758584244	0.4006531414876677	0.6100525689840383	0.7139710851373516	5.714104326767992	
0.13248087750769458	0.33802998766923925	0.5747696362978485	1.018824159738038	6.342871576171348	
0.16194882408730493	0.4671377853342923	0.5739970728801884	1.1040811891201026	6.4892628214287225	
0.1554289798180886	0.4084846247511992	0.5572703397954191	1.1041689506458634	6.807259310725955	
0.12585773430940286	0.34055384204559824	0.5731693815462691	0.8789585670880936	6.743802686411314	
0.14550010952601714	0.41671685053710233	0.5825247441820418	1.0057139482143316	6.361878176817144	
0.15142164940935557	0.37356905020437925	0.643029814402793	1.0207292557722851	6.851483107426696	
0.12790521764135618	0.3795645152054082	0.5496626333278879	0.8703789753188391	4.8945345928114845	
0.1593516681672825	0.3989594344659766	0.5743985658436433	0.9524591144114827	7.713411049414886	
0.14943777528757884	0.3330176150634042	0.6336423264282792	0.9260061182973456	5.702633018803607	
0.14887677711132072	0.3886911438848603	0.5772783814046023	0.8841955566326938	5.6455689488241125	
0.1573503285356282	0.3313528398939961	0.5330056390388681	0.8900598212811098	4.7668053813156135	
0.18116391026479806	0.4203648440748708	0.6404853280963573	0.8798525176659989	7.383959596800792	
0.1592636535143702	0.3973318349713918	0.4980165461676984	0.8098481787924771	6.567237052640565	
0.18311522876755038	0.3386318985034601	0.6071373293663632	0.7927319216963262	6.275412368911903	
0.13826912297401336	0.41936091356942595	0.6430795673466921	0.7716634355817958	4.223758978872259	
0.1475791637758032	0.34871075060083284	0.5384514907125352	1.1862013449495745	5.377550017496633	
0.14229735429973117	0.34330099057555935	0.581659005157215	0.917050605645247	4.755589756750589	
0.132454511087522	0.40982969195993985	0.6177588157247518	0.9936052223402572	5.683980073056596	
0.12880754226338895	0.3782169308059088	0.5849439822790641	0.9607617207230731	6.371246326141806	
0.15386034207148927	0.3991214168498022	0.6060807260215634	0.9532451596694616	6.216700531203116	
0.14606031836312175	0.40919263367187997	0.6961213400613123	0.9411088411622459	5.795110489506344	
0.14759924144521408	0.387461838478263	0.6663276972203331	0.8615327305024837	5.897054165717746	
0.16455016003921308	0.32384483484025267	0.7022468124617133	0.7900112394021358	5.830439972022132	
0.15870724608698503	0.3798087668819403	0.5843192851015283	0.8873307234463894	6.409754128407381	
0.16578726048203585	0.4139672592252401	0.6353921349252281	0.9993664921422437	5.028618601666175	
0.1346123541324528	0.36997204547621315	0.49729739908768156	0.8277847834319837	6.82946718250045	
0.1543401811585578	0.4023846244165728	0.6195646881254063	0.8559262186922125	6.151788070045483	
0.14781629650131883	0.3552390225356358	0.6462164170759584	0.9152134937351836	5.251694104954087	
0.14824077640750724	0.41324107118092146	0.5956902625714124	1.0138658452483569	5.797508442071454	
0.14175512848219002	0.3566466873057354	0.642344814780831	0.8985385122645533	6.362233557512454	
0.16411561163711028	0.3968137431007362	0.5429556316159947	0.8906002506454469	6.315502825524976	
0.1456466717990749	0.4511807485139288	0.6087188033755371	0.9755609835339155	6.68112939020626	
0.15343531514121017	0.3873842170817997	0.6900316587102645	1.0052133057391472	5.570289555454991	
0.14721059462543265	0.3636727778644886	0.5905651764547059	0.995293401916892	6.248521744070436	
0.1585048447293029	0.4227623622881062	0.5038125982147121	1.0121983289797203	5.7651152173848494	
0.1519131775487923	0.3530299759548066	0.6174307352163283	0.953720121827422	5.903613812585093	
0.13243307304802895	0.35603654417704494	0.6819358381928099	0.8372032356231066	6.213215545173972	
0.16342980366267668	0.41934250943444507	0.5962858948106932	1.0189723491433031	5.444682609613736	
0.12033840121521297	0.4502257878059649	0.6294231949658983	0.8339283531037671	6.35376462795228	
0.14532941804808272	0.4375527833904065	0.64913773301903	0.8674539989430674	6.464461386315618	
0.13535359139063713	0.310497088261912	0.5231803460912131	0.8810157366722324	6.564319151237598	
0.1585088863210636	0.4411213116114162	0.5539956875493719	0.9092973185739538	5.861215964118829	
0.1493388109014744	0.4048230511556502	0.599721702226734	0.9563263226518164	5.1112807982889965	
0.16071433499241458	0.3978935262541307	0.6621989767057869	0.9172130173870543	5.454515241352912	
0.1382760863332585	0.37444989329496503	0.5561410107537691	0.9564917057418484	6.522097597424668	
0.17154271339763733	0.39274116340831233	0.5803615237334302	0.8448179782666726	6.188451818690128	
0.15648475054529007	0.3641015750141301	0.6706957867196763	0.8557233492851573	5.599563994642933	
0.15200838006881184	0.30359353630242325	0.6200421810395771	0.9194677803213448	6.567634415331552	
0.1481741185343367	0.3553309090032431	0.7115520893751837	1.0271100171039342	5.223679939008869	
0.14119099158251947	0.3637460640963115	0.655782902057742	0.9753623239747586	6.17530142356011	
0.17191993960208035	0.3818053518840623	0.6483562210451566	0.9622625171241544	4.925076023788417	
0.1357675653580982	0.3917239770088278	0.5582760798467409	0.9092786236476323	5.526449855322943	
0.14428364457129814	0.39267997586649717	0.6813449245681128	1.0506542624379442	5.518041908236682	
0.17628290746048836	0.3312503309423179	0.6204089041349047	0.956663881735675	5.033600964429428	
0.1743851974407097	0.40330189520904397	0.6463651422869534	0.9447549000448441	5.5290387248757025	
0.15803780920182162	0.34214006173473854	0.5793632605110717	1.0488108023522424	5.413618660911001	
0.14984944863483776	0.3368485163454961	0.5917581472480683	0.9226906443633784	4.756124820450323	
0.18481650075427455	0.3676696217903914	0.5330600488979685	0.9007617478524044	5.207354022957009	
0.16479313466298717	0.378364532584244	0.652022435854471	1.0016134651829112	6.6083529977269055	
0.1651942804426651	0.3351518578052894	0.5988084397789672	0.780460495141924	6.748681173665899	
0.16396419279490607	0.3949441451592013	0.7114319732060037	0.8584737362259165	5.268766904587536	
0.14501938901853942	0.3552555279254422	0.5419815626156129	1.0928988815162428	5.2324757813472065	
0.16645075025370282	0.4013211246761691	0.6957482821763906	0.9231375201564886	6.028033418308914	
0.15145933153427382	0.3514430531846975	0.5157240762122774	0.8397243462443525	6.431948037830706	
0.142864572422826	0.3898804943762648	0.49136802869795615	0.8884845223080441	5.499110651296588	
0.15692729557267	0.40418340292652444	0.577611105273644	0.8052710145520641	5.29361232217062	
0.1642267845840803	0.34618728534026655	0.5969911726263822	0.886470532623135	5.650999615961654	
0.10379065424747785	0.42801192579755104	0.6377849805778764	0.9199176695680998	5.311530079165636	
0.14036700560788504	0.34848786826862593	0.5344460197847419	0.8131952979818958	6.405913205936907	
0.10706317468147566	0.4016097543407602	0.49314184417363693	1.0299578576551909	5.526023764442091	
0.15579461835737987	0.4019589611593136	0.5862837489731942	1.05548654209363	5.568644851664327	
0.1495911760656359	0.33916636516090043	0.6364265822789271	0.8016513643604729	6.489517534460962	
0.15787626580593603	0.37793664469607047	0.6106504766751404	0.9793209647747982	5.503537878075134	
0.1538949845451913	0.39014963733578367	0.6664236403326177	0.9395908588888654	6.142054614170668	
0.16704839225408552	0.34612285761169737	0.5029645169090504	1.0087761624875458	5.041520705856373	
