6	75
1	1	1	1	0	0	0	1	1	0	
0.1042093442212429	0.14763380087961878	0.3527115551744498	0.7594753135911079	3.3409637821116878	3.861020487595024	
0.09189257909751707	0.1561892293462378	0.3522590015558176	0.5635795140173184	3.5704258905535307	4.903834336038649	
0.09428792935564828	0.16756282796224228	0.3529966102622593	0.7016124691341331	3.424702385830885	4.630581773058906	
0.09615196666049682	0.140870224437391	0.29159306199411195	0.5823512579042338	3.246588963768146	3.6782543159024765	
0.1082338392909088	0.14759442770430956	0.4261590595059037	0.5589803748646125	3.6518367540870322	4.297936093713484	
0.09949714831342509	0.1532342286240314	0.3784168528104265	0.6182614057790875	2.6245217567510237	4.437275514172534	
0.09919578101637176	0.12020278699534855	0.40441387429230413	0.5453187959118104	3.556256997684944	4.538678247282627	
0.09425718122899725	0.1650703808779443	0.4431509480371535	0.6023104040567817	3.696837979621767	4.4207430284533125	
0.10962321857532085	0.1444878419669752	0.4493838876081884	0.6646384373775017	3.4028620410391204	3.3597579599078373	
0.10448816641400525	0.13147600551560587	0.39342361428681183	0.6766499513183318	3.4739240142795325	4.886420582616891	
0.0962697655048983	0.1271309893316954	0.35068500797365	0.5802158129946423	3.245430298434771	5.071107583565645	
0.10730577869442151	0.18329587832438235	0.34195108155082	0.6698380694089142	3.5344907251373847	4.447547030160343	
0.09039033961678923	0.14076781244391737	0.3547848642568383	0.7026400644912466	3.519181398956951	4.8895453270644875	
0.1008767364930064	0.14656805972223116	0.39281876035650065	0.6061479215755833	3.2187903486057587	4.6650099940447385	
0.08934116658837582	0.15400514288520625	0.37578960181563575	0.5571230244658504	3.4582038619323736	5.307832210113433	
0.11278069711658392	0.14576077595380396	0.4052471042548415	0.650603208791367	3.288730822953911	4.489202338490652	
0.10343759427845062	0.1876886825109771	0.3897780570719294	0.5239547464653086	2.909954755168749	4.4229637870236305	
0.08753116126961036	0.14801223414028344	0.46455800524670254	0.5693140457512433	2.8966329111868356	4.406589729841643	
0.09896051233937143	0.1351675889668988	0.33294212121716943	0.6813750628019151	3.4127483114719044	4.282766942906089	
0.08844595329215688	0.14223837510867715	0.3334106350138798	0.5652310615501697	3.92174510230927	4.607484545918931	
0.09381983846931376	0.16019303392790632	0.34465835729513067	0.5756625118993148	2.647394280089275	5.073331071764723	
0.09798270602038622	0.13771853262831865	0.4046806487288473	0.5371367009797998	2.929246250576507	4.329428408516566	
0.08802482135885817	0.14019826989224757	0.372470012011599	0.5935275170754308	2.8194937827954956	4.39005157019438	
0.10580667320344239	0.1612115451080966	0.36109398229820333	0.5886696428042445	3.169458564832056	3.873736973865863	
0.09459841426987796	0.16194342445665139	0.4108603621029456	0.624713524633049	2.3851048872824183	4.14831929244138	
0.10467594434014281	0.17568588927522655	0.37944671682247133	0.6057523744116317	3.2132256863489146	3.9120633487037186	
0.10351926409955677	0.12717978529063365	0.3767608246780162	0.6053429869142375	3.266021939589308	3.9157167784977753	
0.09290973347157194	0.1603310400965188	0.3827685971657741	0.5578515625169753	2.9018817542541013	4.86126461251026	
0.10034362991271671	0.1330386246578398	0.3728312612048937	0.5516335395946583	3.34794839434678	5.064128447505207	
0.08919160479596043	0.1523576128866612	0.3852814113245639	0.47132861849937924	3.5206003354539797	5.44452640753913	
0.10138036355198939	0.17039430008974735	0.33232668055927417	0.5568741462627619	3.273154051182031	4.115843973050266	
0.10038097906045701	0.16505062057884387	0.3464435385212049	0.6628511635927482	2.624929540638348	4.244055666539888	
0.09803067822722646	0.13609563051509815	0.35891708883930623	0.6837686897440173	3.6529778690704964	4.824015417675526	
0.11041212366633522	0.14069444369597087	0.3335320638336468	0.5515439491216483	3.0358192164178774	4.225718264882663	
0.1052813879162669	0.15484766819274307	0.3733248465843904	0.5931553413953791	3.60584974158578	3.918679668404802	
0.10789673067015706	0.11833058699692311	0.3584959648179475	0.6906352064884534	3.3477736150027453	4.290011232684947	
0.10915320356773357	0.15892656115130027	0.401075363747212	0.5879184496740741	3.5619821411598585	4.21024425953733	
0.09308815929314455	0.17811419480457377	0.3610031785288929	0.47808932421711836	3.5953109606527263	5.112585986035945	
0.09764249696951749	0.1185839996443994	0.3779017194324309	0.7243380672856051	3.3158317130119674	4.84621111869644	
0.10826812040306916	0.16456940219104066	0.45077613817126033	0.6648072602283482	3.223766974291735	3.997856594227848	
0.10429714278912572	0.1470982191412346	0.4072378822144489	0.5482277814272433	3.1523010556130244	4.505021860829439	
0.09060792254629722	0.15059790602615034	0.4099005204943426	0.7146083042338501	3.011024310714847	4.907621692267669	
0.08021983528956572	0.14988690687320014	0.3826846775063013	0.6488513684671191	3.08110396499776	4.610141011152043	
0.11108417115460917	0.13309157551252312	0.3055761891870804	0.6647710765229015	2.9258088034901584	4.705627916817686	
0.1195008783450312	0.1625457263424696	0.3430891642759396	0.5122654584575506	2.9969969530560356	4.577773275406371	
0.0975008361491739	0.1704278715067401	0.4053508398193847	0.5561618256934395	3.524972006311687	5.177888201304138	
0.09684916072297692	0.15719372766732193	0.34676628426571954	0.5914951801915631	2.9600981896288894	5.0576805961777715	
0.09498224249591375	0.15660054435747284	0.40413938251875964	0.7865446534134051	3.163636299186591	4.1502847386701855	
0.09927780162036239	0.13724227145927154	0.36147620325037066	0.6436445376758791	3.031701444012016	4.7528869084375955	
0.10596448188014292	0.15374059769519918	0.4054413332222408	0.5823359240110704	2.5991094560877577	4.5266684230305465	
0.1007829243150677	0.1444476562759627	0.40461937280535115	0.6458583547411739	3.3209011125361583	4.544387372656344	
0.11218779907619097	0.13388987670802346	0.36740770853629234	0.6598691528645861	3.424126887667538	4.394236723388813	
0.10390573138813258	0.14177687794597077	0.3861286572258918	0.6412833493306361	3.669857278944213	4.797407664817514	
0.11363630407704206	0.12836042241866993	0.29591693038226563	0.4690524369744675	3.6127184129661467	4.77165934859093	
0.09281685577442188	0.14422659044489852	0.39278614313687765	0.5566016970503628	2.9844104423208977	4.205440833975179	
0.0925949557267993	0.1506628649519259	0.4431955825273393	0.5395733339192146	3.226201444415993	4.707277068405285	
0.10535554128349954	0.14241184661813427	0.40351057012790587	0.6252017382661365	3.1033407775919866	3.891274149685535	
0.08856684373672516	0.1611878316922067	0.4342284345700748	0.6000453054646707	3.705619296869385	4.476428786502962	
0.08855517405092383	0.14685799327714216	0.43669056344780033	0.5637920635856589	3.2058155260229486	5.033535618709046	
0.11116791808907996	0.1545888953641328	0.4003166206633023	0.663770983908153	3.3502817263953832	5.076229576353936	
0.10671939687288418	0.14778155093842835	0.39651177051946246	0.5768734967331376	2.936198831739262	3.986351159606692	
0.09793416302171998	0.15469470514332573	0.4484399343579341	0.6249647916867128	3.3122350047296942	4.455163078026913	
0.09642630864280471	0.1519613710339858	0.3695210341116543	0.580508954452214	3.516751785284621	4.091638975630868	
0.09750079544880294	0.13968576031261828	0.38446897647963013	0.6512255846293868	3.363746510999626	4.40059479271165	
0.10940381455140527	0.163240605700322	0.38150097014470735	0.6955798247855062	3.3863014698634353	4.676591684159705	
0.08797322841064922	0.12474457548066503	0.38241058737497896	0.6598352776834945	3.356764583520028	4.927898644682657	
0.09586480247241523	0.1512374374529384	0.38063420121436775	0.49191053053810035	3.8313987891332677	5.038902705084426	
0.10928433690551054	0.16927390499521397	0.3622568122764405	0.6477464815927899	3.0975012072619403	4.566600075686818	
0.08257765615242507	0.14776820474142507	0.32185030171174833	0.5247516799390114	3.2325467919014477	4.181520651100163	
0.10338956514476899	0.17512429516461406	0.35637495707536565	0.5841138395916019	3.4659659323635474	4.198542222447739	
0.09284604585696576	0.14333332632737128	0.41347346023356496	0.49390710077890176	2.974567642795353	5.188899570740187	
0.06900841118585084	0.14808945210916083	0.4381374600079277	0.7145991975840988	3.5097904132948288	5.027327126120904	
0.09051387073863786	0.1370031630468424	0.4451382363282917	0.5841695675965424	2.6399538032105085	4.68828581148672	
0.0980900282800477	0.15121697581934776	0.289511431238665	0.4411075571887246	3.34833180741877	4.363591248113288	
0.09543137565840314	0.1558572540972417	0.350402534406752	0.5840735533276791	3.1041540816068305	4.898450695226216	
