4	76
0	0	1	0	0	1	1	0	0	1	
0.33139355121610875	1.4621684343557617	2.0292005534029514	6.062144139999653	
0.4705168455758609	1.5568212776345385	2.3536851299901373	5.557203947153006	
0.38387756117451083	1.4514780154398856	2.025789079466163	6.065064833030771	
0.31724341631255704	1.6298107044387344	2.122909951869834	6.405794231193942	
0.40550468316040555	1.4017882916131634	2.4462720130456628	5.614921526840573	
0.3675032312369574	1.6191243024514572	2.551153684532148	5.7280109458534305	
0.3669879747001421	1.3351839780049315	2.503439715755828	6.661719265203233	
0.3456495823820773	1.1739601930101256	2.093652423825263	6.538397926844986	
0.3228568424359305	1.523651146002528	2.0459954186426494	6.347759851205804	
0.38556559612918834	1.4976771455593016	1.8830836920890381	5.774856389085469	
0.3948467561058021	1.6694931790354652	2.1466112635651684	5.8779781634387245	
0.38459070722412775	1.3290636959807762	2.296692837537488	5.651345002894997	
0.40902801235222225	1.5248315339455953	2.026605443270121	5.437393212860922	
0.4105158021139667	1.5650305939388345	2.0627873200269886	7.1803240342925445	
0.42028399655958654	1.3593319666986414	2.2017801610399177	6.302891924170429	
0.46843804941106343	1.1422713559071758	2.133445218044908	6.46483005842271	
0.35636415842080227	1.6721950819828415	1.8180006693713366	6.8096239123817	
0.4807110733875662	1.423140150612019	2.082527189222121	5.921101543684034	
0.4011885247339091	1.5600782289215998	2.1365391233991913	5.799939507374621	
0.3515028507551761	1.3503139491167993	2.1191622553676983	7.1181489294595615	
0.37736994735960705	1.4466503072852344	2.2062206971314513	6.776119771790135	
0.35346903319503964	1.6482161488713738	2.3027727556274273	5.805974340607031	
0.460480791478163	1.5441204811029403	2.171549285377027	6.084566554738072	
0.5349584072480642	1.4957828112731826	1.7981945452314865	6.725831152501064	
0.3744441517860845	1.5800528578040125	1.946890892926451	6.0154480501279135	
0.37170910573057886	1.307019702713595	1.7844508822329406	5.78731842666525	
0.43592165595545523	1.388245572188219	2.176629031287345	6.0382997980761175	
0.2883839326978436	1.5989168461972578	1.8423971593631665	6.233901250944665	
0.3992443785244379	1.3422044281306327	1.9134365676036924	6.124823379855991	
0.3953555581445968	1.4777330733549698	2.0290207174951687	5.658479020347903	
0.40784211540584686	1.3976158033460295	2.11300152967573	6.224245370502974	
0.3938180502458292	1.3839950915451287	1.6227302210433274	6.49913056843315	
0.32604073195142835	1.2767096458841245	2.061371093644702	6.12680639251626	
0.3951060369473483	1.5090463603246638	2.089253244543161	6.133715488040417	
0.4007840480123276	1.517006111784412	2.4766406791049556	6.517579035574627	
0.43347311512290465	1.2677883936944574	2.1251374983116698	5.411039893344762	
0.35670335970457495	1.4822539262455832	1.9732423704348738	6.331615061834631	
0.3551474713470567	1.5045730819777365	2.431500110431468	6.311532261155677	
0.3659991743201208	1.1800470411280544	2.3378864934081323	5.081203128173096	
0.4333523024816544	1.2581320045601287	2.09130224373653	5.438464014216496	
0.4073479088805869	1.3519022734013373	2.063055734331086	6.546886609047062	
0.368891032534737	1.217563333783102	2.3879033575183635	5.603750819656598	
0.35790759521245796	1.4472566164149403	2.141304158707077	5.989569041826901	
0.390076813250766	1.2704912045324541	1.8314515796987103	5.93354540132912	
0.36387800844557305	1.4393265437821023	1.9343960257539927	6.694432590894122	
0.40210170200755285	1.4364669968731036	2.0081781737990756	5.736572905193972	
0.34217490532873257	1.361145034292375	2.7394820648360274	6.347703953273731	
0.41042020505950066	1.6398642824760299	2.1272860922848658	6.667376431682536	
0.3449178829156097	1.610267137553031	1.8243175353469034	5.340222163146919	
0.42310782771078953	1.55669822525087	2.669974681223761	5.155303043135566	
0.39934463977745077	1.3968866099016928	2.234564332160702	6.115730554703875	
0.36544752922417467	1.4344907067478114	2.009763160737364	6.565630587212207	
0.41919616850765645	1.4079164909841124	2.5509810286308414	6.545347232739907	
0.34405976259990323	1.3232277537441315	2.0074814362981552	6.6472065100156525	
0.4420000484946574	1.3682337934876476	2.2858794646196556	5.801345806258823	
0.34757423567496243	1.500960782723738	2.3129439967476513	5.496205957811915	
0.3592540333888753	1.5492885869512678	2.223298815790027	6.015134575467655	
0.4112275684266512	1.4638928256920871	2.5150428780094995	6.335194074011935	
0.4152290918550755	1.4521991342587202	2.2755934410524943	4.160746319525522	
0.3687804086863812	1.3975061015932357	2.195665190931672	6.57616859173424	
0.3681150251778123	1.3457035733368228	2.210078147670182	5.6552819059625	
0.3543009180567096	1.354479215992982	2.2914337116190864	5.120528251414265	
0.44060432918001685	1.1799004902125854	2.334968512755041	5.721677521861485	
0.43204752417628756	1.301377177365235	1.83433452190614	5.015823903920895	
0.348531250076198	1.323372430459546	2.0394223280092523	6.118413587443198	
0.4003387885499966	1.489217200652405	1.8190483136152564	6.025789078703798	
0.41219957411208813	1.5214468330877535	2.3917659815321066	6.07486872978475	
0.3744964977267218	1.6397929350964737	2.0922400649553556	6.644809559918336	
0.4013282744036549	1.367076785562444	2.750774230490096	6.5474966635783485	
0.38339318589408733	1.5288856841327536	1.7476026988597373	6.17904641404942	
0.40436626416761123	1.386175605046008	1.9476288695413462	5.085980638042941	
0.46129500156125175	1.534058883151411	1.8332968993728511	6.7399907114859126	
0.40526178718108197	1.3671179762868577	1.748843140503066	5.776080390081738	
0.3877152096874477	1.7419566524298156	2.155297226529319	5.453277529547364	
0.3716993809563884	1.446464273054826	2.118594973331229	6.187369670106821	
0.4024807357779713	1.4113402470929908	2.64435246610544	6.258453146525357	
