8	23
1	1	0	1	1	1	1	1	1	0	
0.10416043543414905	0.14844263799283305	0.6198240790363184	0.865581487242222	1.4745314776316076	2.0076248943605055	3.079224175477837	4.477056855696992	
0.10906292470602122	0.14331898345556365	0.5667449724937716	0.9423696700123874	1.400156969989851	1.9208228385465782	3.025117091484274	4.075304590881481	
0.11396466869447708	0.1575199164020974	0.6372260871747821	1.0359501175171473	1.562273894879423	2.0549390492896626	2.752982644576373	4.138457405518668	
0.10407350682524269	0.1529911983651626	0.6640655558255305	0.8642609341303154	1.5337730548065502	2.0010661966499854	3.0283965812432645	4.562812456811585	
0.10613272106417529	0.14443214527205886	0.5938826592987316	0.9615269965914685	1.440464820544784	2.0528877706015676	3.213431650877403	4.105783164243657	
0.09523328651380462	0.13511342365049153	0.5305673745767945	1.0026504514496128	1.3026475244520919	1.9934606881514965	3.424359685415089	4.46206903549418	
0.09546287387345773	0.14955237762284326	0.6923156519533764	1.01265532868172	1.5977115892412153	2.260042052255954	3.1730082824416055	4.607779571755946	
0.11545162495963364	0.1608316591358927	0.6416752275360234	0.9006565332273458	1.3397067714823716	2.2993467201596784	3.272122633319882	4.683050549064549	
0.10196525627362228	0.13354848161174057	0.6094988146130546	0.9541958752712263	1.467470598781189	2.1284140109523695	3.0010113432170265	4.612021923691003	
0.112651138627339	0.1453506519369549	0.49553758738366815	0.994569545410814	1.4632903465043847	2.3483222805830346	4.069436489418507	4.150308915764827	
0.09790986845355404	0.16565926628626518	0.5374303253355791	0.8401098555667518	1.4729229562365085	2.085487265083707	3.274416612995006	3.4349235324637992	
0.09166671287720932	0.14158837162038967	0.6043428371633387	0.8252314393880893	1.6607287053920219	2.2440888799260903	3.5006495781992584	4.535733456031749	
0.10216708309118178	0.14320437129867844	0.5822191134589892	1.0199592130315602	1.3527735801694425	2.107734101343776	3.927387851266311	5.039562244482758	
0.11337756726981661	0.16529534899888437	0.6663395055411456	0.8417117576534782	1.365507390375313	2.0050723244897046	3.401502527887376	4.61974177451925	
0.09490958426197918	0.1320171503633904	0.6706812422976117	0.7925778406067293	1.2414397396740324	2.164538189079503	3.6539419395084516	4.5118234754262785	
0.10852694548376159	0.14577062787299358	0.5475049835690609	1.0969025520750353	1.4447826943107478	2.4137261896072544	3.454692483018515	5.174800530266559	
0.10906610393626784	0.1606056720064283	0.5393034584113378	1.0558801076865547	1.7239305729767471	2.482883849807655	3.259618195966314	4.061013871390214	
0.10303904169585971	0.1536164793749831	0.6564629392461453	0.7515364133521724	1.3144398756420639	2.4303017366289184	2.6132176501275675	5.0169123923463115	
0.10613898303628633	0.15798852232999966	0.6478981414283429	0.8391401961180832	1.5349232627641847	2.2077458417937237	3.327291894159289	4.758082982105789	
0.11202666938432236	0.15741310431712793	0.6559823830902276	0.9037598877703267	1.5600615149787613	2.11489450403594	3.3385851481618265	4.146188463529904	
0.10852216083769495	0.15006620311320532	0.6025004356990621	0.8031941887052811	1.4849650427114613	2.058769191240211	3.0688654912229976	3.9611008303754964	
0.10116134207937917	0.14175354553303088	0.4723769941025079	1.0912481697947791	1.2367017228409305	2.4835235988645636	3.388239540073042	4.420571917833305	
0.09962158817311556	0.13265097930346298	0.5925599511299748	0.8679599328035639	1.4865221549129393	2.3405420413677223	2.94947103963817	4.244595249607523	
