3	83
0	1	1	0	0	0	1	0	0	0	
0.18435520261318583	0.3155194666911634	2.3276399232339045	
0.15409279257007732	0.38361596122674824	2.5413757489553626	
0.16024064296101753	0.40778492830972224	1.977868596349869	
0.12363202790950385	0.3628010536768902	2.395030071266043	
0.1552595595138597	0.4432530599096229	1.9327847763365424	
0.16870899984400314	0.32052253822015114	2.18744330875963	
0.11923129191872751	0.3153698061038117	2.1820240739644987	
0.12883558432632533	0.34845136140418004	2.2716263369332115	
0.14950290042486222	0.3592554384165456	2.4200254770656957	
0.13285727622714147	0.41268892821914516	1.921207019631875	
0.16270285615651361	0.3503677064533754	2.3379532526824223	
0.13676058603210187	0.36496715434554416	2.1335450366067845	
0.13075278036893687	0.3726244248465184	2.5350632450338675	
0.13066946067138804	0.4177567508508699	1.6989669814415862	
0.16137939755963338	0.46447134958794706	2.105207184120373	
0.14782286633776187	0.31744438733659053	1.8133703362474904	
0.15843433575067542	0.40584336853194775	2.3103787234069815	
0.15652512367542373	0.34397590804344297	2.124133090574027	
0.12369001833676296	0.3678919580642041	2.434339115122178	
0.13934473948268442	0.3799659131702068	2.5054600741457347	
0.1336179514084401	0.407004335272374	1.800179331993062	
0.16668883328719958	0.3435578729925842	2.671505229046246	
0.13473299598633826	0.4090689117567961	2.5672172350179867	
0.14655855858254724	0.44009414660134355	2.37840725178546	
0.1693593794232701	0.3829288274426057	2.515437627085059	
0.13433138300002329	0.38605336150914255	2.219534095741307	
0.17869503260750189	0.3740536368967018	1.9894483696365213	
0.15918680682069505	0.37985579662407165	2.4382551742558802	
0.17074336416108854	0.3523060045388403	1.6448080075936438	
0.1595892397998139	0.38762479271786304	2.479847088751534	
0.1328179365329458	0.3917462970979274	1.854576776010911	
0.14399961377940476	0.34672989280702304	2.340925341770059	
0.1649822990007864	0.3438549180709839	1.6958457748083704	
0.15481236878970145	0.4410299632967385	2.1542244974803206	
0.16241626467951048	0.4182058493043893	2.1423584816359025	
0.16007461964756994	0.2779210612171806	1.916067956932153	
0.1664807474735813	0.4037689444362388	2.292369480111912	
0.15520301097966935	0.41090567863878913	2.1999130067124626	
0.12809606604877716	0.397694749787858	1.9233715044308985	
0.14038008825930193	0.4026123931908	1.8049377063962606	
0.15870335421133921	0.33706774600784767	2.1475642542680227	
0.16080213635323118	0.37817393088677304	2.1294167459951616	
0.15817191706317132	0.4289746322508814	2.445913991856559	
0.1582623089400572	0.4625580608778473	1.8788342998973069	
0.1461550176204631	0.3627179329211931	2.1655959246127057	
0.1723854977869261	0.3470235836381092	2.2975149267454107	
0.14118975622727925	0.34761175438159986	1.7864719216752285	
0.1531879850188899	0.3171015089018746	2.1705809009692207	
0.149908283058892	0.3708545045756379	2.0322784565440846	
0.17577540876449077	0.35253171333969646	2.104849209205218	
0.14958640919912364	0.41851532638587213	2.3037513521061403	
0.1392666762558178	0.41419350465224236	2.173073615411353	
0.16397396865254021	0.3482329915200955	2.1498612085668904	
0.16055590491007604	0.393113055122561	2.3012914778239226	
0.16823161558594604	0.40081961913200526	2.1681082505139475	
0.1505864748603211	0.38483454435307674	2.048097896808519	
0.12549230734487626	0.35849487009855846	2.022424866911623	
0.1428274755587648	0.3784812541759341	2.116454108776961	
0.16900350073476925	0.367023489185844	2.1322836133961696	
0.15018783314712789	0.33580767259344013	1.9940878519996834	
0.1481716568827373	0.3844660539127363	2.0707457692710887	
0.1333109491525191	0.3895792571370198	2.332861489075185	
0.16094294305370124	0.4348541166038325	2.321347362451873	
0.14438011181815721	0.4307871768200623	2.6026762224456577	
0.13658246163247106	0.358083627406453	2.1262238710297594	
0.15378877231074906	0.36380481847244883	2.0329550594408285	
0.1332693426302478	0.37712907015865776	1.911024758620824	
0.1644013309247212	0.39300146343386205	2.0799722492087707	
0.14962878885253636	0.3868694572715619	2.0388749585906925	
0.1688078326044839	0.43067739772586633	2.302161649038062	
0.15082832953918748	0.4440574257872576	2.3012590123973915	
0.1652958789357471	0.3481534638474767	1.9564108173785513	
0.161717624469538	0.37957850907280216	2.1867402729720307	
0.1272521619708947	0.3491065974753315	2.110529971294797	
0.15925584253612587	0.3855866164247709	2.2304903249430597	
0.16514920361523797	0.3875586501007508	2.224557260796078	
0.1606299014119971	0.42177894449308573	2.4040582527730314	
0.15563017418323138	0.41086154683204135	2.161472974673715	
0.1484277219810664	0.35928290794782064	2.0961537473852307	
0.13210207370370627	0.4358305752549307	2.361911381443272	
0.15407906389859805	0.3431207830783453	2.379147516003248	
0.15405738415967588	0.3479153218404639	2.5140042994201552	
0.14432127436906925	0.39353740170823337	2.3945640662722107	
