9	48
1	1	1	1	1	1	1	1	1	0	
0.10551591134047565	0.13068818131445112	0.41085135580168874	0.6477587051412064	0.8158137816475518	1.351372576793284	2.210267102037437	3.3229062649874725	4.10413170813058	
0.10435584219696054	0.1524490398077585	0.3689035894565566	0.52718446662834	0.8136193418218685	1.2370305274534923	1.8771739841705348	3.1855959352194163	4.120399699945708	
0.0901732338397713	0.15512715194100513	0.3809963964827547	0.7084217787481915	0.9770058222521895	1.2048508474151531	2.044615396345232	3.1226315718184763	4.32582206223104	
0.11560532324903089	0.13288283256785122	0.43565021776958585	0.6457697120988334	0.8951872458981343	1.376990564647984	2.288725349449049	3.4561273396550938	4.882820809807006	
0.08416012423318464	0.14227382635230168	0.32485929746934344	0.5830418810652727	0.9071580464942717	1.3008655902386905	2.205262573840154	3.020832829828214	4.712539316845499	
0.11019150334857192	0.17751344624019072	0.44980066228315324	0.6570281485812308	0.8838987784233311	1.3445485844819542	2.3688363217092645	3.398401055546141	4.9503964410027415	
0.11456771244416566	0.1518900361567651	0.4016464501496241	0.6419868999130802	0.9987009016625721	1.413487775597265	1.918788633319339	3.040490470730316	4.528006316286069	
0.11069829725721025	0.1461462540771629	0.3592742369017655	0.63919177410676	0.9321762653475533	1.4183453718207095	2.020552136503414	3.274334391718114	4.935620768640012	
0.09247097752079354	0.1506498725611403	0.36880724675647797	0.6272792209863121	1.0172407509302157	1.4520739935443312	1.882541291495567	3.6356242861993646	4.356416934639427	
0.0824388736006961	0.15992757926111772	0.38963392329739044	0.6009797688654185	0.7287100362302653	1.41025838463043	1.9528276518475907	3.1706896044059913	4.569922890131282	
0.10620981493382038	0.1467690833277409	0.38181007811934564	0.6977207656278991	0.9354149236083286	1.3507853127890859	2.2984607273359625	3.2106864890439772	4.77411984647606	
0.08822204540353895	0.1649316578383913	0.3577541697480873	0.6025924434937536	1.0209557912173974	1.5366676158546584	2.222008098370032	3.3220392161350545	3.3015794878296187	
0.07823185932857407	0.1522254308329695	0.3038971333567847	0.7562461627000042	0.8662182233489405	1.4329652107990605	1.995656306255345	3.291831639868706	4.338168463314123	
0.10083258717893513	0.1444906738983091	0.362199141629306	0.5558775004676291	0.8964535742655172	1.5508359712335713	2.5111120179553836	3.180552946729806	4.77531812439617	
0.09546380351032872	0.1539444263923999	0.3967819168120931	0.644437968742792	0.9612883753583025	1.3524955330845347	2.2563121136229145	3.7150949537570357	4.7026985905924015	
0.08518371248529555	0.14064704163395245	0.4023003754722276	0.5737698395646356	0.888465968857271	1.6385756689873123	2.520194075500072	2.773879984484249	3.9537239423653547	
0.11102106706970541	0.1384070013968826	0.34086191057788495	0.5744135308211129	0.9328732117593669	1.3943283591758338	2.4400382679488244	3.37871838040155	4.490425640664674	
0.11346029814073513	0.194725535702473	0.34150730497699855	0.6921405165594924	0.8092966403466244	1.4391994921935272	2.1549966603655033	3.4066898611534016	5.25415800830987	
0.1044322384428019	0.14498480100751157	0.34409510262522996	0.5408644044662609	0.9831494312543698	1.106559858705658	2.724993152113203	3.204550420120853	4.338722535425819	
0.10188130938309854	0.12343363771482098	0.3574695931742148	0.5953911476060971	0.8964332081459335	1.5794864528370651	2.0297254383783967	3.00278578027474	4.453144201220823	
0.10880420123558149	0.15581369513684687	0.3997581815570556	0.5940905935706075	0.9053515271351753	1.5004701870439063	2.1675435345080993	3.3038457063760296	4.795696527364118	
0.11042461611465987	0.1373111291725772	0.36025239557482486	0.6218675408728133	1.0087897048081296	1.372190540647792	1.7093192901969232	3.292436009329345	4.8019957328341505	
0.10158898720479662	0.14938721729662804	0.37626414537342784	0.5661627731494271	0.8655642694477821	1.2767238224914526	2.158071725455066	3.0545504269135475	4.452635425376015	
0.09513681887948072	0.1592810513708168	0.4127528874182508	0.518315718173532	1.0290021302755408	1.5284746545156038	2.321560483025459	3.287722448823471	4.337113901443259	
0.10957904186583303	0.1312094597749794	0.3868138792123323	0.5738715388150576	0.9216064154764618	1.433136727779326	1.6103224967179908	3.0124226253493287	4.340618778263756	
0.08554151694522945	0.16098779748875156	0.39331519626381023	0.5847979230674614	0.9404316588783814	1.298690987654638	2.370876348710348	3.70343186601347	3.9933964470656234	
0.1037812241876654	0.14652323887550095	0.45906088240235704	0.5621131442242753	1.0542444325189348	1.359612231453722	1.6043117461750405	3.2228174868018002	4.417609036644259	
0.09184425361459969	0.16028102871438185	0.4123477163608791	0.5642686908226601	0.9914036900766322	1.431671537624773	2.1564581058770687	3.3771119431686474	3.949719285675334	
0.10916880658017075	0.13432465809449365	0.3512315518314363	0.6399668804692044	0.9912947545201206	1.3988488842648348	1.992433941777597	3.728288241066903	5.373430899749632	
0.10783521767499558	0.13160078676287543	0.38998526679059214	0.5884610537523233	0.9061114283536031	1.5703034531579323	1.9564826409286895	2.998167844875641	4.395039857208994	
0.10252487381956557	0.1537427269158935	0.4322768192247911	0.6495509704277271	0.9596774666334581	1.636985686168538	2.0255855596766965	3.593968973341478	4.967345517899762	
0.12066395923967195	0.1593395294958089	0.3583747485257971	0.5758606468695722	0.8580478170537036	1.8253186429346167	2.360683527687729	3.4620125866507747	5.354911988152402	
0.10779655818431777	0.16884911921962767	0.40087570180611765	0.599736699550637	0.7426908434203431	1.4251606602258489	2.357001355435434	3.1437592307093065	4.397366885779327	
0.09693777860275483	0.1589036981922568	0.35599548036795575	0.5699234681966621	0.8430301713327014	1.3403249950337486	1.9383120724014342	3.193122623328437	5.425875683674882	
0.10761301445923498	0.1487428288083948	0.4157395143062756	0.4784980634509006	1.1196298327978023	1.4996260249892517	2.0877598798225177	3.052667434199109	4.613530991833368	
0.08749237532146875	0.14007345059400647	0.4488216917059791	0.5365252174345713	0.7334438931869882	1.4982668526896445	2.2756915170425875	3.30653248738275	4.726734689591735	
0.11681891450303217	0.1568447066555417	0.4353963908927061	0.5518831949195053	0.8671873683785749	1.4310642759871486	2.2888619141305266	3.1890089444122616	4.326348345644529	
0.09189193622967118	0.1485078459928457	0.3169505728456721	0.6092399307750803	0.7500980989404209	1.5978417441322554	2.0363376448871224	2.7036092336167763	4.671461671481301	
0.10507144153031248	0.14042504041862708	0.36225119943144984	0.5936323525578635	0.8587302122225643	1.383799395590133	2.486244917513426	2.616315476062581	4.5100707930150685	
0.09554181031460761	0.16268236949945142	0.34635226955798193	0.6258830439215853	0.8187006987720938	1.4985039157725129	2.7266748538368297	3.555589470377761	3.332154576722451	
0.11499239860911724	0.165230850099544	0.4061584621955641	0.5621412012288477	1.142526743025835	1.5564280273357063	2.3315494022885925	3.2231061882846106	4.686049590982362	
0.09797800435701974	0.16368935853465308	0.40168598717041704	0.5120408808402848	1.0183176177056341	1.4012934260232748	2.493766406772811	2.919788184250449	4.803346230609499	
0.10134164969541025	0.14319812177638722	0.39298975980775697	0.6291006776567537	0.9000999836384388	1.5626746817562782	2.206453423260073	3.120991275353925	3.7474915937854565	
0.10786624391405245	0.16180960401169062	0.38472925572170663	0.5447902089928107	0.9866401018295625	1.338428448020438	2.3127843197527866	3.458306639366805	4.6892411064356	
0.09699568521322996	0.15397737136546277	0.3961530856783512	0.6172592003714051	0.8880533075785905	1.1474401330241795	2.0769335912572098	2.848856933903545	4.407869131192985	
0.1090899550340339	0.17258134874461598	0.3975650282490979	0.5138194282548502	0.9835374624374104	1.3948885437953158	2.148616169147354	3.026706821679361	5.231987703876543	
0.09576155272307404	0.13373953759797466	0.3379665723392645	0.49507839007168514	1.0793952194021053	1.2479755284765783	2.1069405991607257	3.462491529562462	4.780458528528807	
0.09971584110047038	0.17235630349118827	0.34492013756187534	0.588107537540241	0.8624224553325684	1.3157113768963282	1.9775434848707598	2.9812292888274547	5.068159709663202	
