7	60
1	1	1	0	1	0	1	1	1	0	
0.09634473048184942	0.1667882851362085	0.35629225779824153	0.9852614142856317	2.0844250695549884	3.082533417154373	4.691588187945319	
0.09969521005542131	0.12948487978536624	0.3689704820267278	0.7890698451590749	2.016667409029531	3.0852884352246184	4.557231782539684	
0.09731772691769017	0.16235710732301603	0.41684831085861673	0.9643823651138869	2.343293401631448	2.9754484818615565	5.1957944622958045	
0.0866210029537147	0.13216743503061373	0.40124102052076566	1.0889904537332773	2.162989406103347	3.7646807130305096	4.37232332345981	
0.0960424214657275	0.15745929499566222	0.39838024200446676	1.132927376627478	2.1010093065177617	2.9406549844221357	4.536121093607637	
0.10375426487051598	0.16463927489561342	0.3723774057035301	0.7830500894721499	2.2948767766595215	3.0649782441355566	4.962010038858847	
0.1070485046043169	0.14372902857499723	0.3553882263198569	0.8693441161875072	2.203771345191518	3.3851965627422644	4.45186730843146	
0.10166913047067333	0.17750558026942057	0.44639708588734756	0.86496761193402	2.3992556944575023	3.252756552751725	4.153790247395134	
0.11004929844037746	0.14066059175308143	0.35622698867309577	0.7872501784608829	2.128879973958519	2.9968884694365703	5.164171615970874	
0.09906321973647893	0.15049203778861775	0.36132733813699525	0.8572816308017657	1.9409715015257658	4.04611964598407	4.465355564490123	
0.09352048456279316	0.15165032326182845	0.39520137127207733	0.8281405288599152	1.9961137113223497	3.404979455352193	4.245729105380157	
0.08739037765754848	0.14163256275006686	0.3424890450268643	1.054145912196896	2.246246407887692	2.4138340434117658	4.3150733554301866	
0.10912651337920075	0.15919635771172397	0.35942380448382166	1.0187966377917181	2.0435051960554125	3.007684612365247	4.1984818505296975	
0.11283530320919632	0.15000419654563593	0.3589657835174889	0.8455816455558801	2.0808805053258084	3.0836434943792717	4.078148253745393	
0.09646943740103242	0.15485786699172607	0.5028694872828922	0.8931311141249593	2.174671488982078	2.9552379138690212	5.379507003901759	
0.10124860014855318	0.15726164214209984	0.39623489332569034	1.186570933735198	2.3341461630713902	3.331908213322758	4.532243524950645	
0.1010048659276984	0.13845777703499862	0.3675563421907879	1.035376698319774	1.998710031086547	3.1250600022350454	4.364291162185515	
0.09223399079511521	0.15250917861766	0.37863701142498857	0.8296321195465775	2.0039216086608356	3.1860465373201996	4.086364821295546	
0.08646289125633744	0.1342553478626542	0.3730494451822692	0.8727434633662005	2.2372368226965786	3.5866908109128257	4.120706816637198	
0.09117455687106575	0.15922020863996297	0.3824648759762319	1.0341014037558711	2.101662105699975	3.3178234708386167	4.919983022022858	
0.09511571370504818	0.11829565082117123	0.46295827764927167	1.0249957320113983	2.0021870730141735	3.0730715850354056	3.5750877218231683	
0.10670785617871892	0.14454466699124016	0.4393317199989235	0.8722875148470897	1.8616316188981585	2.9756634537031754	4.816989298912126	
0.0808265974216245	0.16584531599304295	0.35254535639354084	0.9534471847806225	1.6848329881841198	2.72213409980822	4.7811567201167104	
0.09428408552339798	0.1624790803400486	0.3549314862955871	0.8721504022608408	1.8408416264641638	3.235864212750237	4.155792268635423	
0.10577238337660307	0.1743654092185966	0.39522869099555374	1.0803270775709441	2.079354790896999	3.7756995392753345	5.4775545364390705	
0.09632824773952356	0.14018344791286894	0.34077434073408697	0.814055949065627	2.089707195444539	3.2703297674464773	4.2466092798702215	
0.11267428112788314	0.14758427149205566	0.42816111074236574	0.9660406300884977	2.441380836807728	2.816698900060683	5.00930501995561	
0.10240623980897241	0.14626197008078395	0.3830180662568153	1.1191358399121742	2.311787365587407	3.5621593243986682	5.026260556114169	
0.09914233037479275	0.16068655925557135	0.36879833418079483	0.9130242776579747	2.086518514606377	3.1816905057942564	3.743886055689531	
0.09759356065476199	0.15365320184679748	0.36131282480847365	0.8726186992353309	2.108643314785565	3.629712500348174	5.241484565833142	
0.110266094147609	0.19016230010089552	0.46014844117688486	0.9303872954373944	2.072682363255895	2.5872339621572276	3.8407879132620932	
0.08631147162666439	0.14874029118628276	0.355471186958615	0.9235309084397565	2.344265482741781	3.506660209253524	4.223874697867178	
0.1077137213994214	0.156353077701859	0.3871788259278655	1.0222245722040573	2.197839318643358	3.472825455576623	4.170785110733533	
0.0914981104430427	0.1624505591902148	0.3694004601312967	0.93138446809363	2.21118278218264	3.143170878963189	4.720223928340529	
0.10167006955869629	0.14253035761333754	0.3435553957243465	1.0072636409026936	1.9738596800836405	3.457939660195336	4.208715600212873	
0.08887122736885787	0.1333948687120105	0.37326343618947144	0.9550940929654707	2.2916849979463474	2.990054970213835	4.578226857169204	
0.10903993882574264	0.15712026831682205	0.439465047256584	1.0033659940984827	1.9944953264703276	3.210799456445285	4.748584763751269	
0.11739560929938145	0.14413639054911914	0.32958293147904566	0.9913697621298706	2.3247838842211674	3.1715960197044244	4.65276749294964	
0.09019037788209339	0.14810898583332915	0.41621441222766464	0.9104902764691815	1.7670188762152421	2.8069597830706137	4.511715094890922	
0.09635217931362795	0.14080302281327958	0.3973347235384695	1.0316198344889262	1.757901284620307	3.0519577930907507	3.9513811296188606	
0.09655489141517355	0.1591523238540868	0.3784230470955942	0.8442904988125861	2.274081746203329	3.125818787148532	4.4636018407816955	
0.10280728661245474	0.16300044629333163	0.3687556093294265	1.1028175731363328	2.1011792913801037	2.5002214932101547	4.150055753297117	
0.09897001327744197	0.16119904916058791	0.4378744003958865	0.9627804756221929	2.193598714133041	3.274677097693895	4.886171082775565	
0.10777043900673595	0.12787945997425368	0.31294687631031703	0.948413322818802	2.0731330817301297	3.075464714555477	4.734358929068877	
0.10515459411837236	0.14379851656982237	0.3420070937814478	0.7324227965303809	1.824858400678888	3.32030617113332	4.850404180668413	
0.11070822225381223	0.13683502363962313	0.4188810139235085	0.8715648570715723	2.1024191698963897	3.6492560687117748	4.530873788553908	
0.09779147752477274	0.14839041281213064	0.36773560629009694	0.9922332211808124	1.9025010638953654	3.3869506932371496	3.7956756451074383	
0.12314349144814148	0.1667986677654619	0.3965948261164185	0.9501436754140556	1.952484945795346	3.568620786687485	4.765480320401364	
0.06964273596520196	0.15669488033961668	0.4022364156472613	0.956166204933304	1.9166835903364992	2.5759398607094863	4.949244582040773	
0.08606368338868439	0.14589212368983034	0.3570143061772021	0.9797591576626167	1.7944943383567555	2.6144518755385464	5.129664045129231	
0.08872138143018914	0.15413813415117159	0.3877541169945827	0.822109916981854	2.3145295700077564	3.787836345900645	4.308835108856006	
0.09740157165517399	0.14843536580818883	0.4091654575661969	0.9511022134674784	2.063769552036619	3.338642428370533	4.26034784082231	
0.10101991889963922	0.16396813371049052	0.3764429552528615	0.8797941336394903	2.087669201343176	2.908996918051114	4.108151560223452	
0.09944992516328766	0.1411866665866432	0.3847210751295577	1.007844454285792	2.4044196725929985	3.0614516341042135	4.4017897497826395	
0.10610384502012078	0.16344673353924943	0.32863936498036245	0.83963348372219	2.2455639509538172	3.2231669105883896	3.9575652625467317	
0.0944074000279368	0.16149271798018047	0.4178635803635481	0.9623063247626872	2.0694434163748765	2.7115725773516424	4.834619873438176	
0.11111744485283565	0.14167578211568635	0.4254689813118073	0.8276270247627496	2.2692458978743164	3.131365797795261	4.157954455596257	
0.0895521416779358	0.1476321423179037	0.35519263608006146	0.8796507644079836	2.2004251924500173	3.63394467010514	5.038146093827491	
0.0786575524951159	0.16621764493167393	0.326728786737618	0.9864419214575979	1.837940983986903	3.3004401815012976	5.03971568459908	
0.08522184986944231	0.15545672675153852	0.37541386623512507	1.1137901366936542	1.9747941850402595	3.3424492391101333	5.1760162852462255	
