6	81
1	1	1	0	0	0	1	1	0	1	
0.10270937679287667	0.14428039025878125	0.3837187624032009	2.270743489924875	3.675232395215091	5.9481713979098645	
0.079628402294131	0.15177867555778213	0.39479563509437926	2.02704492243684	3.547773827546923	5.012178628072536	
0.10522895493446544	0.16136471673426597	0.3877219219944633	2.1326651135525663	3.378081655832346	6.492690663365341	
0.11036973467537517	0.12492592459169627	0.4226615876877209	2.193320801069021	3.084052899113226	6.141386955095012	
0.11293391826444775	0.13654949225801366	0.37672841294965	2.298973897599214	2.9972961423521745	6.033775851801094	
0.09091870107668648	0.16153138997313032	0.38269090613368073	2.0825837723526464	3.1514945517459902	6.0588412973622	
0.0798746860403216	0.15059519193939194	0.38745227636658824	2.196744675290861	2.6068961229827243	6.358682422035532	
0.09113633707541381	0.16107923424032827	0.41412570628161643	2.5717551410816473	2.7143018333944915	6.147662803042934	
0.09599586169878103	0.139524872731111	0.3804225165729591	2.191035971483624	3.65746351884522	6.465367022980377	
0.08606413610825824	0.15959557143022365	0.45573186994962717	2.376944894841663	2.8211876736783337	6.187587543445867	
0.11555329619009108	0.15523279088266054	0.42362967418363934	2.0809975666480884	3.3274042799182832	4.476775042941949	
0.1182258114120589	0.16053663012499875	0.3554830055646543	2.552328800525301	3.096304323901614	6.205878162681769	
0.10003482577563194	0.12797564977846368	0.38268542155232393	2.1112294951595105	3.2245620900072973	6.329252583391263	
0.07795215608149332	0.12754031986493808	0.3467785665879022	2.3667420900739513	3.2984552138489516	5.332644640578018	
0.0981961571421928	0.14814749337748864	0.27838333939466103	2.3161733041892254	3.122898809315693	5.976777705752504	
0.11099414381182214	0.16595450164359976	0.39968093222439377	2.1829841115105246	3.1385009296947506	5.839994773949913	
0.1033096643084853	0.13904345025523296	0.38491007160862695	2.2704570211586232	3.3334625525765627	5.994250964168837	
0.11885250071845116	0.12664073267320833	0.3340869691023814	2.8555935272971547	3.4204814246600486	6.046180897521847	
0.09996617586756558	0.12515844891179298	0.3650240006464439	2.2630262836366795	3.048168684386058	6.425240506721253	
0.09465489621060162	0.15093703806887365	0.4229253756860813	1.9606850454983829	3.138836165199278	7.200274187737252	
0.09943371787474274	0.16504409350741292	0.3677062437474014	2.02504055389391	3.2523244391052435	6.034915122244151	
0.100921114664762	0.1493127541974347	0.3994197959201655	2.1295597740157945	3.0817859045956806	6.371313361844039	
0.10836511398916245	0.14426936381295766	0.3453957473847301	2.3523977185201446	3.597513780942479	6.027640310022758	
0.12317714885208818	0.18526721019504291	0.39548528311537895	2.1868914769004024	2.7601430317841413	5.516266858841225	
0.09771191053159332	0.15480047619180656	0.369428429642652	2.65257528678599	3.093909684843514	5.206957123996415	
0.10527903490353901	0.14668938120734712	0.44591423936458224	2.1218845010580365	2.5513768161310932	6.321008074641631	
0.12394924190105637	0.1362643453451779	0.3928442467815815	2.3509883795964672	3.16931823763073	6.001302866292097	
0.11228523050400879	0.131098790375811	0.39103642339404215	2.1019666875013687	3.3840526972212204	6.475817819570853	
0.1080772541845422	0.16137633021712366	0.43152841878641146	2.022774121768984	2.872965272618761	6.386820053951342	
0.09202641442839594	0.15259589880521449	0.3024269579873602	2.053762882875599	3.1905081942913185	5.572577261844066	
0.11341016386324534	0.1481782547797971	0.3923538070816885	1.875148028817042	3.382103460046363	7.0009018991755285	
0.09756587912208037	0.1469406821426267	0.32247490155178593	2.4280118196175615	3.5182325304828903	6.258621998864509	
0.10225627246736516	0.16413304435417142	0.3407162901236963	1.8648537115248267	3.235600183887047	6.1573228694268565	
0.11055866975883269	0.16322051405297966	0.42909247480665264	2.1629041791146473	3.6743482790780098	6.137447201987158	
0.09700776487634893	0.1489485864170094	0.3887327406362249	2.1970086226019605	4.030083015555836	6.1027908657171706	
0.09428047383011533	0.15297632001465872	0.3448337426747016	2.238169152774409	3.268619024113672	5.978975697225355	
0.09036736631012299	0.15886562180138486	0.3228915821962315	2.028494822197819	3.297676642372847	5.2957561720835375	
0.10260888890478637	0.16131961692361588	0.4277033049836363	2.1353001124456896	3.2700679963235206	6.533368288483895	
0.09069815488608539	0.14813973161442345	0.372274205797493	2.1136304544773505	3.1322315419848663	5.8912790727099775	
0.10156783034580492	0.14485996593233996	0.33161738282333203	2.2365227081175596	3.22316742378595	5.730374001815032	
0.10242741775471764	0.14060825955631828	0.37460610211249146	2.0777951700136783	3.6199232133940096	6.232427970673472	
0.09339959297238179	0.1842006779762322	0.43144870517660316	2.3267297409869996	3.543344568407421	5.883680318641181	
0.1001721302116506	0.17559954273295256	0.4409268758036938	2.411963727730115	3.3316911479108957	5.984032603143834	
0.10735495571294723	0.15984788942986428	0.4061719844352001	2.0550249330467625	3.6302399073137517	5.90263543354684	
0.10713870627710585	0.14202752218380774	0.35344638726685174	2.141308615172335	2.6672105718214363	6.70878261460114	
0.10062769993972803	0.15777359007538674	0.36405887052835467	2.386206351832461	2.880516976016691	6.527358099409162	
0.09949412274901866	0.1652519783010673	0.4350713083641856	2.133831726783412	3.105919599104644	6.904374773560963	
0.10733255712048236	0.14969803181680222	0.39722909657613514	1.8578450354824194	3.535907194717358	6.42320082399121	
0.08744980836775604	0.15590262562926216	0.4097046234352643	2.1917905231605794	3.2874295114978533	5.1557491559186115	
0.10201074221262002	0.16636487435693503	0.3696729463037562	2.1793565978988223	3.4219118462834697	7.3790184672072865	
0.09842721419645595	0.16778630728318492	0.3759780444212554	2.295164585088417	2.712323483479722	5.695965826532986	
0.07978797241715813	0.13323693252934374	0.3784184063985132	2.4905405630595574	3.5107236312949115	6.838296881090683	
0.08444451628342253	0.1651783776911099	0.39389527733574814	2.2599416929077996	3.184241910805062	5.890589310661083	
0.10457523064006674	0.16162055943287248	0.342807617564383	1.8537388386472868	3.711375651197482	7.229063559551701	
0.11292047868224331	0.169603638600337	0.40248878563567536	1.9047980008085834	3.2903201389184784	6.025419824549246	
0.10944089359892371	0.1410790209600021	0.42306063544111006	2.1952545784467414	3.1182814683228353	5.5141954961520945	
0.08689351368965703	0.18853645001657993	0.32505613650944215	2.0217279376363786	3.691325234007204	5.430993138714042	
0.09093755728186702	0.17340149113984657	0.33459373104590073	2.2045510147994265	3.4947853498979167	6.720452865119808	
0.10676270258178966	0.16546968878916388	0.34434876286857247	1.9806401177330455	3.4010217673514505	5.764590011161844	
0.09690760656432429	0.14644095757396083	0.3525887060257814	2.427840838360393	3.3659926923322017	6.048860886876147	
0.10278657593010324	0.1483766731446497	0.34849586963038914	1.8545147526999584	3.483213336896058	7.241949055796125	
0.11515258638429662	0.14057945856897405	0.3077695736284212	2.412151570358357	3.424727496720584	7.021035618771552	
0.09381533564559526	0.16559963541476042	0.3646401676817889	1.7233478949066425	3.308895381783271	6.517069652750442	
0.1033441678052534	0.17453462726809224	0.40019162507682104	1.8905124397072488	3.3762719057770383	6.574572627669453	
0.1054179303375469	0.13340148408967786	0.4022655281901085	1.7814768275028365	2.5387918279918247	6.318872683266101	
0.09602566941537234	0.15023933002758755	0.3670732324602253	2.012809898869378	3.552111804789161	6.99569802727966	
0.09145477080271937	0.14293752039214955	0.39824625542782593	1.8660289234214944	2.6367004342394313	5.651380866220355	
0.09649694104423444	0.15960137382880585	0.35835550987572007	2.2319773156906653	2.477061897460964	4.800131346680317	
0.11464452905220729	0.15454889457555354	0.3733134573070221	2.199325302380514	3.433990475079179	5.749410959465498	
0.1064825585788801	0.17428999838387482	0.3589719827012191	2.513878339420449	3.2802719842393184	5.4575991441944325	
0.10615766158011608	0.13055986442509238	0.36068208119075745	2.0414768857474948	3.1934503877388916	5.496335635981001	
0.10470813483710623	0.14101350951479197	0.4644043195970257	2.4293744246264177	2.9480321304669705	5.323398403574695	
0.08641641559565708	0.13410525276111648	0.43949409087853164	2.071200434331323	3.0416793293588515	6.181160378025867	
0.10549984267915175	0.1555064070472487	0.4195058029604732	2.1978381317457094	2.798890386228262	7.353858235572357	
0.11576110709617585	0.17437266767396145	0.3879752466294821	2.0961879238795142	3.3660929698290074	6.589863904238694	
0.09767333143973185	0.18405542556460172	0.41189539022033406	2.2075471482336417	3.2698517241451355	6.310068027475208	
0.109383467668642	0.14047828617578811	0.3927781203627324	2.2139272861151	3.2110057450377636	6.524101994238605	
0.09538546413997052	0.15679019856661183	0.34771281928285114	1.916818878588484	3.7482655857313505	5.345684978461527	
0.10876825289254798	0.14658730079653923	0.42151576024583054	2.2236552050976153	3.045872012846428	5.911482405001571	
0.1224671236621046	0.1505375344824005	0.3845645218605413	2.029982900412437	3.26602154401419	6.417087257318864	
0.10679329946580403	0.15199969448302822	0.3676990730223052	2.1039942764216244	2.944346055550019	7.085244783159906	
