7	34
1	0	1	1	0	0	1	1	1	1	
0.11044237173432377	0.39482765216450094	0.5590902085911198	1.849743965196117	3.612422332335574	4.513220643054176	5.023042080213585	
0.1182889657563032	0.38399260537825036	0.5134895335025516	1.9495828218650093	3.4176228745357147	3.885779811872248	5.450866889839844	
0.09419912743342619	0.37966564369095224	0.6280873061833203	2.1495843804233603	2.6899953220134867	4.9746633218850445	6.088921081942002	
0.08592971796390932	0.4194837528224114	0.6079794199624098	2.321803109989692	3.172021614434107	3.975169134742856	5.521023831018429	
0.10167284384425918	0.3618869945035085	0.5623585949772268	1.652229722192269	2.8404356556692223	4.173541531468132	6.327603401987702	
0.10430492130003642	0.3942253145543028	0.6472777867502869	2.2623770517338166	2.861597277027078	4.391272012066399	6.011546204534811	
0.10797524628910837	0.3395868510521627	0.5673980565246267	2.244710538891212	3.197890553449777	5.2494237140436	5.407584348402415	
0.10935166559760921	0.3757647794520525	0.5736570456914477	2.3196623645297074	3.9914992142205437	3.312451922832371	5.633451943941964	
0.08519273582850034	0.3855843778057922	0.5723126071036977	2.2879872535419743	2.721330751227627	3.9714718864375578	5.692048757830065	
0.08931873717259667	0.2962953897099981	0.586916259364488	2.2460056847874603	3.181797532289595	5.213100009077273	5.955290419067778	
0.10519444303444055	0.3827178952655925	0.6203076625086812	2.2324951135807396	3.55930720874243	4.28378812437993	5.9056997680457535	
0.09915439367836915	0.37471629445286353	0.5505620989953584	1.4383545564179492	2.821545690102484	4.806996359075134	6.234253154736183	
0.10158663435072086	0.39539411947300585	0.6170914709331718	2.5743495023027085	3.254981099600608	5.028468527361672	6.468764526427853	
0.0955302494917527	0.34492742684391087	0.5809031086227585	2.127252234884534	3.109900307228604	4.453621628475516	5.496833513232755	
0.09644980009141348	0.38189891781324087	0.5919138662950808	2.2010202590997903	3.099662957274787	4.2538205697012055	6.0705784062219665	
0.10806527209557788	0.3779452853896786	0.6138412113009378	2.2035995465734084	3.221801158259376	4.796502886619922	6.031583054338977	
0.11308607916064989	0.35655398946571687	0.6098742385383544	2.099286110137834	3.1279648707984067	4.206093190259636	6.4128148298064875	
0.10307478002282883	0.44054882174136933	0.5992992408620037	2.31679995186241	3.066930115666712	4.445774257365903	5.340184261538305	
0.1026146142386961	0.4115773168125131	0.6878749559928781	2.122207129987038	3.2894927148906365	4.951295115873306	6.879739257948271	
0.09580422498843402	0.4199336725477302	0.6254026621478722	2.2175353340781228	3.774427325371237	3.6930961675112712	5.57874408060835	
0.0957883161165684	0.4014546441733683	0.5418808232678671	2.2798662845969497	3.0436687256261923	4.768049226683311	5.947833561110702	
0.11831315445855828	0.33924419534139705	0.6408110430092973	2.220603982846916	3.1622198244330217	4.69298907993106	5.65993673508882	
0.10125470785344862	0.3581266657746337	0.611386510505518	2.2257214001187706	3.2079508756132404	4.776139575244501	5.81718285837737	
0.1026797216130992	0.3358066886133324	0.5737560274576706	2.1230270749727813	3.729050667890862	4.597772562564556	6.051522781139429	
0.10917189384441946	0.3473385007773968	0.6292962729487169	2.2478884679429987	3.063278115958264	4.745496218748847	5.182240715964615	
0.1048713939030813	0.44620906744163635	0.6472228110394722	2.1621568273940404	3.0662761990401757	5.285208437395129	4.627813132737891	
0.09468895766095917	0.373775004313712	0.5643010385523453	2.0628873606941878	3.628186725567758	4.314736401118787	6.2744802639720305	
0.09909986920745989	0.3587045602218744	0.6825171490117634	2.0631005365006687	3.643168730242496	4.937571896056356	5.441077511597724	
0.09931911693098706	0.46388411096877585	0.5692983871981709	2.2900006788021043	3.482073037473702	4.278291197340966	6.418605287410459	
0.08595557490114206	0.41372716752011357	0.607483376019742	1.718715831266607	3.1449350027504437	3.8393104531096247	5.468065891281045	
0.09614549205062868	0.4053598078996666	0.532426188876865	2.0592770939085847	2.858593678445667	4.1196013674236465	6.875793748884376	
0.10267360666826025	0.32748589142511425	0.6695158426039975	2.3847501338592836	3.1571236239762337	4.872966333966638	6.991764837979542	
0.10076244791333469	0.34608228454035705	0.6481473337146703	2.008587808982346	3.031053296144296	4.105990112611567	6.390299806880979	
0.11027996988636624	0.3680783820697025	0.6732883945148345	2.0637619650594003	3.211442186550687	4.077970722378419	5.691551354233631	
