4	48
0	1	1	0	0	0	0	1	1	0	
0.15504740882769788	0.34649990998272656	2.646010594586011	4.664899612912552	
0.15290848021460393	0.321449071503351	3.0969913116691705	3.638980047661308	
0.13489679086850598	0.351841422057443	3.432000406827685	5.13496841493716	
0.14493520405477617	0.3682922260411554	3.3762025087685616	4.66044075005771	
0.11667455061850182	0.39011404931798543	3.2294581880607165	4.40987691990929	
0.1489473109472728	0.36270542015192886	2.776786536431821	4.8018341540778335	
0.18183514537921933	0.31905468779463914	2.5979114787451847	4.422630083940821	
0.1462128588681439	0.4027569307667467	3.2240721118468194	4.563559412400286	
0.16662864837804356	0.41038164757167817	3.4685979371857054	4.225117427183719	
0.16386496124341124	0.39966385242672103	3.1998354965114553	4.131389137089576	
0.159276605583707	0.3885298312724532	3.6776558778593067	4.946084164530763	
0.16260801326391888	0.3632185832711538	3.202418920585924	3.959293276886333	
0.14379978173552566	0.4586420101042229	3.74933194942942	3.766444218342126	
0.12657273271232652	0.3549855942407429	2.789824118817183	4.161160052709644	
0.1638020521312078	0.4243792358426973	3.0802970582640175	4.1050034525043415	
0.14492204199797376	0.4241373532743986	3.8926838374524535	4.50849069047596	
0.18910660648159547	0.39126643801065697	2.5644733669019275	5.270554886551147	
0.15259712611107085	0.42983112485060987	2.979312205783607	4.849264453432211	
0.14649882866469705	0.3461370591832433	2.894949451095509	3.759136973988545	
0.13380297767729915	0.383741867265866	3.4234113949902625	4.1401268155330175	
0.12919577224961376	0.4533640762433908	3.0795878641426193	5.218145725803141	
0.14149678768668786	0.3617285027242061	3.4561722335945926	4.341246815944767	
0.17216496024429837	0.40804151654346216	2.7652233112122104	4.29553618928625	
0.1404640065342422	0.4019277265936879	3.4718864900288717	3.725428177202052	
0.1678684562801126	0.3457366886085187	3.675159775886596	4.749525149854854	
0.15805536371197504	0.34166919585973904	4.014927213298789	3.8981683232275963	
0.14579079466362033	0.37560641087832747	2.7424183496336663	4.987768202093602	
0.16852368458042608	0.3884474499876858	3.0706831893781312	4.955547065448561	
0.14799035240731903	0.3563029466656513	2.806539563895727	3.609705291455413	
0.13274761649381706	0.4437760102018938	2.9102177089547876	5.113444691635077	
0.12747514736357057	0.3894458030313676	3.167662032272761	4.369314306412783	
0.13625871244772675	0.37472103080567526	3.610210129388868	4.823118525788238	
0.16128683061401822	0.3869052573422826	3.5286880871845367	4.7577354874995805	
0.14661395280063497	0.4283438075329721	3.4614861798627556	4.289031802602378	
0.14794995321893809	0.3025485701789239	2.828398019739547	4.066068081563937	
0.15993110896874654	0.304641423667709	3.215944792730651	3.9826641893595833	
0.11362965080673151	0.3629284596397324	3.137719406616343	4.332754600655312	
0.16027394394401376	0.3778027592092645	3.087044862573347	4.499582740453426	
0.15092485287033505	0.3487439837162289	3.1619731715679773	4.9475781208748995	
0.16408365831536578	0.38782514638437277	3.155332039848924	4.571188103799937	
0.1682279916073449	0.4226027511637308	3.353289287550075	4.667400649370499	
0.1361785267023638	0.3439117174878789	3.4250285357605192	4.916740944137212	
0.15378574149236945	0.3302201348400167	4.189310552156812	3.9611637224816767	
0.14580695270213942	0.30412668551012456	3.133967017253737	5.048731851801141	
0.13307861286113595	0.40986510770346074	3.219615056606323	3.878868248062584	
0.14832091190715332	0.3221171420830759	2.8798776853642614	3.9035095696568964	
0.15733165797676754	0.43419314685824006	2.861409227485104	4.791876117685949	
0.14631025789995936	0.39850129473112084	2.9957237073622713	4.858259190462917	
