8	33
1	1	0	1	1	1	1	1	0	1	
0.09430116087843658	0.1399949219179951	0.5618755198645699	1.025669413341486	1.4445697505859052	1.901970825751884	3.2940589883164235	6.83344124479333	
0.1118071868690562	0.16524084340356754	0.6154220114960639	0.9108703539548348	1.3639555249372097	2.2581709749785968	3.2776832517491767	7.213114897884706	
0.10347978097524523	0.1483512327693515	0.5780783938074295	1.046391517508391	1.598693497037676	1.6115353606459846	3.6825567952013714	5.969149570894148	
0.09121615345077562	0.14789959983866496	0.5319816128918774	0.8189391353455927	1.5563765242661896	1.8433873085356098	3.7651389845591625	6.072978597173094	
0.09596443676319093	0.1442791721867284	0.6438356372418178	0.8694431740766247	1.3215154157712539	2.3368694148344447	3.1840604450164567	6.808758294186701	
0.06953089556204917	0.15907591974490223	0.591228854950105	0.8975185267952007	1.3886086441584198	1.9069146058174897	3.2993517458198554	7.27700204034713	
0.09888277285211695	0.1527922257039477	0.5623380261440888	0.9763110777913354	1.2901938629972598	1.9190250169316518	3.402116358356462	7.244117084174051	
0.10474678720547446	0.1585537972587249	0.6181544493408102	0.9473741705477738	1.6412876855024003	1.9735020324924657	4.120268381577805	5.142189037269646	
0.08019279557461306	0.15196211420157965	0.4619893619132443	0.8526985770003105	1.2719879593622294	2.292443502297589	3.6614606068099484	5.223969921079694	
0.10956594211638382	0.12473263188041367	0.5735311883735266	0.98916118941313	1.6170325167132695	2.0536753182518988	3.535771219559172	7.080181184616341	
0.11029069593309326	0.17041651653067266	0.597637075202161	0.9660154292694685	1.365143918061169	1.9468036300408482	3.431167800066777	5.15256268325754	
0.10981518802671386	0.18092452180256158	0.626802418072853	0.9583296793861115	1.3032135932784255	2.266014115979105	3.0828907716126803	5.605516392581685	
0.09795307291259443	0.1561622043100108	0.670580220894946	1.0298092967136014	1.5627269549460576	1.7514689345885959	3.6707337122910744	4.445716841811439	
0.09789295167056832	0.14446274039760892	0.6974268486848312	0.9535861666618165	1.4744250933697256	2.4468073294134425	3.351038686702264	7.413853430824032	
0.09404107441022935	0.18127348425667072	0.6514313226849079	0.7440907370027479	1.4007061716350322	2.57421602584922	2.8371945298944365	5.285612021569673	
0.09719189013853852	0.1515177040490563	0.5401122434107487	0.9836077548675172	1.4556918147621452	1.6808256555173826	3.8683339760531834	4.664509534042784	
0.09280932557806076	0.15069394630290386	0.5665247777768203	1.0580257338080254	1.5270659415033314	2.330372452635129	3.219085152197403	6.2402962732371465	
0.11072369475922439	0.15067228573591282	0.5067050535822126	1.0011654738744535	1.4133954456339763	2.506734975099785	3.171499305154868	6.7932975944422775	
0.11638395725637976	0.17443646923919987	0.6419808560026693	0.8511795712150056	1.2882921399421758	2.175324153213635	3.5901672539329965	6.348111216245677	
0.10159236237698926	0.15261995156872535	0.5176002356075693	0.8788891282202701	1.3419543658020365	2.670185613530512	3.2827461877741513	5.819323441193804	
0.10515399481563124	0.15205062445643186	0.6237544942753238	0.7814511370061633	1.3901422865230966	1.982654238919504	3.9439694315852933	5.721943619355442	
0.09252803119000842	0.16667250791346566	0.5898966188438266	0.9383030646317233	1.1903706902573563	2.007564493960365	3.435013037918943	6.245880179795892	
0.09479091092443218	0.12274826351877803	0.6376056327588373	0.9589626684757765	1.3059951546848465	2.27542200578879	2.8947464405669967	6.113238990497617	
0.08215289911777818	0.16395596959413947	0.625069776448285	0.9869592111115276	1.4458569808383388	2.211141790431648	3.381616448781831	5.348045392515186	
0.10565693862248629	0.13384570639894658	0.7237385534731335	0.95845709515837	1.6093075157841201	1.9640984438746796	3.3692540584309576	5.752679607888789	
0.10255733758837876	0.15232499578232836	0.6093861228557906	0.7724432755483484	1.4906498399392385	2.0485550066826375	3.203145175189775	6.753279921601321	
0.09147701403741346	0.14796368468252652	0.6729411782776263	0.7797434128534304	1.4713251320614746	2.355549220973358	3.781528775702376	5.600960396487697	
0.09957412415078476	0.17975544794977888	0.5366859725223256	0.9258693975709772	1.7259906731914927	2.124816818414115	2.949231950966082	5.990744826580665	
0.10866382533242097	0.13074252056338087	0.5694328552922726	1.0447291469032625	1.6157192567750753	2.384127431861083	2.490011957659746	5.022965368289996	
0.10136049034771613	0.17388919165461555	0.7090239836579175	0.8792500426340352	1.1323781411948188	2.1946788943574083	3.570600538018664	6.475522460713671	
0.09834907143088877	0.1659194346484781	0.6805144550929212	0.9380979519617043	1.5823370574018198	2.2011537010122777	2.4410450400021633	5.358913941782	
0.09231606056053314	0.14458032609200452	0.6076046445091738	0.9735713964362438	1.2983951425568554	2.086741815242445	3.2931230436087353	5.735668602332914	
0.09430769737672075	0.16447105849473254	0.7004445470110288	0.9921671823275514	1.230557822871469	2.0010965016496547	2.5438134345903567	5.557283648204775	
