3	34
0	0	0	1	0	0	1	0	1	0	
0.6632794065711992	2.3506095776475835	3.8551752055876447	
0.5550181253062286	2.037543716382393	4.689187709947978	
0.6792181711073322	2.1654698668725185	3.9999567628090102	
0.5767439506493343	2.0220306177634266	4.22018230718677	
0.5991034082917125	2.3092034325697117	4.558420489375154	
0.5464528598347742	2.4942904793923724	4.94713948522187	
0.6917247320731054	2.0693234822848705	3.763313344637672	
0.5205779528202648	2.0503815926689257	4.380136261091983	
0.6028232916108202	2.0983854235658916	4.1060073372308485	
0.6823292464539795	2.4109139205744805	4.468578693880826	
0.605479166270781	2.4345516456777636	5.331832252267205	
0.6003916514034358	1.8763156134476886	4.694350801316502	
0.47453658683606914	2.3051235657681377	4.77025121431411	
0.6267414309883835	1.8573790950225606	5.509045059908786	
0.5363968026052478	2.4008193996518434	4.051758243836347	
0.6019633863159406	1.9735207929966134	4.748301467861116	
0.6580963183599082	2.231530727298552	4.259761696405632	
0.6921139125773964	1.7324708944025686	4.899666204799456	
0.5086741953707544	2.388073345888185	4.9375298564816115	
0.575674051965676	2.12503024963926	4.1993580492779214	
0.5655836182405679	2.2278570455933173	5.029662236464436	
0.6436886132339602	2.3522513913537937	5.188927642248273	
0.6350424189681736	2.378506489487029	4.243505262345232	
0.6222155830429233	2.1634943847895154	4.329987937453629	
0.5723347197018809	2.4064528648260506	4.984751798069758	
0.7013765068274542	2.0182626280672507	4.213139716327706	
0.5597370333830065	2.3620973884512466	4.726680080308136	
0.6142178864836358	1.5528727039859151	3.5817941092102368	
0.6076721514053349	2.4293600739700274	4.932906951241209	
0.575882352538115	2.3355068363098406	5.028163487852374	
0.6099242833809881	2.3072966042514538	4.7598005821771	
0.7461951388009371	2.117864277135463	4.133599717493201	
0.47408021694050884	1.7622402050534258	4.417433652857137	
0.5683179757863611	2.5201993980439763	4.19001225226079	
