4	97
1	0	0	1	0	1	0	1	0	0	
0.10322665998039685	0.6489779765338693	1.3817043723294402	3.211682690391983	
0.1102724976832213	0.6065006336861709	1.4772855915669452	3.7357608667566256	
0.09331726219366432	0.6375353508469631	1.4104823486802336	2.7252958766305353	
0.08724167694745232	0.5757284167898433	1.4681408381311198	3.554706031515888	
0.0946927812186215	0.5028505514726319	1.4427846347215512	3.069526281274868	
0.10455192729623426	0.5833030246520128	1.354706771942204	3.1968279180879047	
0.11152218451316667	0.6085064768376205	1.4873539259112398	2.834512347047503	
0.09556974286839665	0.6293494527652201	1.5635678262105956	3.101630966752263	
0.10785983288579332	0.5486729123784527	1.23631413737697	3.4564913427628423	
0.09746237464830161	0.6476875712158623	1.447889011844642	3.501637665134542	
0.10100380131401623	0.6655680696168433	1.4335476942066365	3.1567741594199226	
0.07988776968229182	0.6254801122628282	1.4326732834586025	2.7339126722525893	
0.09905776811817718	0.5890109081009492	1.6022180837230433	2.7777456195223915	
0.10704278167037827	0.599848054680509	1.3210939360266654	3.0240827389905913	
0.10518208477167992	0.674018734820364	1.1992811710486446	2.922442008063329	
0.1157434250523498	0.691072466869093	1.4109870797943134	3.33332976607566	
0.11045970034699443	0.6822304581273128	1.3994298949545618	3.5396083801817415	
0.1029990881989239	0.6382469729511494	1.2677189070406105	3.0827467075901804	
0.09191279692146587	0.690716985839421	1.3463782757639011	3.5248256036628742	
0.1114081799309811	0.5916686540465993	1.499833278151846	3.0287130628805157	
0.08619034101446771	0.6242824313482359	1.1767650219337555	2.920636455280102	
0.10625077368752814	0.6733903547385924	1.3560795771733904	3.5094638870155146	
0.09569187502893722	0.5606062049676566	1.2303373588485613	3.045606908984155	
0.0863779283349063	0.6731605828406609	1.437488349852127	3.454728262543238	
0.10731192735014008	0.5336847993132731	1.4231664704078852	3.24753104705493	
0.07627983866779366	0.6026533831983782	1.1104075243089004	3.3604791296899297	
0.10389634402139039	0.552926400642572	1.3144905715515367	3.2137190916068574	
0.10436450789378848	0.5733889077968419	1.5459615170544108	2.6968686326828575	
0.09632870110220482	0.5714532472998126	1.3214379068808908	3.347725159870538	
0.09721002640353162	0.6512543976335811	1.6998909578281365	3.696583106144415	
0.094227861094893	0.5529204600926207	1.3630947576819783	3.2633213114109405	
0.09012122030948633	0.5375528062286417	1.4979633124949605	3.2335864891238137	
0.09731077684484651	0.6196099670841849	1.2790863419834317	3.5793795729246596	
0.09690553309665496	0.6443544117437213	1.4987617293082018	3.6510090487896596	
0.09608708370791849	0.6832422127033069	1.4751390761597531	2.960089657056437	
0.1060510204997627	0.5471670256002821	1.3698194758851892	3.2533581700415493	
0.10125247618479756	0.5197977106749648	1.4626011692436927	3.709683032774399	
0.10809535429897357	0.6641633205145526	1.3497645092887052	3.1731373842964725	
0.10998328237885852	0.524049831476537	1.4854563596310533	3.0245265407786266	
0.09707600523623795	0.5806952741360554	1.6162447351501772	3.197197723812465	
0.12011939451140355	0.5793851241972025	1.5376665218755938	3.375083141464073	
0.09925891490354309	0.607351306729624	1.49834393011589	2.999814660358933	
0.09680161725032266	0.5485861349777879	1.3057733866136625	3.0922355940188813	
0.0947347391244773	0.5831270647394715	1.4396547771883514	3.9072663759743835	
0.09234326652678798	0.6439775894223297	1.2032612787413666	2.8116320734485387	
0.10232894846964169	0.5606839354194683	1.4665542138607788	3.7178721724871604	
0.09731231667457926	0.5893911596413711	1.5527069037556385	3.11517099701312	
0.10734422470961169	0.5962661965938749	1.4638140658937453	3.4131047627693167	
0.1116852549610211	0.6331121222359599	1.56135990050179	3.2700513114771526	
0.10282468920571396	0.5423007180682703	1.5714465889887266	3.205706228024244	
0.11322616296926209	0.6413149201291689	1.2039699002785802	3.4033192530962357	
0.09294410468728437	0.491789556349301	1.505375868829171	2.8571623001142594	
0.10564276856765975	0.6669649693377365	1.404240430875465	3.553197041791702	
0.11203393538666045	0.6720354928036024	1.3969828377110887	3.1953511909967913	
0.10659809482246688	0.6860670830220713	1.5882291070598904	4.120970732691231	
0.10003074457850303	0.42503080010076805	1.3957347031768845	3.257504653156748	
0.10340810633251979	0.6320636649761467	1.4725429037393374	3.37806225966204	
0.11829480416876846	0.6076979445559346	1.3378158535119336	3.669711279866855	
0.0919677784481486	0.7062907929890134	1.3242468088418151	3.5984949839666496	
0.09985713503547179	0.7263854425261264	1.6714710514423419	3.0672396378818645	
0.08774440089201332	0.5636809383076673	1.1626136793661768	3.1194385520694925	
0.11550500023444471	0.5474110968263664	1.4494801802472959	3.3187109739069283	
0.08287960194206317	0.5330942500619235	1.7583827657089697	3.188758458564254	
0.08372281775419155	0.6703889037136486	1.585798704676461	3.173174519210305	
0.0955600682072767	0.5996119841956956	1.1880563684882586	2.756861737261558	
0.11105911914016649	0.6837052630495662	1.2735142696521171	3.3891256393655596	
0.10326474035746878	0.6201763136176834	1.6418753143796927	3.395291065548567	
0.11249502243558217	0.5651574478472824	1.2637293943181416	3.399932758999944	
0.0927375418491376	0.5800111144429326	1.4600340561920375	3.1950201124331743	
0.10177161823513542	0.684653011158238	1.1537485696169	3.3910340389799862	
0.0974786777633812	0.6716050929036322	1.553631543614994	3.248494187823722	
0.08464939389429998	0.6186842129838676	1.269994463168987	3.1238624689476597	
0.0991196754484594	0.7098461608456013	1.564218596819895	3.237071238430013	
0.08435903144971185	0.5769702072827557	1.236428312740116	3.251061459426272	
0.10375683243268477	0.6039074782782415	1.254666002916814	2.615728701994274	
0.10417885301118604	0.7208951081790903	1.3909226348100543	2.952201578206867	
0.11935771921388293	0.5869982454773948	1.5626282895459647	3.75512375395171	
0.08589457068453511	0.624070822374172	1.4088360893334044	3.270880117663275	
0.0979680215796363	0.5827952863890951	1.2874529535611228	3.446901952990909	
0.10561101532274525	0.5620893772373559	1.2519471180405988	2.990046815358323	
0.08637300081889354	0.6028781824020498	1.1025218924901363	3.4542842603128587	
0.10665021451263666	0.5476061013048223	1.2240714765825855	3.154628904205447	
0.10832802288439017	0.6000144902075083	1.5278091059315841	3.0930880471717006	
0.08753840335110812	0.6816023409215203	1.3935978118391747	3.6538198424827684	
0.1151578209909106	0.6936425005183005	1.6379722429933763	3.1173488476454185	
0.09484752544674191	0.5359717624880118	1.2558321048868248	2.734499906621609	
0.10300871189661197	0.6777544136261662	1.5284804338664544	2.8579141898317997	
0.11412907112258618	0.5768058127412511	1.4111128093059444	3.3695427586974893	
0.11860717518044989	0.666632813538311	1.2032970710308495	3.4820433541088875	
0.10575548048433361	0.621246879814363	1.38151654240525	2.798222048801039	
0.09978297986355335	0.5735457128262903	1.3428529542561243	2.9599232213672306	
0.09824024292953341	0.6549373740632662	1.5608614778251366	4.039422341668601	
0.10222023116050516	0.6247990640990274	1.6028540640694533	3.5584929778185814	
0.10464631310344373	0.6704453206465025	1.3903523405355376	3.559853487082864	
0.09612336880715001	0.5872794138410946	1.449421768782893	2.954920465266677	
0.10430952292251516	0.5963022635875269	1.6804204886319267	3.071712882218515	
0.09633292972271716	0.7267190074212279	1.407111998776239	3.726943473880643	
