7	71
1	0	1	0	1	0	1	1	1	1	
0.08117169155550295	0.39428728707557276	0.6830884617798673	2.4333205169320697	3.372973845249967	4.352977110911134	4.953968894515462	
0.0970997055632297	0.29479894495091263	1.0321577353241729	2.078987438944594	3.479222265970373	4.657559331738715	5.978012219241214	
0.08704002547492784	0.32882451098809595	0.7668498900130265	2.1568784805309726	2.835992874031191	5.223868068893515	6.469045353355643	
0.11543941346918803	0.35585240128464407	0.9317173980435545	1.9997371857261963	2.9834041777735134	5.05146976915585	5.738463020133393	
0.10704097252370302	0.3836917824980089	0.9396405790364837	2.1733125857585103	3.5042034650594793	4.076134846844615	5.743814206745159	
0.0953303776246778	0.38674687366955895	0.9375844077250123	1.994216986592407	3.4801622205538174	4.950978610131872	7.976968086717231	
0.09540026177274959	0.38474747258028635	0.9041107788942184	2.213634971310211	3.6366391426858673	4.894066566770572	7.383633341427397	
0.1007091302034753	0.3867224256499776	0.772842514233393	2.3717983942327927	3.1804770820897157	4.217950061966965	5.982213365948353	
0.11611584622957866	0.41816136855016833	0.9784526890564147	2.0493172919001403	3.1271953551363634	5.117618045894922	5.55035469048469	
0.09629352994853585	0.3550752595177814	1.1158389441601742	2.0736513128944494	3.081063471208408	4.637383047168874	6.223880979438775	
0.08361545466117684	0.3456324368221243	1.0964238216365292	1.5895025207488187	2.896768597130292	4.567206731443372	6.281309985181006	
0.09596533574705969	0.40726908680342433	0.8762043744420374	2.359866543334424	2.972660117844999	4.608210677154289	5.525505730848131	
0.0977422617615546	0.4315795414956845	0.9955568241943251	2.1957074596593578	3.714532127666159	3.3984184544953573	6.177449884534157	
0.10589571688178488	0.44328130178924374	0.9197350343627754	1.6561980598538815	3.1042659381026545	4.897194112681968	5.774732717701016	
0.09167224359587293	0.36772514455400457	1.0333188914388023	2.342233645030768	2.8341443028269295	4.435661599285704	5.201559310298663	
0.10979687201024169	0.43556349937123917	0.9358758649065201	2.1096542347540628	3.408066708629904	5.2670429319357766	5.369204332643243	
0.09192895133365622	0.3369765977230071	0.7877955485025856	2.1399796559673323	2.9556676478040007	4.233448889971322	5.907924549333066	
0.09400281393222978	0.45631910982811097	0.8815369181368412	2.2347401398493347	3.1573822446533844	4.752818421508054	6.0407543289737795	
0.08673985845561885	0.39649050403574293	0.8030625048867749	1.9282508966489513	2.626576305631193	4.774535624894625	6.689580741374728	
0.10484885300835645	0.3594447192954681	1.1782591664241482	2.281261883058543	3.03915013533145	4.658645370833544	6.221299502729954	
0.11397543500331941	0.3931613899017004	0.9431189423302647	2.3537239113299147	3.950583484280524	4.2695731631116125	6.006668334944578	
0.10307195546097364	0.3831500818786874	0.9234081833940522	2.104626313105098	3.2952595353345595	4.161994429206832	5.5612564308086725	
0.09635143000485757	0.3824698238811858	1.032215274272162	2.236924051050016	3.735873500707934	3.7971748459397316	6.317905506608065	
0.08868907186661767	0.35612614746113	1.0607893613502581	2.07286922005281	2.870057386322535	4.657604648514509	5.46380654163469	
0.10437027567392809	0.37181979181761743	1.0603917861915888	2.3913697014332085	2.674232341941498	4.644938353856641	6.25883888535679	
0.11054580474113007	0.39784367806617704	0.8375248886216576	2.312824561111874	2.886484906889041	4.153303322145652	6.620879302668261	
0.10417323991977048	0.42637586487759377	0.9930767897645714	2.158403442418735	3.5283031623504173	4.297882515978735	5.671758954845117	
0.09460385641941846	0.38681621405474076	0.9279858596638497	2.4875359520452243	2.9448891752340076	4.049863837404927	5.600681178928395	
0.10557635590076977	0.40345209377739394	0.8808983189468436	1.929160540232739	3.4261947264007517	3.90019608372272	6.559444586447788	
0.0829980140883345	0.3624542493701275	0.870965666623503	2.349535572221863	3.1327538531671304	4.682480518069775	5.470370178075275	
0.08001046371604081	0.40003090619951764	0.9327733341874751	2.005141374573109	3.5039951070332487	5.109783358874483	6.680890578015502	
0.09541197041773085	0.47071728337743973	0.7957409725905776	2.432502474119017	3.2445151394308374	4.2539321087595585	6.092226339650887	
0.1132449379388084	0.2887979177965861	1.013151301679206	2.0162073374479297	3.330830192469724	5.478232518345715	5.442250181351896	
0.10662389084021451	0.35440998697694087	0.7432740056990417	2.671822275984047	3.6162377732696926	4.269991762911779	5.965657198198738	
0.096618528529986	0.34934813590331354	0.8465001073274304	2.1145322017229207	3.673074542533893	4.128267392477663	6.370216564152637	
0.10355845860459932	0.3701199264532595	0.8892693519845232	2.2479022296594993	3.4597148938272992	3.528389032365704	5.771371160464342	
0.09843711042155207	0.3668717968769587	1.214471843709021	2.048024368789451	3.5726399332869643	4.348751490823131	6.366743066662302	
0.10452764265966577	0.374504706615561	1.1124004010902557	2.210715042460406	3.139921390337821	4.25029401179557	6.230478901370132	
0.11091211636567366	0.4417351091261381	0.8269625203909917	2.0558610811234344	3.1315208940202734	4.19602089343409	6.700737263847807	
0.09490995083561449	0.3589142502256889	0.9324559486918954	1.7335962789537804	3.104050859276791	5.1997551605896195	7.028962971256966	
0.10919878762058799	0.3701731653700262	0.7994110228391594	2.6012794994263113	4.049488564432252	3.1014643208638413	6.608403124598358	
0.09886006696032493	0.472181755871641	0.9452533837358886	2.0387590296103313	3.371147667799098	4.105825256204722	4.687115518487949	
0.09865502881376963	0.31819960395083585	0.9294138515015695	1.7622652122647744	3.452961238777343	4.018562767649719	6.043689141374037	
0.08542460749805497	0.3231588203065694	0.8671003947186793	2.231988657161765	2.814353170381489	4.985196772465411	5.628194725539568	
0.10331692059618328	0.3818916104442218	0.970892645746633	1.9228049162346603	3.051501777424019	4.263450562977805	5.73010960858	
0.09111142985482132	0.3287897687382043	1.124764610567129	2.193836604321037	3.0968301509573353	4.235295234555908	7.2141018689754866	
0.10870084781991501	0.36068731947621696	0.939200803585959	2.1854519817106652	3.2315815262290357	4.471784811591474	6.54697044456101	
0.10795148268676119	0.4294102306015207	0.9586059797997547	1.932215607053102	3.675708316520007	4.017033579142085	6.9527016189476285	
0.08671313663063467	0.3414760141533156	0.7189140801388438	2.391106582717187	3.5045363149132704	4.176874070947996	5.93035213031275	
0.09153035671721448	0.36656760282892537	1.090339013167122	2.166552164512732	2.8665704500509666	4.242163306281676	5.2948041959882355	
0.10005829418648145	0.32094697454774224	0.9928634456669472	1.9056388631844028	3.0360898520197956	6.087500416486887	5.799509991612435	
0.11340132116836915	0.33517069611645756	0.9975994546320168	2.151218386787893	3.03448987390705	4.468994125651561	6.616950420319222	
0.11214477976140597	0.31772411005161666	0.7838399045884267	2.220623836757942	3.131442256996752	4.2020417929822145	5.932509873778788	
0.09242714808675762	0.3583671213099791	0.9226388624515477	2.1963276640419513	3.683472973366465	3.974057951085579	6.120353577779806	
0.09710922583710185	0.3659608603392404	0.890652088235597	2.2825114147208287	2.6665110716293556	4.7044530903702055	6.184578730163594	
0.09724745271818735	0.3715450856011697	0.8594868440393066	1.9348941383542193	3.176561760619906	4.560576834143159	6.037189159147134	
0.11148928054876393	0.3762786187508917	0.9130628228303111	2.3290539669657417	3.392313704561712	3.387828509343117	5.811492088923454	
0.09868572295521555	0.38402845798353713	0.9142565101786173	1.8439415056916248	3.836475646436842	4.275795971444275	6.742478553838604	
0.08606458052546169	0.46116544656534214	1.061687681732076	1.8463542183404174	2.999238215556643	4.982691209058233	6.1194829735152165	
0.10479421918405259	0.33729603078356213	0.8934051110214266	2.4319176180382294	3.139838487057569	4.469206496609641	6.704872604989724	
0.10511460864187679	0.3988276800951149	0.9602835358903353	2.037602630439971	3.17908638693493	4.3519644069392935	5.748962487223248	
0.09806319051405199	0.39743092024118765	1.0938848025085495	2.642060904752632	2.990783080620714	4.74775095430153	5.792957178619826	
0.08360779364484577	0.3579741667537926	0.8480522313901221	2.1868411365353375	3.2695992318976956	5.187716836224247	6.007208350631373	
0.10670193241350459	0.2922709214464292	0.9392676222169243	2.072430517619558	2.9032250301803217	5.224101717649268	5.97399140119821	
0.09650806888630008	0.32613578910411717	0.813816408942553	2.679721403810619	2.8324275149390665	4.82470056134738	5.635208647464275	
0.10764564581705126	0.35341025088977673	0.9719098414071267	2.0042165469518163	2.7284529904320354	5.1233979326309	4.849100802737931	
0.08824562744274876	0.43676752119790296	0.9186803895031428	2.1135095165352147	3.5774828499841984	5.320588947600061	5.810921371416624	
0.10702048198912838	0.4028989941358293	0.8911663447016347	2.0751987513878394	3.314561815870478	4.704759285543517	6.045041081932223	
0.09814053831805852	0.3620467318063776	0.8226647528845951	1.8008686183020226	3.0569794604725984	4.814304926066747	4.809201995984581	
0.09060186151348537	0.3684634134113858	0.9777471394171156	2.340455632574131	3.541101575526108	5.055957242853455	5.511662377364921	
0.09820594782720109	0.32972561134386186	0.8911373218329073	2.0172718166805907	2.980429621724578	4.1253774371102185	6.712922449128696	
