8	71
1	1	0	1	1	1	1	1	1	0	
0.09197944024466738	0.18062212744683095	0.5606564474609633	0.798915420162066	1.4595807310556288	2.4796568217822235	3.3030348382414356	4.600712663270469	
0.09103308609164706	0.14199186703812355	0.6522234275599061	1.056177796148471	1.3111067063544577	1.9317779434909954	3.042835788220448	4.706110347762917	
0.09032458315717513	0.14894336194047908	0.49336329829940606	0.950484194916488	1.4612303296018025	2.1676736022231684	3.3427012246942605	4.785993732381849	
0.1038833541085616	0.16272689582916264	0.6735827837486152	0.9298144565358776	1.1954616097163944	2.011347957270816	3.512925872314388	4.499785174020265	
0.08764463357362731	0.15503950089204308	0.6258553488427495	0.8931810823579398	1.3465741759981573	2.0619918686849035	3.4405208566768497	4.11647892959082	
0.12198199939511623	0.16517728320880465	0.6366889704897564	0.9016352171309832	1.4130964748752006	2.2289215880760196	3.3068924829893476	4.2823206524330075	
0.11209542873709565	0.18302667317760882	0.7297579175502183	0.9303833146922945	1.2959750721075562	2.070770415092262	2.994985063288899	4.106691950834802	
0.09348549455309636	0.16605638236131334	0.6131323732539425	0.9890266721171831	1.5078294101906256	2.249786355311346	3.05592791402145	4.342254923053866	
0.09099554896521979	0.13447068835515977	0.5429183859909116	0.7673593839977735	1.3859479522838947	1.940880893030118	3.032118407129381	4.063876077482557	
0.10220577204271725	0.1485642475356095	0.5934832970464436	0.9536939902805707	1.3501936957647744	2.3300232491256407	3.3664875519985635	4.647205048468751	
0.09796130296293004	0.16004734310102006	0.5594873248562224	0.9078705143754795	1.6485164516208841	2.169139009757341	3.096743086037747	4.929155614409117	
0.08743852127721798	0.1207727946935452	0.6035066054400451	0.8749850534929191	1.0489739911856073	2.1509772107708995	2.7516575056708974	3.7111460475010674	
0.10650326426457334	0.15722499874483442	0.7054148587242135	0.8810514233656431	1.4942242905791272	2.1469398663110124	3.454032066338343	4.711801770833203	
0.09059343557811178	0.15412537820494338	0.6168035626785763	1.0922856509780512	1.393906028890349	2.01145328238405	3.4663643244486497	4.62387620128713	
0.09660803930957919	0.14822124192794583	0.6570486737064661	0.8628638128301083	1.4485240859885506	2.5492806832624266	3.033016392388679	4.354879401799551	
0.10749919939651596	0.1387308588974559	0.6040369518380788	0.9204445713284723	1.4163547401923033	2.399262601987881	3.781799146930284	4.794276916628771	
0.0796532072240923	0.16107627248585277	0.6792807253943381	0.9824196542516773	1.4566124062269663	2.120425085244899	3.3114782174691344	4.224784664893599	
0.09455903702190577	0.1746481618468591	0.606539822460526	0.9071634817766339	1.4332383474114618	2.234209548201892	2.935031896401781	4.927974691522766	
0.11136267311858919	0.1566236999571252	0.6148140288198897	1.0957116743239734	1.5732189729161823	2.1051849655435224	3.6425073418433915	3.709053266325	
0.0870939305918921	0.1412631772190938	0.6050212900937975	0.9144559800685588	1.478703856981488	2.153101926679236	3.3592118360290266	4.117887439254041	
0.09715177559459909	0.13970760048840433	0.6892527816199701	0.8156376010765682	1.4681088438595928	2.159959502207997	2.7238608977019383	4.113001328539663	
0.11247240809339082	0.15975672129757756	0.5362615146433495	0.7517908664652094	1.612857759483624	2.429644256164783	2.9896126920905255	5.1455135296933285	
0.09368136763720102	0.1619827189838996	0.48058956444141315	0.8765718433195099	1.3671715819818488	1.881803596094477	3.275213231043501	4.749278852355044	
0.10609661390338912	0.15696354553922062	0.6845386769501857	0.9250577630021912	1.39896802198731	2.3365064825436965	3.457918108445327	4.274681984667179	
0.09142837166343468	0.16669189847590912	0.60889955023667	0.9093426968571932	1.4750408789829876	2.1788726342891884	2.825302934752483	4.664164206233582	
0.11142377364208628	0.13133296765946254	0.5526924924791946	0.8504536598986387	1.635768022218524	2.1963455555587243	3.4112086671169624	4.421390415189438	
0.10024320809218674	0.1221578141710842	0.6110111663082949	0.907071557407415	1.5247763804092191	1.8745501098674378	3.1933968265387542	3.6027752437390888	
0.09750620171198182	0.14639289381662784	0.565472242474975	1.0624575310215516	1.4732293172884117	2.1993752753241185	2.8587180700618062	4.395741771722966	
0.09219507757099904	0.14608506697329277	0.7316776431733335	0.9009673434428783	1.23882126003617	2.185570948942183	3.1254026825817327	4.120793492768401	
0.11206131330581115	0.1453062328637371	0.5366386257384489	0.7913463332124847	1.1407249287721324	2.5982994128743475	2.8327038019742043	4.447171232785396	
0.09776389541034	0.13823591096806623	0.6605420599203999	0.9102060782424264	1.4333585175225962	2.3076957216323395	3.0516050278284896	4.452826569036489	
0.1125667517751259	0.14735830403789757	0.6155337471321137	0.9834219975017385	1.8052191788128944	1.902201848791502	2.9312736969529087	4.6527705770011565	
0.08993473774456687	0.15120703601684832	0.5889554364787817	0.8880221008386369	1.6116410604210705	2.191901735219106	3.6374843132669725	4.208595163892369	
0.10113198911553067	0.1305065310145331	0.6517666261589302	0.8167919063844692	1.396205662688645	2.053583482442029	2.957923871687258	5.337781137314723	
0.10943561343281204	0.13710310809991572	0.6095038912197418	0.9789266635468504	1.4447328993167414	2.1332863002845985	3.5649770317330978	4.412174284407624	
0.11447137368486954	0.15849153050119244	0.5635044849974757	0.864379598431296	1.3719547759071757	1.9482092124577604	2.813169770579939	4.641913350660605	
0.09794930507177074	0.16580572383664793	0.5592625814305442	0.9289898669874546	1.440646616143928	1.8589542119979843	3.1778495943958562	4.211104174235729	
0.11347226602366518	0.1463912492799005	0.6074338044847165	0.8175252519625936	1.5111913774472963	2.2747075115576054	2.4672255258861866	4.6404779929638975	
0.10263325432974604	0.15370759928491365	0.6192344536755063	0.7918192578756046	1.4844214738124237	2.156342933738707	3.142294554421918	4.635836236499642	
0.10496544974875475	0.17631594779866558	0.551597106876013	0.9858045664049803	1.558195144647639	2.612501494449541	2.5841276282854007	4.94331170710055	
0.0859183800490117	0.15591492186206826	0.577676146019265	0.9970736603267305	1.6553380256385124	1.9445072418341616	3.072222337784597	4.69365215712581	
0.09162471616264112	0.14055675081086924	0.6108826497183093	0.756348330866088	1.3414237254448502	2.132230421061896	3.23564269675408	4.78553354972564	
0.10034205801064369	0.15482389246357767	0.5541178280960751	0.8856402821160823	1.5816379875713644	1.9552087571666354	2.8435483332334743	4.847883876809941	
0.0972521474620394	0.1409125490812083	0.6079931392669252	1.0193706367480158	1.2534378980094154	1.8083728435193944	3.1292707395344777	4.240876371192392	
0.10811887694542129	0.16008513099605315	0.5429037239531065	0.8791470972983809	1.5291448762050728	2.181200369832718	2.8662778690902933	4.9130401251046285	
0.09793915076688106	0.16545850813351073	0.5373370481843878	0.9374299289573879	1.5040241480459198	2.140571078181116	2.7395834738347893	4.747204603505377	
0.11156238379949579	0.14539060140948634	0.6017356070853942	1.0090646938700285	1.5098379205912131	2.2524859795697374	2.844655302361409	4.8336689052822015	
0.11394206707440019	0.13871434294498583	0.6416398094069136	1.0709637164764283	1.2437432532345543	1.9691472854408723	3.526924350092433	4.724853579033931	
0.09267887405787344	0.16495926533518548	0.6038659084718823	1.0305907988988934	1.273864793637001	2.1098737306530633	3.517043781060996	4.6457228489824365	
0.0949182257979652	0.14172533685342362	0.595131970834671	0.9373773140326805	1.0556587363458132	2.3459420980081593	3.2409824754625065	4.466596358789924	
0.09237828868892753	0.1348526932686661	0.6740266415050971	0.960727787513082	1.4471147661186274	2.1499433268011674	3.31837326786635	4.82705822331782	
0.11209601866299385	0.12404418509660314	0.6404952314242834	0.8993884263986975	1.3057470252238308	1.9725522807553202	3.7724085005468817	4.526401337407137	
0.09709145617588218	0.1273093859041271	0.5676419751902134	1.0505818498577004	1.2796826110100301	2.128521461765273	3.110425805095517	4.593163931851054	
0.09590711739452384	0.14031557550949714	0.6215969246407642	0.8873260849702103	1.6486550373542952	1.9696187799232407	3.597282179568597	4.464361028617718	
0.10228850710900461	0.15614566727082407	0.5231101563534248	1.0350930792864113	1.4411674313930365	2.225799394313823	3.680412101088866	4.527267749735041	
0.09995656457415575	0.1593413225329072	0.5665710045609806	0.9293626475206068	1.132127841274857	1.9756035180014764	3.072774749980599	4.638771113277427	
0.09474697220080076	0.16541568373784896	0.707631539830772	0.9030661229698059	1.4192228953018469	2.046139861704951	2.7417606522296967	4.710467707544676	
0.12681257549413358	0.13798218841655602	0.580536425049553	0.969519553900465	1.3398111117926081	2.353976299863617	3.043908155062415	4.096656694241585	
0.1064359735319006	0.18391942912789008	0.5856394293528088	1.0430106067956304	1.5392564628454306	1.8406892735026965	3.5473902416242264	5.514097164259604	
0.10290685059816392	0.143805939687085	0.6851624941434915	1.0202719825044382	1.392956540047734	2.1378879982587744	2.7439420018972314	4.69317824572693	
0.0939065872162553	0.12762249602979753	0.6782294871585578	0.8981017328542521	1.4858114269495053	1.8548878470055457	3.1061311546364365	4.6559015727672985	
0.10365347050549711	0.13787139392959466	0.5872655849767966	1.021972493784498	1.5377917605785663	2.17072527556962	2.9207497548208807	4.395691017663101	
0.09849231813558385	0.14199832190289033	0.5333384605061293	0.9502894322123685	1.4192720362147564	2.4580954378307642	3.1568104772078867	4.315416489036403	
0.07785944620068155	0.17115529743768584	0.4978509538935669	0.8088496239615306	1.5309162459413888	2.198137542036762	3.276078612967496	4.307535810971364	
0.0840960684956279	0.1554010033605429	0.6377749366791046	0.8277493665517733	1.4639869920255772	2.4097925760987713	2.691020188808801	4.4122727325476205	
0.09136580991859332	0.134436294988083	0.6061343484461239	0.9494440660201763	1.4629763884657803	2.2746370789031203	3.291985420738632	4.885605509798521	
0.09572853644768894	0.16614268257895143	0.5543589387065686	0.7834875057478599	1.5239196571616218	2.166549753747611	2.8310317708934667	5.266951493862273	
0.08312545975705539	0.1667409564956306	0.7154649575301881	1.1580987321949436	1.554992108482976	2.346511124240042	3.715264060571123	4.292445170028834	
0.08868155721058178	0.1767024295522373	0.5495921715074531	1.0454057995111934	1.5625997341422675	1.8346507086462545	3.768099344264531	4.166443205557308	
0.0944777976567606	0.13040103268065587	0.5177492976960548	0.8133223681499473	1.5618493061138037	2.4821645851307066	2.5893293729587814	4.5496109165687795	
0.10082124677867513	0.13356173169419766	0.6272760517399135	1.09171974996673	1.4322283639564628	2.250664253984846	3.4030268025497623	3.619829937600273	
