3	34
1	0	0	0	1	0	0	1	0	0	
0.10190182983217554	1.0362810199265529	2.8434212132236856	
0.09359856287340187	0.9157542006628376	3.0496799460137534	
0.10316546852890106	0.8484428354762652	3.152731321883855	
0.08776781849369947	1.044581106175091	2.4962301220340346	
0.08112681679249055	0.9364704141083247	3.2309508369909286	
0.08907921408864058	0.8402458279074533	2.616130190757138	
0.1000421849167005	0.9776625350951874	3.257907045361783	
0.09290572363038818	0.8513989104905076	2.997392222829517	
0.10723484423493418	1.0348672044534875	3.2158420395589506	
0.0976736380880397	0.9792181842014603	3.219047142144278	
0.09660586393293472	0.8981524431060439	3.581743243147781	
0.10360874412704837	1.0248616702339393	2.9966382992667606	
0.09340524410411304	1.0751095942976168	3.0419938960329698	
0.0835855044141755	0.9691904733040345	3.13547140530137	
0.10156196499438293	0.9905576147980691	3.2754825862390122	
0.08823637774612858	0.8688814574830516	3.122018837209708	
0.10356636936930735	0.9736209681400363	3.006228208968968	
0.08962856208301091	0.7533879957050719	3.6133401040290463	
0.11043098571755233	1.001886231292928	3.1410715646169747	
0.08660558047340837	0.8212426343883965	2.9743058553025334	
0.09288174119793202	0.9685487107089897	3.0127841468403185	
0.0948008638771872	0.8480945692473487	3.473082469581567	
0.11043144877292513	1.0161722424839592	3.333769154689644	
0.11246860527573369	0.7457845353520935	2.787814401673156	
0.0913126539707432	0.9741472261690169	3.7459720063377713	
0.11469398266751724	0.9511001602868852	3.725456454335096	
0.10155692163336263	0.8217247877490141	3.167739319737219	
0.11077097157414706	0.9303516097797707	3.6572844483712292	
0.11599774943942393	0.796688509690188	2.181209618420925	
0.09508894580634625	0.9216918193320408	3.6078394555310034	
0.11515519227545752	0.7942825516697093	2.685438750670559	
0.09730248471789071	1.0918593723335615	3.5147088550164605	
0.09947531665576345	0.8951220758790409	3.065641256867804	
0.11856607826213639	1.1172951440244554	2.7463089274441765	
