8	89
1	1	0	0	1	1	1	1	1	1	
0.10837508567451162	0.1482505932973831	1.0864094496831667	1.17826629470048	2.52375736288922	3.063608235566391	5.417566898749164	6.712119084164231	
0.10364342881658853	0.11963910667821889	0.9915254708472525	1.5803019714840112	1.9455513157084394	3.2149070224593137	4.2043639124768495	6.345427172634805	
0.10412163285417216	0.14949835435405376	0.8995362188870596	1.2439007335122625	2.097775744548263	3.418984803950817	3.7461801531643477	6.052491330804055	
0.09851649246284616	0.1678932844394387	0.9834339360792549	1.3386208884806892	1.8204539754979416	3.1066142237557313	4.402526880986799	5.431136914252331	
0.08646851817689777	0.11580565094058806	1.0007944888604015	1.4436210803602194	1.9090615554107186	3.1810724819684104	4.188465759785919	6.235245298696451	
0.10539210194304278	0.1449212125533046	0.9616982942302186	1.7553765800598227	2.0197548745380196	3.0459621777787116	5.22652020035267	5.709880232551309	
0.09840744517202261	0.14833376223457503	1.097542512825501	1.5038015388102333	2.1071060068332628	2.97071605316939	4.425481292874393	4.936592832805584	
0.11477463993365998	0.1701464040019553	0.8091169794966209	1.3499721483606546	2.4877657603715626	3.1810801994227056	5.144135114065896	6.084029800208471	
0.1048134041377738	0.14196532621903996	0.8152712596707196	1.4628192796522108	2.0467704087575145	3.2165798892135373	4.428690597384916	5.8794476802863285	
0.10492676567368797	0.16456289705541455	1.0495725507565807	1.3116349181893063	1.8381157512311195	3.114091220034996	4.627173342339244	6.008000122149831	
0.10654911205727141	0.15311599705147752	0.992060403545969	1.4400492039810935	1.9990897836067199	3.0462318757503875	5.155993286416325	5.596635810858122	
0.10671177866455323	0.1324291190563918	0.8767087376832935	1.2295027864706194	2.5608313488639562	3.0260813055143014	4.527982969444817	5.822075662542591	
0.12151309351171247	0.14191819282872323	0.9749850142451032	1.254488663553524	2.16811681605889	3.1007996636153434	4.952132937754553	6.129755525932579	
0.09336556412386672	0.15093832087509523	1.0674509509851293	1.4202806563966772	2.2299906320896286	3.2657522486018573	4.666944665067323	6.3643105739349615	
0.10151748150365975	0.15282189652903563	0.8761980789592481	1.381703190750457	1.9550846274025107	3.137135554307243	4.545589006568033	5.590281771928713	
0.11083229697227258	0.12903104800143794	0.9362417067138714	1.1959555553110681	2.4901702575513185	2.960643289506878	3.8942641537696767	6.03413682686176	
0.09734071890949703	0.15180505855783952	0.7321336392590805	1.2472432156673798	1.8639424114926673	3.844413309860306	4.475615240216124	5.613897175651698	
0.10126517433866228	0.18235782624025668	0.9826625169250668	1.4225424328684984	2.16979361456791	3.9423502068532623	4.524594554304589	5.747858819488623	
0.10086550479950492	0.14050240504578973	0.7729213956347061	1.4580470810700386	2.6150485579437928	2.8857978253767795	4.215030788389235	6.348154008118895	
0.10544443845193772	0.15356386979091727	1.1714644278904445	1.578720713270723	2.137465333703348	3.352675278431321	4.454270495730164	5.97393210862392	
0.10599378233151587	0.15527339878133078	0.9320657880305426	1.3078781105939206	2.4371513454536378	2.638324498253471	4.37733192001328	6.3733338825985	
0.10361686344707965	0.16487356493130045	0.9320223051404258	1.5770035435599667	2.0554086406618297	3.752133237961078	5.119909290597009	5.967376509817224	
0.09810780825093234	0.16394824513242987	0.8786635127830988	1.489992794564612	2.3432161763602712	3.46790203582162	5.061239058152066	6.061069069137809	
0.09560225387826007	0.13923694862177158	0.8341541347077835	1.6088694396854624	1.893613890208758	3.43967346717457	5.164963724363404	5.69107633730965	
0.11241345421483247	0.14261767820512675	0.9600435737938211	1.6786234741245243	1.891682010637074	3.445851147979981	4.046116762384038	6.242047101092123	
0.09569988042225332	0.12839533796752126	1.0527894797772512	1.5615570589512635	2.266249933907548	3.809397255065038	4.953690935957069	5.544096575828267	
0.10042235976298775	0.15525813184914183	0.8400865275251966	1.5726462143639823	2.3578374204635755	3.5344037541396522	4.604180055956775	5.753097204130262	
0.1044137700376395	0.11900229743470458	0.9626445189829211	1.585136424302728	2.394608272499266	3.2255163294827263	3.7630952378010187	5.607209377767159	
0.09978011909946319	0.12593221499043178	0.8925419701764202	1.51862846823648	1.7558454914057444	3.2620135888416866	4.587430640262834	5.3771475379933715	
0.09948247421673329	0.1471054444830337	1.0602620836613137	1.4239759909093712	1.9679901743985342	3.0038081237913694	4.9141534768915225	6.167414827046296	
0.10847055591552479	0.16305270043962825	0.9398594321208934	1.260310648407847	2.2587309208128774	2.973122526633246	3.724042830263512	5.548425577622334	
0.13097479889109698	0.133202203745125	0.9603225161396423	1.3891535860202269	2.315293627209742	3.5123820731897637	4.897522069519636	5.101083905099563	
0.09843437518709379	0.1564021660875608	0.7948632478627284	1.410413735032694	2.2115881045687558	3.435909955076603	5.133311032276125	6.004248755022626	
0.1058182477057587	0.15008167774225734	0.8941773859925622	1.4413957999156357	2.1189854303857225	3.326967554782719	4.610454591411925	5.621088246413987	
0.09779835054744929	0.14600725233646744	0.9895987017927234	1.7290711033362602	2.3250980146424607	3.3124391800616513	4.172158420781926	6.268846308955361	
0.09014511294373889	0.12624663255011337	0.8177609601714224	1.6074275366266482	2.021917062509247	3.519799662623271	4.843933646502535	5.619663475714365	
0.1039288084432281	0.13244506617239835	0.825344677609672	1.35545703883444	2.3470069517566214	2.9995183102118035	4.437972308177671	6.338914684830374	
0.09836604727464296	0.16707916467712655	1.0488173982098563	1.2182842940515766	2.1499843548098374	3.332575692183637	5.116715374755873	4.940367169954901	
0.09558745255520425	0.14144634792862035	0.8337948287468077	1.4051587882056151	2.2318551661455563	3.004594693459627	4.244359356404983	5.981554909986526	
0.09363207577281107	0.13474994600650844	0.8656133147411329	1.3905403276875987	2.2577324446840943	3.1742352882485205	4.323136009804883	5.975375637504489	
0.1139364590157622	0.1433008158559909	1.171098324511768	1.5195549411420985	1.7892776782853987	3.2451638182657025	3.5386088266089697	7.417058806953027	
0.11917209243738985	0.13551867607636878	0.9424864531066548	1.4271477386208582	2.4556844099009685	3.3819793766760977	4.313425309693816	6.40075214398793	
0.10525165827722405	0.14739192300956033	0.9582095573895676	1.2294125845389148	2.3708609468395476	3.4855083946660215	4.6017110647587245	7.034031219851172	
0.10883821302717334	0.15997859720585086	0.8130665390848937	1.2177769452103144	2.338632559302989	3.7026298728900016	4.183643547601582	6.938925230764796	
0.09498867043208703	0.136071063310347	0.8460468396452504	1.5487279440153958	2.0974665329189888	3.6624518243677	4.488397839037496	6.277796783542089	
0.10117808519501088	0.1492037874866696	1.0435002077884856	1.3998052550955273	2.1550838463992603	2.934366178512355	3.545207253656634	6.745356493889602	
0.08648968774780721	0.11364150951621343	0.9812125428478291	1.5177839439480947	2.0241073895349184	3.099015381303305	4.521595991807828	5.7548713304984	
0.10679000145936608	0.16411994617323453	0.9333073523844195	1.2884856003234273	2.4181686733952747	3.0339593895066974	4.330859656360121	5.591818332495506	
0.10728328805872511	0.12946244924412473	0.9440324739736717	1.5289783135350932	2.1809568603558396	2.774845353598881	3.9454598218815597	6.634638085723161	
0.09284713156750679	0.1471972699422822	1.076685316532228	1.330388059664052	2.123756460697772	3.117120803702014	4.297591782016512	6.528654750843855	
0.09321483161205656	0.14842275311754002	0.8882771770527851	1.165200783409621	2.0781565307895513	3.2467426421418137	4.738430395047556	5.5078748509968385	
0.11559338605635194	0.1546258516176147	0.911019276359517	1.4674451922831266	2.190817365176033	2.8598006383175845	4.219475781514123	5.8782320288604595	
0.10389989299513401	0.1494464697430807	0.6978682204150924	1.4061562450073433	1.9955696369216518	3.5285527990333936	4.34727794384063	5.758742072574962	
0.10174474179975795	0.12930844744073658	0.9982941844557732	1.4952412070691614	1.995098575748317	3.6935427676518118	5.044604417212077	5.0998340105587445	
0.1153530107308467	0.13026350101416795	0.948781237214283	1.4496437377574212	2.217418030463773	3.562066481094836	4.529263797482281	6.11770407574503	
0.10842755920836725	0.16784896264375493	0.9267736253978178	1.3358756355741903	2.2352052428295237	3.3849256429546988	4.181901211444359	5.308223976051395	
0.08949426268462086	0.13699737171357199	0.8642143219354642	1.3887587151917944	2.4170998886790116	3.270622127072683	4.438565090685456	5.5749844244550815	
0.09004576965607011	0.1458693709324715	0.9112209883792165	1.5304742001489138	2.0600233024931023	3.491430187950473	4.553386125920513	5.776817221043693	
0.11209458431044741	0.15108032849388822	0.8409720066845343	1.414079582024207	2.0277647691306773	3.4357027888658234	4.728807306258892	5.347282012280626	
0.09775646244825516	0.13881941784860166	0.8743751371633243	1.5326855313386174	2.076099431816677	2.809401634080567	4.103408595539575	5.28674386471141	
0.12061507792936946	0.14854113012351491	0.8680169667689941	1.4608145653305398	2.204610062195171	3.6834868396665947	4.109156776609282	6.235300732163875	
0.10181233348276955	0.12589427029152078	1.0150721573795298	1.3437221688058751	2.1704499653681206	3.0485856269352163	4.327216300823448	6.595656353233593	
0.10087206656586192	0.14534520109573998	0.97127961012829	1.3884948364020848	2.2294650071717115	3.177575514079207	4.454676779467727	6.415501478867572	
0.10246869530403424	0.18466764323914284	0.9247304576757613	1.0779097651964942	2.2097298610128484	3.742985513359632	3.8764442369494545	7.335335976935417	
0.08773753713141365	0.1520910357966533	1.0164591805372611	1.2393904821204	2.214316130591925	3.1757242377624113	5.007790213102181	5.858608575409445	
0.08912015016109316	0.13880418053466553	0.9816659023222651	1.3630628023183604	1.897850683910215	3.008377992100753	4.140421316525414	5.79382464537266	
0.11236969835129117	0.15950306463723807	0.974238669825011	1.3594741954380851	2.0578069052285652	3.0335606512853635	5.733243977241484	6.098285189061713	
0.06638531832739529	0.13513097203548766	1.0311290542360434	1.520466837073088	2.5946938648614486	2.6772070349577497	4.934451928082133	4.947325568291022	
0.09849076322307265	0.14368061798267587	0.9227145188348742	1.2052211563413695	1.80657293931272	2.706182449052324	3.8697488067904615	7.050198363582105	
0.0905566142093937	0.14716530745578627	0.9426090918301325	1.611886262347265	2.253456332017533	2.9033533107995173	4.933542196571885	5.779915701259888	
0.11120490789319877	0.1694895875264646	0.953144334354159	1.5812510678864917	2.0058385089343505	3.691939089074538	4.159338516391971	4.941543034854856	
0.09433074183554252	0.13754586184661666	0.7908621223378305	1.563110557909572	2.194146322218063	3.230397272304844	4.735258703984985	6.347890218404709	
0.0880629362290884	0.16226675028602724	0.9059381231396638	1.6329611394370045	2.271368930609164	3.5843576852078236	4.308358453014032	5.778397828865771	
0.11556070050477624	0.13495216232771923	0.9028791483102563	1.645186406202411	1.9389153356724123	3.048629548344596	3.552949072327233	6.522301355990286	
0.10251545512021741	0.15239394301909537	0.8033136380373475	1.444786141489893	2.0663493791982788	2.965469570025459	4.6665971036999645	7.4102195753821665	
0.09420205221749746	0.15582622102318988	1.0892350166659968	1.5118544649237204	2.1378654324480397	3.2980347116072903	5.607844741625533	6.735986589010636	
0.09689778952553313	0.16821703536798976	0.8431464422899908	1.332044372787395	2.739796834010331	2.6461874969107075	4.178035184378786	6.226179592410743	
0.0834382504193594	0.172512953727334	0.9060706266888604	1.4013418253550454	2.3343958525444237	3.3891526390917175	4.721089658729851	6.527776155808487	
0.10284510544156603	0.15151275058327726	0.9330680862272566	1.2071977171292212	1.8588701673744423	4.076997877887127	4.263304057204055	5.038232528798259	
0.11017813010229989	0.14637006695741187	0.7621782571602128	1.4878994539094101	2.138218742290292	3.1557113182826653	3.7872725495984696	5.848294051467822	
0.11464579363038606	0.16134669511578892	0.9437646743009931	1.1979280307823617	1.926184002941614	3.2957339667808214	4.358759765417407	5.85095329216366	
0.09942024470858712	0.14944050625378985	0.8483459311401716	1.4692545997676631	1.8867091165709322	3.26247490989022	4.843531803390064	5.851234835290615	
0.0945111414399049	0.13016291748179792	1.0582295952605858	1.5413277606298783	2.364569193666427	3.5620067611096347	4.71606899149946	6.13239467300056	
0.10980715524719059	0.14813060555188018	0.9430658138886214	1.4477029565097648	1.9167126644942862	3.5228511148533515	4.2692033605068405	5.631727319078397	
0.111252228321365	0.13571869731715022	0.8145475944457002	1.5882709746539647	1.897897735898923	3.10973815202057	3.9305300151219504	5.177107097688943	
0.09700971361077064	0.14159942551723953	1.0388508701043095	1.3876764839162612	2.3816791919921876	3.6213298338978173	4.153342603110732	6.692915103946241	
0.11701322662455829	0.13366255777458314	1.0031627709309683	1.2781463005611093	1.872819111886198	3.4425119896881853	5.339416156107043	6.205385272350091	
0.10238521412847208	0.15403202545286215	0.9164550072123333	1.2407477359243253	2.0620121639043107	3.3553744496635116	3.6625569762050993	5.45832997127399	
0.11539533244792444	0.16406181765542982	0.9525878502594617	1.418081470941773	1.9421467677881086	3.8289946482738144	3.4876751320288766	6.573278970963372	
