9	54
0	1	1	1	1	1	1	1	1	1	
0.16311482080640566	0.31051074049903543	0.6400849888002628	0.9754177203947534	1.3458616791382387	2.198700100386782	3.5259175150553417	4.888159200521004	6.473754079275406	
0.15888045811333432	0.37859166696253743	0.564525231143535	0.9926307110512985	1.3226391184882211	2.0271131385863486	3.491290359514794	5.180604247198668	5.064828084620052	
0.13571852183428237	0.4038527787167621	0.6098644912693726	0.7909727263100884	1.2200500007921937	2.0989604183562154	2.706941755765737	4.0789347418060045	6.868105640514462	
0.1741513109398086	0.34385462698168123	0.6770780731483957	0.8554129405802274	1.2956854282661066	2.100983508751709	3.1054524231653784	4.528201822422512	5.401177221390852	
0.13839028752057642	0.4341093901679418	0.564843302137613	0.8625634902679301	1.1278081462027043	2.326399854093253	2.8171179531898254	5.0608221631929124	5.851756251553756	
0.15020696705752185	0.4112322663538055	0.6432708235129434	0.7713990827311566	1.426432452937108	2.3621549460757407	3.1696678425171823	4.151970595941814	4.849858208400839	
0.14667521848105158	0.39266222263328276	0.5763007370084644	1.1082000949218425	1.3152859100000267	2.350418401018791	3.5727594337143818	4.486371073861934	5.694595431552317	
0.1319707302980049	0.29792544779067154	0.6076681876309967	0.9254154061154086	1.4451123646806607	2.3707661862928897	3.858336270405436	5.002252141222816	6.47091919769328	
0.14232882208565228	0.36304795102234777	0.49210607151671154	0.8112758519542693	1.2491228789779332	2.1217120203228514	3.5812308788356093	4.5724529635377875	5.235254775888072	
0.143835789736211	0.36159208722607455	0.7838883248403931	0.8298451739985273	1.5566002657905118	2.1843762028521354	3.7431024277224325	4.316839134587308	6.505364168522242	
0.12641809792144088	0.4296339306103553	0.5854401156792332	1.081071825531964	1.4255320167681054	2.395181325354465	3.6636403200837444	4.524037516130506	6.39671086316401	
0.12080639484113653	0.38893704286247943	0.6254890114949488	0.8940208401183518	1.5672664104406522	1.8656350498576615	3.6843973377287593	4.333411954692612	6.464945397445683	
0.1637519947805207	0.3928101962037786	0.5691001892271604	1.020885427936735	1.3895283091878396	1.9024108767394798	3.3499697464311238	4.876669913127113	5.864047958138283	
0.15090456401956387	0.4375101609991133	0.5884658459302458	0.8789056697521886	1.380231099120041	2.1113336964387144	3.0181810860914413	5.053893180159113	6.43779966134322	
0.14158254398143802	0.32819671099518416	0.5986171509776743	0.8564792416730715	1.2636076319650327	2.3182487541167625	3.5075685409599613	5.013861204176002	5.61913775787669	
0.1446386517561994	0.39319225547179404	0.5612518193437654	0.8746949402939566	1.5205494127032255	2.0857633640138613	3.0132108122589214	4.267256459041195	4.657899112185685	
0.16073010522016046	0.34857801338909467	0.44928791785778227	1.0088593790258245	1.6732772486069925	2.1515542615628274	3.5680720685176364	4.019470124494955	5.90714117351517	
0.1565787444391875	0.3647847917936358	0.664906531532677	0.9465358554793946	1.033053766586491	2.0578369352325985	3.9216345148677534	4.025797386390513	6.263586272781666	
0.15767656739013566	0.37000501935189245	0.6056355268141106	0.8360521203375995	1.5527787587490527	2.4322368079512056	3.0497920914728116	4.351856737796974	5.501971019334294	
0.1611742619581092	0.32929009235736467	0.6038099359730026	0.9738694324499455	1.4423684311210132	2.4600283452103886	3.621493306092095	5.52108811507264	5.741596372000126	
0.1549369923428788	0.40268443290930933	0.5877429274388745	0.976924393351272	1.3826418991433675	2.405945705597107	3.802332429367988	4.4626230270988945	5.994133933323394	
0.15017199125977554	0.4201533070118364	0.5904840847923818	0.8972456979510052	1.3465921398100082	1.795055869233363	3.6485002752446363	4.352875139119696	5.7214617102835374	
0.14739678302731019	0.4251753526139208	0.6210329782001351	0.8972933154119782	1.4034575434242555	1.6067975022440781	3.610320551186442	4.251787438060276	5.57115047089247	
0.15505459011369743	0.3993307869287705	0.6045916391595071	0.8730538021098295	1.6454438266781042	2.103392834459314	3.0367660420576374	4.498924325105668	6.398796501015944	
0.1481649585664075	0.35561851172313874	0.5883838872844629	1.0491858782112387	1.5904591988794792	2.1714229076333336	3.2711529707504963	5.072187485863148	6.09109478731457	
0.1423882585434157	0.35281549865729056	0.7133744686172653	0.8672371135347651	1.2687531150071516	2.4573909204743916	3.3750895564064316	4.797725680033396	5.301906343138473	
0.140163641719207	0.3767760684529768	0.6104629304988376	0.8302654018249596	1.5331130923861191	2.3206470705435365	3.682246745371842	4.063607495562279	6.154509257013348	
0.15715036705995775	0.2699171110916043	0.6599309344068809	0.8636519803708639	1.4105139664296076	2.079011834300754	2.845122614061665	4.009801639207109	6.575315432562794	
0.15077739566263088	0.45111670680274946	0.647130661464979	0.9027886092313784	1.3511186987635826	2.1473528784465836	3.056654177610612	4.181424209008881	5.853982232056415	
0.15192979509825819	0.4051493095905972	0.5345840512517829	0.8588036174798284	1.3044962496440844	2.405167576926674	3.6926956881609163	4.041260241275034	6.600285673121027	
0.17244767637786876	0.33683173585171117	0.6181155540055188	0.8580109993606936	1.5992583800031617	2.2412100127032826	2.7887302167986814	4.735544958581357	5.347346768205735	
0.161086046094594	0.4329670161277231	0.5268295348656563	0.906576981643776	1.2742179036723738	2.2541124693153	2.6886638203030615	4.923970303985607	6.4953419659541085	
0.15516520348262447	0.3544851559514434	0.43624096360810977	1.0681056806843965	1.1874928210293645	1.9587808974937126	3.231963921322687	3.95840192185134	6.344636773475786	
0.15574531538261338	0.3588511440281861	0.6365983522796256	0.7715978766823917	1.4007811393052667	2.1240064762228332	3.7534059537100224	4.2372115128583605	5.499745155740772	
0.1589574474587211	0.3625996487694864	0.505667891720612	0.9910324446813364	1.5744950930219264	1.9769071299614698	3.696653422179792	4.605806205102231	6.15397133340038	
0.14362319617550512	0.33802614769261535	0.6393069888574571	1.0602737857065123	1.5321146048368834	2.4295308381076564	2.8763317330815203	4.291240135206145	4.614538886228641	
0.151891245804071	0.3686763863751619	0.5343859336286683	1.081504412008706	1.5199106799422097	2.283083982019592	3.0617402159475984	3.9802109570987376	5.510202799734074	
0.16782355792148487	0.3487771753457999	0.6118012663489935	1.1350793817927431	1.6064984178004795	2.04372424170931	3.190468116332448	4.265802761956923	5.795465712679235	
0.15952028090144205	0.335649638900213	0.6709271397144164	0.8282553760451027	1.3255342507158232	2.1521755997610432	3.2410133298567443	3.700974606030941	6.3835768420649055	
0.16044993579436237	0.45003382812464837	0.6350677676945654	0.9333128066261656	1.6201376888011778	2.1650130908590346	3.622466888912705	4.533886733144701	6.49889615187424	
0.13448703277207805	0.38645778616722337	0.5305647000114687	0.8042683961034642	1.5203339816318884	2.300887386799144	3.8765523333871927	4.655266939622402	7.153829917266849	
0.15477835745573268	0.3116473315524582	0.5857155079972217	0.9227612574053984	1.4399719498360768	1.9300907729475665	3.810396067771226	4.182635554760829	5.730812355118777	
0.14890293825674905	0.3607645646040225	0.5924796177608425	0.9785365010007209	1.6901270365034176	2.208087451179614	3.352038580887215	4.905778141034505	6.2072286227247755	
0.14606863082197086	0.2996158701349902	0.6273975282467947	0.8860901868182972	1.4774916323978224	1.879239043420013	3.329337761762298	5.797452697697856	5.987778460383348	
0.1600640863796194	0.4485434571809478	0.6656549631214967	1.0644290722634808	1.5444730996121778	2.243801105165003	3.3444461847314426	3.618925653333777	5.703044159826177	
0.14923488338895852	0.40201812210991544	0.5948995731575137	0.9403252073971885	1.5483234446832848	2.3556345007092867	2.901265252280866	3.962570334446235	5.0332674772293275	
0.14972618239195765	0.3577247729670641	0.6170949094847097	0.7083483505024392	1.4241678017592305	2.001459608851169	2.8525488879683634	5.085682632496393	6.002274299168203	
0.1641340780423051	0.4051429464198615	0.6000713565323966	0.9920166326987201	1.5366470337133282	2.433014156761468	2.7145925806444264	4.5990825492132466	7.166288644529248	
0.13025983947742656	0.43415001841458073	0.5644514308664369	1.039466971715522	1.5319094457568638	2.2844605085459584	3.7193916281687485	4.479781346478281	6.64582779812177	
0.1374408863281921	0.40137305515611177	0.6453825560615339	0.9000028839696756	1.5863617936638295	2.0449460813812355	3.1882621269326465	5.148159375916497	6.315144987307866	
0.1475296830631165	0.36769242318766887	0.6512042008567087	0.8869258415892006	1.386748528296243	1.8539036082987959	3.4079519111756866	4.313699037334384	7.436021385280739	
0.15082589417674205	0.42569477216410256	0.6318287219407344	0.9292592653807447	1.5207893363429457	2.240115352241857	3.3860644780906575	4.936442987227061	5.391418175514599	
0.16997161097468153	0.41884229242597343	0.6537194163621027	1.039481375270668	1.6036371700406098	1.8510946522494207	3.180208034383506	5.457382000198033	5.4804080188296656	
0.14968960050620822	0.37615120848537875	0.6333838922657155	0.9645002033574072	1.5558379915683729	2.2961353621353964	3.055353685552754	4.7579071369312755	5.766803459632113	
