10	84
1	1	1	1	1	1	1	1	1	1	
0.09808102904415655	0.15135360627025887	0.36237007173964053	0.5595052057285973	0.8207244614629277	1.1915628982209057	2.240788761896337	3.0506249518793083	4.323561206059821	5.489868850518385	
0.08776872997531243	0.1280372803749351	0.3596743129560257	0.5845933345167464	1.0466824521279916	1.3213191882704722	2.2698632749168293	3.5925984489459566	4.553738916165778	6.31072795623785	
0.10567281681552404	0.13969755550582694	0.3803100866543131	0.5864937722987918	0.9756763615974123	1.7623697486369163	2.6384807245625157	3.2194674194994986	3.715107065202392	5.627283256744708	
0.09626460509304047	0.17190597858849602	0.31472112478434444	0.5977988766096983	1.0164630364898655	1.2838846654098615	2.202685046978678	2.8962276680175556	4.666047764537022	6.82193430283824	
0.10161418175170332	0.13892203084550042	0.3764980052845416	0.5446146308331953	0.9115792302929692	1.661938213410146	2.0626224099598227	3.5148986970327214	4.160854462288724	6.266396398778135	
0.10092560149441138	0.14472871511131036	0.33012149942973584	0.5552814567535378	0.837291879499398	1.0882997372477978	2.0857206566346043	3.73880026501428	4.140193752756931	6.080568271163826	
0.1106840063004777	0.11810985196846774	0.3600989194380732	0.6266207931812767	0.8305745893301228	1.6594664616895984	2.1727111648630157	3.4575425625424896	4.486896552154204	5.778548536758297	
0.09300849728764565	0.14846916149836925	0.3970475856127394	0.45633835924201704	0.7595056269891212	1.3693852063183116	2.203282718256817	3.2468771508191128	4.68241598836134	5.480546208432	
0.09658091727817263	0.15286451290459005	0.3669592953120547	0.750151491566568	0.860016981313567	1.4636808486179065	2.4005733672097604	3.5436170724949223	4.65061149647351	5.80614118845093	
0.10106766389652233	0.17165175338518004	0.34743126394334295	0.5714944368568283	0.9194212128905052	1.5422871577644133	2.111961711547305	3.2320151595515854	4.2126157119579615	6.006015073523207	
0.11375874568497435	0.1816789310481355	0.3450923544005034	0.5011725087798481	0.6968544494523128	1.6129146511849468	2.6185381004207535	2.631574170189536	4.40517513338561	6.1787236938843115	
0.09825482747390263	0.16569916525518105	0.4103495837472985	0.5163401155432013	1.0222084965549676	1.470987369787306	2.161215851434804	3.170271825180623	4.743653222962182	6.252966877750531	
0.0902662621999279	0.16229152781056308	0.35426424706389165	0.7335726960847012	0.7939081385237156	1.4851440077660185	2.117878970558635	2.977357727625752	4.3689358382691985	5.992708080351848	
0.10865227502672015	0.15221101207149632	0.4432599864074661	0.5952561794279297	0.9688165852327542	1.2548068898777294	1.9275800535661662	3.648410664103163	5.388379054944881	6.701545846248165	
0.10604121024572682	0.1502470839071088	0.35341187219420933	0.6145188809775234	0.8914775691565827	1.5206865714211064	2.441059099546218	3.0198913113920884	4.673736240092621	6.996257239366798	
0.09225870600732466	0.16444194992918312	0.3672575531650451	0.6105371459108822	0.9304025529107363	1.4997372255189227	2.388622148623382	3.631060140322989	4.458596274975162	6.3525798895129855	
0.11085343750013864	0.1658619882455162	0.3748462987207239	0.5370903441801804	0.9621044471547127	1.3668730718157598	2.3708459862787907	3.0650126076951842	4.7293514704113	6.215056939783402	
0.08616838586492825	0.14901482664491025	0.3420464561626998	0.6035077357069859	0.7093512760726182	1.49738899341816	2.460375892723637	3.3604606129470325	5.180568291201984	6.359064401134915	
0.10444930554463666	0.15062987061096766	0.3628553747889194	0.4776272970607612	0.9545038256721204	1.4234015666776019	1.9997910156312793	3.5121039773322944	4.679870876994852	5.81490293318965	
0.08985757747652044	0.1494727967321535	0.3764467840569531	0.5369272492811532	0.7478029402742499	1.5314389006211058	1.9753335673940542	3.6223728658046417	4.450544151931556	5.984233693862975	
0.09486576077937937	0.14889127640366193	0.3551559822978317	0.684963281820051	0.8735920443573023	1.3852976037247893	2.242659026247108	3.1035249079099674	4.00792687039731	6.635821401103131	
0.08379645968995797	0.13455781961964078	0.41483793976974237	0.6260843972468731	1.0961310379967781	1.3556891014173167	2.0149025065625756	2.897089422705145	4.538637630193872	6.055705060422007	
0.10299887323145006	0.14965483345095304	0.4310484018243096	0.6500498702742142	1.0856003908829048	1.4376382918524901	2.4538915367339165	3.5148789434407566	4.569911041792634	6.511858287565296	
0.09917921143490323	0.13402760466471214	0.3990657280051506	0.6281364066521812	0.821717865323652	1.5244566740283636	2.318186788430423	3.6860743054605676	4.4760376002924955	5.714611710482748	
0.1177934841368403	0.16360080997567167	0.33108233315535873	0.6150843107382231	0.9239677381935842	1.3778851671423755	2.1496359252981545	3.616533081622662	4.017407813032489	7.109125614139857	
0.09754698988410986	0.16637961717148567	0.34906842923812953	0.6335037958765448	0.8135323783084425	1.426016239845464	2.199084661825094	3.7498308264865052	4.231770674747793	5.481907468234198	
0.11374181773645287	0.15788702520288073	0.38583435002488564	0.6000253320476191	0.9934613148014485	1.4180636082102651	1.9996018692347428	3.0213341925468113	4.667312806932781	6.57134019787082	
0.10494489312332003	0.14909293466612736	0.4221119463402871	0.5257699839360054	0.8714728656628817	1.3421620742919753	2.037880539168473	3.2792326383162793	3.6320937067857697	5.949931035868753	
0.09980504301789594	0.16278126481474472	0.46070054346169764	0.5256581962666759	1.1083028756682303	1.2289856742537597	1.9888176599239586	3.322861247302388	4.42664725484681	6.274092925345324	
0.10592572834029218	0.17003100479826752	0.4153302773947473	0.4588893128024936	0.9748003340429119	1.3808155780791365	2.1301683717078514	3.356593279379843	4.773782326359843	5.506504758391747	
0.11998337265337503	0.16872266375052336	0.37826325132798805	0.6470857269553512	0.9686908836587803	1.2759018452924404	1.939556987231253	3.2479778928881093	3.8861766758582155	5.70808727318731	
0.09380499972425271	0.18616974064250014	0.37024544629299716	0.5675044393078038	0.857207710042072	1.6746039291991968	1.9956463699065539	3.7543912267438637	4.260471986697397	6.564727405355015	
0.09875272867327267	0.15928174073990656	0.39563052913419927	0.5921269514742662	0.981754794627416	1.4347576451787558	1.8844239761194215	3.071589990784555	4.081115838357301	5.240036365269134	
0.11764270541832851	0.16151439099290674	0.34418706605152916	0.6800475697323686	0.9177822320571788	1.5035736372219175	2.5104928777322733	3.5804598868400004	4.8422236657934254	6.7291248576502865	
0.10294042321496995	0.15175245695137152	0.40637046850451053	0.6239150332742741	0.8632110560142925	1.413951290399762	2.04211107577515	3.0742109944759006	4.327699971091758	5.860371204897231	
0.09597081558874362	0.16381337115548048	0.38389429211147436	0.541634912427882	0.9208452961378176	1.318940353871421	2.5145976338831715	3.5956793599955015	4.619648623819795	5.903338960088314	
0.10411703780275061	0.16878497919901989	0.4081601096153488	0.7244702930551105	0.8975603807025859	1.3501097900390315	1.861878471660793	3.1772533390041584	4.342471615314405	5.290594836999605	
0.08818014841417644	0.1373314297045577	0.32638286122250393	0.5976277012831421	0.7518189785252528	1.4311069449859337	2.3159220083012335	2.9343641299622423	4.913634649386005	5.081465604112758	
0.09576128736569159	0.17801078689172922	0.30864682690727147	0.5811444416374247	1.0726486891491713	1.528732436642456	2.5740852800345255	3.273661103993494	4.818267218593295	5.572157069587996	
0.10758306960789597	0.1608704533427434	0.39883347271199765	0.6638313889029673	0.8537395150619369	1.544364663537027	2.2736356701310614	3.8814148077805943	4.08000923703961	5.901913756798442	
0.09359491040546702	0.11109582604811534	0.41548746558144756	0.546235870090807	1.0437084818135458	1.5238008909545278	2.438688435300201	3.395183672380783	4.24371580774222	5.743734172478801	
0.10503141244558328	0.12904682860572178	0.4175274412938835	0.6653746353707554	1.012378386972183	1.5241418785328968	2.2051991971052836	3.2621340718432816	3.7243399425786987	6.500565143840344	
0.08800777863909613	0.13600555063503042	0.423604081808498	0.5848843009679672	1.0459766255320433	1.503854531367263	2.023146594883661	2.9351618113368887	4.666249331507678	5.281360813425413	
0.10371478229681685	0.14058203253179555	0.3632618871846047	0.6314321045095466	0.8688866465798565	1.5630795995446043	2.0970503846317134	2.9452317128718364	4.053449942085505	4.511801216882778	
0.09545445609252405	0.17106250828357922	0.3654019484197159	0.6016988087352018	1.070201204076997	1.3911085386157138	2.3291722060034687	3.4969841299388214	4.869291081538116	5.697044585063036	
0.10784683263063011	0.16232798865468515	0.31858363763428116	0.5372304757079109	0.7834359002023509	1.3729796194124009	2.449661828854542	2.9359881803804364	4.474200998668685	6.026396863164685	
0.10123359946504387	0.11791406325734262	0.4182545226137391	0.6669948693266158	0.960538313628489	1.5407050525165629	1.8966241946342863	3.2503319976687246	4.910277637306182	5.216095492324746	
0.10813361642165203	0.1399075008655337	0.4065769031154647	0.5506730249510084	0.7634792053688244	1.5837021208489555	1.892570374316799	3.061145908387773	4.370104196304454	5.476595370666153	
0.1059511159547718	0.18544815121660804	0.33725533674838026	0.6255279836350105	0.9601621479987013	1.3988871342854012	2.3136175370547014	3.253456614064531	5.026150265392168	5.382140700377914	
0.10700118702392657	0.19737952870658387	0.4456004592255833	0.5831832296067092	0.8877518008171035	1.2626033282094618	1.7347665608615255	2.8318001378724107	4.394588551868727	5.904018331496141	
0.10741927296485212	0.16240046582987885	0.34010024617458656	0.6532864828985278	0.8757037551585534	1.4421237817821624	2.264381115660101	3.4913540742190925	3.9056027623685505	4.5066564548552215	
0.10579095633270584	0.1543226469868157	0.4064204942372352	0.7507828538308337	0.88779595704986	1.328061709101731	2.34386126007217	2.8884977098057245	4.9636096728911285	5.932875339657889	
0.08756853471158667	0.15186669498387015	0.37002787713978286	0.6157143435134967	0.8751976890181915	1.3593526533597617	2.0820939693725253	2.6841901718395755	4.179758279594571	6.09219817358459	
0.09764796173116494	0.16351220933539565	0.34251710585881634	0.46985058324603346	0.8527184787597641	1.2638807529787444	2.578391933739911	3.321849154085341	4.164012868059672	6.46246400135647	
0.08241351799145694	0.1406834111375938	0.3541960251796277	0.6782414497916218	0.7834274933604494	1.4208080936369232	2.154342778965232	3.0860564821400702	5.1737596759603495	5.474034194071564	
0.11153569330911589	0.15588553143874154	0.45719239954978896	0.5628802601080961	0.8852209826181716	1.4285729093183654	1.9419625028758147	3.186577606399283	4.67012771612424	5.403590330961694	
0.09781496141107632	0.13739272345403433	0.3661059214981695	0.5236444509526719	0.8313660084260373	1.4833965932852746	2.401489953355741	3.627039747136429	4.9905453370211745	5.829411716050896	
0.09575145411455635	0.1325661290917435	0.42435847538378835	0.5094057278356884	1.0412585428474797	1.524424475378847	2.4783110749941195	3.315886442865378	4.07781529338833	5.759456563287216	
0.09278530018245526	0.12995574439210558	0.3863489644718685	0.5348384252467207	0.8890509873831905	1.3336969259028824	2.2241375479072176	2.9479458361740423	5.402866361537036	5.6122167827720775	
0.09554038836835564	0.12251968199457348	0.3864925396440393	0.6397590882613219	1.0058892596858382	1.5684041636591748	2.306248362420232	2.471441980694341	4.296212846945001	6.52512937915038	
0.09895276082829509	0.14273061564730985	0.45262104628947086	0.5339337991253469	0.7750366153417237	1.3908873345231685	2.3690358790094797	3.006413498676591	3.720772936633914	7.208852935613154	
0.1151310167451532	0.15920367224878224	0.3394554077395852	0.5976249540300271	1.1111041323805735	1.3375214674364808	2.1757859107679103	3.2865396192093526	5.211321345169536	5.970522348617188	
0.08281955482404546	0.15114420681649215	0.35507579259754785	0.6429102530018865	0.764726528407316	1.4722516399667231	2.0215118004264703	3.0610940691700925	3.8029545640440894	6.6089809196054246	
0.10204240029221588	0.16040473252435125	0.3553526678685073	0.6823743344632391	0.7956693800945814	1.5078392372983578	2.3509393369139815	3.670883490007745	4.525065711193522	5.487422347640376	
0.10529873650447469	0.15383272416805913	0.35446018432231124	0.6468714072273197	0.8443347553418029	1.4633213080921361	2.0532258443122995	3.596359625995916	3.954763462847529	6.282991257717249	
0.10260403038766651	0.16420324701007968	0.4169470338957648	0.5193390217101408	0.8515738403273418	1.4877022011549523	2.2346223768208464	3.078570171077882	4.672481886866324	5.821468806936309	
0.0935290978114824	0.17203506728668183	0.3785963391779625	0.6100467476110623	0.9048818925495921	1.432832690311285	2.0952326571926063	3.1180048670318667	3.9006572520174445	6.400676627633782	
0.09283803238607467	0.1332867576004263	0.3830468305249223	0.6410949829931268	0.9415162785157907	1.2939715310070166	1.9778923820579781	3.239879167793464	5.059831777002095	5.951571839903408	
0.10002519622660269	0.14465935528821222	0.34295102063618077	0.5551649885778283	0.7579330105651959	1.418855519503699	1.766691322682695	3.2514193403758176	4.712165680950878	5.215524908457903	
0.12933087475807414	0.15417595108983842	0.4044731990671391	0.639709813718335	0.8254831480966637	1.461644182090594	2.4703876063231034	3.769422176977661	5.188378798820939	5.012994133353971	
0.10113981463740335	0.15689726301836987	0.41755021650596735	0.5539102956312499	1.1072050869168868	1.437113175995411	1.9476964851882184	3.1175064765394063	4.982330243219201	6.665635003056048	
0.10625002757326339	0.14948657109254837	0.3472514268210575	0.6108658307951566	0.9721653744990897	1.4442408627842838	2.4286150852725403	2.958644385781359	4.1400668975545685	5.472431338545133	
0.08741986355915254	0.14296570770436326	0.398300644162724	0.7096162659061039	0.8386766923413822	1.3662052450616888	2.2016203703670714	3.814087882921048	5.284485062947622	5.964670415942997	
0.10292090510624595	0.17066805377314506	0.34506623003908365	0.7463505499360887	0.7844427731948134	1.1050692742075965	2.257753896125075	3.112734878066334	4.504937676215932	5.669747610222297	
0.0918322289920489	0.1579426356466268	0.3237318379548679	0.6811243303114186	0.8584554277678059	1.2834831853549964	2.1772506570736327	3.6032162992879755	4.432104303911288	6.562339880074601	
0.10423697084486072	0.13101285179891872	0.41480387990791145	0.5362179060724277	0.9990346797553064	1.4682646294263721	2.0485705528752742	2.7368751110185725	5.620777299950646	6.0537965183884666	
0.11124097095721551	0.1526389074744358	0.4118018488160528	0.6137775848080633	0.922298104839861	1.089486615548945	2.053704073910282	3.185996026839069	3.9568868183485204	5.576919569279425	
0.09144150075114299	0.13672540399026895	0.4127596096993178	0.5026703138647107	0.7620832467675992	1.5898494457096854	2.157415575938806	3.906847407519398	4.276565289246533	6.682115999067103	
0.10240004354231842	0.11889987303407576	0.4001396300277611	0.6425659096744886	0.9643809903666984	1.359819650275178	1.9166028248739908	3.346968237695806	4.410769355763122	6.2105344144079995	
0.10023224622793692	0.16440727606027497	0.32819123275427153	0.5523363276802977	1.1436166140551898	1.4154339830317222	2.108167141272203	3.102927608584525	3.9966050198552114	5.648562281657008	
0.08674783049774029	0.14703581100922086	0.42492254033728866	0.6256142473091235	1.094859600351024	1.5764207749842942	2.083716643632217	3.71329699428392	4.037098220545782	6.8631140036759	
0.09327970617713893	0.1258192992942706	0.3433218570858644	0.6428745826609084	0.8341324043531121	1.5873806424896038	2.3137993122765086	2.900669781887651	3.9415691348519224	5.653255720853882	
0.09968585316391312	0.144176535110575	0.4100285286128384	0.5084285879830068	0.9814047076114178	1.3344902241381393	1.7055058563047607	3.277200634696789	3.775597195161481	5.810215525086976	
0.10858938401721924	0.1638353388542192	0.3607406054811192	0.5753529091045031	0.917536884399406	1.3707531486608966	1.6702301196662328	3.156647388545959	4.380600806875045	5.8037890559896255	
