6	22
1	1	1	1	1	0	1	0	0	0	
0.09941883079716951	0.14691425570114	0.4290436514241461	0.643043378670011	1.0238209240175495	1.850357554608219	
0.10841901705565862	0.16125998773479594	0.3883137249809379	0.5803697390251886	0.960441023005883	1.9660326574942826	
0.10455313950377446	0.15452678915179005	0.4245488890387961	0.598109114492371	0.7963086940401461	2.0936225499802448	
0.11924638462609441	0.1480887750075366	0.3841915751642582	0.6433107155608664	0.7882400514234823	2.2367017803340645	
0.09223395527240935	0.16153415845427163	0.3263081269260526	0.6063284330417215	1.1433427829827147	2.2331229839697397	
0.10624273572567784	0.159612373891355	0.4505609081428271	0.6390561384920815	0.9466102707341448	2.2520376534280895	
0.10655052874144491	0.14480927334226804	0.365012379703007	0.6053006784026377	1.004659108656054	1.9978607838488707	
0.09321738112414224	0.17271058302086237	0.41903241672719266	0.6625177823387648	0.9000031565113868	2.045749222331319	
0.10636789320349381	0.14175538301657503	0.3561138197634113	0.6229843182109561	0.9457947069758527	1.8136411949583215	
0.10125336127685301	0.14995289378574522	0.3428290955101915	0.6215210364433174	0.9089592099533786	2.204429298432211	
0.09070453769215597	0.1254386700867789	0.3315111844490312	0.5850777590272154	0.8510232853833699	2.518575892386091	
0.11035834734339107	0.1415307035319332	0.3891463471829646	0.5606615306410048	1.0250026331172106	1.9400407309222099	
0.091477503384759	0.13349630756543662	0.3547187828783906	0.5755419350511007	0.9504870413635665	2.318988387504806	
0.10479929216836288	0.15046405345703515	0.44197041846971613	0.6172730801821315	0.9410337024226344	2.2759116845752114	
0.11862188229467226	0.14210976911135845	0.37004767036916925	0.6163355497874092	1.0433363767964086	1.8894746046434037	
0.09712142014194301	0.16977915548391623	0.3648728455821504	0.6968670231609371	1.092600199954722	2.088991368917261	
0.09866749054948498	0.15820265805958142	0.3647932263578412	0.588512544170559	0.8406680915221119	1.989285535574486	
0.11867287696417823	0.1564782391981776	0.3558189176619665	0.6105494776899943	1.0240958719071465	2.303361394493174	
0.11825687266771534	0.14822508635087067	0.34767121766823733	0.6648682598940404	0.9270368845046414	2.1375953999636033	
0.08888936282371772	0.13568117883410863	0.44791117672573616	0.6962612140288037	1.0189811108894278	2.0141678090289554	
0.0954999682552388	0.14294618545344426	0.46915585483813377	0.6261610658381744	0.9200045276967029	1.9159825249829747	
0.11181936933750042	0.14292775883363798	0.35164163415554517	0.5598047816423893	0.9359928840560872	2.220685925563581	
