7	85
1	0	0	1	0	1	1	1	1	1	
0.10303736603191681	0.6913498321131003	1.174969795643987	2.3698792485157596	2.7708650496973632	4.535420894212256	7.010640157903547	
0.10444866435739125	0.600979774392242	1.2525833708858236	2.113581355275767	2.9258329932458356	4.947262268006482	5.664768620564582	
0.09823549637517803	0.5925505039108924	1.7148765115331197	1.9402083500961906	2.944820823754183	4.534179032831282	6.229840656177076	
0.09398795527710316	0.5634597254644252	1.4103617424411221	2.1170028697804444	3.5318287128995856	5.532102815773511	5.627902229700256	
0.10451729680138172	0.47161813714640444	1.3790750757456733	2.1646818482488572	4.064369018396585	4.425423510254857	5.766122981960695	
0.09552755023342432	0.549435472668515	1.3816810919399485	2.0841131376723485	3.2802561392504823	4.179186051602636	6.421351168678232	
0.0838999631094475	0.5135772702740651	1.5392303514846155	2.1771251044380686	3.0886311556617074	4.547254578916481	5.310478288363954	
0.09799397299324167	0.6118779795048481	1.3996468161472448	2.2495802971753887	3.3751056164750093	4.031865868113694	5.509125632108675	
0.09865459827218798	0.5609675441313373	1.7527202544899925	2.159445964625289	3.076588638378364	4.312997231735776	6.677113303308278	
0.08935493537159366	0.6180043942829954	1.595403546540683	1.8050737032276702	3.218907141480219	5.091880913256457	5.360084572325557	
0.10882359866766811	0.6462099245525175	1.3411011182353303	2.034879804148733	3.543981645629618	4.0551666406254006	5.604779362854305	
0.10712070721805433	0.5765849751647121	1.3631320880836046	2.2156675322332533	3.096836277194476	3.6804284232600395	4.619811080242734	
0.09989669200104759	0.6485836018409353	1.2167342327676536	2.061481566629546	3.048319968160369	4.3013132747283125	6.9339231352837425	
0.09020184407325457	0.6569728981259055	1.6136937393843738	2.400290178893094	3.7796582757188335	4.0353234456001905	6.739853675461511	
0.08861969193413244	0.7053913219564665	1.7412927394919837	1.9723218486780445	3.1858926663291123	4.828250439671337	5.7162262292219586	
0.10440393240358364	0.5561510128859811	1.713524786626244	1.8566500620288307	2.9477826686139084	4.4322703569950725	6.747105340807098	
0.1081385959509851	0.560885890927757	1.3725728088980218	2.10747961743536	3.5878931753130154	4.438435785169864	7.397991461785175	
0.10065964175612928	0.6304446246924094	1.273418602322575	2.054350679133508	3.415949054538818	5.122486802034061	6.310325931531725	
0.12938391886283876	0.6123174317198213	1.3087236594634424	2.2844784389494577	2.2757763344585378	4.470999614907729	6.336983212392923	
0.09914440559374117	0.5321038733255352	1.476819655356274	2.0594406903404736	3.0872346687259373	4.609403966101955	6.072341150527254	
0.08209345158347288	0.5326758574040198	1.4103223938255531	2.4143993553793237	3.5196032220211366	4.6888765374877	5.283798089160705	
0.08295822556950279	0.6173739443673026	1.3028188052928782	1.9921482990448662	3.2806094934349774	5.007439141874045	6.678440067696502	
0.09954147001617863	0.4890526264095887	1.2040823293563963	2.2447368454221097	3.0603787033405396	4.852998964578047	5.384235171390486	
0.11732075208798941	0.5895627444368101	1.43452838875777	2.15034370215349	3.1771637943805784	3.8904309726743853	5.995305165112593	
0.09751308157149882	0.6558348239907923	1.3270660393381684	1.9389016676653053	2.5480772954168858	4.103178997658811	4.854307551873239	
0.09749029010442446	0.5186518293110981	1.4580230781853958	2.2340550055073756	3.397471486159374	5.233746247002344	6.162632793478846	
0.10928924679195862	0.6940557892311272	1.299589626247552	2.101198793627993	3.238760658515294	3.9743666539315337	6.355640009832548	
0.13119246054773806	0.52565103915081	1.540259116474673	2.0202335752040077	3.398753670084041	4.843693550331224	4.878888892941049	
0.08604216078793052	0.6142166402662531	1.4640815320314995	1.9348572700644449	3.100561348311588	4.478666011492502	5.460276085961048	
0.10295672819199234	0.5951039845800765	1.5072297736302545	2.1246757110497585	3.7150834090811435	4.483395197040355	5.242623661059232	
0.10216926314559005	0.6624675508145026	1.4937587218531934	2.234871481623245	3.387494182387783	4.17082520610397	5.98083697693637	
0.08824313760518496	0.5414768134321626	1.875891383231732	2.24020469279607	3.187875152817041	5.236026136582154	5.699640602006948	
0.08981650188417273	0.44900985468276083	1.275285988240602	1.9465006938229594	2.9621526692955475	4.889972159948465	6.55092786372657	
0.10634959850285226	0.582978920589252	1.5943554348945952	1.9233958294090658	3.246074841049369	4.1704444490229715	5.341797783705809	
0.1013689841204091	0.5708609376179337	1.3069398915639923	2.2368656534677305	3.237671410046994	5.034725675531944	5.955877019290067	
0.104617059692587	0.5959489109211256	1.3301238358032232	2.310281904328659	3.4333530239039076	4.489918964084453	6.431279594473013	
0.09544056712029186	0.6216650969923853	1.5935062082486016	1.7750692740676661	3.2810250866896555	4.724942215711273	5.893796037338579	
0.10293041664567133	0.613058138780425	1.5072619869181798	2.1412142138421624	3.4569355202146057	4.228266555540317	5.92634752319573	
0.0938367231557471	0.5163838674701611	1.376650007929458	1.6953006728929751	3.5904212588741076	4.783902638976237	5.219194896145582	
0.10200695936004406	0.6926841434917578	1.5291606120720647	2.2602893470294663	3.2465114272280653	4.876633689535511	6.804275889323173	
0.11142068653968346	0.6725307424240796	1.5988436589305108	1.7987040076884517	3.4331999345395112	4.706517636368823	5.772244371716272	
0.09295458141068311	0.5215252042830091	1.4840519677136463	2.10059435535112	3.403458415866731	4.065988129768199	5.407730349926338	
0.10633778345039589	0.5671511498027698	1.659179091125172	2.0707009133877774	2.669878743466458	3.8125995458007003	6.806078766187547	
0.09531236497269822	0.7395877953042944	1.3212050460428888	2.164613910353926	4.007832087408287	4.674572675033887	5.199288003761623	
0.09585384976612815	0.6464183867569945	1.4705903685424797	2.186676216635284	3.2314873187659496	4.33422295575164	5.912479443365544	
0.10893216269975543	0.7185631883490053	1.365007790901084	2.1466384018559306	3.3041786911143554	4.568660932056659	7.072597605218929	
0.08586056656932195	0.5565208151488158	1.268511926877418	2.0686154759054145	3.2822335998150973	3.8646884012512013	5.331172248054856	
0.08413391845641527	0.6838203532525425	1.2486853239715834	2.172731013648198	3.6455059576131825	4.674291392335107	5.830656057873754	
0.09815187228712993	0.5827475463948208	1.258860919766409	2.1471149489187775	2.6330335529685827	4.801490390063236	5.379841777104724	
0.07849457273917898	0.5466177337815387	1.4967820114149049	2.1364197345783547	3.4172097958051912	4.6400619777104986	6.02129780880314	
0.10552967405469225	0.6688234575349506	1.2626510543505214	2.015126748039024	3.6206506844993243	4.386950594685462	5.209350997663027	
0.09723181173961942	0.6265969117776411	1.4145615710192554	2.124485477677626	3.5077421183288924	4.658262737353519	5.799246852374694	
0.08718848791496883	0.649638889129441	1.3562493572156697	2.034616722121933	3.1359100111026788	4.58344961440883	4.748763023884807	
0.10505518251259893	0.5597948685451742	1.280814820114966	1.9734007184697224	3.7622662092217336	4.601727318497643	6.137206272954674	
0.11243869856421576	0.6923677529030213	1.34515185715522	2.0436140630678357	3.494506810517673	4.425384398208216	5.463194391343546	
0.11923723633730961	0.6369940674325678	1.3371339376751217	1.9873195871682794	3.535433887926604	3.961722991484641	6.488168490673813	
0.10116097377738625	0.661067843911288	1.4860074847903753	1.871968612898507	3.5552540996231636	4.900050014759755	5.920651068230846	
0.10528302562625913	0.6122608426632097	1.1535531432300066	2.140985529917904	3.6195867625093263	3.863248909993471	6.309681660015835	
0.1099296358330319	0.5345517409107918	1.3482249034533487	2.2480564651834953	3.446166866364442	4.816306124497266	5.89375812203025	
0.0972828708002006	0.6766133142758046	1.2400936734915533	1.998897929971239	3.1352336543644705	4.5520771986059225	5.81591832916102	
0.10354512250163316	0.5814853225227632	1.4612453243711252	2.303060394102051	3.0662807132775765	4.465458774565209	6.662295054861641	
0.09656855769697051	0.6515953819862129	1.620361223502461	1.9268290870926343	3.3454066796551443	4.470459526710936	5.618459408416485	
0.10909000860597982	0.6212939162949798	1.5258155974504377	2.1432827315585796	3.4743548012602505	4.614034977270339	6.0530953256324285	
0.08836605179139763	0.560746015346352	1.3863686667213622	2.2136613447846836	3.0707296733904874	4.794269945574463	6.441516248718564	
0.10667265671003892	0.7570093756118598	1.2763986233235591	1.9885770035616426	3.2785909197689627	3.4633423959545206	6.173559642612265	
0.0822482700422192	0.49894858125991415	1.462375063655412	2.1335367857033427	2.990488928752372	4.340056348197864	5.982841129101837	
0.09199218653145116	0.6815892959242538	1.3919754879171766	2.1580146156886246	3.1560389585499165	4.206426355195819	5.970147592749001	
0.10386783586747704	0.5966507633360791	1.3753953657744393	2.230332919964087	3.232822186241741	5.288491596528896	5.443100656053163	
0.10496146922856175	0.6651773015895288	1.3912456566487377	2.309187218319964	3.3324195036701427	5.409315132716395	6.344365265273843	
0.0851048652215482	0.6357204202372291	1.4807499280910539	2.395456958685762	3.6134823860691245	4.400501335134414	5.60585784015243	
0.12315700918266592	0.631812137235094	1.5486710758419207	2.114772265583639	3.3732971432963934	4.2667094943569195	5.5759500132834106	
0.09983542537620858	0.5595018573766495	1.3561155582708333	2.1749688405003154	3.1099653199017574	5.278767167967824	6.021255193877121	
0.10801007667026703	0.5565834049748796	1.4794770637043555	1.9534704131399245	2.9258797972061754	4.182158448202247	5.12226950599046	
0.11495642265307338	0.606731113114003	1.647146041897032	1.9412543938440312	3.3613049235870216	4.915046263897786	6.148163510384819	
0.09038465217103836	0.5250496904959512	1.3676401516303487	1.965492783581345	3.650754877186938	4.3399577109821506	5.855762581467477	
0.10063748740759558	0.6123791943046651	1.4245246819890722	1.961928215262754	3.4819467087507534	4.849219035689817	5.771397976874885	
0.1031448290367617	0.541876588755027	1.7026001373279092	2.3612908414962	3.496220666524375	4.59845951619677	5.890939312358677	
0.09051873324468779	0.5748142632137361	1.36287921732443	2.0112603477341158	3.466977463351741	4.464756071627742	6.072578866379438	
0.09414140501872253	0.5722723851539319	1.4331129550777306	2.088492194325764	4.01521638205261	4.572165970770054	6.2533688659260145	
0.10141814096704019	0.5681566922712133	1.143020987500356	1.7114057602850175	3.6566357063238337	4.644692040583096	5.83104393664606	
0.13214009248961447	0.6959518661927598	1.240377674014783	2.160255388630765	3.046568931799397	5.0560312864997154	6.359949450118542	
0.10466107302137345	0.6386662005106212	1.4022520651938881	1.868276446555997	3.5187314643349317	4.792714850125044	6.047746797882526	
0.09439073850216662	0.5982616149167372	1.160637370921687	2.217457012537522	3.50372908687055	4.4030813561711195	5.3201745131339	
0.10487314524276958	0.5879347441345393	1.3481061921285984	2.1661088043155314	3.2866574986851447	4.773814720437282	5.892179045203323	
0.09871394906143913	0.6687424458208874	1.3930181596786024	2.11078852120719	3.0681841979510445	4.74233437184643	6.549032212444038	
