7	72
1	1	0	1	0	1	0	1	1	1	
0.09624725369506229	0.14948449413215856	0.6080531367813136	1.388683647108452	3.799837456191229	3.5005922751934717	6.669609946222424	
0.10231322927977016	0.14173619543294455	0.6585816552338619	1.2673971031107252	3.5548415736628094	4.122204601762024	5.704268619946392	
0.10682212917539985	0.14866197889131813	0.6455345054778066	1.4590686634614727	3.156785290808063	4.570473323831469	6.32216855387281	
0.09670202112611101	0.15820145822308884	0.5898848215887509	1.4137441933762405	3.394176680843403	4.166596064306392	5.0882103762826905	
0.10362247924348529	0.12167481991814241	0.6388253055898594	1.69048279760652	3.4635572151824374	5.309287460127339	5.547999532015347	
0.08289799979202223	0.15240480956755606	0.6653025301931689	1.4049568005604398	3.7482800634107774	5.79414563537414	4.491337606363105	
0.10659808768894133	0.1708251454504486	0.7018831519896852	1.2709319772239034	2.906071122937308	4.15947003341006	6.317855664447952	
0.09867206532984994	0.1719628227006249	0.6410884533594206	1.5039677836191219	3.265243064142531	4.72751672290563	6.050998048237377	
0.09871344927891215	0.1418312621442006	0.6207438676585981	1.622104560686805	3.0329275401761673	4.223916991097692	6.116330219324845	
0.11212848231241862	0.12420190573500622	0.646805090305452	1.367970929450087	3.7201292727856137	3.920184215522406	6.730142016683239	
0.11016550331432912	0.18793657619016055	0.5470674069564672	1.5080237830712948	3.2771925931676735	4.366932693423771	6.092811143731024	
0.12245623893759008	0.14519566630908434	0.4946842436881611	1.4011282379401169	3.0387062278153194	3.9853309454777217	4.9824544669212525	
0.11277261988193937	0.15042307496531698	0.5477195978840027	1.32420743401078	4.162752465930247	4.897958231086652	5.625886141527435	
0.09424262099147425	0.17950984481598603	0.6469951782869032	1.2491165235910742	2.935044544810972	4.931421615420799	6.531554587606821	
0.10676353231814642	0.15194574637785954	0.5569449993876405	1.6377882996901767	3.2735447922946648	5.081808899051864	6.678063804591296	
0.1070841224254914	0.149352948771836	0.5858842506161195	1.4194642165047122	3.710831985427729	4.314940896732912	5.938050370643982	
0.10563035000805239	0.17822301511694297	0.6313862649384262	1.4533640454198526	3.1352975692195297	5.650999668115676	5.908968465433867	
0.09075510904382626	0.16478249723983635	0.6292000826743515	1.3272508407716372	3.303070578203704	4.796240300262765	6.485351408835949	
0.09809592496132605	0.15894662560571132	0.7044140505174176	1.480535761023914	3.5328125145361864	4.407652425929746	5.789005425299656	
0.09707041059221183	0.13456333544917407	0.510348259914568	1.5467302213515302	3.458223421332986	4.644281470536549	5.288706539563192	
0.12248304236908217	0.13169880072655926	0.5630600155282142	1.3593948074851336	3.1090468519370686	4.918615111115308	5.943772654590149	
0.08976333280025572	0.1596780353517292	0.5593795192917796	1.3555451990395746	2.8080813872733517	4.82898516101622	5.359537885056973	
0.08669974234201115	0.17241865957180402	0.6788468752685551	1.4777402726321913	2.8772981077893673	4.819633205858207	5.603152357224435	
0.09569758192110427	0.1555318662238341	0.7317277800755541	1.5981481494830858	3.73324652712012	4.34714436335032	6.146032745192051	
0.11172675454947974	0.15110862337544193	0.503424137315441	1.182643979382316	2.9788090021251525	4.812632538310268	5.454625520100731	
0.1083204735557291	0.17376177786782587	0.5115214302729861	1.7598635280614865	3.3618610498676484	4.093203889080943	6.6435117372660395	
0.09415498588333858	0.18730978932521133	0.5621240259376301	1.3481978306397882	3.572400476297104	4.7552441154968115	5.351198788504007	
0.09934424710493979	0.15724191277425495	0.5955237975937735	1.7507392885478597	3.006239670659866	4.76031130476142	7.596360230557035	
0.09943414854560621	0.13693705608006804	0.6275766545499079	1.2734508500489676	2.9021982227674505	3.673607845547355	4.496658086532989	
0.11165399584065308	0.15293470841720078	0.5879473985444752	1.449775452152093	2.6775596863365263	4.913704227301163	6.374982664202203	
0.11094294160851724	0.14083426477883149	0.5607538126671382	1.5174592564329117	3.609077837982597	4.770278345246149	5.873858841447804	
0.09148041903522118	0.14636603409319837	0.5594590556542884	1.3142009591737602	3.2343973921737295	4.782835623628675	5.456111822431536	
0.10381561532341954	0.16740093373226464	0.6039054549882891	1.1685758687450147	2.6643216322521934	4.388481933937049	6.56104114407076	
0.09591442246324251	0.15760990442904585	0.583937636074656	1.5092885195417038	3.2074644735474926	4.465594545851037	7.546278162608347	
0.10679030083219083	0.15999086059282377	0.575633490865951	1.4581153406878968	3.218461923812426	4.718652153988968	5.712244260272521	
0.09096070964064115	0.18552295084518242	0.617597700604256	1.334235613524476	3.024547628226361	4.222982653442999	5.5297514512544454	
0.09145527870371094	0.14970607027712612	0.6861376830723619	1.1589043987418233	3.0124205198975345	4.141840941791463	5.795126796182561	
0.0943022615127998	0.15201831892128953	0.5692602389463733	1.4800705278426958	3.369582712267132	4.634835686031331	6.181506654822922	
0.0779549743953554	0.14990698060553348	0.5099478177719603	1.3215637861024594	3.271447929817267	4.617592739028667	5.928698787299349	
0.09120817484622556	0.15143178433795587	0.719397071977738	1.5254299196110142	3.6865548349554627	4.328036879210942	5.514020571048207	
0.10812119439146045	0.18741213279346322	0.555683373215154	1.354542550339191	3.6900311919783126	3.9522928692029904	5.906950338948214	
0.11605526239982691	0.1520807682344409	0.48969711069090727	1.240772423272075	2.7211872313408976	4.822648501755955	5.55744711790022	
0.11169493439026985	0.1430951591450284	0.6110207722339259	1.2656590862005388	3.2718146059127187	4.632838030848166	5.822351489812599	
0.11134888512259931	0.14158480454563752	0.561874962201064	1.413648536545251	3.673162629232616	4.256595841438108	6.189795512916307	
0.10727556518230541	0.17321270410905487	0.535796873377175	1.371502959358766	3.6189697060180817	4.134923846112757	6.759277826699272	
0.11572816759381462	0.167223218800567	0.5667732771846815	1.4567445586031165	3.4185443129800452	4.743720613809401	5.701542911365054	
0.10616343899487808	0.16540844964651075	0.6654027163130857	1.4364691142394348	2.6258754077995192	4.428460526990523	5.160839911352021	
0.10487679507084605	0.14142770170110266	0.5844096352885652	1.3492059318861929	3.775126614932737	4.893870579910739	5.911491875360145	
0.11169491151821974	0.16161723891855123	0.6581496652615092	1.082232480429089	4.080410002638212	5.052309566847485	5.918194446799083	
0.10920648098698318	0.1479818737477893	0.6693781003991314	1.4893883116799336	2.7668327546885103	4.274382364793578	6.936016346012065	
0.09063887755507452	0.15293896368907153	0.690533769400683	1.5989258365892116	3.127247049956228	4.31052212640406	5.210932548301798	
0.10822781218237282	0.14629040618093256	0.6158601091592496	1.8148346300604776	3.29737264311313	4.8153100844281695	6.538556674666682	
0.09541847238524491	0.14660131226218076	0.5433169743561903	1.320645856161472	3.2543393382907224	4.413068235826327	5.513691790500928	
0.09637384474759843	0.13420626776039246	0.5715059488066663	1.5652870037810214	3.446543138788484	4.404355828853974	5.006810389428	
0.11231948516408868	0.14968013596720525	0.652999333852599	1.1777745078517723	3.5584986891386037	3.7737718426344604	5.967004364111556	
0.09303965206920728	0.14348432107479855	0.5756826973244521	1.2999641645092446	3.098914378981662	4.522023370548464	6.094885008783533	
0.10088240511724161	0.16337057151333645	0.6280672736861781	1.5057488347798047	3.6269159138121174	4.559035919212757	7.685453124022391	
0.10777073840023702	0.14490661239019734	0.6167516238034675	1.5999189661756676	2.8594196470896467	3.632976096115504	5.985639483099867	
0.07162065287552528	0.14138239798553706	0.6019849067957269	1.486468539888468	2.8282717616247353	5.509187517450376	6.134650659022837	
0.09008586255908839	0.16371006944969824	0.5637609282472943	1.5750633929124747	3.7286127138991096	4.309244191574344	6.046916525566941	
0.11019396696489253	0.15319453172269304	0.6520435461743136	1.3605287261297605	4.106707254871665	4.195104186470681	6.130752073646654	
0.09171685707219618	0.14263973102991143	0.6006654285710535	1.3007365686995083	2.294957102809293	5.009142999516997	4.956831839507366	
0.11570798087675788	0.14988256342480424	0.5220271184047223	1.3699146924352887	3.5830974707585255	4.484019808272375	5.676219406385798	
0.09642030324398232	0.1408400307840566	0.589304105446293	1.2631110729774904	3.2534877773482878	4.444252412143077	6.322157591843466	
0.09737056275403554	0.1439640945435809	0.5544842064803431	1.5610274510930542	3.353461114382711	5.435638221521489	6.065822777781839	
0.1006248848401427	0.1597191736862541	0.6092067571529309	1.4972111237634216	3.1637071937255223	3.9026703638391504	4.787036337324886	
0.10498476763525347	0.14761998792527847	0.5605146464118534	1.386126036435199	2.757789173206976	5.20879160886073	6.278108261043513	
0.10208028550408986	0.14471361117125836	0.6327538690754827	1.33178997567566	2.874493230821911	5.030532187651874	5.752199736809943	
0.09708304056612568	0.137587831123852	0.5150219520295536	1.504393952966728	3.274261732532813	4.502161861145947	5.738891439622947	
0.08907182594978484	0.16523446865780303	0.5052095167903826	1.2266338244799295	2.7853694118555508	5.913215424400405	5.892054164444337	
0.09592582981206575	0.1301430101871579	0.5730107805803747	1.6526223531945208	3.6243571659582243	3.6817284542253454	5.672540758080277	
0.118635115982136	0.14944777064271372	0.5207710277177688	1.3700929264202484	3.3123473381782955	5.4714962536937835	5.5428205347025585	
