5	54
0	1	1	0	0	0	0	1	1	1	
0.17424961768483344	0.27775695725531685	3.2894077937820754	4.73780785132067	5.414963564747753	
0.15415890441549246	0.3714696781303897	3.571116027249336	6.081154340879457	6.20315624987353	
0.15906071489067833	0.3429440740442839	3.3198096798682735	4.332144756832586	6.467286461116734	
0.12860941006024412	0.33920658021792827	3.633506276626191	4.594494687336224	6.794294767632545	
0.15545616966240403	0.3993716069663638	3.149411400603067	4.412867688169359	6.5786504748722106	
0.1478514668712966	0.42497434690120695	3.2142975677133427	3.9691622545448926	5.237546127046981	
0.14742395986657397	0.41479811312798665	3.0338451168734193	4.829303918876498	6.060441147790511	
0.15909314664026405	0.36899188743536504	3.3094782338715456	4.922434428775458	5.989697136847075	
0.1421271783009851	0.31092567527505616	3.42599806134802	4.152755432757624	5.687670529767949	
0.13393714056672554	0.37125677905876847	3.9317017723902965	4.658417599503428	5.61351710528789	
0.14315544911255645	0.3253282695020379	2.882551124716062	3.919717476314591	6.1621992498967995	
0.15670067848906372	0.382948741853961	3.3701982244947395	4.155208609344584	5.311033899363254	
0.13268074763468451	0.3344408092843795	3.3665692794666215	5.406164257290684	5.371635575945376	
0.1448708128225312	0.38770994841211276	3.15932239300989	4.649827590220555	5.654765472397712	
0.139794982332314	0.37307106619522246	3.3561324648598925	5.077121416773571	6.225981225707889	
0.1462176472374663	0.41157016907792576	3.5750327915918145	4.3634938865310655	5.912428201302579	
0.1435934547554681	0.4111943256065626	3.274111935470854	3.867516480997006	6.243695298078338	
0.17234452925082516	0.4396068800446411	3.0942901937360037	4.18652564211349	7.138720845479475	
0.17350055582166066	0.39775750264920556	2.6935374829602217	4.2271557366430095	5.343864788606707	
0.1771853443876424	0.3220279628430125	3.836185793793446	4.452513827703259	5.281380389474892	
0.1648019765255556	0.4039207779279844	2.838477634090163	4.488640623601432	6.8253410347184	
0.14385144715808243	0.4438296821021401	3.007945573711926	3.7700881297706097	6.027129430258505	
0.12809035950483272	0.3847457170162384	3.2516715209792024	4.158483056631343	7.127209487903015	
0.14994036493070126	0.4128458831628046	3.5518332954741676	5.2924550536503085	5.274348799370946	
0.12363791066861536	0.4455127871914892	3.4388643071782106	4.556839956210615	5.9200214598036425	
0.14534029677227575	0.41272431696732287	2.780774731937624	4.714799155390436	6.618789637160095	
0.16114878158434573	0.37728715584282385	3.2491347889056366	5.078561971757434	6.349152113662987	
0.1763277150604907	0.31377752533201936	3.544682597251537	4.134929069933552	5.956253419305504	
0.17064009729545782	0.3419106198226409	3.937574284582658	4.997547327502427	6.347527765461615	
0.1360194470161897	0.3731703981381395	3.133527118074513	3.9454593632897854	6.656259388457093	
0.14393452011479513	0.373329179092022	3.20936288259587	4.403620753483244	6.318275273963423	
0.14065990534024683	0.41869610659324075	3.0563173188872237	4.487163093850615	5.2160438361262145	
0.16607495969317124	0.4303811872449658	3.482658238424167	4.576686420965213	5.978313841667677	
0.12656647715024602	0.3285198169468935	3.493911210570864	4.418651208268159	5.184465133643032	
0.12891989329342604	0.4041266910061189	3.5340417047103068	3.8097362900086944	6.091237595492039	
0.15581831575619828	0.35782090262239413	3.652913325093052	4.344861592044589	4.9698854862867785	
0.1470803795312851	0.4319828372769576	3.137727207024173	4.028904673750575	6.376924807077803	
0.15387602573301948	0.379888613696761	3.4050654201810713	4.188739653412912	5.639988251007623	
0.16091280290788454	0.3432772461454114	3.774844425940842	5.053216132611977	5.313530286825877	
0.172137144681545	0.3857833636324412	3.7000559398946944	4.560042111594054	5.8936890747429675	
0.1457780523742598	0.28691550256012555	3.551308463895271	4.181804736355704	6.575894371645422	
0.17510937164499082	0.3580528330681256	3.0430992731931634	4.9535071070128405	5.719472071270322	
0.16975868910221528	0.35373452818361595	3.7174185022914505	4.362418380766156	6.198148853601014	
0.16473386281805882	0.3994371139670272	3.597964509193499	3.8448065047033513	5.755678822953182	
0.15094856485603686	0.3509102971199439	3.565504980140071	4.269488018768004	5.541916126265825	
0.16410684867561293	0.3402727287005634	2.9260665167039646	4.728724394035544	6.806292857728875	
0.15242518366504487	0.3185979230634642	3.4726038553053873	4.233330772223657	6.672455180363458	
0.14430519616362644	0.42346993167478714	3.114212002985116	4.1900704570859615	4.849461228587092	
0.14010612744170428	0.38673626579532094	3.2826444614794292	4.775236103474253	6.7464884421838445	
0.1504299981055298	0.38257375495741275	3.611687382228932	4.603956936559308	5.446105354315389	
0.14216802870079204	0.2990638209605242	2.945560359525545	3.7393564383552595	6.210600692534911	
0.16817295318454806	0.34424774285617	2.956318831832485	4.924414015149997	5.729467733112475	
0.15385120891559292	0.40823906408614374	3.0198749512925973	4.190103508061776	5.696168631302099	
0.12669664165578237	0.3984937140706303	3.4452823969601396	4.535859951650129	6.815806041901169	
