8	100
1	1	1	1	1	1	0	0	1	1	
0.09190169450321195	0.1553058552547563	0.3516888799838864	0.619075364970614	0.7542625075287067	1.5518163153571483	4.459433764205754	4.959004609527292	
0.09544560388771563	0.15631630403392976	0.40589466403924945	0.5223326577311915	1.1570366990763892	1.3290809425607613	4.310571434157082	5.379509121208229	
0.08912298778828293	0.1453264508242752	0.31848284572742497	0.6634181026425179	0.7516946305842035	1.3384986023513605	4.59496951780716	6.143940904452241	
0.10967897482929918	0.14276620159067102	0.370894621420949	0.5239007805606865	0.9268890205393894	1.175245012648704	4.657565567991868	4.62406658353717	
0.09560286041275798	0.13725366222864488	0.37516324162601333	0.5226011027284045	1.0057376902176696	1.358959231613064	4.798311121932285	5.75860655433356	
0.09798372524910033	0.14038369594627603	0.39190380434547917	0.5030546735662065	0.9260861797510037	1.433400721281173	4.373866357470904	5.789913329052627	
0.08337610849046662	0.1711719443653951	0.4325368345338328	0.5144815093255727	0.9126571191737944	1.614309523297942	4.276983187309874	4.9096101723697245	
0.1000705662175385	0.15831528320418747	0.4020159565007947	0.48718048183223034	0.9576118841447828	1.3839189952392423	4.640374166215427	6.162892699291602	
0.10615995590907956	0.16624706946017037	0.4196122979049153	0.614201807009949	0.8024007095605757	1.5014883472087155	4.85377467031627	5.725488937772798	
0.09170300762185232	0.13018099968195745	0.3302400830247372	0.678555977728474	0.9231900416856258	1.2897588854948452	4.729412641412835	5.651983605500021	
0.09336907997669877	0.14407243642889375	0.43745040030667437	0.5151938529005161	0.8851463235070209	1.5286448616908224	3.4927196894085144	6.072682672794635	
0.12454056736823532	0.1400787916055201	0.38456924830649974	0.4837944573878903	1.046789923857983	1.5393940038921337	4.550099702908366	5.656700993069369	
0.09496373834565537	0.1718414746496006	0.4085393905121752	0.5898381134931775	0.826058732376736	1.378677680957908	4.805068575955332	5.802617480808248	
0.10321878247927425	0.15256857618693512	0.33535424839907907	0.5100020076914124	0.8085656495056357	1.8211244244472233	5.144538240083155	4.708175867608286	
0.10796591336795947	0.16310940624564293	0.4368064009816649	0.652922391641296	0.7850448439469825	1.3134123425140132	4.366889634712037	5.340311199835585	
0.10414851640005869	0.14373046355074073	0.45580675140638977	0.5338498165839433	0.9305324196089487	1.7295601286507607	4.348658742705183	5.410340357331025	
0.10682122165521063	0.1605567024094568	0.3480277695824853	0.5682794924533119	0.743041770017097	1.3106809448006254	4.1747739123013075	7.156741500991859	
0.10098609616155207	0.1545365401083861	0.3581399813208781	0.6455175805208117	0.8595843238792236	1.409436956016693	4.745715829617622	4.7955479740371025	
0.10527575249856631	0.14518088820307942	0.4009645625774624	0.6111480408106517	0.8387870812741439	1.34547977976444	4.329649232918	6.373251077876439	
0.09878220257485465	0.16259455881769386	0.4568309798273028	0.5497503497607754	1.0616219711211774	1.235784418271833	4.428484145708205	6.521748221896818	
0.10531285300958274	0.14396953119686742	0.35851161307910745	0.45743883773619415	1.0172403414667466	1.4047435560368826	3.68316698821565	5.853900597466649	
0.0930864751223937	0.13784202328243245	0.3758386798208303	0.6964589683328185	0.9622627839736101	1.2168634896293762	4.804226529579945	6.310766478797142	
0.08584452166845155	0.1597658559277065	0.4121417308115565	0.6381760865130442	0.920261810948765	1.7558090749100472	4.1960305646650236	5.223080914836556	
0.1029854356488602	0.13476685903351796	0.43571430302148245	0.5658848785707695	0.8366697906367633	1.2923516428991444	4.160308494461333	5.968104270694422	
0.10938299917589854	0.15412470355364855	0.3448009924553434	0.6230153348483737	1.0604821019272843	1.2811436865737105	4.978545174092228	6.935169892393374	
0.09914843885331803	0.16591528443241332	0.3805626391514844	0.5340699672226932	0.9748139195168913	1.2376240199296507	4.32489992913519	6.422225654233458	
0.10978930653687623	0.14187286299740814	0.44256538288885017	0.5641228453447218	0.9507931606511925	1.3582733717262148	4.349942018698296	6.300799795465515	
0.114761063420299	0.17661298316223709	0.2979765594823494	0.5940867498449749	0.9293039699656882	1.4283327430280361	4.587710952787688	6.249566078699592	
0.10258020636984873	0.16907664281333523	0.3776817054515356	0.8071657676312142	0.8137908718107797	1.6341409884311417	4.491042519277801	5.525206495102112	
0.10708133569283546	0.14565155734284554	0.35391035772956664	0.5568137396946565	0.8845021148522079	1.4190319352004175	4.362878305451542	6.097040077189251	
0.12476404372211869	0.1464198194474652	0.39377254840108455	0.5824400965096473	1.0473672232921662	1.4626998431945486	3.8759502317069323	6.858896751276304	
0.10383542693229374	0.13494810553380468	0.4132779620651231	0.5798287354602067	0.8964234040724848	1.4066472548776345	4.126477609411958	6.876637436977832	
0.10077076279362407	0.151940987431078	0.39721055504749986	0.6612248260435956	0.8485617067902564	1.515561504112121	4.153850456333238	6.607933095129338	
0.10273102710007193	0.14443879262072035	0.4195488684658033	0.651378968432701	0.9118423258583365	1.9788744166485948	4.4798035996526115	6.274588097611065	
0.09297034138857997	0.1763400299329746	0.34976471373677126	0.5262664188352929	0.822793982874504	1.3991653241703998	5.001279588452928	5.708729605697238	
0.09288723435418068	0.14793708200297087	0.39233893041769635	0.593461442892589	1.0778338390290718	1.4544834762053722	4.907393919129284	5.215959455302325	
0.08530382203581816	0.15544705753823035	0.3942563393187056	0.590621065570799	1.0460306965020045	1.4181223580744355	3.5668801188781805	6.342255266026407	
0.10059628986472624	0.13412163287878695	0.3848770065483949	0.6885648774814955	0.959147739886877	1.3205340788226523	3.958223437546973	6.310195157937302	
0.10252401422585632	0.18796068431104998	0.34780200973432923	0.5644681153196187	0.8636303058777749	1.3701043150722125	4.218652860741801	5.753437761819605	
0.10158793281858113	0.1681798122361938	0.32281638563819165	0.5666342173540505	0.9276112349333372	1.5147149548267804	4.979780985437356	5.590555104240898	
0.10042714618820028	0.13268302316980163	0.4469895797066209	0.6591873490655257	0.8718450553817532	1.6489330277390788	4.5303561567253965	6.273259132603099	
0.09010071203482237	0.13437915782091442	0.39635861345106554	0.6875309502584513	0.9484818245092405	1.4160114618079938	4.18092691451858	5.895823217475456	
0.10417542983096183	0.1429909946567474	0.34926601537891044	0.5609406100324675	0.792264029199735	1.5229147758187884	4.621663940420162	6.034970430755962	
0.10112153253082741	0.1299786569123211	0.3193193718466647	0.5027685312827251	0.9224497424441414	1.1535100946003687	4.211430168829647	6.021791778732865	
0.09810463650776458	0.12426671229773101	0.3433458010716511	0.5922523565988017	0.8466650973247487	1.3191363241161107	4.58190135512022	7.2468650821749945	
0.08606278709871867	0.17013340275583463	0.39038221243556126	0.6902040560932444	0.92876536364048	1.483953169684787	4.442191371941301	5.525494677244915	
0.0920581689728459	0.15932108871835843	0.4294665089435108	0.6235328480793151	0.9337690004314371	1.3912150477725997	4.045683746166939	6.609107875071199	
0.09650724268911995	0.16372705166488136	0.3882239308929478	0.5416646285228633	0.7759590621222381	1.4079068883357013	3.8727711080390255	5.969557898374936	
0.1024534052109337	0.13266908107964512	0.3989972280789128	0.6330251305119813	1.0614084048857517	1.3607015054364282	4.2627440387539925	6.909099505031004	
0.11346275225803965	0.1592274093135185	0.45403268579868117	0.5059236446332664	1.017568929974755	1.2770291120975221	5.0002599516167106	7.228771826527748	
0.12369910887326066	0.146811577128902	0.4147564364849426	0.5610536760235757	0.7935961330074179	1.3383799970589554	4.622191214429247	5.283280081538279	
0.082923241904065	0.16917285731882642	0.3568320055530414	0.571986266660765	0.8412356064118811	1.2083841608557153	4.510515646639572	6.060029666385226	
0.09714706536478074	0.1558885629209035	0.415819128491292	0.5585280912921116	0.8715691507980031	1.534245540952172	3.796688119524243	5.690361977707307	
0.08766110282340935	0.16520790439261326	0.40975156947395847	0.5592398214966067	0.9765782323423515	1.4828745123131937	4.8361377639739445	6.152312982272964	
0.11091167931985527	0.10743404368776435	0.356267836792841	0.5860755828084214	0.9986012500723576	1.483462554323997	4.638856771201977	6.46988829376151	
0.08790521109860788	0.15041564282294992	0.3481030673006854	0.6067857644591039	0.9259143407737614	1.3968338492741017	4.450893532030108	7.162558239316869	
0.08996032674751504	0.1413663366111531	0.3935092086355069	0.6352129988842952	0.902028022602336	1.2701642977022574	4.437173150842781	5.359524186830435	
0.10501993561068662	0.15860824252248976	0.3407561332217759	0.5812665095799757	0.9202113621702764	1.707899443710082	3.9598532761295813	6.754172240537628	
0.08651799800370955	0.1430859224233274	0.40002604967607036	0.6203661158498508	0.8618116874637919	1.1897945476057092	4.415751799841881	6.464117678730764	
0.1211594688992212	0.14037266831783596	0.3192333008213227	0.5737030393285222	0.9251117003290282	1.515067766035255	4.553050748393352	5.6035775565491655	
0.08048061770069542	0.15032429707780273	0.4177103860881306	0.51849006646722	1.101327685176254	1.7735532699634615	5.134897061092796	6.1786262889546295	
0.08807806694192649	0.13444515032209958	0.36775499114545745	0.5723072554551606	0.9195783448533112	1.3978595712356088	4.791433249948823	5.7891292977033855	
0.1050324243591005	0.1313074633265789	0.4043054285307609	0.39812684113432795	0.8555708618392515	1.4052258656289076	4.788824910135985	6.072547981830707	
0.07986092339737147	0.18102439203052803	0.35783702858649197	0.6798696426204137	0.9042763902809758	1.4884716238441267	4.072015206827713	7.5970637607940485	
0.09373534424578131	0.14441518674378762	0.44246234785421196	0.5673658567211105	1.0183659477543627	1.2352647818670015	4.794587369091678	5.469299725041747	
0.09414391044085185	0.15461322594776686	0.3840881060966785	0.5702278941752005	0.8252967374335752	1.3859166538292296	4.247085466278845	6.0683262742539785	
0.09518843642501283	0.16139065396842078	0.42892992077062814	0.6297417663367251	0.8915462586997485	1.3150500818868422	5.092696742147075	6.817601259984555	
0.10151065438609382	0.166862821498326	0.3422175216608202	0.58786907722103	1.012830770143508	1.245780413444369	3.854060124101445	5.749330085539497	
0.09830134875206653	0.15370412728654873	0.4243710471617845	0.5784070937301932	0.8678205978264302	1.4647646926646753	3.4713529698222585	6.280971094803791	
0.10486241647121408	0.14723055195554102	0.40689485789093055	0.6764255005824406	1.0081867984164075	1.2538100060743134	4.021264999955847	6.349390082620513	
0.09952898770287444	0.13003247247472907	0.3890619663958361	0.5065768470292105	0.9749774927591172	1.3403102531691877	4.560556093099147	6.022561076562557	
0.10700517673580708	0.13454108890802008	0.36886711309296055	0.578323178798879	1.0334330147688333	1.5080949582575651	5.146913724723918	5.04410814234973	
0.10441554747453732	0.15221902202395757	0.351260361104851	0.6079278142376843	0.9232358189246013	1.3816324842099055	4.583423189022091	5.999269824813094	
0.09468495120735675	0.15508702849083197	0.3974255843284412	0.5967735813130505	0.874265452885816	1.2547053210293337	4.850840329736203	5.67660842120696	
0.09731815294052557	0.1376949138515742	0.4253017729087858	0.5791170992302311	0.9941792162763002	1.4012455023650117	4.70771323362952	6.393394889085535	
0.09486370688821744	0.14148172247447563	0.3583378764670811	0.5824338542925327	0.8854224683647169	1.4321402786191648	5.111290403804408	5.699026421041639	
0.09396638236827778	0.15182285229364242	0.3822991462528026	0.6093161559261872	1.0695068469364182	1.4478131040268136	5.45899491846142	6.95122045130503	
0.10216328571686972	0.14056660780360944	0.3770776055930052	0.581198698410441	0.8521096331126836	1.3190474192606898	4.802258287204397	5.471970477798784	
0.10713677505188951	0.16079241404164601	0.3669521264671185	0.6388513478606346	0.9823086298257462	1.4916111719989646	4.422256295716034	5.869906137928477	
0.11621548912465834	0.13250387028615312	0.4434631085692397	0.625667393335458	0.9409303697238345	1.2711237293037192	5.019605448284029	7.059598158687525	
0.08759606834773741	0.14667896968018876	0.39069285443365237	0.4479053842469965	0.8391504416880187	1.6124141068518758	4.300741008527069	6.191449566638202	
0.09319603030325112	0.13752213493008725	0.45458350312519047	0.5445549737903025	0.8839622174744223	1.398255216490686	3.4746292908334038	5.589734413673512	
0.11039494447009862	0.16045057666126436	0.424729503869454	0.6022917047058706	0.9779872100381005	1.4527195305605656	4.219346618974795	6.208708448150238	
0.09063943121717856	0.1751109818463303	0.36468004056126263	0.5389979726290918	1.0489215760808177	1.564907303363716	4.466589041409657	5.990507893524917	
0.10145196072902261	0.14374060775978723	0.38587859934316987	0.5094439758400912	0.81969752119672	1.3911377977208652	4.3511699941961055	6.168691214686323	
0.10652096568783387	0.1578692704729001	0.34168618025310676	0.5919261605947812	0.8885959997773185	1.1797141439020689	3.9280019725841315	4.983414391879003	
0.10714252507599896	0.16796248949763712	0.340682126272255	0.6022901039648862	1.1987337570717211	1.5421193389347971	4.078894751184106	4.925143971219868	
0.11520445894598969	0.17523274786581247	0.3468221399700178	0.5606564918804936	0.9995261363229857	1.3856437749198962	3.605490375552802	6.106967977214946	
0.08016239715901108	0.14662013409865057	0.366005429321477	0.526531211762105	0.8104170486677942	1.5571821880068795	3.9332345016652743	5.1878636353205785	
0.10686941207442657	0.15720854771204965	0.3890697228970548	0.6488477976730328	0.9978490908439807	1.5200798345624857	5.5881776223748325	5.334636411522265	
0.10456113259459104	0.15819512339783912	0.2799953824782804	0.5929921573171222	1.0014031866821098	1.5980580892202016	4.350956498851844	6.6737295577328695	
0.10198933466789253	0.16561496169621973	0.3958490935655455	0.6049310524638846	0.9891063506482543	1.3059093660914067	3.828500778196153	5.746795824627332	
0.07708796696821887	0.14117281018701966	0.41127280802489297	0.723998606164297	0.9354911546227531	1.3737361345552246	4.11703358633979	4.774727428150327	
0.10901287897403585	0.15918182892378424	0.3873460935883697	0.6374796739998796	0.8295862261147612	1.3408819239284393	4.707112267912126	5.897436303457706	
0.08883322228933985	0.14216935852855975	0.47905672427898194	0.6024050116744463	0.8721750964370947	1.2042195131888287	4.024454449427308	6.847994841414905	
0.11867711507512702	0.16543382756130154	0.4227059916321559	0.5845994477628089	0.9173104764894894	1.4672441977794966	4.152644581958542	6.070157012451934	
0.09579616318341161	0.13794553350333358	0.24986873747392488	0.6003897031944183	0.8307431799216611	1.3603840193317196	4.222800755298714	6.380207468828447	
0.10529612925409466	0.17386779027595892	0.3763816891981153	0.6594308427210638	1.092095580718425	1.5708536895885021	4.635446706269553	6.595559757997686	
0.10008323168454059	0.13541957897338777	0.3741187130441796	0.546913229907825	0.9925556082229066	1.5444756458267248	4.968086353204891	5.9187899068715994	
0.10240508482910059	0.1360910313633795	0.3742461226929573	0.6108589887106975	0.9884760788732514	1.3664768304238746	3.5871735446771833	5.764084260176797	
