5	22
1	0	1	0	1	0	1	0	0	1	
0.10201131400537489	0.43337876638967265	0.9128675252051038	2.3492201338984167	5.422165857382283	
0.06997525139938501	0.33813573818928916	0.856552202974467	2.4255234698189465	6.090403291305947	
0.082666629873002	0.3668163507437408	0.9417654072104352	2.21330061298589	5.03433478520662	
0.07933147911407958	0.44312031338919744	1.0065785368479476	2.4298612610037855	5.622461324221494	
0.11324072459798043	0.4010836799679537	0.9582847723182829	1.6306452471875275	6.5747158802511425	
0.10693909946513461	0.38547539054073005	0.928584403430334	2.2776205779452416	5.211965012026429	
0.11421300045180419	0.37750969301712006	0.7197416028056585	2.435329369660131	5.966970226297773	
0.11725137854631743	0.339206515255533	0.996213405160327	2.3338807810505524	6.461503640690696	
0.1039997505718803	0.3833338064244607	0.9073264423101625	2.273359204847149	6.994219957762396	
0.09749052559578225	0.3436983178880701	0.7938049598244723	2.208966941006829	6.108669060213004	
0.10971630893649448	0.35073793301209777	0.9242759195307951	2.3875515491646517	6.311889304429204	
0.09542397727050163	0.3850976851580893	0.7905128164350509	2.186072753482207	5.9898641779579025	
0.10271939104144512	0.37519689320973315	0.947285938027234	2.385474521443907	6.3436354304432925	
0.10529930065047904	0.42875918841830735	0.863937395861967	2.2366685914199165	5.667762754491448	
0.09491479686738152	0.44184928024636194	1.1585286895073712	2.162528606774041	6.057308151250781	
0.09603384126607092	0.36536026175834685	0.8915251582572071	1.9118696736140648	5.454979785101416	
0.09319671524736545	0.39618147131795994	0.9652613878309326	2.23060460326049	5.8584524204732435	
0.09212883530649993	0.3830282415569976	0.8495275905132704	2.199892619693936	7.072458979007738	
0.12345044697488482	0.34781601391867994	0.9595445595508487	2.2259855291242343	6.331587795691115	
0.09514416617096211	0.4798951218073673	0.7920671282664247	2.019923679584901	6.120914108134917	
0.10234207306494043	0.365029091508161	0.7038928817267195	1.847741754284226	6.631392062737575	
0.12294800210185519	0.30908437126627136	0.8841819855027081	1.9882042403369777	5.879709706838932	
