3	34
0	0	0	1	0	0	0	1	0	1	
0.5503536138561637	3.441338846276559	6.1879072105431625	
0.6128942487398047	3.3206159212480983	5.79883164775741	
0.5898140585161172	3.3208817710345926	6.138915033221624	
0.5858334350201942	2.979326237989246	5.55915627236126	
0.5834220026947555	2.7089297917284925	6.7533379429849365	
0.5961141844906032	3.3175659525422434	7.185168470133748	
0.657903780622331	3.3605522451977925	5.550637823629851	
0.6241486493136174	3.128614524486264	6.518705593356524	
0.5311761754705234	3.2817524411644627	5.400306846307868	
0.5866302299306614	2.8658749078345402	5.4965188542180305	
0.6200672027185415	3.3275029653030628	5.97411720790348	
0.5344304789308497	3.488653102302753	5.158337251675322	
0.5889713788342026	3.2528221215230366	6.354484323080058	
0.6111872406805697	2.7918603666675663	5.881188196528875	
0.5659495821129743	3.2179470847317564	5.945235417266977	
0.6279816439853124	3.582935077212664	5.393500171001253	
0.6769038103778472	3.3210709970011862	5.6877777448052695	
0.6312552725867002	3.0419959341603695	5.771300619959217	
0.495220309789126	3.4934013193296414	5.45838401510103	
0.7164950554016372	3.4064572060522957	5.103524672473366	
0.6091836388122408	3.2744280658002434	5.596766476341292	
0.6216299070000398	3.1782145477085066	6.1869915101389585	
0.7946779954038717	3.8352601356069784	5.855067430339574	
0.604629089248508	3.119849060127697	5.00381552028727	
0.5589643611331078	3.099096461783007	6.222375860194198	
0.5746108081448404	3.224106418199575	5.697554284384072	
0.5732664778602444	2.6599660800947063	5.878904349296975	
0.6037246585670759	3.2069367946168357	5.445975376070946	
0.679143039152406	3.103417306726654	6.33071652311633	
0.632044921731437	3.3621858754405	5.899072105787583	
0.5558401799144476	3.2275138745604974	6.353919727111443	
0.6561489967551962	3.328216905004647	5.577379318981611	
0.6605670395166481	3.570739333683517	6.743028647304603	
0.6062195656206031	3.618055090877438	5.981102180185119	
