5	34
1	1	0	1	0	0	0	0	1	1	
0.11027116074894448	0.16249778272284013	0.5300089216605676	3.9427923154904527	5.411637682874863	
0.10321874439330868	0.15724678541091347	0.6455354835477536	6.032111899374311	5.342422548448138	
0.11448724638923527	0.14878279749814224	0.6118957658512622	3.654931270873113	6.348045374641103	
0.10593816780880475	0.14082147412680632	0.5788734404762019	4.058527606756748	5.827237199954189	
0.0907333458000852	0.1768020793956633	0.5705973866313625	5.071494842871251	5.905571300575279	
0.09025672949775217	0.11769032264332595	0.7105069053540757	5.475861393948049	6.244138693142359	
0.09108488699183472	0.17102763793711162	0.6044777907600157	4.884340574072564	6.400974356725208	
0.09339223418903582	0.1605207543851626	0.7230107691491028	3.8197963193497992	6.073309879366171	
0.09528761348431573	0.13644066882846304	0.5750988167693031	4.909708201969424	6.017116400373148	
0.08880731241497218	0.17170496367499635	0.6865621335474809	5.010103305402263	6.266902292778289	
0.08746582592549298	0.15429173119588543	0.5532004023091119	4.476690360810205	6.423717686015941	
0.1015151248833202	0.16393424272097107	0.5607012915040631	4.767414050654214	6.718589632005004	
0.11341686916542515	0.16673808326501574	0.6609476028681911	5.27576154637655	5.23458323501816	
0.09070362836410184	0.14798581709383288	0.5707977281632919	4.1944458252516625	5.465286556483942	
0.1083947926071671	0.1606549049997906	0.6080938968556531	4.180633647080205	6.105603907154255	
0.09405300900673295	0.1589142331785363	0.5841839089920897	4.656245089297315	5.7098570597293765	
0.09976679164956037	0.1409498660039157	0.6324967084430275	4.304085315941765	6.645416303786225	
0.09478100562949573	0.1418469194511605	0.5619956121695613	4.58283800238691	5.972428780135026	
0.11179376873116098	0.16515155576195087	0.5966269206355254	4.655399839527529	4.203517921921661	
0.10666029551564014	0.15039540589000108	0.5710462221630972	5.082931613606733	4.772173104356756	
0.08959830336904216	0.1646989190171275	0.6108407347768651	4.636044524405236	6.617296218117007	
0.11670582357132626	0.16089649608762865	0.49641537437883365	4.2559719797959445	5.256932940772233	
0.09826880089639402	0.1790948821261565	0.5145863213007303	4.393054919874601	5.865479982067793	
0.10797721456225987	0.12271039050083839	0.6551051173911266	4.4913366163885025	5.34319008546929	
0.10221902844529383	0.16634405779292014	0.5865278225738897	4.608708619320339	5.779557678344556	
0.12622733912788878	0.15463091185744227	0.6315888725330497	4.95211181605352	5.710312331619843	
0.09915882985227832	0.13367691801144715	0.5752635568134594	4.084699803856323	6.049346058579115	
0.08592286442023019	0.1684731689190198	0.6719778513330994	4.174738033734544	6.324698912214192	
0.1102121982151402	0.16277422402700328	0.6001274393461251	4.650428216726264	7.3657544421342696	
0.0860825279818076	0.14424194787245637	0.6624373792092475	4.4769745988679635	5.698345324487911	
0.09872647685629102	0.16433750959588056	0.6605228800887648	4.329008673686282	6.4840969723330355	
0.0800912012863872	0.1734594916316236	0.6077991978068532	4.972774679357658	6.163927176482731	
0.09227253016795073	0.15631292768378613	0.5994298663454946	4.149674549908328	5.637309070925845	
0.08292963536642319	0.1420248272103507	0.6842451901150158	4.232742665511243	5.532477648349546	
