6	43
1	1	1	1	0	0	0	1	1	0	
0.09515980376803722	0.16207181165291099	0.36753385487428314	0.6066281253531681	3.742503943510668	4.843931661639195	
0.08758700727259044	0.14141287464282615	0.42773641108877164	0.6085126825577097	2.8766269611248445	4.131471399761826	
0.10703493522711172	0.16491615421826444	0.38067850145632265	0.7485188280561662	3.5178495181230827	4.390433518665195	
0.09184293951900657	0.13537673543041437	0.39274601017825406	0.5706733773051956	3.7939667200446134	5.159840311313037	
0.10633066547497227	0.13231505740564656	0.3544556828430086	0.6753406515444661	3.067003485066592	5.004963780263786	
0.10474603923034763	0.1507757682721978	0.35329235310845325	0.5943453693885149	3.311635585334342	4.9646425042355045	
0.09114264399366245	0.14605774736210828	0.3817032790134269	0.6397607014611698	2.9547490903050977	3.907543593200753	
0.1067396515171005	0.12723076327579944	0.42882922916096244	0.5906444341510255	2.747052398260805	4.283810901268428	
0.10379123633069239	0.14200948368667532	0.3807611304553252	0.6444047019423171	3.1842881409990236	4.07832404559024	
0.0970101600262816	0.17122260204688888	0.44403244512266105	0.4788044295634635	3.6045840704872303	4.61256647221591	
0.1092398267912015	0.14174267609598554	0.31280598663894355	0.6350693273188477	2.944182390083117	3.8752684058318163	
0.08681598617526534	0.15901370673623003	0.3852991937091095	0.6469479613124804	3.467449457711319	4.310579895937305	
0.09929526426122545	0.1423284370682619	0.37200754463111135	0.541964715721136	3.3769073955091593	4.983804337041791	
0.09183386970179014	0.16921904468102011	0.3843138168661618	0.6144647385843488	2.6976854061275564	3.68673196069542	
0.10144116362779683	0.1618459818694801	0.35448754314149183	0.7002056340349854	3.4888541916326528	4.0912464367314065	
0.10030848667053507	0.18715393700585117	0.3327825678936112	0.6316961963349063	3.1451080203649138	4.818103330913331	
0.11267273646318382	0.14420644366932947	0.42251866632487256	0.7332722036563176	3.271539289636876	4.853199909372384	
0.09409559229796725	0.1502888896354682	0.3732863464770868	0.6478161555395157	3.6415196791210005	4.450655317897143	
0.11533622845732923	0.17295071162342443	0.4121804422408362	0.5690384080966963	3.0511556345595316	4.134428390389482	
0.10949166070238162	0.13182347688765952	0.40571983085621827	0.5351334391305532	3.5176524889486416	4.507748812228752	
0.11333638561859827	0.16712181867481904	0.43453248565608027	0.6876491230973467	3.296680021046164	3.978543120108928	
0.08947476945002622	0.11869727206026093	0.33882069832973244	0.6041294194622789	3.0681123912318222	4.418938978015567	
0.10492715419461401	0.14543902112901363	0.3373705055843218	0.596805979946194	2.9579905917988256	4.378146076359422	
0.11342776964423003	0.14594242043855737	0.4472963870272143	0.6858981592162782	3.0617257747118107	3.9999943051129008	
0.09947445838079808	0.16729991645095335	0.36137274556330984	0.6544854178957283	3.6427429964692286	4.151688457336827	
0.09323948911711413	0.1606899304819051	0.3857702068863797	0.5588363084073793	3.135541354361134	4.4682662012726615	
0.08435145575044539	0.16148464659724043	0.3618096968203107	0.43297702657211407	3.2422419352994276	4.166292933497922	
0.11688822192302678	0.14121832468620046	0.3382895521840128	0.630475960197721	3.0353546053975355	4.149244709436496	
0.10509501382824407	0.1343929903816565	0.3246236009884208	0.7035598801256603	3.4383370897202097	4.381105821752535	
0.09996522790298064	0.15758796537174236	0.41698682308531	0.5546414825210992	3.368997620938847	4.271983120705393	
0.09811018755487376	0.15241039301197357	0.37974621422399846	0.6441340138981543	3.4083031317125685	3.82132385578252	
0.08642176792934558	0.1444542497286106	0.4494877599727894	0.5489044900499038	3.1823276193758554	4.258644287869565	
0.0944595561591192	0.15267359615857581	0.4332295364954347	0.6273581039928353	2.988852437536195	5.738953279861444	
0.10078573220961128	0.1413416856542683	0.4336596622377484	0.5718557629233708	3.790446937870919	4.1082107440649995	
0.1143003038892137	0.15301571496422542	0.42905998484269253	0.7141059425220926	2.8819026305805924	5.074097319341245	
0.08591096095574596	0.13429223467127657	0.3494704405278874	0.6302181981706717	3.260730160003829	4.424788762126724	
0.10146235279022363	0.1588693438394021	0.4053934287097714	0.6656500101369078	3.8415113141494177	4.490386932401336	
0.09478911037869084	0.15920304193777782	0.33651831698194445	0.5592777520733033	3.5747988075776567	4.444142231332033	
0.0879180754164196	0.1276529540195224	0.3818512338169647	0.6685137922180806	3.6167773776976357	4.549896226301778	
0.12008909419096128	0.14842769451089305	0.37473443031089837	0.44595384541566	3.104607041522605	4.883406765708823	
0.11563961336859706	0.1375464804949907	0.3975655885131359	0.6628127419393972	3.253642649788667	3.4725237941127465	
0.10247289999574252	0.16142145936091337	0.34399792998929857	0.5847507281475368	2.8744637863081515	3.343433603138841	
0.11027004411787655	0.1499437719929722	0.44071164987478934	0.6514393315143706	3.134881827458729	4.462568702953016	
