5	38
1	0	1	0	0	0	1	1	0	1	
0.10018171709122062	0.3076881282578993	2.324222472767336	3.2657542398966606	5.93238152437475	
0.09388951821862966	0.4160881990572972	2.0448400986136566	3.401896359541659	5.981153422788399	
0.10178011305853288	0.3638461349209598	2.0073229937572905	2.95400617715252	6.005645655193797	
0.10929046114417083	0.3814451842830546	2.291362440241363	3.375433578747967	6.101063267149619	
0.08352616778088118	0.3908163768405314	2.0089839502245237	3.053049161510013	5.696499816555812	
0.10587791293377001	0.3382141395392948	1.7537079301526524	2.7671399517798676	5.0137526867740565	
0.08491242753542415	0.40652806432397215	2.0330325032478123	2.9130527019625787	6.540322907284157	
0.11923482483216695	0.39568459919825394	1.914675057113786	3.2274169969762956	5.0180877991404	
0.09617917653269903	0.36008988292890076	2.008242017521247	3.1124722403814387	6.74480155050648	
0.09737003470381597	0.3883272656361888	2.550998183755773	3.7388881059622374	5.994551652055586	
0.11027216345645173	0.402916204781566	2.1895034006912417	3.2865219331421125	5.585629758685304	
0.10073037683433742	0.3755976866143404	2.1647537911026973	2.4883640111009444	5.703731601040667	
0.09952494788652028	0.43210667971296174	2.387027014722212	3.0226982005598937	6.603364445477933	
0.12257876701962485	0.3987621623886789	2.438296613926726	3.1508898417928823	4.616490448776678	
0.1001581571410124	0.42015641983717605	1.9809202530294827	3.1362177384197283	5.520297691923034	
0.10241238311936195	0.42833341147297843	2.242063411705922	3.311790937611127	5.987454496105206	
0.094169127999234	0.38100900176395713	2.070934285142256	3.4530260888246813	6.249570771672799	
0.09652229542056469	0.3910098635008261	2.065778970693399	2.879155749870538	5.916351580703575	
0.09924190213285189	0.40201153332070416	2.5574964071300577	3.766359451585208	5.94296079387702	
0.09573914393874776	0.4292497029580334	2.074729610706862	2.9245403156377816	5.270629172432088	
0.11428093629624224	0.3137712253750643	2.211216771424453	3.2154468272446692	6.070391930911587	
0.11400339240493047	0.37408444382463196	2.134005970163734	2.509111896996592	5.730845364139043	
0.09865166974823071	0.4097833050385055	2.12005512256049	3.2262242292692176	5.27325772791527	
0.10968046886867114	0.3474040103789972	2.251712131132118	3.398648437106304	4.85065166130771	
0.09675753547412796	0.4323446263244712	2.1843597194138233	3.1132738377377427	6.055167447581114	
0.08830365159915605	0.38204035399527886	1.9726080451726642	3.639042160461269	6.13890303536099	
0.09859908685672805	0.41076606040093566	1.8500321578903456	3.2463660005026544	6.787055970238001	
0.10276728972040493	0.3792051361027161	2.1416717826265974	2.7312677667241076	5.156860230191548	
0.09170571975957867	0.38104585310026123	2.0084396361742587	3.1404035107364012	7.16472105193383	
0.11403169133458974	0.34173919454061674	2.3812042886868214	3.566797679467308	6.674570086007236	
0.09990334641917414	0.3992909575950823	2.070969242898894	2.8517092828342223	7.101484520859561	
0.10691240411689754	0.41900101461723904	2.5646499330106605	3.334105049796228	5.304527292051656	
0.09245862757725973	0.3707310421910063	2.0240440278890057	3.03826535574165	5.787308675828005	
0.11320826839035092	0.36817312815500874	2.272830719154568	3.3473192610543814	5.809254889246051	
0.088520687289817	0.3807556722815311	2.1324941172160097	3.311945443780869	6.345583352364097	
0.08351902626874468	0.37423714071484393	1.9161090291386889	3.156365571518673	6.948514285105791	
0.11603441848980947	0.42618613876602096	2.0131079330308643	3.1286513056165473	6.759788272941382	
0.10369373847358823	0.3590225157600294	2.4566341472249675	3.2437058850488927	6.194025576946933	
