10	61
1	1	1	1	1	1	1	1	1	1	
0.08428195574183295	0.1722287988859539	0.4547549429813781	0.57246870925775	1.0165905772052415	1.420296865378841	2.000083518716806	3.32161578443226	5.24303343420394	5.622659481053175	
0.099696735836941	0.16287153437040208	0.36160142526976596	0.5172069560584348	0.8772101066848115	1.2469785433900662	2.3998803895200487	3.488206900992878	4.335274954623178	6.435225556796175	
0.09972703052243324	0.172112844514329	0.4111733929589166	0.6798036324935987	0.8329945706972456	1.3373937598641477	2.1493253994238883	3.010751318191583	3.558273124170411	5.647563427264272	
0.09540213455865237	0.16997926007076908	0.37361972441095975	0.5990907783630072	1.0386877709876192	1.4299733066840874	2.2773186516940265	3.678484982774844	3.903661490414441	6.527623089564799	
0.08530514491541415	0.16588443067962846	0.39029353749705364	0.5323053025645806	0.9811906095759908	1.2556193438882124	1.8831585912637674	3.2363063829002767	4.712636217785108	6.572676537998922	
0.09256426625063682	0.13236696346559468	0.3056236702863836	0.4897444526858816	1.0337543343584843	1.426759299351631	2.3885406503841273	3.1150099802142193	4.436887454208474	6.977762544672938	
0.1110685976436055	0.13781467007044212	0.4019747129166332	0.7023427917181154	0.8666973276392923	1.647106538952207	2.039156464166861	2.4165967362581737	4.21587116162945	5.757569246424077	
0.08242603985775121	0.12788488048736113	0.38044345114831757	0.6163805900241024	0.8958465255180228	1.4896794995374125	2.030649323771758	3.219720975203751	4.896465022915804	6.016738485209405	
0.07916658050432554	0.13934517904295984	0.35283464824044053	0.5678072137897475	1.0446579277097559	1.4926946176287812	2.144274988294771	3.165034379591604	4.282129080597149	6.116716506002527	
0.12045326440874182	0.16118664612953482	0.3170942027347144	0.586244940701772	1.1180703130399599	1.3858684150205214	1.8786445470282214	3.3459151981662427	4.731802802868466	5.880936706229666	
0.10520665539066523	0.1667878584139188	0.4156518360845321	0.6407900144026114	0.8672470240896176	1.491862805503941	2.13900998852072	2.6387171031879544	3.460876213873583	5.921745054414726	
0.09990160956101067	0.11131413936049903	0.3515588075010942	0.544938583602091	0.6964692252070914	1.544206834177808	2.210188085429689	2.9031851717812986	4.381392226635828	6.384253425872272	
0.10768952055266592	0.12394983192575285	0.37428417383885276	0.5078504377685995	0.8922487974656543	1.2988869549208915	2.151228872244846	3.49167453909936	3.959793967796681	6.2334630867519	
0.09173608863475913	0.12137636430449653	0.4787195250942189	0.5742392023848367	1.0498386960132793	1.5153742078097991	2.042760487822504	3.5561415526606295	4.051116515392596	4.986187064255515	
0.10992198218173686	0.11261538286974979	0.37980598976095725	0.6966207916098967	0.8957165871950717	1.5267599176184856	2.448956569993225	2.9486883548954452	4.226692987541659	5.358055550990345	
0.09918174453195416	0.14027832798156029	0.38790511168715464	0.6206605263570416	0.928090613511714	1.5210144401941188	2.426888502180112	2.991864412444307	4.703084969014533	6.037602317497153	
0.11753612010486576	0.15327278045252185	0.39560188442066035	0.6250899200879029	1.023035347305738	1.2073451535910211	2.172183041915894	3.1946452538312053	4.271793730598016	5.812065717114087	
0.10041496068584538	0.1705130220402973	0.31520992311687784	0.5358195720654567	0.9820177226683626	1.276327263347437	2.303586545173239	2.9745139122667856	4.642325934801969	6.476896179642456	
0.10450654570241187	0.1363487787820906	0.396752114844162	0.6048637461138897	0.805816276241473	1.2512384549455648	1.9754829179985511	3.7812876871584575	5.07427169386653	6.483061382290417	
0.1010167230316199	0.17329327790395843	0.3821991949545314	0.540147368903372	0.9392466976032501	1.4110034055182907	2.166409446249961	3.275761215338193	4.57806456701768	5.9096440714761425	
0.10734786422392173	0.14440056243210625	0.37774955654045056	0.5193168653836224	0.8573259400950032	1.4909360707252433	1.9152453985104372	3.6610316435465453	4.11109334027719	6.687535106864477	
0.10131254598201521	0.14908380091840692	0.3749229036944075	0.6454982564414563	1.0260666211489866	1.4450356594927543	2.180921117490646	3.7431266651908794	4.078401021073072	4.997252694209647	
0.1050661312867589	0.1592269490656743	0.32147424285962267	0.5519675334424355	0.9485092938995766	1.2512790306753794	2.3328197474143857	3.3228833251618397	4.678465005262663	5.665341622703878	
0.10001496716905703	0.16955099809080362	0.39479358745739535	0.5583179669181374	0.9064477687645144	1.5592966180749397	1.6679981419806515	3.6376870126313703	3.711641752749773	6.597723258203986	
0.10391886184054143	0.1125884817857375	0.41334041971979146	0.5602780247116408	0.9298184164372287	1.6346954482454543	1.7406025244977905	3.1131114324076883	4.20043101268552	6.519631170983592	
0.10042406097727499	0.13456514603735867	0.43697903741475735	0.5544438017954203	0.9126025165476904	1.207099387534732	1.8055436189540912	3.828842634536748	4.327505584066168	6.008347931844526	
0.09826297491667259	0.15927751386002065	0.3610874858968735	0.5203020431563266	0.8306861462219269	1.584199561104249	2.410561958069127	2.946092082115597	4.427781691423615	6.986036104705658	
0.09768242239351665	0.13946556905178897	0.3141832071184831	0.4996363305419953	0.861020525577253	1.3397973918395316	2.2053321015948493	3.357355304638909	4.000580825305501	5.552361324449555	
0.09439834567816302	0.16623443953792738	0.40170771035483077	0.4657315582368601	0.8198756610881078	1.5094210431528623	2.1538276601759585	3.6975228747484232	4.469940660286896	5.404007899583513	
0.11893004822164965	0.15700308533719157	0.36201929997425203	0.5587075596469382	0.9386006138321756	1.5381733334288448	2.4430171827758334	3.3912659930972464	4.197868947932543	6.158359143224092	
0.08196643470433837	0.1530603629143	0.34399881212455397	0.7207962115540859	1.055378682246697	1.504512112947758	2.253792806506563	3.4082120323144185	3.867706924962793	6.826786349655405	
0.10127478528608291	0.16659606544595015	0.35571325451253133	0.6662651745050127	1.0484068538853382	1.103099682893259	2.0671810937212607	3.2368792174967767	4.644970569590583	5.916979521923621	
0.09755850339325237	0.16128726069016072	0.4671270414724539	0.534284620912112	0.9738245449795333	1.3786554378267015	1.9577264143562507	3.416442134925258	4.790955369293034	6.660893168459641	
0.10126478098066412	0.15935260599383255	0.4542579554220866	0.5975121286588674	0.9210621372981083	1.393339777019843	1.709808965214714	3.74336368535862	4.724253582373914	4.94222154872942	
0.08796965088179916	0.1447860287184954	0.35498772116090166	0.5749219259938034	0.9403199539550078	1.3603517640186327	2.008476441410842	3.1292495864884904	4.110974531967903	6.392638097752254	
0.08919404200510553	0.17578692334146698	0.3799578201986569	0.5803076845588251	0.8785868763280529	1.5084578969336166	2.343095241628717	3.1418390792094537	4.4040676844676545	5.5601637625414355	
0.1049099815828797	0.13888242824506009	0.33153067132746067	0.7231574431771025	0.8581654388195471	1.1708299312064259	2.02919832472607	3.58409175703257	3.7672378100086714	6.508052987252977	
0.08476069197605068	0.1666322907902862	0.35650831297668084	0.6166332240202145	1.0890829982723806	1.5362843671410564	2.317365344539188	3.142630414875639	4.682310402797917	5.745003796787627	
0.09461462093630067	0.15681083219297623	0.4059549195540559	0.6315715423564774	0.7881403841323745	1.2749102613847494	1.8426101919371667	2.9363706375448055	4.437872733312678	6.890637980541759	
0.09797915785681342	0.1646031069518872	0.29287882782030783	0.6366945588008507	0.9621060838968377	1.2284918924369388	2.1210165415565223	3.1425272150276884	3.7321398554842284	4.75415974610793	
0.10603102640653826	0.14448421136846953	0.42555841094798946	0.6354743782038418	0.8972521055872614	1.3503036086119933	1.960915995741605	3.394409408153381	4.303716830191215	6.135925024261686	
0.10257971500482002	0.14677585829585393	0.3568542408008451	0.5140754101748066	0.7219883214912235	1.5149708453668842	2.0755915033313936	3.340773796290521	4.403152551104264	6.7357053566456475	
0.10828137086096797	0.15403909940530705	0.36642695483584586	0.585398569683904	0.8886814277952078	1.1994984065984402	2.6416617964471243	3.413104869286066	4.472895888847231	6.321398695291979	
0.08839282176289555	0.17910898307656845	0.4361326772420208	0.5980417778643197	0.8905713444137495	1.300001534072226	1.94638400735917	3.050716716568736	4.440558619096831	5.251852488165081	
0.0964304154153097	0.14424236207295763	0.40421879648374215	0.4695038395327984	0.7780580706755114	1.2749360244642443	2.006328784702694	3.6977790492436826	4.367984446755967	6.85212067994716	
0.09295831218155658	0.13794416447157426	0.34823455718804786	0.6592252714262085	0.9510331142936178	1.429197170990214	2.2405703011132534	2.6324894949110966	4.438887020500909	6.38271594921602	
0.07579814103459558	0.1552996976326638	0.41012258848761324	0.4510636976059619	0.885113829989813	1.5744843824128587	2.5592436659918882	3.148467024687342	4.602970707927287	6.412992091504793	
0.11214750673188852	0.1393350270991956	0.4143766880362402	0.6071705178907402	0.852063387650915	1.6186744127786576	2.426294238956425	3.2913886291965677	4.9101450127805055	6.894764105669588	
0.07787664864840832	0.151050324451336	0.34168315390800413	0.6129708773646102	0.9476421386471802	1.5476622966438507	2.2703445973070244	3.3281468761290354	4.126467951780833	7.753609946285609	
0.08861674791211767	0.1733611527384116	0.32650987455018643	0.595013944918543	0.959528229952815	1.30011852328853	2.2529357626733004	3.02201805700802	4.688392482879115	5.2625143860619055	
0.09149547528598821	0.13925065431163955	0.37675799278543426	0.6613908149602058	0.9149896186236521	1.2431815928679397	2.206723975922131	3.1778389482759746	4.689739225559352	6.498301769105877	
0.09993833984661266	0.1359245491321325	0.3839113909206579	0.6784790661546276	0.92993217888436	1.3974963594903411	2.2124025828251606	3.2780226496866955	4.380625065725438	6.648202164615279	
0.10380829624068706	0.1645357990784427	0.3691535267979985	0.6372542852028582	0.8379609238748261	1.4769889529932998	1.9936692785352512	2.945058685572493	4.409680022602321	6.90962885697965	
0.09542766167339008	0.17298773179070448	0.3587255772113093	0.5758358570957973	0.9596889254542915	1.3771327968738423	2.0985961430555746	3.2221434631766277	5.205399815749666	4.633869317227292	
0.09201466196623509	0.1508217377371912	0.34793591748820335	0.5974659472848354	1.1537929568734577	1.0228770657045667	2.0016009868328664	3.502629265914474	3.9949652560548135	6.005015783985908	
0.11327163440901783	0.13711840898165414	0.35665594264185774	0.5930183701959767	0.9457825663222804	1.585106772150112	2.163335341301194	3.7894507977716803	5.1472385352364745	6.692497525926112	
0.09552906323479626	0.15540160285069754	0.4068007268179995	0.5576853429144505	1.0471978004207776	1.3224113071391388	2.2679092186806833	3.7583263821551522	4.574283512513598	5.335721390445438	
0.0857463790050848	0.1744514693806747	0.3539603500822948	0.574636073568784	0.9564613801599927	1.5994298501090745	2.0976574417603415	2.8886283446941254	4.546254930488008	6.958342470081542	
0.09652782006351397	0.15002359447410415	0.4686747840000024	0.6001118439630175	1.0514992767242142	1.348708213655306	2.429107199044889	3.3156698751387594	4.433502357294437	6.783332835493026	
0.07703162010302869	0.1335548340958355	0.31949555893990983	0.5645803393462301	0.9049628934432727	1.3026420123918558	2.3980879767757974	3.1997557256562255	4.382075521298162	6.153622200489009	
0.09187811556700967	0.17626671661635465	0.3621069149352039	0.5901452966439716	0.926777211632669	1.3464109059273912	1.9996642705334056	3.0972761019626995	4.596931030910373	5.629422409235075	
