10	47
1	1	1	1	1	1	1	1	1	1	
0.09610128281745829	0.1362976148214019	0.3453802016459366	0.6471398869705492	0.8415891737275035	1.6357343161719518	2.6108238831045396	3.851251831072927	4.9496268370428975	5.480005361813929	
0.10217220634168163	0.124432567307976	0.30658717697881666	0.617004906390351	0.8331976957888284	1.4475266545072958	1.9061594506378676	3.2727218310426793	4.332486495235517	5.7624081961695355	
0.10050715893225924	0.1278185137187262	0.3820965776225813	0.5242052859675657	0.9477728580910716	1.2945544444620793	2.176978850223521	3.171223626123506	3.99913535020037	5.863703570792203	
0.11326908594666218	0.12254730425005161	0.3443082956149042	0.6719723977948903	0.9150703252600577	1.6742398764864737	2.45076687198927	3.2259726749244515	4.247277383643823	5.341560362967093	
0.10722318670265965	0.14704962366397883	0.37354002165723976	0.6535022382836361	1.0015389657641587	1.743161758068816	2.112968782148086	3.4910228516376067	4.02510508958343	5.490702894929713	
0.11054820206299065	0.14600429682097163	0.39799215845928965	0.5574291166595514	0.9806226197883465	1.552758890878359	2.1430242815380245	3.2108539418687467	4.692606010512696	5.561354547884406	
0.10339316803986257	0.17050851165265044	0.35362792065610743	0.7073183934883531	0.8370557846199334	1.3660430289828416	1.8432050242046296	2.754519089948335	4.348211149954446	5.869289165437536	
0.11677618598597994	0.14318749431257002	0.4003999254442921	0.6359276650194353	0.930413267736034	1.4747680397245029	1.931776461740917	3.579109105245803	4.661230652561759	4.281936097786604	
0.08921198348250564	0.15445173134725637	0.37467548344125073	0.6424479664039188	0.9594905054085879	1.4555562023187507	2.6538841214970907	3.0000493659818113	4.063393908096256	6.320664588854042	
0.08952033724226412	0.16846773480649915	0.4359958276881256	0.6834903997171946	1.0183969657194154	1.3622328455603583	2.1709602799036087	3.0610956289651483	4.634750276724091	6.481736772840977	
0.09999074102862429	0.16814808975631904	0.33630022960170347	0.553941649172023	1.1105658415529123	1.5775444128317666	2.119144139632365	3.048015949600229	4.1762092023512905	5.932009408068134	
0.09712602118427521	0.1353277616820616	0.3834555627674196	0.6285352293298256	0.8560406171793131	1.4700538722924401	2.471444150288014	3.08304764148827	4.315487075665917	5.277209014091548	
0.10514048096903389	0.1468369402362482	0.3312543411442721	0.5236159454181339	0.8503107186338534	1.6613041631148073	2.267370136825769	2.970614943012652	4.261605863614694	6.054990067372709	
0.08696071062447784	0.2028495725717575	0.3837747776132983	0.6665137391471406	0.7689166229183387	1.5176080930291638	2.228508441073187	2.982482775513013	4.533247753038848	5.915366376312101	
0.10437137199955096	0.14525440852337457	0.39737295627469926	0.5563659419967437	1.006960199082486	1.1835599531147238	2.2274465577864677	2.9427176398200916	4.9747747094341666	5.709081844646567	
0.10667174233350654	0.15757338261534548	0.37230948797277325	0.45505962134108024	0.9688414836282284	1.3168346662545347	1.9758670630780448	3.105459752979879	4.763869455223958	5.990662086169774	
0.10193907719444013	0.16473952468302325	0.387658483066143	0.6936690951341019	1.019985528601921	1.212461674248148	1.8821249442974133	3.0507658926620214	4.956117175323681	6.204439703066956	
0.1100522685371691	0.13853619525600755	0.35880474810388513	0.5033270684808465	0.9644946390001553	1.6202992633047801	2.129208651933286	3.0268370298848377	5.01085952677859	6.654442108086984	
0.10715913172084335	0.12907150444163518	0.38766576334722935	0.6306250726737399	0.8236240917598623	1.3552333690440188	2.289341090369159	3.4296904448070173	4.352237908195964	5.070569502903312	
0.0926822799474806	0.12473377570567676	0.38929203790842637	0.643214924528373	0.9361367199664606	1.4437635884320295	1.9747607746334424	2.942855165853856	4.626173787280609	6.676640837146253	
0.10779705617233289	0.1394978406238114	0.4002049362978927	0.6665216762326976	1.099135040868926	1.2820827764925264	2.403837544755763	4.037017148246938	4.15333767356902	6.019024304405836	
0.09371919038532764	0.12026888960153709	0.34003906335132084	0.500671166854853	0.9842925546206246	1.5160018778391522	2.028444999103506	3.0312540189718984	4.221146241208763	6.243835557222793	
0.08776857535417099	0.19522974837491527	0.34116953376125786	0.5399161442360042	0.9476284384690238	1.7165603769318323	2.0220461597436663	3.0770625022842224	4.1241289105095476	6.658277105931807	
0.08977826864192817	0.13222922838546133	0.41381546259267543	0.6714622927453185	1.0209668913064465	1.244569956746607	2.053256118400566	2.9672601103392453	4.54875659050255	6.134838332470888	
0.08281088370176835	0.17776119314217573	0.35917074842990604	0.6062699946143771	0.979747615238486	1.29580156701304	1.9500437747304329	3.214575401838207	4.79628947937765	5.265954749499539	
0.09963260776336308	0.12851686603326037	0.31798012119802294	0.6526229570832095	0.8318721733141086	1.3501345893574512	2.0853100134459566	3.141202842748541	5.049710642101219	5.647580227456127	
0.1053624360988271	0.17792609360087489	0.40848954671026994	0.47227932343271745	0.9001685903530001	1.253061533373677	2.198421843594268	3.3726753011127366	4.286539561818509	5.740609953462473	
0.09865552773640845	0.15237603440053168	0.3934602573557781	0.6544491469575842	0.6581408567683344	1.1955787198964751	1.9900562735514755	2.9863655177885247	4.602145680849281	5.7092708847952585	
0.09660868648064992	0.16751091441321572	0.40105988843746376	0.6872294742134119	0.8629029654635404	1.4578269469304814	1.7327963391710832	3.9801349114161715	4.544137017443718	5.875784299990553	
0.10764059757125749	0.1438795568003955	0.39092445969326267	0.555435987954415	1.1121999988305478	1.6485651018735088	2.348311588237095	3.1621524942131556	4.735191265992505	6.5116182775665585	
0.09355112365903852	0.14871971169310066	0.3883022590689654	0.5527869422316108	0.8452703943579642	1.6035440971035415	2.1587370166729185	3.3251756139791597	5.0358673086990215	6.205196963084586	
0.10527767519299217	0.15757063950541694	0.3994118758720727	0.5601236097358879	0.9808900792405775	1.697170508215618	2.2562779255920735	3.7689522070125494	4.889248483767011	5.7447898166749525	
0.10031702426055139	0.168571508025209	0.42362142167831074	0.5197790937266002	0.8920472456113236	1.3080817689660331	1.9780754496564283	2.920404147045308	4.674801266729899	5.751600281022336	
0.09739339869638935	0.18014612434175256	0.4393571405711163	0.6062276512467718	1.000036282681795	1.297445922214715	1.9238944902476984	2.8452899145901926	4.818537323102815	5.39380780045071	
0.09079799023404954	0.16315012753593325	0.3544199581353142	0.6104120963334532	0.9849393618037111	1.2963107266539304	2.257686072165011	3.143034185433938	4.623304709087427	5.417646387766486	
0.10604822753387518	0.13261095356080274	0.41525289270297566	0.5748003160811057	0.7645549255441685	1.6865895672260802	2.1350828361395755	3.12032124440622	5.106466359133564	5.781412737763659	
0.09662552222539789	0.1532149978015035	0.38983902298858114	0.6445693050381015	0.9961027344150599	1.6856595796277443	2.1249554277400184	3.4322293491364912	4.725077436917134	5.893193505099208	
0.09355111619460355	0.13978072731583738	0.4237541911368509	0.6165667055235738	0.8073011281710055	1.4722355199313475	1.9883673568282227	2.719056448880181	4.6835457590798875	5.226337858634064	
0.1028390066000221	0.14388268806777263	0.4002040564433927	0.47227333493585477	0.8449994046264176	1.5803203350046267	2.148398564676488	3.4277162599968807	4.038851174449047	6.024919825966384	
0.11547459739070257	0.17643293046025968	0.42882360709205686	0.6173158188899791	0.8803077846136831	1.144401491068967	1.9909347515075495	3.53467521121145	3.8430781503586102	5.502720149071885	
0.08424523575014378	0.14836018595961253	0.35270351340522066	0.5595897517518942	1.0450392629472236	1.3804994231579248	2.3498159567721197	3.2607385254570023	4.537380355849805	5.700277235274113	
0.10199671836591538	0.1513010816397817	0.39242567102596515	0.5696733786522671	0.7938060686997718	1.4825555718326333	2.217716333350948	2.8644511560449315	4.30203922235035	6.2276909298024945	
0.09614678895993244	0.15255222325980367	0.4374739951809952	0.6047394287461282	1.1619302493724342	1.3560358696458856	2.391517141191998	3.067068139414025	4.162925050071466	4.760511982238782	
0.10325810284383095	0.17021318436580488	0.4036326022464241	0.5515854228578204	0.8710790757459503	1.5209161077165971	2.0619233609571057	3.1299227633736355	4.680926233630844	5.067004343609378	
0.09815393589793417	0.15482363578535568	0.365350950138682	0.5595884139424612	0.7745653566390538	1.3361835938781448	1.8905151140396226	3.42209501205914	4.390453667274843	4.66588050229481	
0.08963047674491756	0.15533000282887371	0.4385960775205382	0.6439451681557422	0.9070149560654965	1.363365056381826	1.9387396546230304	3.653972960457214	5.042255104431002	5.921225627626919	
0.10640455486532692	0.1348105983599521	0.37639822380330756	0.5953570107026857	0.9138941790618377	1.4349674446119907	1.7704220236766686	3.353667522443101	3.8433250127061047	6.072950803580596	
