4	80
0	1	1	0	1	0	0	1	0	0	
0.13381999961652502	0.38987606362792315	0.9344858301488301	3.135147592909274	
0.15378104361169034	0.36229474881264967	0.8746728022977068	3.5507326791324036	
0.15709034453485612	0.48108241524702366	1.0011409090287078	3.3988121263449695	
0.13150940822881732	0.3220164477644711	1.1163431966661932	3.3008854526479063	
0.14351808930900933	0.3003348500290358	1.1904932687502734	3.276074556589979	
0.15724813326241383	0.387508937119467	0.9724140092027098	3.3320423566574267	
0.1296173964359022	0.41220961384944166	1.0088766117150145	3.668072239114486	
0.14316051451263936	0.3926711385833885	0.9729134676027326	4.21499517835093	
0.1988654571768502	0.3928891304274027	0.8369407061165332	3.0534208148662407	
0.14661110661649132	0.42561781374985125	1.0564271722955916	3.574059633751582	
0.1617212124537845	0.4206435451815463	0.7952194861172871	2.849014485124608	
0.13192634291947036	0.3870258724770019	0.9642504253369885	2.74640132882779	
0.15147924989746708	0.4006673800596585	0.9065833321999424	3.8402980453896864	
0.18202154807274912	0.3488916122326223	0.9015214746590452	3.47877451952845	
0.15016578856183996	0.33559689472053256	1.0565031317114788	3.289577063148788	
0.1514107965876787	0.34183410451261936	0.8273558133249518	3.361618866448324	
0.1814809361423184	0.3312965971405635	0.888315978495341	2.915728774303193	
0.135623357551688	0.44638310570757045	0.9510178545227373	3.46676479961699	
0.14045871711372354	0.4262370965393732	0.8800428748784487	2.65094375435024	
0.1430508660569221	0.43093934147334956	0.8183794847659016	3.477083352288189	
0.153383688054604	0.42916350073529513	0.9879117989963537	3.61120229120901	
0.1740427553156275	0.35802149958134916	1.0151369103537216	3.243718614939481	
0.14700174507793518	0.4521656803834637	1.1466407202786801	3.262982456483771	
0.14616851485831786	0.46635757280693424	0.9229092301499506	2.9238947974801883	
0.16282835775138915	0.34695427557281394	0.7756435644144581	2.5706084718039186	
0.13100785675521523	0.3244464375910149	0.8461154464810952	3.490405134858359	
0.15425524762178727	0.3511920416477351	0.9903000474419431	3.2474936290819634	
0.14279343360300917	0.3925358897007898	0.95110469507244	3.097504240860268	
0.117863229161281	0.34733930569920335	1.03108610131521	2.5899111306498916	
0.1537421711588524	0.3981494111434875	0.8924337924927768	2.860095468770191	
0.17849244910922726	0.4162885756939606	0.8690903469017017	2.718734615465211	
0.16140464477469812	0.36639184098323097	1.0106694736119581	3.413443064162028	
0.14319728821352368	0.3885161130104558	1.0577923773386064	3.0917477210502717	
0.12442177045654809	0.35896141984498214	0.9048640956561327	2.8992865580858678	
0.15956926549934974	0.3938430775467215	1.0088686281382753	3.3516141430852793	
0.1443024438753926	0.4263230022349979	0.9620844598344255	3.6145244362006017	
0.14128752234104985	0.4118612371367902	0.9511790773053509	3.3785667406610975	
0.15917801713790106	0.31859819393457084	0.9068452205311479	3.130772285516695	
0.15130645206047422	0.3780825039615637	0.9778283291648678	3.113899238110172	
0.1503457176461996	0.39382672142763464	0.9687144563567721	3.1229690371724095	
0.14754176598715266	0.41267108250405987	0.9115438299486881	2.7966368864393547	
0.1492572022188253	0.3904003725396932	1.0201287653428561	3.3439835400473914	
0.15805364581053197	0.35694756332039224	0.8550252506496957	3.3594223938480154	
0.17929622574128048	0.4316708842291123	1.035250848651754	3.4253106286715203	
0.1480999879126027	0.4268863442654404	1.0418421666237383	3.1874517892452787	
0.13835540853925618	0.3758229469258305	0.9530698372679817	3.005535594549385	
0.13727755733345817	0.3749012157975905	0.8681524283233097	3.2642220639190156	
0.17687614158353956	0.4267660818043651	1.0900433096050026	2.666238007698368	
0.17762123010067452	0.3648354188504079	0.9749083615284245	4.004470576529227	
0.1521938000582646	0.32222998670698283	0.766792993941394	3.2498332541928616	
0.13269938545626253	0.37000731342650317	0.9417457762275372	3.3994518339036732	
0.1470738129994956	0.43477641525841415	0.9243724606431617	3.2856360910752045	
0.14669983616650623	0.3874855562557999	0.9672358504498773	3.3560876437636313	
0.14263585036432888	0.4160811502578238	0.7207275111379554	3.0836790338704443	
0.16996208008488015	0.4249178371406703	0.9201756948946179	2.909248496477389	
0.14001563665646552	0.35878435690730087	0.82353132144103	3.4866575231175547	
0.14985735489264534	0.4361337896870729	0.8069607316579245	2.9265822661699334	
0.16095170439846496	0.45105497475504336	0.8211898703124867	3.2896168502846335	
0.1389741908384021	0.3207099598515318	0.8579336133755786	3.07076979759655	
0.1507285751204996	0.3215561325559695	0.9613306796189943	3.4222106718009075	
0.14502787422305982	0.4696363121295165	1.0539117833354987	3.971459506370714	
0.1417405861208139	0.4031485573040315	0.9406622601230912	3.1400093147432475	
0.1514657112964737	0.34592917341511337	0.8906983377711997	3.0445729943992323	
0.1598308903566913	0.3457930443672396	0.9472702746203806	3.044511237886225	
0.15767881209997495	0.38267410659096157	0.8906650778348068	3.5319229872918583	
0.13137419690060093	0.3628857539817652	0.8493155562147858	2.5927127495590963	
0.13874735002181598	0.3564628325746602	0.941694418530801	3.253384099019751	
0.16439811087616535	0.40045232432069955	0.9377219617159177	3.5774760861882235	
0.1310196315382759	0.4080770268032611	0.9310677020820973	3.662026152983855	
0.16051998590209585	0.30840252613661534	0.8150529884302312	3.072802278376287	
0.13851258342795403	0.3293753570349246	0.8483194405479275	2.762426245947373	
0.15749907546452968	0.39292717044005787	0.8932592045746379	3.909963162878271	
0.1274095686640005	0.4178721017692204	0.9528990542184564	2.7224866080720953	
0.15793601378232427	0.395592700504883	0.997327586204582	3.1374607438603777	
0.13770580040113609	0.3596290176245128	0.989062800383135	2.900166602002508	
0.15097750864541717	0.43602169894957593	0.9754328327389993	3.4134256613478398	
0.16720143445921534	0.39764707664972765	0.9370417883480271	3.0654600789577833	
0.14134562529426123	0.41548407851051516	0.9357163292943177	2.9600615089322306	
0.15592800140693136	0.4439459312852642	0.7810964852222366	3.242701479816751	
0.14691218659748154	0.4334356092886753	0.9252231022217015	3.287908861169306	
