9	37
1	1	1	1	0	1	1	1	1	1	
0.08761959135369514	0.11980689744367619	0.3880732819516185	0.5914218593248737	1.4642488892615142	1.97440049497111	2.871954349623092	4.5261220008458345	5.445531512170223	
0.09386087558079895	0.12718876675829555	0.43352878738640965	0.7072039889248134	1.3109781278204011	2.053547623639033	3.4318344551647653	5.245426925358246	5.1453231498130005	
0.09614590651755346	0.16021088230897398	0.34478384386710126	0.6583492152600989	1.468292009156784	2.5075514606067224	2.9546752184255554	4.43993096452803	5.87919980690289	
0.10020826290086765	0.15222936503631584	0.3528417720232189	0.6004650854940884	1.5416972998787843	1.9979689504866693	3.82946914368588	4.375142403613413	6.317309289985624	
0.0911053530658716	0.10536877782081101	0.40354865018936137	0.6525116521636399	1.5157138023529588	2.522045926172648	3.498783662593881	4.604933205932493	6.1836480974453245	
0.11828837682090126	0.15437109317542203	0.3997768121892175	0.680310498360909	1.4077595582284614	2.2334272798117714	3.3146783634391377	4.193168307054773	7.199846291002272	
0.09590993445537808	0.1645845911025659	0.3584968579475478	0.6208762219380933	1.4333280203189833	2.223362682002295	3.4288742079758756	4.201258549803435	6.805874218226029	
0.07512726675304517	0.16583393879442984	0.39020860446644823	0.6794427484626767	1.348387826341617	2.5800273920048973	2.906324263411476	3.734729018492083	5.807037173144479	
0.09912572454677579	0.16445543428991782	0.4067239864507518	0.5150357079001436	1.51013456332981	2.028338285924687	3.3409839947050175	4.5961417904385105	6.359751006146983	
0.10175875191740763	0.17665729393584537	0.4302519591668566	0.693885469744425	1.4651212481452593	1.8810041912518927	3.0105741256390703	4.499424039541199	6.279185411245656	
0.10018251996368242	0.13875906943870467	0.40612007331019334	0.5189142323988306	1.5076444727690885	2.243322775707013	3.4274414628809162	5.003929745475938	6.0918350811133415	
0.09578034552639264	0.15362056422923923	0.36845528493264235	0.6166764847851968	1.5397811658736904	1.9746467545415434	3.6552951944855763	4.656101593761671	6.874966777592192	
0.09834826089069186	0.13082028779502433	0.3547605610343776	0.5523588226614439	1.6846383991711655	2.17931263176029	3.35589743757272	5.135798973595105	5.841117341000531	
0.10656804911294485	0.16044200400042616	0.3668449199189735	0.6211895075160511	1.346448311782386	2.1259877924438464	3.0104739871117125	5.090538923027092	5.038342577358519	
0.10041083132004612	0.1269781281433081	0.37120507742415376	0.6741186599838503	1.470060486656969	2.13820419701182	3.6038002637738273	4.636196244563373	6.277404061640669	
0.07666652612273034	0.15047318239597587	0.4011705414153951	0.6426644895217102	1.5009972683256905	2.181054548988151	3.4472999354415057	3.9319566923202767	5.6321931605556355	
0.08078447567942315	0.1402421434156088	0.35110181080671227	0.5876591966404064	1.1099015718189067	2.4724679010227466	3.4340170133735173	5.0297381929499565	5.994584966473058	
0.09651826468412385	0.13669208605805447	0.39493367718381256	0.5458106378550668	1.3201178447143398	2.2838074469462817	3.099326873064668	3.859754437933221	5.753054245065897	
0.11283620492224455	0.1654221057703266	0.47012856684840226	0.6650556305105395	1.4761068363196912	1.9223808554035724	2.899640281481608	4.36751255657901	5.8692615831764705	
0.10528529948055283	0.13650450916648124	0.37232167843904646	0.6315222504694019	1.3534559703770506	2.0493459274493744	3.379333328970707	4.200105740579391	6.143784373446497	
0.11020419134979456	0.1629742630499877	0.42917567831141507	0.6192763368193397	1.5362141182927302	1.6999167627747174	3.7498525634003927	4.601518043299282	6.956459583751233	
0.0813317318114562	0.16098591785022173	0.3634464381910346	0.6107762393582578	1.4943942396572503	2.098130661549932	3.8781247091169844	4.059234529147615	6.660982215746943	
0.08415918253457139	0.1494420865150967	0.3289193399800005	0.5659352694003674	1.513932357157165	1.729845737530824	3.314766951044313	4.267508447022744	5.544017811107633	
0.09060664560282113	0.1273893292672661	0.36759900834804754	0.5961116582133872	1.3988758943146757	2.0342035062294124	3.5065596000719346	4.155947226179449	5.578584902821278	
0.08848882887956837	0.15597800210771776	0.3950181377387846	0.6302340153657616	1.7427270644351012	2.047590064004407	3.584427040684501	4.980673529383083	6.091360990183108	
0.10268945012452049	0.15759709796195584	0.33885144353264446	0.6133340077711521	1.414578952293485	2.00108644922229	3.253297896735693	4.163681627929087	6.974284737892687	
0.093607644805876	0.17942762173164664	0.37242961097893895	0.5492730748790616	1.3558547472054974	2.3828578266056932	3.4447157902207066	4.393225484320076	5.972832810759854	
0.09500764478760247	0.14755557504724945	0.37932768948970447	0.5340996726862643	1.5959145595780022	2.05858759271444	3.0764323405728713	4.815959812366463	5.022732326104232	
0.1031893582360661	0.1396965687374341	0.34455055182439165	0.6410917668693651	1.4797171239818931	2.578164553060365	3.596051012854993	4.25751029566753	6.558247922415243	
0.10282365542630832	0.17886307336241755	0.3779256992511161	0.5419924369665113	1.6252125630967809	2.513522894267902	3.135000143313689	5.227291537138285	5.557968397559753	
0.12058186889110185	0.1632952916487471	0.35313170900302504	0.6007575872476346	1.6561400827990727	1.9579315473628673	3.2617577601930274	4.788830684464315	5.94838577918327	
0.09199074681136746	0.1661291833087383	0.36434717527243765	0.573780864832103	1.5869869837912371	2.2933916460992863	3.385829131436908	4.1282679827133375	6.767330653769047	
0.1075552263730065	0.14062070832883497	0.35911172250228507	0.7406722079703588	1.4332668901292307	2.341569591076587	2.8610532916357303	4.846058829276168	6.2732865698248155	
0.09307136916825057	0.14015829348395523	0.3727761266374688	0.5419599201826081	1.2173649733596292	2.221331629920587	3.3612918827388225	3.5768814513438696	5.610885297117026	
0.1017150562429931	0.14949006729071873	0.32806129646858484	0.5274122367564799	1.2049791736163322	1.7489698264112756	3.1027971036463735	3.9822785309998645	4.84006728306719	
0.11014304934402647	0.1651870739074098	0.3608242329056435	0.5513519237335314	1.126670017190843	2.004153050182137	3.256922411158161	4.559041451323448	5.793531056844463	
0.10313438843473424	0.13410251668311568	0.38861243316604177	0.5759028865252825	1.476177600827288	2.4358319064741223	3.2736182636951447	4.293811676650779	6.721149499905431	
