6	46
0	1	0	1	0	1	1	1	1	0	
0.16417200828610676	0.6732145927553161	1.4158117240352168	2.347009667458378	3.4817403492469823	4.823949643084816	
0.13211253254719327	0.6100161753705431	1.4332581557230728	2.352508567251957	3.192135738555512	4.264454474145768	
0.1543343356242986	0.584799272155987	1.5552471939703263	2.0059289793925474	3.5730063180746026	3.9394147562027793	
0.15734339853071	0.6017409141198866	1.53743624214894	2.0215136270861205	3.243485696687663	4.595414911039725	
0.16524760753603515	0.6685149403395793	1.3389352718644862	1.8478583615428605	3.04750456875913	4.138055273305668	
0.12789922011209462	0.5670754372661125	1.3779915362978787	2.220249062765041	4.10714192836952	4.345205645745623	
0.17473232730890062	0.5293276202242231	1.5694524759575983	2.253351772718379	3.054991660164145	4.494463697119208	
0.15511867372695246	0.5770183708151092	1.3650741083564657	2.113341752128621	3.3171997597380223	4.156737685724316	
0.1469200159243712	0.6048590119879435	1.4440364555607967	2.2417854887339552	3.2789644396978703	4.111477342302665	
0.13811692600983355	0.6435676483144801	1.4511041529489617	2.244492982218775	3.3579150862793306	4.387740802102256	
0.15789473863762887	0.5533802226912732	1.3881375809723278	2.118491021874462	3.4322676221173665	4.474839321419828	
0.13812294604048428	0.5252023568501475	1.4356631384206933	2.207338891403016	2.9861660786723405	4.723657814967664	
0.1772645294467974	0.6125366577412467	1.4569236331493556	2.067022935030133	3.878379075760489	4.338844823901827	
0.14706535871275936	0.6228116803343121	1.323115159964862	2.14300824876917	3.581802032799252	4.790029950724373	
0.13173390291244041	0.5914925610751898	1.3257547058544117	2.4700004176495103	3.430578155207684	3.982384793305662	
0.1662845507212376	0.6424565267098621	1.2038803029222536	2.190142088412051	3.296670690600859	4.821145287122627	
0.14498172079054136	0.5142870320971753	1.3060801423743442	2.3821666160826367	3.300614214010989	4.382486615889414	
0.13476539421554792	0.542956987211239	1.2383627265779626	2.0717181936531266	3.5071016480145896	3.4894603837110023	
0.1413747840459471	0.5161850656705678	1.3225411566500809	2.3362698825444532	3.605198758674229	4.888372266479605	
0.14926171446026934	0.5618469277992738	1.5077724445484402	1.9921678421183275	2.9940284241991986	5.126160849252886	
0.13541376415185613	0.6708542348156026	1.3067499491133407	2.213163878466689	3.133581943645421	4.37164084358288	
0.13877765478121099	0.6399937412858677	1.5618006915121108	2.4046925580314507	2.9732448046434894	5.021346623162636	
0.16257698654939104	0.4775747670354927	1.456196384522881	2.355404973576634	3.3292844000959256	4.2170449598472155	
0.12600102190270407	0.5407273091589222	1.4961120613564884	1.8620596844989739	3.078495123623345	4.645407170046979	
0.14005325332100954	0.5359186737350254	1.2782149781215995	2.351054783109593	3.1105154088616978	4.1650471309909145	
0.12250170951126081	0.6920388300283263	1.328108615997735	2.2558224250014534	3.579992109734604	4.345682459236581	
0.1354154920808984	0.519746829634249	1.4848972198079036	2.3601804220884643	3.151454136683352	4.519141696933143	
0.14404996072241927	0.5716589186519956	1.6257993308441312	2.2217409858321626	3.1177734680958777	4.351944897321862	
0.14283870703546167	0.555739344016336	1.445274618161429	1.8082963516411064	2.8537445014109193	4.174979483957959	
0.1545686095917726	0.5462535793702659	1.6280117218789272	2.011270435756849	3.176935444249641	4.814234434628738	
0.14076706874563102	0.6778163755021103	1.4086005191635327	2.2164591023963913	3.1737763017947493	4.499323542592612	
0.14092021204090574	0.5730313740030517	1.3787431688879528	2.188515326572629	2.845671971000575	4.681456001930934	
0.15981567339438116	0.6687553874151912	1.4002180022377801	2.1831330626950924	3.0387976522209645	5.154685775722471	
0.14022437545609956	0.6072395260052176	1.6911301337944369	2.316982100534665	2.678301724451001	4.436007528592197	
0.15331486404280728	0.5327297911020932	1.7484880648937164	1.7566402850094116	3.5509970453650084	4.479041513105063	
0.1377928173158025	0.6405663298525865	1.3682034360838367	2.638575653920981	3.417199562708293	4.729110576552312	
0.14986131101548963	0.5093672272240405	1.1348071139470848	2.2636950892218604	3.550368794516717	4.044087436469303	
0.14522091107684496	0.6305806991461614	1.241140400171697	2.3889777939189676	3.4018935333228955	4.499622572417796	
0.17822644529031287	0.6237992088413203	1.4970726636814955	2.056135814930809	3.1295322256173743	4.211325333906512	
0.1370427791604944	0.6620114014178236	1.2854803663799943	2.213091651498475	2.9653391106322204	4.578772441540605	
0.15073938890701746	0.5481186660554621	1.4990377133132404	1.9537185903588232	3.2676101937378155	3.4360409011149478	
0.1602107863335315	0.6393570768329387	1.656816355103815	2.291954178204526	2.7947651515056586	3.8392708213306115	
0.1647864775255982	0.6958109326626052	1.1515885475180885	2.092861095766698	3.258862479340391	4.297624214909747	
0.15146230369731264	0.6415343144529679	1.7027632776445225	2.2679714823142394	3.166454773608804	4.619108741081188	
0.133082504275379	0.5965673359350098	1.4677921088423966	2.0972481655773114	2.8986045141168004	4.323279585124712	
0.14402029920337334	0.5428296452381299	1.244508170215184	1.8763305115930629	3.455323215271936	4.153013625951958	
