10	87
1	1	1	1	1	1	1	1	1	1	
0.10322670630742013	0.16658389717934227	0.3687265880063701	0.5401713871928588	0.923972739418815	1.4593414393752742	1.8916698901310531	2.815565322652348	4.701323833413042	5.756185889177745	
0.09834159094337998	0.14460461001448763	0.43778283426700204	0.6757056696237	0.8149261068263575	1.353810570529496	2.3327509176134624	3.4456292770585537	4.481343916951596	5.317439877021458	
0.09317459953846455	0.14224848648680563	0.3905257845825258	0.7022236292818343	0.8661201381647042	1.2832769595996005	2.1266539074819923	3.5853151686670692	3.8489026649576834	6.872180490524968	
0.09827968637884331	0.1389851999652994	0.31919280710303793	0.6423912464052376	0.9140810788425373	1.4544108840338945	1.9563254756825568	3.1462937888684173	4.281038439140368	5.939644136773076	
0.0933044767362419	0.12698728558969166	0.48368299032127104	0.5181957451597491	0.9468756876456562	1.176600020535362	1.7206348011271353	3.281793609851987	4.578465414495736	6.7568993944814295	
0.10399546841015705	0.14775283921881313	0.34391519072552984	0.689940724094013	1.016383165882671	1.2517748846819752	2.1581622015652866	3.2968169752461116	4.344455854527449	6.463110291484077	
0.10831733138348176	0.1471427145329234	0.369326968659689	0.6899375077600519	1.0167540169896883	1.440347535756899	1.7997200565977882	3.3618000345491366	4.814137559212951	4.347287022960976	
0.10251869448318025	0.14374962019806398	0.371607537355077	0.5455571428342008	0.9162183959924614	1.6290547953939303	2.054024322754664	3.563811406607785	4.137150951504175	6.4552537155936225	
0.10001655855621952	0.1552803724318392	0.38027182373170454	0.6384975139464725	0.6912145840321605	1.2269649801755675	2.2396723070718583	2.5858500349837232	4.261238839958756	5.96739549537801	
0.09171859862387104	0.1396265789595934	0.3903201236058365	0.6605576973467885	0.8408642075433029	1.347766677945206	1.9927788907346853	2.4630515806398847	4.563770305642879	6.560830647497095	
0.11016643207315882	0.13693850435338892	0.3324354741562346	0.6012963328555011	1.0071224528506815	1.4521436141083848	2.2122004967128586	3.621095051514276	4.167388548346183	5.868017947996182	
0.11634605511761204	0.1470478331535356	0.3318411952932703	0.5598386342249823	0.8427492738364245	1.4810742497552818	1.9573713942284123	3.3380861321799045	4.168770651656708	4.7259728769610625	
0.10306619786981924	0.15222695522320331	0.399674796996936	0.5596207668500846	0.857502363791578	1.487409760762861	2.476589208094161	3.2536296030895566	4.691063293221215	5.807047389344576	
0.08456369478126316	0.16451144128731085	0.4145197410852741	0.6426464415105116	0.9130790742341551	1.5153790222626111	2.3421587864383837	3.7765515726109298	4.944836747091349	6.038292735020183	
0.08691746744575629	0.15233487446507613	0.3897499410422737	0.6425417865190982	1.0559119429170787	1.4163934767758803	2.601712245809819	2.6782317184868125	4.688703842607731	5.520887764689583	
0.08092778000311197	0.1469733843555126	0.32462743746000366	0.590314326118031	0.9332335400727846	1.5899514215350408	1.8258691960257534	3.545244678834876	4.544136202625907	6.617309492165757	
0.09568248824968872	0.1300163311985483	0.3337350256037971	0.522491552779973	0.974436716221621	1.641199849176702	2.0285354217691274	3.4544689719337796	3.814451073838971	6.1081927495063795	
0.10668562616337128	0.12827812837084696	0.3722524281787655	0.6429550284291339	0.6571593298076587	1.6209697878233493	2.2260410658165752	3.4829364855081364	4.314276324362356	4.966366511060787	
0.10534062956316953	0.14876114511875232	0.38122038730642815	0.6652564191119372	1.0008719402692217	1.7047369506438148	2.1830786592078018	3.0253559577178866	4.415212418891073	6.249398023523163	
0.11015856518992978	0.1279944907284192	0.38032442937680844	0.6965724994223021	0.9076605749967657	1.5631346952462817	2.256020268351441	3.5606546971206186	4.135607756280031	5.516758997960651	
0.10020271892122289	0.12701667319139534	0.369749856948757	0.6151725994509399	1.095971111446329	1.4875887010655844	2.2844241212377168	3.628454650291252	4.065904084997224	5.900950402577409	
0.12425412591803893	0.14881316666423236	0.4224243684537239	0.6578242726303865	0.7925354245619449	1.4743985366118484	2.1815507065241238	3.357236606048141	4.160649384094023	5.329848292852705	
0.09523989999979149	0.14853307504373695	0.42502940900881203	0.7090386491835364	1.0598835996987557	1.5530064851418035	1.9340668436055881	3.117108743128414	4.59446672358585	5.620536577154295	
0.1057720565252795	0.16080729162381432	0.4003790223774878	0.6615080762734548	0.8458730171246842	1.563394504685184	2.000436228224158	2.9441958153910623	4.739452260383872	6.729524137319389	
0.10488013486376009	0.15031206035658817	0.3917858453918573	0.6081856150840368	0.8252865666594084	1.252305319272877	2.133052435913207	3.2759534716250234	4.505099570265481	6.405660968189948	
0.09784523283835661	0.15844468772857284	0.374505702841595	0.709401537722188	0.9375063765855596	1.764723333448172	2.2256824920845357	3.18055491955883	4.095248410683147	5.134266855565384	
0.09008557715603843	0.13680590536254014	0.3950031607756627	0.5684300777363888	0.9473842158875683	1.613322905819866	2.1311212043985064	3.9257259270017113	3.9708850588473608	5.909649870975043	
0.09460687076389022	0.16404759909085512	0.2948879180460874	0.5134130826493313	0.9200167455120605	1.6518470141043573	2.198555994318021	2.810747077364124	3.9612750332893962	7.003793821706973	
0.0937886520120376	0.13585554941325353	0.4361401573039727	0.6606658203352195	1.0484875468238122	1.2941440111219882	1.8221022871819124	3.2932791090428797	4.650806759883149	6.218761082222899	
0.11478183935639003	0.12399349364987627	0.41266841194931514	0.5342024973511609	1.0095833848400584	1.362081191253443	1.97499606388354	3.0517816202415093	3.849475409650547	6.02425736390008	
0.09227326609339544	0.16179447346350415	0.4043221310792509	0.7012894231741674	0.9640684559693203	1.5044569206924505	2.4510214595429796	3.0460096237913237	3.8302838042296354	6.120056435477036	
0.08577366530785596	0.18680908009388086	0.4353089350989998	0.7298385799980948	0.935807568829671	1.5087320238993285	2.0512127821301815	3.536950561815694	3.9530055545770244	4.474144086315133	
0.09209289380511433	0.12816789786574026	0.4361612159740624	0.7089406473048189	0.7995275962655808	1.6147153318755372	2.354547771452666	2.739822577466365	4.324379611080772	5.651901766725288	
0.107479953986272	0.13156830973642478	0.37624284022493965	0.5588439297630229	0.9740207300548184	1.398998739468626	2.034922173652815	3.1806786129195745	5.416219274778051	5.749860218328367	
0.08958994781716213	0.15875150353733947	0.3745460625619277	0.5150859641480116	1.1375291591738295	1.3795955107811093	2.0687580673983095	3.3019464893701316	5.278552546143978	4.992152804088603	
0.1027598584942054	0.1813090824269044	0.3848916898681067	0.5258799612417911	0.8724890926746594	1.459584201755221	2.4361228418625704	3.13971585056478	4.871993308844594	5.138778703771867	
0.08556281630404945	0.14275798966972575	0.4346450914311839	0.6041324783708262	0.9569524411876955	1.4697653821670145	2.388479716256147	3.0516782749251976	4.809728298819704	5.501470401686921	
0.11983272655920761	0.13799413343554964	0.3464692064830124	0.632980188809283	0.9374203241232062	1.4767398940953134	2.1988724660308483	2.895622535387582	5.226011518085768	6.536125323533465	
0.11358949951267117	0.14207503666334362	0.3958278946991765	0.6118421077340814	1.0349042442367402	1.5959154828516355	2.1915059226359945	2.7566658821509433	5.30084784918946	6.333592460214083	
0.09391562958608858	0.15609813207400042	0.32257844515880413	0.6633211840482626	0.7931773077820389	1.398420667638697	2.202557706665193	3.5876229063941802	4.547945104395469	6.38097772416753	
0.09971833091550447	0.14951721073583576	0.38324813551323533	0.5886565247488575	0.7731489673934265	1.320129740401382	2.202626590839015	3.1690356738661665	4.429885913018142	5.805987798336771	
0.09136401607268183	0.14260350808535557	0.3683403937132334	0.600308588432511	0.9665841860356833	1.4041813084033392	1.9286241200261296	2.7956233370263956	5.66884674331885	5.322110981841263	
0.09481374998735617	0.15775500453770902	0.3937127031634959	0.6312519415536942	0.8888273125335077	1.4641138041014552	2.1631888878117853	3.1485573055490814	4.610434383797103	6.633219328050424	
0.09977799776564676	0.14976679269534637	0.42059011932528745	0.6576816215891287	1.077306089009604	1.1788590764694205	2.344600624381419	3.4455135147557083	4.101456421011031	6.150952750799307	
0.11051121747758	0.137562616162719	0.39681737230286673	0.652281220543861	0.8303951806845716	1.4096531459803439	2.2147082009781185	2.9912572606985397	4.1043810604079045	5.9189732388823355	
0.10801639716903694	0.15965601001788163	0.34726631629091903	0.6391300731069411	0.8522576008165147	1.1997457188869387	2.071064132224845	3.614965045765364	4.795182248463617	5.999056915576084	
0.09583294516408943	0.14415356795825351	0.38413382642271027	0.5358937508492503	0.8976260168962794	1.399173567025553	1.859518991432928	2.9775043184582883	4.684728056168872	6.005707103964596	
0.09691238208806618	0.13632858843693055	0.43992029337239025	0.5497212471192409	0.9533981310753417	1.3602347204054472	2.157800047917242	3.398723166130621	3.8833845348564515	5.996030253507907	
0.11190728648979847	0.17642252840238004	0.37505946901630505	0.6025008724330144	1.1356539716599428	1.5922941722686854	2.017283817610128	3.0488303784620103	4.93044725780427	5.393377721972561	
0.11087726751338854	0.1550144994562651	0.39967338903302874	0.5845959717911967	0.871426293205084	1.6390649748141697	2.0969514846810027	3.116446100113495	4.463938319454086	6.115813279630766	
0.08969174873280551	0.14152692758689633	0.3565147811915698	0.6507168182764108	0.8476054811760103	1.1789251963405982	1.7270746689751768	2.7721264562303918	5.11269219128165	6.009723959690431	
0.10501249086807203	0.15804731590681992	0.3821349888989082	0.5955131222009215	1.027140957973087	1.4508774157467075	2.450805958041634	3.4517697322192067	4.221991676933538	5.701719585678038	
0.09272535193545721	0.16826322032926075	0.364608063788069	0.5520916321920221	0.9597393578247942	1.416105103788732	2.21333223020366	3.8641895187654995	4.910881862667987	6.016206332581144	
0.08591576615793992	0.14250056254187046	0.4070197518967215	0.529737537620291	1.129110237558723	1.4320615684568834	2.160502404540039	3.033340312288657	4.723531990549073	5.305198916086661	
0.12164892589101457	0.1697602695697802	0.41740326491748775	0.5165742596526114	0.9491034341525708	1.6028993549160027	2.2775176608619137	2.924314540994023	4.207457810111105	5.728838317196406	
0.09396562165511393	0.1729316825356546	0.30700150072471627	0.6393551483795301	0.8098157861316541	1.2925410372944972	1.7179073261232256	3.0715573098733686	5.179829243192646	6.1588945454788675	
0.08801638453000904	0.1652572151156897	0.4267895620156101	0.6062427888623452	1.119231671708191	1.5474836698213197	2.296770289067906	2.9889019201709557	4.782329318529603	6.1300747665626965	
0.10519829002671027	0.13973121571288005	0.3848677576056415	0.5509883099871025	0.7303167147031591	1.5727575533067086	1.8269863689367536	3.284835601054285	4.649850958252069	6.195937809517833	
0.09716920926401751	0.1540681721291996	0.39789674865183616	0.644097888945119	1.0912100445627364	1.4634897636642434	2.1637705016788056	2.9553130862612194	4.696175845754701	6.400429861884341	
0.09807696815718374	0.15816918756276055	0.368884384645125	0.6402595591253354	1.0148720152047663	1.5585037849424594	2.1753365301203798	2.9120103507244584	4.224639126311181	6.3570943943308365	
0.12448812305740227	0.14488918842701878	0.39732183177874936	0.5666368465512358	0.8394210648848336	1.3332868315084372	1.7022685250089256	3.689866395445019	3.496441386188424	5.84170306175962	
0.08821872104649947	0.13673429676956692	0.4323078610700694	0.6120640194018835	0.8402181571961019	1.3456990500529988	1.9854215376049515	3.235847656574364	4.577801258154461	7.137344863937137	
0.08083699234002294	0.14947781527863072	0.3680084276836882	0.6567929116630069	0.9629980849905906	1.5144217957604371	2.2241935299932427	2.9471028842828497	5.045069473421855	6.479102942769401	
0.10915529791724743	0.16896075255760748	0.39587165382477446	0.6888595442470496	0.9651204801761577	1.3986746219124808	2.1485801592460763	3.242250775355762	4.266273905059256	6.979133309022133	
0.10296295365503667	0.15142107713749361	0.3947544216872044	0.7787912710042287	0.8247496504602316	1.3091594928245724	1.8531772312488957	3.174405247508467	4.610483299497312	5.720806488995354	
0.09460273201848231	0.15213607299942197	0.3609199026564715	0.6186105496309703	1.0336237942470623	1.526815357181515	2.3394178696405183	3.6029234837396835	4.627272672053416	5.904815384374139	
0.09227746929116805	0.14413232754546418	0.360099949758278	0.6439003395972547	0.9622507775772603	1.529636374368145	1.9005275759384674	3.7153185823783503	4.307858832821957	5.339990014755203	
0.09560782235178188	0.1872564898888126	0.36526675907332046	0.5804942117117444	0.9121342647014401	1.408747285169302	1.9819826458527303	3.2965442520419925	4.984017708689248	6.188573589287223	
0.08888834701100015	0.14483481142599436	0.35904195879613804	0.603176368094088	1.0537320054552954	1.4087097601690137	2.131046703192866	3.827734566116315	4.894292696252247	6.344448769263922	
0.11958131615301776	0.1573471688219102	0.3045119686048542	0.6499599454728215	0.7819432134879656	1.49463676770729	1.7815451315622133	3.098271991620026	4.336296961675558	5.537928535660948	
0.09651148002808801	0.16548842580540826	0.352869789337937	0.6327084527706325	0.8401945835165211	1.4029015605759254	2.219625442260402	2.9261282645989684	3.9097258051901895	6.295126890347333	
0.1112308039934064	0.14881402470768942	0.3626221095508453	0.6093405232613033	0.9351596324451804	1.4647350633217089	1.6064273034325511	2.902541105371062	4.1196464525534155	6.090520577106937	
0.10185877883622269	0.15954270733026052	0.38978810646999656	0.5219558957767598	1.0645714294354105	1.6118843173893982	1.879487582644211	3.3581292206716093	4.232059026640643	6.083318393520329	
0.1105331027964187	0.1819515639948144	0.4085485527954192	0.617696084106608	0.8983966313473284	1.4560452865545983	2.4423509570655875	3.235469654053135	4.101249306893557	5.028186080690023	
0.10513047867410251	0.1537093218844161	0.3554554894160327	0.6615608475424378	0.8907747516119504	1.4107458948690543	2.146417211340942	3.1359403588051213	4.606139279587307	6.690909087559801	
0.08857518101881579	0.15732780207711014	0.3865420294450448	0.6092258297726824	1.0110815449982906	1.4370495318060537	2.253249291309726	3.482656004610623	4.273035659828727	6.179510076488279	
0.09749212392789369	0.14800977330420156	0.3677616669338234	0.6282648242458132	0.9375929579386977	1.4864197969072845	2.146233766977414	2.728660670947144	4.514115787244869	6.03812277309409	
0.1024259593715346	0.14109406209471387	0.33457215076671054	0.6374763986936567	0.9045545902423223	1.4544878988189542	2.0894860828240165	3.248029906623582	4.297821593428886	5.419149846507704	
0.10473731660768658	0.1409531986766082	0.3862301562740028	0.6246276133141246	0.8754264174489134	1.2578443542846631	2.671608406978406	3.0784741403177365	4.780537721370521	7.163678129742074	
0.10789907746853894	0.14549335786758671	0.3774495772736658	0.5500435668156691	1.0119977677070702	1.5109767112523924	2.039398449073725	2.9112931876930053	3.905444818051339	6.591908402282521	
0.1012037312895556	0.15322476804499127	0.3487279522172304	0.5121898138017356	1.019523062448182	1.4360115822906039	2.3450554519123883	3.1245717338824415	4.393431970633413	6.427978905972379	
0.10732348079650525	0.16196348434028932	0.36878235238209756	0.6368728342590521	1.033146250289335	1.4150176023295404	2.0396000017885783	3.686392971077949	4.205499419901912	6.377685898268686	
0.0994157768948014	0.12237651575273159	0.4228865745641861	0.43452878222715785	0.7454760897915425	1.5054082013657362	2.263320307715795	3.042786546189801	4.56651994063646	4.481141972533197	
0.10706975464470599	0.15374588230580397	0.3782655715733158	0.6012504889282663	0.9758726383859521	1.4258670821398058	1.7470780669127877	3.9638079762198197	5.040360368742803	5.229033202827104	
0.09654862769523409	0.14645948714765938	0.42099628352734064	0.4704438638808139	0.8835922314080297	1.1782289886027368	2.088704464096907	3.096437209747406	4.53586233032222	5.6370753605944905	
0.09248976608609477	0.15929485037644722	0.3972775641558181	0.6330839005666945	0.9135482915843517	1.3482413827417978	2.1244467163655343	3.412877672772247	3.5204491345626683	6.236467158222514	
0.10309138187334799	0.1509322635912859	0.37432608996887634	0.44603283684405515	0.8890936465316623	1.6858897356840643	2.1527737785471857	3.1501308024307164	4.50760778801555	6.212863721176805	
