3	96
0	0	0	0	1	0	1	0	0	1	
0.9747835928965056	1.9466253392284432	5.941393283494591	
0.9078990364291296	2.011287978562181	4.951549181151172	
0.901068827960043	2.562435356031525	6.45299607593588	
1.1292667327371069	2.2643440815973093	6.239489227857987	
0.8772271489752215	2.3300761111120445	6.482828598258031	
0.9473750309992388	2.132957211325744	5.400543724349026	
0.8669763697103982	2.0053320244096273	6.154837832204928	
1.0197647717112934	2.1755454029424848	7.588876892827132	
0.9075942567572419	2.288103836539891	6.1080591471886105	
1.0806141659240183	1.6018593522009354	5.834516320561278	
0.9474919536386763	1.9554976126708652	6.152308159574351	
0.9027205323592364	1.8872953420702945	5.776765451743532	
0.9995433674482934	2.2283844387141443	5.848268478883858	
0.9915292351908955	1.888490283658534	5.145743384780347	
0.8005567812983834	2.397715775457125	6.316197809674267	
0.8788806193834355	2.135622145638292	6.599771820396308	
1.0001312357154224	2.202177339988063	4.783111205490492	
0.9705057954275625	2.020429460519273	5.304770671211785	
1.0576952750032564	1.6492739517477077	5.744489856214534	
1.063546131581468	2.0477180975543186	5.464989492973167	
0.9465238099112935	2.132183463761254	5.858285427558734	
0.9446434901438789	2.4385833662485683	5.723027607746379	
0.8909514105951156	2.313078717820385	4.5176803105226	
0.8096986869392163	2.1930805542163956	5.6294594919562595	
0.7941678727909427	2.047274281854094	6.132327423848055	
1.0675762222438419	2.0537069792028855	5.553415327612412	
1.0334590996744282	1.758512313874343	6.006017628873227	
0.8351370976820403	1.8494021035987909	5.518565689637407	
0.9024762535928742	2.1184435009541733	6.635749385461278	
0.9558881406001659	2.6068577668378348	5.821778928764677	
0.8596953991299929	2.027525650663521	5.97981673720118	
0.7957287439494634	1.946904804331892	6.130075411748491	
0.9587076151288466	1.8454001012813255	6.485745836808546	
0.9232996075847303	2.069528097501653	5.573778983342945	
0.9766328681439657	2.310416605736674	7.072914704237192	
0.8747709995950881	1.9201462596122896	6.240188551103461	
0.8785083595741555	2.240716099800299	5.602148916649825	
0.7612609599249185	2.215237958018207	5.472829243170649	
1.0298244428901513	2.276895742725095	6.057376115257863	
0.9303065971051289	2.3998439076739606	5.2296018514130616	
1.028781927987313	2.113018061382287	5.979115416595972	
0.8696252248119725	2.0097604389811194	5.911204165750002	
1.0405710847341223	2.1523828667672915	6.23946326266891	
0.9315093092395381	1.9164318028389873	6.3712492697600975	
0.8433325559867224	2.2900108016078664	6.405539348233379	
0.9103542457614577	2.501862767431652	6.393649752271739	
0.9159331733700062	2.5409904826666	6.585041318630015	
0.8399554448740622	1.9082961738955668	5.819399309949198	
0.9662146186756982	2.240473318352914	6.886486136974221	
0.8839963184089686	2.16838727086597	6.898468628745709	
0.9318256152291943	2.4707021195514054	5.573618389368309	
0.8684423573904159	2.3166327555324293	5.73237929183052	
0.9153432705600048	2.0635429528802787	5.42832827501949	
0.8828532413043846	2.0720836585862914	5.7894805470600375	
0.841013535714324	1.8646711462198877	5.48632209026019	
0.8726158086753729	2.0712324756610676	6.165184922360622	
0.9106124452001024	1.91577596155908	6.42749112722063	
0.8576495073066188	2.691823533896567	6.075302848283444	
0.9423542791107075	2.35079990997358	5.6759267971668255	
0.9257391208497805	2.234139140571999	6.1619587610596	
0.9385992893492638	2.3682944620138735	6.394298167539101	
0.9955282623680264	2.1327783971766756	5.3003440894122305	
0.8476285790880225	2.010575368682807	5.620554042160475	
1.004768065537527	2.0358414848355806	5.77122175774879	
0.9863330024152266	2.061736600435728	5.521977884966759	
0.9833836793995154	2.0181644383592956	6.378010006152836	
0.7922779762523012	1.7553789224371723	6.70345667541306	
0.940035775756094	1.9887230324440486	5.507302995550376	
0.9673478214844294	2.5006509351515804	6.178434860650329	
0.9142043152275481	1.9264987212867006	5.305627218660313	
0.7578143140875102	2.347596337662584	7.228957866663514	
1.0010878583561846	2.499465775197224	7.109380452907352	
0.948338671648138	2.4459845190413487	6.319836326614913	
0.8764174175535756	1.7698275130872654	5.640881516498446	
0.9290423788412447	2.365425457700922	5.1212642412473475	
0.9526155437154662	2.1967152705278683	6.039514088333711	
1.0979751635863237	2.3309389280308244	6.361686649304202	
0.9013827375171125	1.9789379867138426	6.956615240027039	
1.143823099525616	2.0186303283085163	5.310844138071799	
1.0151802369186744	2.3389930279398063	6.513238462667069	
0.9608893602733839	2.1024868968468486	5.6406339916234485	
0.9379261580661983	1.879767472777278	6.017720652973997	
0.9397959808337136	2.2389609515364013	6.317354772002214	
0.8799908744383058	2.520591582789782	6.525387931227119	
0.905953628138316	1.756467327552344	6.046683792294436	
1.110206887370812	2.1076325030435665	5.606879879345874	
0.9537763922856215	2.3151130126817168	5.9235947423618525	
0.8335984454173682	2.134831755196986	6.658322894367331	
0.9456741479519968	1.9932600808388519	6.8047119531780975	
0.7634055623398796	1.8711217698063856	5.48462162379086	
0.9304089547924794	2.3568450245050308	6.381052019301466	
1.0307473398897078	1.965386624059911	6.154344458719885	
1.0227411500758297	2.203765381610526	5.5067574719566466	
1.1091175482105158	2.002871332970714	6.368065810509513	
1.0810042859702733	1.9500866519592261	5.64388663170776	
1.074252914976787	1.8276839464135912	6.3756504886419245	
