7	92
1	1	0	1	1	0	1	1	1	0	
0.10253694291777277	0.16099339147225628	0.667020227921853	0.9376331969354617	1.7734013100670467	2.7553570210466938	4.873910360557487	
0.11655507974132584	0.13138524486075048	0.4956228460230453	1.0105701851600415	2.348242627726182	2.9400222962927023	5.234833103223779	
0.1072383012435084	0.13451710133958134	0.6000784289014601	0.9777126215682984	2.556282471835032	3.318806197277796	4.570057944519505	
0.10027030660057144	0.15312003468800905	0.6362036724965388	0.8923613534359964	2.174939319529845	2.851922059149939	4.615445045615239	
0.09258186585004913	0.12899179210090578	0.6636853936964948	0.8959947970188064	2.3133944858957523	3.0161219965145705	4.058517159357974	
0.13066269087770213	0.15205392661357608	0.5539152337525056	1.08899883457498	2.079346592735918	3.3567387745533868	4.665048491610733	
0.08754365716068681	0.14264085615783315	0.558841666426587	1.1591414622842606	1.8926728079535236	3.415213282995005	4.576824672885976	
0.12023771102586656	0.1568835939475374	0.5878986400229598	0.9527578573515141	1.7211779987104896	3.336269745718615	4.712316590501874	
0.09497358354249152	0.16975897701586135	0.6189209832078517	0.9348977924773797	2.259273797539054	2.729959612875221	4.396321680094721	
0.10503842115992955	0.12776456601472025	0.6343694143426252	0.9352719961612396	2.3691762026933643	3.470162495228106	4.671918559283849	
0.08070273078359597	0.1485769460589351	0.5570821814015126	0.8391328667764916	1.7892727011460028	2.815370377800352	5.519553025157172	
0.0879608670272028	0.15145574462163272	0.5583990095847844	1.01649534535217	2.299031016515922	3.375865709241961	3.790814495378616	
0.1044571493608594	0.16016101171467048	0.4864108048852289	0.9599564708247053	2.126010578954045	3.0206419568105103	4.433552161766155	
0.09648169201782039	0.121291491835568	0.7090762555318122	0.9907106957744725	1.9341377356236933	3.6134871833173845	4.309456322315272	
0.08731001116058047	0.14077306143653776	0.7572253370277232	0.9368951622639164	2.2427046892304525	3.351745392948972	5.316418915551219	
0.0980050990452334	0.16830500406758064	0.6448143882951148	0.7896588008496744	2.4600991926128524	3.6820855461794926	4.925972521231895	
0.09984257666798858	0.16457503046693905	0.6616172540276507	0.8934308321165537	2.117872517206636	3.2787920278224147	3.968203810856283	
0.10184854860176736	0.1440805214475093	0.5447900032690143	1.0503005720238285	2.259704077168947	2.9331652370491295	4.830598657549864	
0.11144373917405954	0.11710246729215777	0.635800727910476	0.9348885543956013	2.144353812169133	3.04167283319577	4.886547630047463	
0.10158531272299785	0.14885509127582947	0.551954463131602	0.960311461334781	2.3188388009396608	3.3796432819154147	4.622907601253671	
0.0960241762942621	0.1435877934510472	0.6157043155782058	0.8033044958340496	1.8697578356368376	3.6528871689577853	4.177904974445053	
0.10377935529150656	0.16003938333542014	0.6236952133142367	1.0456569498648798	2.0758244538022272	3.183530730277913	5.113306995751432	
0.10539407708233961	0.1385416241782811	0.5769801250867559	0.9844888870647195	1.9838869277591369	3.7270986310718373	4.722923024523395	
0.11260641280562139	0.14115355040653754	0.6514324144208563	0.9415626547994558	2.3036437060038577	2.968672477240028	4.98307372190122	
0.10373951071992663	0.13355476638763236	0.6804512651943561	0.8521250208874278	2.2456131498494494	3.615586335011119	4.240409494016583	
0.10220831539398084	0.15797926853843702	0.6274523949191498	0.8040652542673153	2.3178640543183424	3.0791412906904894	4.910583214673407	
0.09561526382732448	0.12472671465368398	0.5865530700008428	1.0601178915978966	1.844076329641274	3.988215846814514	4.665949308713304	
0.09110522803654926	0.16031463897230575	0.6891048152273666	1.029092638216662	2.3021368804085087	3.007522700451955	4.146456881587807	
0.11273564515484889	0.13889867972250827	0.6062393716027207	1.0664902321533514	1.8050512724731391	3.3571017208206464	4.477563763877651	
0.1037264401392972	0.13635662580349237	0.5202432980905555	0.9388964405123043	2.270044080660348	2.7934168869573317	4.824940710286714	
0.08897149682894512	0.1439410325112634	0.7216402348828572	0.9721165050195806	2.3760445909368624	3.478914661599248	4.425067619347756	
0.11391319251379216	0.11480714774823614	0.5203672486696124	0.9816535979294887	1.8860801963325549	3.2445011422834065	3.703107243362819	
0.10822561048676294	0.1434187018689991	0.5541111130481473	1.0067803628650174	2.178521557087925	3.306976387884352	3.787807428717811	
0.09590818972540853	0.13913151007212096	0.5355842755470759	0.8721681064707266	1.7920249464928293	3.5142380175867176	4.113848032285459	
0.10255041243015534	0.14995250646434027	0.579127767902739	0.9161021101926557	2.0148065761202947	3.6199282600583187	4.346789447692267	
0.09332148527369923	0.16288862691952619	0.6470576235783483	0.8477452833337606	1.9277355023015599	3.440314562904192	4.769922029466339	
0.1052043822708626	0.16385271116837913	0.6217100316824409	0.8712397769859695	2.1567505449041424	2.97919129521838	4.397668015200781	
0.09701660339965254	0.16718279435419844	0.5966487376775653	0.9389022332555818	2.3292017550359527	3.0817207086844514	4.256476169808376	
0.10179362311339156	0.1445391715622472	0.5894085224245206	0.94118278446331	1.9558005866266568	3.3599129178920624	3.5906100199575497	
0.11319894398548765	0.13814142082633957	0.5950025074714919	0.8761307022567234	2.3197375012088073	3.014916084533542	3.9761800034988233	
0.0931391385278039	0.14066820634229563	0.5714149647171424	0.8193349647277293	2.1431633517326003	3.1005191210460405	4.892131386364023	
0.08931807598241996	0.15902357100582357	0.5786903976788002	1.0157741433430971	2.399546454817535	3.0200195739048317	5.169037115889181	
0.08261051595662644	0.15911952372907046	0.65218154520576	0.9299575161937034	2.283597595805001	3.5601190334733257	3.990008214145978	
0.09721318568836237	0.16192632181074407	0.5011126795133672	1.0269004670400221	2.2398408642177032	3.2673393178252326	4.5778762379344915	
0.10339912965000822	0.15157621595344398	0.7375625757684057	0.8135012559348737	1.9260186465893194	2.9313544838132173	4.548654511323021	
0.10798287478867118	0.15792404191139062	0.6296244394395712	1.0061909203014645	1.811881436933246	3.5401232962554876	4.8869390880072	
0.10736955577265517	0.16793799724206812	0.5872669327363625	0.9161680304697374	2.2366560947750207	3.314571137856266	4.434666574211976	
0.09497285619398886	0.14262131927831256	0.5295051346774461	0.9992903400471483	2.568583846083049	3.3079093745707118	3.8796497799860226	
0.10124553035707091	0.16045707421157757	0.5775931353713205	0.8313137964528203	2.0868898406822427	3.4769701876693224	4.913622657723843	
0.08947893957901469	0.14107998537322203	0.6432784805391419	0.9118661968128081	1.913856361247905	3.9984022597201894	4.446273065115132	
0.10539737774896035	0.15976868032099384	0.6196634764465422	1.0239265205051238	2.1175091738257854	3.9638478904346917	4.250356417100391	
0.09376078529108703	0.17088610565461793	0.5670462550767743	0.9690133311571374	2.3736946898712827	3.3053690782245027	5.3346314965681705	
0.09760084319747699	0.14208233281647642	0.592239772100262	0.9475361984106605	2.3993993606940998	3.4247756630413044	4.3579522117021625	
0.09661644611712529	0.12197344000980676	0.6595303127912694	0.9139591182699562	1.9215431808212649	3.615172773702659	4.438434005630912	
0.11804550755359187	0.15678442636637957	0.555739451808173	0.9348667548138593	2.399021862860746	3.3324159462120715	4.337277640282253	
0.09786953328361277	0.148467217331762	0.5919016155935842	0.9252050261276789	2.436569514429943	3.1340592239334897	3.7106062648109246	
0.09640211291222135	0.15490058867736797	0.5996564884215719	1.1194516053995578	2.433631150407111	2.9134373952150137	4.545865000301536	
0.10301061950464206	0.16064979364154844	0.5944484270312211	1.1117432200062083	2.2901699555281483	3.2566990149205095	4.588873791406454	
0.10132729244884137	0.16543560838640964	0.6488577547576019	1.0313181354663692	1.8817803224338088	2.8682485156694026	4.473733869373969	
0.1011071487238894	0.13236815109761868	0.6477390416796724	0.9817983706490826	1.9716941507240409	3.2836345614777676	4.356268169312497	
0.0902114906454386	0.16315362108874107	0.5496670814697004	0.9828610828033137	1.9916823172316767	3.1178343127611754	4.631900314686934	
0.09679251850709605	0.13073641536265096	0.6419298639470009	0.7885585267206036	2.1498118304706866	3.281108870229351	4.415325066056293	
0.11315210760667252	0.14064342021465773	0.6159518768072322	0.8482591295126491	2.4757570439483314	3.005852174415912	4.4164006052125515	
0.11141202584538441	0.15310282979747455	0.552678900767289	0.8501650847350123	2.0654797534852136	3.677503402610948	4.60280324570204	
0.1077629735897575	0.13206110215289435	0.6084477029493521	1.013380136954338	2.3027073414890076	3.111893961534911	4.281924621954217	
0.11000627470994702	0.12674214541471823	0.6419063049443461	0.911195882522629	1.9675296123778794	3.664917667420663	4.334782306606556	
0.09813952763318753	0.1449504140751049	0.6054419367320978	0.9286846292144636	2.195170263982177	3.256562294624138	4.368685634239279	
0.08452295565591572	0.12471924694076031	0.5420183340873341	0.8977047859220962	2.5556315014929614	3.397412510019627	4.334798118187386	
0.09792755365995892	0.1393475112686886	0.5961651751809681	0.8074615601582119	2.240149545969956	2.5821461203515397	3.951769827621714	
0.08533196218815979	0.15231495918088622	0.6102086844137156	0.8268587216264212	2.4097409665803267	3.6198784191685185	4.5919713451235395	
0.0734530579602241	0.16099255041284663	0.5508317119150508	0.9858140018675727	2.4388476004584496	3.3269560283218	4.105150990603076	
0.1079852506811545	0.18079273677501514	0.6688568384278406	1.0191779174646898	2.1336331000567146	3.6235109152470564	4.530186497056049	
0.10959684961350127	0.13300970272039883	0.5990687143968433	0.937654679982178	1.959086526313977	3.5574021282985733	4.709409173225758	
0.08974122973504721	0.13839538015494188	0.5084079990439445	0.9372291343570742	1.9130658207201976	2.6713010463954068	3.9018100686168515	
0.10396064650221687	0.1295129530985768	0.6935620304529257	0.8926758715239672	2.0289346003129998	3.6904225659888814	4.486646227396906	
0.10821053204949403	0.1579545253504259	0.6730994427231295	0.8906275601225817	2.064991667301084	3.3694238806123638	4.685765640419278	
0.09979528702220863	0.14867183615502103	0.6676435892407222	0.9915606927918507	2.1422202147324145	3.335159412585915	4.5912133966778015	
0.09828472890853858	0.1258168648142066	0.5182324656060525	0.967712664785354	2.2444970139516096	3.2979902979654696	4.666721936771599	
0.0847899364312411	0.14754259007992834	0.6012752208711825	1.046145513371626	2.10574520844492	3.3431842958395244	4.1188830681881825	
0.10902140670322452	0.15837440561620708	0.7250488056983182	0.9807522889035117	2.228444370087617	3.6444091047884704	4.377153513337492	
0.09352100772994126	0.16854812684996487	0.5953995420885765	0.9800927430446631	2.0573419391940764	3.8579237762736334	4.403005225932358	
0.09427119695783134	0.14415554345879994	0.5615667181140862	0.9275264280695774	2.105388734720446	2.8890309431358627	5.064448254410576	
0.11613498135887546	0.13138951789606285	0.5341736536598686	0.9543828178214314	1.7398895901060765	3.706315676101558	4.668821938069476	
0.10627733157631372	0.13479829413744615	0.535238734719872	0.8959802561196147	2.1650768257077937	3.4101809979311106	4.521686970747838	
0.10052906238169197	0.16918519814333838	0.5947364315049609	1.0939480645105675	2.225186763968227	3.6896006775006787	4.330339364866878	
0.10570629156967554	0.14478899074260604	0.5928914187224589	0.982817480508861	2.2324769007458465	3.3026548175004735	4.875973272674129	
0.10881272044742861	0.16325126099782358	0.5797583872531388	0.9281676582770769	2.244242421109052	3.369497539089406	4.181468147782384	
0.08992101946910361	0.15332362908492794	0.5710639212357072	0.9926164809249727	2.026454544103596	3.299342597717038	5.041009890700545	
0.11828828988796258	0.14074281259723453	0.5360244732552161	0.857939290387153	1.960786887659282	3.273760425080244	4.768194845922123	
0.11715976985378818	0.18517362196339232	0.56340394185037	1.0328511526011384	2.082532454117752	3.293406061232878	4.47965644995382	
0.08973977420694489	0.1718450094207599	0.525422532464705	0.9698746491356612	2.177616256750358	3.3916514909690783	3.7176893736658547	
0.09282970861750432	0.15725854936613728	0.6342081041578823	0.8630322165218139	2.2299474487608903	3.7291802482802483	4.668741803059027	
