10	65
1	1	1	1	1	1	1	1	1	1	
0.0909949233591647	0.15030006144926483	0.352937982269754	0.7332558048466288	0.944421426193443	1.3836797192228365	2.1420780474225367	3.1780654934351715	4.090566508493452	6.399094271107046	
0.10789121290029542	0.1620840170567485	0.36040493129796936	0.6359471964472412	0.8809542336342144	1.5510478843935576	2.0450288406473573	3.3847278693219005	4.693276812676949	5.48601031333355	
0.1025662155034713	0.14572528263180817	0.41232717730031876	0.5781024003264661	0.7910376483581425	1.290919025440053	2.146583337136512	3.3089153351402603	5.870316660476526	6.291378703916708	
0.10594986655083152	0.1653359052817164	0.4069987105108358	0.6053760178658835	0.9511800794335508	1.3131299148052833	2.1912783030746965	3.2292396070930534	4.5392175945756925	6.70506109977767	
0.1031669045689365	0.13619326159005965	0.3703427220552215	0.5854819574094886	0.9695274923218232	1.2836231822818402	2.30386515220442	3.29519836840229	5.571613725703816	5.9353844059373975	
0.09419672105114452	0.14807176571857772	0.3379284774197163	0.6444495939747593	0.98759935896713	1.4552143772568502	2.216762262330678	3.0535250620117966	4.33568331645125	6.3012408606449934	
0.09518950409740135	0.14733854870085775	0.44351739166700727	0.5794654664016562	0.7855796732306182	1.5215093338813546	2.4637744919842426	3.8396000735799785	4.785624083112336	6.517152626354068	
0.09174462144596524	0.12602122805957877	0.41029343467105367	0.5973854130717787	1.030909251597859	1.3756989766036845	2.0965898837319994	3.264389931333351	5.168979411240367	5.8300840623725865	
0.11401529454604971	0.13848518642383448	0.4113542804404751	0.5711388455407375	1.0409406017839444	1.5595451522845332	1.8216672244902552	2.9973363828517026	5.144017772430161	5.129327179973101	
0.12284136027901621	0.15647235113136618	0.3918106327876548	0.5642019207542698	0.9249456227289722	1.4070950246641596	1.8964681918909636	2.9843192547295665	4.758440130166427	6.051181195790248	
0.1001753597906139	0.12181108446077492	0.39635325100392	0.6554837511476701	0.8486054693409424	1.3069734732087328	1.8183874261826438	3.103749581869416	4.482353807826172	5.078738341311387	
0.08577260774808453	0.1540457854543596	0.3460780361505047	0.5406071580068846	1.0078955627910828	1.5855159407242583	2.330708833494021	2.7709489453941187	4.851957407761262	5.044641934053763	
0.10882413184963591	0.1820758232494114	0.3703885475786338	0.6334954225806593	0.9018644721255579	1.0796128971183783	1.9938658416587565	3.5177977114167467	4.244698774873841	5.237585695736794	
0.10007249232228321	0.15242499912672341	0.3627118705094621	0.6293243268095088	0.8682685706742567	1.4433487870816304	2.383008533270001	2.7977320352348825	4.040911565895775	6.464281802099474	
0.10140372188635999	0.15731916198111837	0.3519453640122992	0.8294930666576904	0.9574156101640459	1.6382821536982528	2.150439199489886	3.3922479482767836	5.163047774469658	6.371823682422544	
0.09039062539933079	0.16048095839149182	0.35302461911870386	0.588796563754444	1.0449889437658033	1.2604954766004055	1.7863515697342214	2.8582468366757317	5.195093510670035	5.80995254323528	
0.10606293816058464	0.16841575033511413	0.40156251389572095	0.5640718755694207	0.8980716859142657	1.5027268154307094	1.9371039804995365	3.2902158359704288	4.183515150194117	6.538231223644364	
0.10324850621829085	0.14420658452205667	0.3696130566266447	0.6498833834318435	0.858644953455844	1.5728071521676343	2.176609456555236	3.3999679620704883	3.846196001430738	5.817751310348715	
0.1022918986651939	0.15936586407887338	0.29834260065075724	0.4839025599357033	0.8857244080180892	1.6090793936749923	2.052510158815975	3.3329959747905447	3.887980507869089	6.516639207569693	
0.09616533736886758	0.13607537717591256	0.3640145225411528	0.6779125639504237	0.8284962690288812	1.2902962957100246	2.1005590170813617	3.7057388198040364	3.8300591696281034	6.7967712276881205	
0.10779812872137909	0.17452594782643718	0.3615458252849049	0.667069571684968	0.8622343959154802	1.4298450335855257	2.3654022637674874	2.934215799869512	5.365139242058408	6.708713486031595	
0.10413831798386258	0.15651482251724344	0.3475834791537789	0.5529050650043422	0.8751697062569915	1.3637518702534965	2.073579473649565	3.011293678485353	4.7312101229755426	6.325923413779673	
0.09725871901044277	0.14675663878414225	0.38123957484723325	0.537540437502801	0.84463693385345	1.4140231885991636	2.3787416885153987	2.945485104898432	4.824030387160609	5.722815444699306	
0.10047176261839941	0.1380173393718039	0.3363304711156257	0.5952392323664389	0.9231689698253579	1.3945348762680463	2.5286150722281557	2.753164334946263	3.8306058441909374	6.754612539643063	
0.09162829840773401	0.14388872653368684	0.44188435190264974	0.5634737344098497	0.8342220009325213	1.3436922794524977	2.378255540669773	3.0335639098058422	4.155757837035702	6.138556142756814	
0.11806041326517852	0.1329525068265023	0.3400224425097835	0.64581834367325	1.031148660224169	1.2978392411911954	2.2658930669064232	3.5813714748704193	3.8933447936393653	7.116458266032161	
0.1045173378520855	0.16764200404953175	0.41375724867729885	0.6370114880960897	0.9966322748854107	1.4478042192352845	2.416099750851615	3.7201654963699897	4.404265682704761	5.637768997631751	
0.09131384103759348	0.16070317784074606	0.3693187303132541	0.580879423587279	0.9850236578213544	1.2989010765325668	2.5554072242471237	3.5883123844351217	4.661891221042471	5.625085049263654	
0.09696342311018347	0.15296362924754742	0.4351933356838268	0.6987297209906616	0.8374358339810408	1.3342288362261847	2.4782938757211816	3.1812415859345244	4.917518538824948	6.406559313145856	
0.11185323533184433	0.1652832844921985	0.39525744174119776	0.5766108210673423	1.0418391755041763	1.4671257759478924	2.1476984912632844	3.8295953495883603	4.424865599521733	7.238567922876584	
0.10348556592865576	0.1453694152977882	0.33848501795390523	0.6122921040481981	1.030741196646302	1.2122170890349673	2.2402962012336647	3.1063543399590294	4.032044923433114	5.170441172492497	
0.11439403277848062	0.16184770828477982	0.37150086269020943	0.4247427911092753	0.8869507383525859	1.5342812821007552	2.004337937630857	3.3161199359156357	4.316391413806075	6.345175741266084	
0.11307872935837036	0.15692762247058514	0.2952919664896717	0.6854877121827643	0.8784088668604434	1.4766452883238717	2.0489563277416245	3.421681376260137	5.425763735286468	6.520663405082903	
0.09615022816331625	0.16156337954637126	0.42237889176825855	0.5973440867974825	0.8451783903951874	1.4454892799822745	2.164776735840891	3.0336419662256704	4.150596006633695	5.193980243683182	
0.09933495127228432	0.17974822674119126	0.3968460250674295	0.5783191210802338	0.9195581289015442	1.3287307615668948	1.8196016045760186	3.95014187654228	4.5048025030215735	6.421091302038218	
0.07872318394633182	0.14640358381621552	0.3427406956963024	0.5513809902277002	0.9014271650587264	0.9026610869684277	2.067894705000754	3.568105789925745	4.499663351349189	7.05787299482942	
0.08779510173008641	0.14322646214015056	0.3805768754393528	0.5912208861261218	0.9028740831343758	1.3909285268409717	2.0901627368853846	2.431988290551813	4.171116260927317	6.911333908118044	
0.10292245288644859	0.14048014861498045	0.32003720165419186	0.612381607693963	0.9606676904243006	1.369045581156949	2.0682300177480193	3.818895654727122	3.9385431390177597	5.745811307345795	
0.1156106444657694	0.16062914497907466	0.33784049898186125	0.6201673649872829	1.002190466049119	1.6791720579913165	2.0927548935696225	3.074779972580865	4.359558187346487	5.569417344679321	
0.08820263508656785	0.13600211559755596	0.4423163727196982	0.7071668115927178	0.797168877232073	1.5830966178695995	2.171068618794364	3.3962670412037417	4.489506285262054	5.889051722596405	
0.10064600495998471	0.13349882177593847	0.34359554415436855	0.6186570530230334	0.9661653338291725	1.4118652243547132	2.1840669686530307	3.781019196680307	5.3869480917266	5.065215200282392	
0.11112122791322994	0.15132135916725506	0.3831410999458906	0.58664207691996	0.8929405753330074	1.312174319208903	2.3777611026251693	3.6114137155856976	4.420000374501913	5.885232087125157	
0.11364359092592324	0.15638049895916867	0.384556374872439	0.6361660534490942	0.850408360474233	1.2152152361404354	2.0404542250324984	3.662281346213123	4.516011890801469	5.872739500252457	
0.08268586015499563	0.1586912612637904	0.39440807933935745	0.5304971691873905	0.6372922039885112	1.6650830369328424	2.4270983843157787	3.065171456150057	4.236536549302025	5.945248578362838	
0.09028779275872387	0.11089398672407111	0.3385368790312984	0.7132928042954821	0.928609042275081	1.2225131958564053	2.105615536972221	3.3114384018063285	4.398569310165747	6.547476404582296	
0.09146195711945096	0.16259018761541758	0.42757617596133857	0.5618345775572653	0.9087611437680087	1.5150472740993937	1.8687996262284274	3.1935041900168475	4.703349670685523	5.6701628958560395	
0.10082283034954186	0.16146679181243492	0.36112784829487427	0.6980322082545457	0.8991924719099404	1.636177139401235	1.9993467582678492	3.0699889181878524	3.5510832829194285	4.9512237319152845	
0.08916664793205176	0.16377041163844555	0.37535416377075	0.5853265240177337	0.8424504919208534	1.5727090418877292	1.8432726030130662	3.2641461689670033	4.755543910824493	6.582607632166374	
0.10869229211279685	0.1316354440810075	0.34433784065887857	0.5625093359726675	0.8615475881175917	1.3148627927714251	2.0926316750396747	3.510697003241744	4.841676898741909	5.769793616534817	
0.10986871903167693	0.1343270172572912	0.42348911425308877	0.6236799762081149	0.964044749540047	1.4162846589367573	2.009461517745615	3.177157830831757	4.511457708277245	6.324407154403975	
0.100522913234458	0.15928871285397983	0.3690561099227067	0.4784692436563117	1.0228393985375084	1.7830345304620447	2.4894093639930603	3.231376004021846	4.890915015371803	6.9445170693020835	
0.09930221683937303	0.15380454390144208	0.41374390543963496	0.6783035864162138	0.9966182991131562	1.4756930545246638	1.8071150674018925	2.983873351846911	4.5554707328247614	5.984205357801711	
0.10386884564922497	0.1582647966873116	0.3259369638191113	0.5420657860024333	0.9375739976899491	1.3059763386467658	1.7900224847642472	3.6682438112868034	4.360855487243668	5.801054545985421	
0.10381381662564274	0.13351978033564055	0.34810533627846	0.5971503178029807	0.948806458570444	1.6453434193325733	2.0145755540004844	2.9312035018427913	4.277256329741362	6.004073954930302	
0.10213928044110177	0.14970709322155978	0.4194875047104743	0.5995151672427779	0.8464188844319745	1.0024385629174604	1.8633146706401051	2.8449540232182393	4.252386676428461	5.925958106662116	
0.09882070392974925	0.16508321243067756	0.3903000638631136	0.643386351967344	0.9334038054729397	1.6635969445223293	2.008230018548245	3.238832209934552	5.602697786008925	4.303982717868118	
0.07756419562215239	0.13852794131268203	0.38263892378935077	0.6256330187559519	0.8667431240287202	1.10597213489817	2.274554183365951	2.995856393314881	4.0957204099102045	5.329492453669336	
0.09870238707028701	0.1602001489436	0.3865283615910742	0.6768960826394058	0.883791703656321	1.425115235852297	2.636822843537792	2.8008845233642665	4.164476015093443	5.899666383423201	
0.10055263098182876	0.16154193412124032	0.3682731484272966	0.5554084912168188	0.9796206566983832	1.1965359423394333	1.930442993203017	3.0063644782585777	3.896952670877312	6.023388458687808	
0.11217050507234692	0.14660553127707476	0.3239251203964277	0.5808554556970553	1.062860629009559	1.6733631529812878	2.098302105937607	3.0807837340537394	4.632921597003673	6.059795500145183	
0.107560219627245	0.12246381362483134	0.36482437904363313	0.574259926285043	0.8740131783360605	1.734913555954227	2.320220919181611	3.021491522635083	4.788824335964447	4.9859829602483785	
0.10478382470836665	0.15794858040237886	0.3305943264186104	0.5948726189476523	0.740655439514144	1.250369931898021	2.085326121485113	3.616813043823731	5.148348012011374	6.430684741109344	
0.10787812706643761	0.1571543358068583	0.3307568098689775	0.601976366019551	0.9402812733905662	1.4372397486902473	1.7021169613886546	3.4141258104536365	4.213400079434595	5.190516225956399	
0.09590009814362557	0.14782214238381466	0.4392482594920047	0.45080072798563814	0.8616756613794097	1.4627497907430145	1.9824483230942316	3.8963626979525867	4.645950412196676	5.277758314897611	
0.09664704979198026	0.14398414357809633	0.34248539305110637	0.5941376683024283	0.9473426629400071	1.390681624227772	1.8556195851927952	3.3949615594365636	4.531399579341979	5.717982572708075	
