6	70
1	1	0	1	0	1	0	1	1	0	
0.11050268579852439	0.1563336318083058	0.6430180267327444	1.2541124357901565	3.0706143647329625	4.560748489604007	
0.11535791577313065	0.16655124918686445	0.5553532253457272	1.4178181005441752	3.3302562784774414	4.724107888984072	
0.1028631769098448	0.13908539342972226	0.5582814807982514	1.556889118157208	3.6321226282597467	4.0951005928812405	
0.09493378937347755	0.14381015056556956	0.5648935522530623	1.3342125912634224	3.3727162639620945	4.731716936712894	
0.08822983785733951	0.14149841158485194	0.5231641375246756	1.3642529302332143	3.4051096163961962	4.536776596161962	
0.09822852571992235	0.1673652080360565	0.6121431110586689	1.3970116390608949	3.0574126055547954	4.280469166756177	
0.09720017366686858	0.14397695516778516	0.6622561085430952	1.4054987589000185	2.368317470710998	4.142604360687625	
0.10816931973018991	0.11702214724951843	0.5912217952192769	1.5923434705551098	2.9418684350046993	3.2491760855605882	
0.08182690170670075	0.1464445945674209	0.6312494471409151	1.5526869065217617	3.4692578606318647	4.559082670063831	
0.09992034814383702	0.14641410993048998	0.598628328286029	1.3859731954131913	3.264229632649447	4.3432464264121355	
0.09484052330519714	0.1645184307833407	0.5836799054360966	1.381495218326821	3.0361126154298725	4.417337232168229	
0.1020108157963523	0.13358377645582817	0.5354303572875496	1.4914437288695916	3.235078092427023	4.346599800913368	
0.10222657927530548	0.13047443945499201	0.6059523890845459	1.4062010078097853	3.5863747251078744	4.508903666932629	
0.09586136309672802	0.15907160664823827	0.6017865526857262	1.4157381672503135	2.7749341086239667	4.826707894918022	
0.07875171458387453	0.15499022476671442	0.6829715570249314	1.4726014842675985	2.7656362542617496	4.043864832936575	
0.1226795947233173	0.1732745642897634	0.5137894461395042	1.3403430284608242	2.8314208133274557	4.444457158462056	
0.11635223351241844	0.18561573321804148	0.5373519675186759	1.4579261812950577	3.0474969338970928	4.008619836986936	
0.10525353434447544	0.11583812689278786	0.6726514324822457	1.3230366986089053	3.07830395906421	4.64610904625978	
0.09559283122055806	0.15463156840168776	0.5263383060629879	1.2388712572969345	3.221375329926107	5.201259300939016	
0.1166751951371702	0.128120930465048	0.5838019234558482	1.3502426478605987	2.9256731341767557	4.084223900476421	
0.1002667858238655	0.14807155959385943	0.6458426574793082	1.3532370228842618	3.281761854365743	4.115378651271597	
0.08748693150395574	0.1472758774349056	0.44230943738916056	1.1912585540635663	2.806519531283254	4.343052569368968	
0.10737889999954134	0.12612358998129405	0.5600350976412312	1.3358076044432337	3.194035538083437	3.528706603895742	
0.0901344450955723	0.15119624477290705	0.6379428046775147	1.0538791328422084	2.7228295408746983	4.621625937546587	
0.09684728593275872	0.17725598950179905	0.4352003598818185	1.6864259483957273	2.9920502611047017	4.6154052481933885	
0.09095236731721085	0.13730544756902363	0.5547598326974544	1.623568733310171	3.311504548849761	4.16985649997669	
0.11314846196976705	0.15376694471277202	0.6980275566118846	1.3096680077051175	3.84288930698828	5.107167470578822	
0.10009914047417057	0.12696497702376108	0.6743047626370285	1.5440199019224596	3.3110332284987667	4.939512959985564	
0.11258760944208812	0.14975536332616574	0.586604448882444	1.687015416893026	3.222374838055271	4.4099597646823785	
0.0959730189466051	0.13447455382786624	0.6380151079854751	1.5296649388080112	3.618065862521725	4.536019118827847	
0.0984326823003956	0.14993178439080065	0.6484509999325091	1.5913106674900925	2.8051121037384554	4.233049887926529	
0.09642526227434495	0.1541375424007853	0.6636876409459792	1.1119013599642593	3.0576002679401224	4.363944931239637	
0.1152640988869413	0.1138957462800474	0.5319638617284063	1.2028404502864336	3.376989166255849	4.898702655379804	
0.10372911087006874	0.1418287706082265	0.6249172387416366	1.511979361884991	3.183576935477316	4.920347680121306	
0.09285260815869315	0.1689324796734246	0.5727527166571733	1.298663310979824	3.3102516889051103	3.8365940604324766	
0.09754227215628798	0.15043011477876767	0.6248957427346203	1.5409251623118654	2.7830840016250606	4.311186071450003	
0.08773656832218499	0.17415031091156014	0.6122668448916906	1.2183963227969397	2.8117698767779733	4.688228414209521	
0.10690070575102628	0.13673519030958015	0.5903846721930622	1.4825937979511203	3.1787801285778703	4.094117755719609	
0.09047237294461873	0.13192998826962005	0.5970296982814048	1.5514325873683878	3.502478200294769	4.1731407776058616	
0.10836615775801983	0.17820597589355708	0.596582371476691	1.1891603376574789	3.234251137384853	4.461959450875611	
0.09226492312371903	0.15209696031776812	0.681764333488866	1.5925643476888183	2.932357895427493	4.36756451335237	
0.0990958247339729	0.1465477955601191	0.6194190892455141	1.7902542866512587	2.7088497643320286	5.423681467175445	
0.0960251256169948	0.14336827568269378	0.6184767483803544	1.5182413747360104	3.117659581509757	5.292015945030602	
0.10241296786890533	0.13881130052909157	0.628094853871405	1.6472614346954675	3.2530824314923095	4.805430042943693	
0.10910409537128635	0.14801663847359792	0.592804818012948	1.3957970475917072	3.2843238456217256	4.711245169990361	
0.09985698667237974	0.1686388703413439	0.6229714978953983	1.4282438741511085	3.1714516471170286	3.939393228938424	
0.10843745661893965	0.14403411101750666	0.58308726367258	1.3323067083514124	3.1983498774949006	3.6849447224185363	
0.10023584012726171	0.17470235890562344	0.5287361139717529	1.5445009094240874	3.5375201873759736	3.5984888865788065	
0.10481086663209527	0.158134788572683	0.5510554908079135	1.2435799490828765	3.254056489500453	5.152923994104604	
0.11561890602275215	0.16641914416427273	0.7179505009014987	1.415659338994278	3.2101969092408984	5.057991445073728	
0.07828925451086803	0.14879576444353004	0.49715149945333026	1.4955056249024434	3.7175452620964133	4.227214117900568	
0.1018893500877435	0.12385587747170976	0.6087432266692805	1.5074451647363474	3.081247388896851	4.902141165263845	
0.10189626973188647	0.16560668441696394	0.5058143876166022	1.382227684633833	3.080918917151667	4.4191806055698155	
0.09108721983160491	0.14579375216250895	0.5463946688640305	1.4993843148178974	2.9175607459964987	4.348598202482853	
0.0909196168164978	0.14730852144668574	0.5712484584573917	1.388796810646511	2.564390702952761	4.467361410954238	
0.09639244361913701	0.12673068909127816	0.5797828278067989	1.1537506387584764	3.6817241848056215	4.238629997260021	
0.092799500221048	0.1508793613852705	0.5949500860845385	1.4558031635316364	2.8577125169020507	4.685205227075631	
0.09173397843160164	0.15124673752186824	0.5657388126047502	1.139695024749991	3.3618430812063065	5.166932885261904	
0.11574581718639623	0.1399051348867008	0.48794580653389874	1.413926194355637	3.7049905652231043	5.235549030731831	
0.08724608009129013	0.13382708295053697	0.4793826393034112	1.4446446245374052	2.8616718261617726	4.186601321757298	
0.0928953055572933	0.12864519214792736	0.5089043929196095	1.604956562706537	3.816110600009595	4.835091887766575	
0.09863211931734728	0.15854325552597914	0.6656865594631475	1.521565455655378	3.3973087126958097	5.066602275353029	
0.10978820613869576	0.14119591455533534	0.6285116128470011	1.6425865425423873	3.387786341702637	4.456113130468198	
0.11039188493211241	0.18104912921964514	0.5880830678095845	1.5884250567281952	3.1392041839999636	5.0010965594554	
0.09767844917575516	0.13453385700410508	0.6040002861654762	1.4858275389999234	3.3824448834524494	5.273535974981231	
0.10665062739927007	0.12224802577680548	0.6505942338684728	1.7142809423428256	3.914372068877613	5.374958577456189	
0.08172438973569093	0.1406765742235321	0.614315706093971	1.5454768959600698	3.918556738013662	5.14665850283715	
0.10066821895209328	0.16195862650222903	0.7153519220286179	1.536515138645615	3.174160314151972	4.80908784314383	
0.12071704976724418	0.1494689038825241	0.6825828498786233	1.3351068797713315	2.9516247225970047	4.383999190950147	
0.12316591613876732	0.14026162240549747	0.6857063898169441	1.5486439673925383	3.2827524129484718	3.380149278991188	
