4	53
0	1	0	0	0	0	1	1	1	0	
0.142284703525614	2.183548564542841	4.031413141426038	5.515381667970333	
0.1507293747739116	1.9483483018684726	3.657131000361849	4.37097991917163	
0.15414788973509605	2.289537906201287	3.665491005278508	4.575329100043237	
0.16122895728897943	2.02170341445068	2.9553458904013636	4.38885058701256	
0.13863399599342957	2.33371375889186	4.018595848889926	4.443672530286182	
0.14923824104136554	2.5266986784607592	4.033936623905074	3.973753346131297	
0.1311258575614716	2.298989770465605	3.2712090045817632	5.037412346771259	
0.16106909005686207	2.1489946022986293	3.3570198936698077	4.800281171159697	
0.13544283584570715	2.1728919812392204	3.043417171437996	4.408344914635297	
0.16139342903641019	1.9707925066030585	3.227965739471752	4.100537316502918	
0.1434159655708548	2.43971603150471	3.1976693126847593	4.393966781753564	
0.11931421066138727	1.9498553380677206	2.985280566442748	4.963210270452507	
0.1465380042253923	1.8369623669516981	3.127799444637556	5.254909567088998	
0.15124322157923636	1.8973849305817287	3.2091519399786166	4.403249771286551	
0.15408941561382913	2.1953396258084896	3.003949521063852	4.762018276284267	
0.1715094880016122	2.4954940475474614	2.9567744956697233	4.540361070778584	
0.14030154694917688	1.8737449611121977	3.0981867922482578	5.018898193284667	
0.13601444451532343	2.2063822712988057	3.6258589019591105	4.515519123228085	
0.14554195612731774	2.4184790793757274	2.9545568468734107	4.738792944641599	
0.14993318045419987	2.131550575057929	3.2258036788824374	4.828097336871522	
0.15684579787635206	2.177518288109675	3.304303836479028	5.003483739918685	
0.1471551692761309	1.8867956119549225	3.8053800641574185	4.5771289819531855	
0.15483878153882957	2.266598205789641	3.6026391903517556	3.9148768312823545	
0.16181982967665434	2.1289223386187266	3.126750704870408	5.288382109235663	
0.1597796887977218	2.079613242418556	3.1460322992100984	4.72919676744321	
0.1547018465826261	1.9239561975023196	2.9039777569168588	4.657431192138166	
0.15300722198983596	2.425424680958378	3.828255976598265	4.4767009354461775	
0.13000414686626124	2.490692004757267	2.4798287679039834	3.5092493324482263	
0.14990806084119965	1.9732958131793406	3.2682875442652555	4.3820077582517545	
0.1472760145362336	2.277639022808017	3.2789758960844995	4.758493231700015	
0.16075016449405916	2.308761247252395	2.955728817094863	5.215682777424265	
0.13681663196841023	2.124502572274196	3.1203953586850295	5.196916266543795	
0.12381769310330218	1.8419729909102551	3.362529658107091	4.379396691297155	
0.16110599772662548	2.4312065201818998	3.5615815640742277	4.17965866816988	
0.11831375162582677	2.291053438157402	3.753404977124075	4.811345523465384	
0.15474545721444544	1.9676035329848753	3.392885278117243	4.794040565389455	
0.1510387648188333	2.3466666410824186	3.626354833168803	4.279380828260871	
0.14448468181007107	2.119654297344439	3.74136722384631	5.168412442948034	
0.16571284545099144	2.1194870601322844	3.408263655586425	4.255045858122438	
0.13106120994886325	2.098791797543759	3.560605293579838	4.622634811159119	
0.1538212332800897	2.062888825842472	3.4860090643592354	5.166483227105656	
0.16900240223269114	2.31947259329763	2.7655373440412463	3.4122694064384995	
0.15176225381706815	2.199225597592949	2.559838534072114	4.100864758700289	
0.1753701789805434	2.2344005888793905	3.154219811183105	4.438312971573122	
0.15443807754284347	2.0837815401535758	3.3412254650971467	4.397031153111352	
0.1542918461639127	2.1198594098786017	2.5405052868583957	4.609772462950242	
0.16509525064678773	2.1538723649653413	3.07570050053633	4.978131685920463	
0.15240128681916015	2.1423134249167353	3.2003458482151967	3.990640317043341	
0.14463448104915963	2.4281698737754756	3.1759024881131257	4.22463821919795	
0.15489477212826025	2.4137661387900318	3.169857099682498	4.501844478995385	
0.1618636136476444	2.284926246181954	3.343159664458995	3.9337576248323876	
0.15346645273487217	2.4086229901486584	2.9271175863251306	4.395058025932335	
0.15023751063207608	2.1746905379890955	3.50618647282777	4.1539342356488875	
