5	50
1	0	1	0	1	0	0	1	0	1	
0.10923171787663627	0.4531971356366944	0.9928811986570538	3.59434019189824	6.569525779855728	
0.10180286240818193	0.3779317066219479	0.9383623326699392	3.218960293547747	6.067822974452606	
0.09664874120420458	0.38204666376219126	0.998705467426452	3.445543777415529	6.247046733605332	
0.08888976813443701	0.3548455690174046	1.0068469179602841	3.1087269246348983	6.47949372038198	
0.10135602308955194	0.4030875542925357	0.8408780057076672	3.402787735320798	6.11665864186895	
0.10095523321705846	0.28665044290503927	1.155149218106526	3.108037303282466	5.883233827308789	
0.09627662696758893	0.3901775991650651	0.8298761221865836	3.810606068320354	5.593436560945236	
0.08810118109961573	0.4265247118881823	0.9600254418228406	3.219629662137993	5.810666105466588	
0.09209559317987188	0.3302173900188124	0.8080419555764183	3.5692775943626134	6.392480243235161	
0.10384529508207851	0.41670027946210586	1.0389450037433299	3.0697326922484605	6.222177786099884	
0.09759451097130145	0.4276529970417592	0.8687285523380048	2.88611651380218	5.56128967459752	
0.11321093744424499	0.37296526356157317	0.8375162468334266	2.9424562990570804	6.271033699090909	
0.07476435726934527	0.40205871867423076	0.875273301163948	3.679641201569361	5.927587020875457	
0.11159715186030988	0.35920967031910034	0.8455296827895205	3.5762944909341012	5.9999860036572334	
0.09851359688203505	0.3440666213662569	0.9279965352233229	2.963812606705923	5.602386617015778	
0.12721047503362162	0.3990998584619858	0.9468736538543995	3.1806349839104033	5.299993528673229	
0.10488177386846032	0.3822712280256126	0.9216285165660634	3.359724926281896	5.566831061615979	
0.1085386533434625	0.39572698133357975	0.83255711462684	3.4445099795561944	6.262796849261605	
0.11731356376529621	0.36076286893870263	1.0358887415443143	3.087169107153677	5.4950601466015	
0.104194833217446	0.40262732714961236	1.0345614264154643	2.9192572197865196	5.59967666398545	
0.10261866050005919	0.3946404414624912	0.8649893765805391	3.284926425651865	7.058789618930274	
0.11017293949521652	0.3084281766333984	0.9225049056239545	3.172561630349939	6.269405948254844	
0.09444037216800277	0.3468922881650204	0.8082727583597765	2.6778032702974692	5.944163085675876	
0.09507019567600405	0.4173445357257317	0.9821370685743459	3.374449882286376	4.861215021907917	
0.10506553330850776	0.43376976927780353	1.0482132643401616	3.166839539892924	4.418434347665427	
0.0909200487054084	0.3639387852304502	0.8160376775122752	2.9221041331103605	5.899731459673653	
0.11480220379886566	0.40497740939898313	0.9562877429507909	3.5208787699792548	5.625923562020084	
0.1012256756510597	0.3721351564017525	0.8295079750354563	2.562700872669036	5.821259354442867	
0.10087572415987814	0.3414369990867098	0.8146720741356324	3.1134452648892825	6.186646948876173	
0.09059695154159271	0.4164965760207101	0.7571860657173465	3.6721693189080264	7.326432395793315	
0.09683345732909579	0.3608314547052476	0.9216836292836872	3.013762645135373	6.048455398260296	
0.09738057545652887	0.3482619318807014	0.9963726370978337	3.239825098980852	6.811813889276595	
0.10182874190035707	0.3626141912946805	0.8446800885006769	3.1189783794677766	5.184026204119853	
0.09383765045264375	0.4070060299116433	1.006105611489672	3.0846821751856157	6.531733736466396	
0.09605615560468936	0.4316424007159403	0.9559099241680242	3.1120768311353126	6.225749498180752	
0.0971015592645233	0.3964468191272455	0.8241878059417733	3.1008205158681323	7.489354795085282	
0.1053008131646557	0.3559228324349278	0.6779306065016171	2.9552272550918746	6.351725842684384	
0.09851116598917886	0.34008825481113797	0.7580222470749831	3.217500201639825	5.203623496754636	
0.10622241339696721	0.37854540227038763	1.056451418585869	3.401582455216902	5.184100616657087	
0.1141656332557409	0.43630173179049697	1.0599252583409675	2.913928600731684	5.1601900101908535	
0.08915582114232454	0.393479135127641	0.929238609979115	3.4157715678709466	5.53773114079771	
0.08580858565123749	0.4021615036540817	0.9072998913534405	3.294225481916249	5.381195160963113	
0.08331980271564315	0.3538072299447397	0.8433222444054821	3.1284061866522967	5.786603341107529	
0.11102227296724801	0.40571468290165463	0.861145168527149	3.6456708825166135	7.215346500006016	
0.0953479611071649	0.30822975072695585	0.9851477666104755	3.6254156119872674	6.9226038292011225	
0.08573472705522317	0.30955953190842617	1.0877531734912806	3.569450781416555	5.468209689232525	
0.09529593277968533	0.323006545593067	0.9019960830265827	3.221110337135792	5.882046321920467	
0.07932326023924156	0.3838838841349215	0.9498433370372419	3.3861801032475753	6.03157982162591	
0.11418774667331331	0.31148403224131216	1.0328173279237598	3.7264747879662434	4.086657556819072	
0.1163299046426152	0.4632577243545274	1.0245946776229926	3.2895633183457758	5.474405804711038	
