10	66
1	1	1	1	1	1	1	1	1	1	
0.11319127550218638	0.1352657010554713	0.39681142922071416	0.5972819055801963	0.9526884632067121	1.4408638656639077	2.2322627350802025	3.6778579710337054	5.146254868711937	6.576210815427944	
0.09404090996802271	0.1536158431733423	0.3228887012109051	0.6518935194315965	0.8691264133521713	1.399279233250468	1.981222339906614	3.583383454525756	5.230691196942055	5.332308046338907	
0.09855959960815708	0.1444850706880414	0.395920770292936	0.6164551473532096	0.9020906684162271	1.3244139045833672	1.8930262358103767	2.9950283827020785	4.5619102379688625	7.103312313049979	
0.08266379779507668	0.1463314902588484	0.390678878655672	0.5055028604136282	0.9130401050417872	1.082217825801569	2.332533291382992	3.403318187967231	5.295192388065769	5.642476874088619	
0.09000122560040019	0.14477082780582085	0.33711312061952015	0.5752160132172761	1.037535673273756	1.3319643932173777	2.1006496571963678	2.881924621457926	4.685605039209355	5.667096526220867	
0.10593065413088615	0.1537192361413474	0.37434994745719635	0.6336775425440826	1.0971259854808277	1.4988620515601119	2.0758643313296314	3.2886415846705614	5.634690773214838	7.234660905923258	
0.08607115767875904	0.13180795583060914	0.3230181648213288	0.5926651355890673	0.8895203413707305	1.6156748737332716	1.713643590764718	3.6748307357683148	5.405031959687061	5.921746065568682	
0.07610230426433852	0.17602857486299675	0.3982740635743841	0.618864581837429	0.9601019481057037	1.3531531941707655	2.0328209317557264	3.2001718445867344	4.656888328197002	5.727277645651828	
0.08900566889179098	0.13133130190712508	0.4312472001150944	0.6971606481236806	0.9336932384187652	1.3323727405629204	2.0748770402248917	3.0821513067703115	4.457008374454444	5.931899313660521	
0.08581366072688686	0.13654858383166857	0.42429160258751886	0.6019941399390986	0.9529544892114485	1.2119909839855563	2.237717646502944	3.2114076246649303	4.481321936750282	6.635353811229875	
0.08667639207113101	0.15917071707754882	0.4376450438077057	0.594668704920985	0.8900738249162312	1.3077913702267263	1.948805203985657	3.1056544798679333	4.39685859700613	5.248438167389884	
0.1227572868935118	0.14689317375224212	0.39149391862460914	0.6107001390199057	0.8177721365832678	1.5610417793184808	2.4600364047024703	3.530886947039543	4.927879715437424	7.538217888977064	
0.12087551102304117	0.17521377305884547	0.3999966085960103	0.5689203593486472	0.8447994659071316	1.507824431423311	1.5598155786793801	3.012985509771097	4.864369387466166	5.155630456191044	
0.1033727051584082	0.16298555579206045	0.3683905148892208	0.5916738957062343	0.9087574349751428	1.3344650208801947	2.28660119101924	3.2977598804660744	5.233236276709228	5.827639272597198	
0.10487416523591889	0.14556556049457356	0.44699528405914185	0.5847127869936036	0.6572308965012303	1.4438770369368479	2.2272737069737585	3.1069031451169913	5.0605997447906805	6.451524790580751	
0.1018069031695484	0.16681099232033256	0.33414789050131954	0.5111532599800642	0.918048601789069	1.5917828720909484	2.304529655356736	2.9441300901903062	3.8667478654108978	6.3627763596691125	
0.1043675247056648	0.14107518838501773	0.4023380365642607	0.5489976535808685	0.9234476235354038	1.4019877653546216	1.9450101583609944	2.597782052264887	3.9646366266715107	6.071653806222455	
0.11973724683652923	0.151832614940642	0.3550074389058656	0.6724699593501664	1.043623728797226	1.4200664315220493	2.1176721786215067	3.516998071961366	4.398108225785731	5.560770898676816	
0.10084467470327191	0.15093421938311752	0.3321815644937018	0.6187394655309503	0.9323064884059084	1.439023911136637	2.1297989481500608	3.0730548135952565	4.68315740568666	6.209131560595576	
0.11067952302344604	0.18286038017626274	0.3588864669083253	0.5620420215209998	1.017820210698868	1.6823780436401543	2.2542985610939508	3.5763970804331136	4.2140854629136895	6.161243961227854	
0.09293386837454665	0.12328758363164141	0.2754949540423026	0.6837754253477002	0.9478382383789902	1.2894470389243902	2.7221121466121407	3.331460745163465	4.027405396436019	6.055413735331923	
0.11177963461423027	0.1430922709922656	0.3610378110306082	0.6886296721292785	0.9299453691719684	1.3567142644347336	1.9539438449383109	2.8874277404785733	3.803904619679427	6.042124877728048	
0.10920780576838195	0.15005773822519522	0.3607627534698823	0.49329428618403237	1.01251745577881	1.2437999947398592	1.8409460235419184	3.6374313542220738	5.004102171451636	5.664081203630436	
0.10454197141898967	0.15583728952693535	0.4444634656211814	0.5272765147268182	0.9639716478497681	1.2765784875958925	2.4095737573622507	3.7749699572057582	5.036410827700711	5.172078987353669	
0.09222768377110957	0.1490407709629971	0.42223917897463026	0.6857688946451731	0.8510777608120254	1.3923026642312382	2.4102898656235703	3.111967477200769	4.001404935166086	6.545531182726974	
0.10737800604883972	0.1653072175428887	0.3731132484812683	0.6301526465818408	0.8370725851440722	1.334823314019784	2.242179244066996	3.411178184756414	4.846329904949097	5.66346785457013	
0.10840057172906968	0.15468606776098573	0.4318304936826286	0.6197647237962379	1.0716116897356087	1.4960988800411021	2.0987881478923076	3.2832032386746817	4.07252056373318	5.84002686981119	
0.10465162171751702	0.17380956996431937	0.3702270599950434	0.6910034575679181	0.9204509323720265	1.523347419461512	1.5455941388312533	3.4703265243165324	5.663231557382959	6.884357862939332	
0.10191713023631516	0.14419912299581397	0.40478504830137746	0.6055437503338849	0.8654994536847569	1.4213217707504044	2.2196758758711495	3.4335093506035608	4.276565231943753	5.892937785937562	
0.11535724003610506	0.14235860352638663	0.3867442555048118	0.6397204434033915	0.7321554012876619	1.591013202134478	2.6732935603788044	3.056607898675654	5.029499624022825	6.844876305238794	
0.09757477722875141	0.157592936339047	0.37313841956923316	0.6802110757224831	1.0441250459188265	1.6329761467870554	2.2878982591633	2.7948399162644666	4.430507664983812	4.882280561979144	
0.08911807781539366	0.16799367026175183	0.4189037854054438	0.5590610644814034	0.8926212588956768	1.5649081463767922	2.2839619344322357	3.0726228166332863	4.08976398524369	7.0259965784619105	
0.10132431463535113	0.15109090300206013	0.4209770769449924	0.5704201207775632	0.8250086226858405	1.4556643433030867	2.066725167438516	3.2392409327947083	4.7371021203144	6.792262640334058	
0.10028320198697503	0.13833985379600344	0.37854052434552005	0.5287832375901498	0.925187133286332	1.4875452222817627	1.884437419080584	2.8966326631748722	4.840656444282118	6.295350635973318	
0.09693862746854666	0.1278103733661648	0.3352820815400141	0.5760627672999211	0.9973703120915953	1.5422504056696693	2.1013059000412566	2.6455607603362967	4.472227186963763	7.372179886879078	
0.08153167760699744	0.14182718985395026	0.35797534238508627	0.6310884106179587	0.841867789722841	1.6968463178164477	2.199955698437259	3.326234896675212	4.959362273935459	6.406697079751849	
0.09540195428937706	0.15245212643623562	0.3093672812022425	0.6628336874896075	0.8734146998951364	1.4294737445615167	2.207618457665875	3.607856189733169	4.4809514664404375	6.786675996706055	
0.09906055861339161	0.17158418407615209	0.36451732875048337	0.6491039431892178	1.0724326602798304	1.796760869390099	2.2174678020425427	3.9964233787228967	4.750254558763442	6.1006866336087775	
0.10983966593555108	0.13572011753766516	0.45431996583982825	0.6739535427163879	0.7230495923588854	1.3359308742397227	1.8081915927817476	2.7664312863322262	4.35567401951278	6.181688558656548	
0.09032786422595543	0.13884222144613922	0.4598172395527464	0.6133160639516126	0.9857907111540046	1.3714259777347322	2.1451259233928557	2.887289049218011	4.239895820402566	4.565101924996539	
0.08927506382669435	0.17081865122042345	0.3478133028826287	0.6127641705239206	0.9754865766779386	1.4280044131352492	2.201212190388555	2.9165960963387585	5.026468083780185	5.435369920048024	
0.09855470611308101	0.14082248551433532	0.34503889041613545	0.5549323657691559	1.0472796876289023	1.6528431666417647	2.2120447650301127	2.431873541947674	4.335392403993771	4.946199866279244	
0.09306459883331526	0.16434421939166452	0.4136571760401047	0.5176016837747411	0.9701768208749127	1.4921172129390665	2.002592950600946	3.187052167276268	4.292807503598662	5.737668405522157	
0.11078336983460241	0.12233725607027206	0.41158272423749664	0.5914720684794962	1.011640310409762	1.5656448990055214	2.5040734555802597	3.165651441113174	4.68425407374919	5.495219643369202	
0.10512679828769078	0.1324328803023915	0.3741754877825323	0.5944282582569499	0.8764333846425529	1.6280132857702712	2.3176422405216615	3.02193121882375	3.888858920864107	5.704857534473939	
0.08723075919949702	0.1589386262879258	0.3804842579870104	0.632998276698403	0.9130186435413576	1.4257983261170941	1.7158026647486058	3.453636649404374	3.722743261688106	5.775477998756516	
0.11448216180916937	0.13469197290920884	0.4083211491414456	0.5645089809989462	0.9841118268871865	1.2384239660447895	1.8526057373839728	3.584280411309866	4.024467463973874	5.89641717876121	
0.11784686627197911	0.13660374939993328	0.40384391316696266	0.41948372798501193	0.9540845800130419	1.4129316446948037	2.2421187782332317	3.334102368790207	4.344489234332757	4.994592433977774	
0.10932082598227771	0.14299013101612856	0.36095952575746376	0.5874503340391675	0.9756120635805798	1.4639436909967565	2.198256528366622	3.630709055173338	3.9569930240670117	5.909938143607926	
0.10162690451285616	0.11833535910080112	0.30597217271440375	0.6376332958975927	0.894993573159374	1.1435799739557266	2.019589317238685	3.068544059247927	4.652032052159597	5.3242283769278425	
0.0995136658203129	0.13412962443442578	0.4503922113855265	0.5091139512068988	0.8756972573673205	1.3247672722426669	2.173207952005178	3.547517924440785	4.28227589859368	4.900210930780801	
0.11549310060553818	0.15796263856596562	0.32268787512419916	0.5144891447651828	0.7776547958696354	1.3997221298085434	2.2989112335810113	2.8697048026491485	4.167158378313794	6.379537227339577	
0.09421344006613473	0.15035825392174818	0.2958069970536688	0.5409620256308534	0.8531505284322605	1.4199731501838122	2.4543140999720365	3.187087982664697	4.178716245674465	7.363104961477193	
0.09313834832862758	0.15413062957604126	0.43041725388367635	0.5349241446452471	0.8959320140947437	1.405220476409003	2.1046613534968786	3.2348219297567	5.2956995113733925	6.372222672063964	
0.08821029928640688	0.16807305126288036	0.38272885425414305	0.5468972341840457	0.995758334194886	1.6128854160637431	2.630906857904964	3.056241720823722	4.568417304507964	6.6930420129072115	
0.10455830612946673	0.14657192465988989	0.40307663020580925	0.6384926018005569	0.900415839309553	1.3725383938995854	2.145256794509667	3.6148354396898847	4.068232175293715	5.912605769380354	
0.1214303240113665	0.13692390759720238	0.3705678944810054	0.6879329477477775	0.9218593558859813	1.3363483183450275	1.8365746634066313	3.4996864682606152	4.497034196770914	5.352435391751349	
0.10030191631700738	0.1416641385172739	0.35292649007964677	0.5621949886254888	0.9409051633105192	1.315437398532208	2.2505078948599277	3.5966947114369097	4.2805010186189065	6.682502442472078	
0.10487763970557727	0.14923524988623738	0.42530067542603256	0.5064974691846295	0.8195122316271651	1.431931543608361	2.105783394027951	3.3216999439312995	4.9062098278820745	6.17610188627777	
0.10839927592610149	0.13324793416831585	0.37836414995610584	0.6099896759372408	0.8626158943585082	1.579684037694465	2.481345204467143	3.0283124550384306	4.387005617444289	6.149250339857943	
0.10642712239688863	0.1448002475370973	0.362910277854121	0.6287931590346153	0.7452320753052696	1.3313362200071925	2.524207762006252	2.6369523067329106	4.4106317206982615	5.3956426352648235	
0.09073678711527158	0.15954783096607492	0.35092610514878475	0.6320343642463296	0.9029005944134973	1.6337022574448268	2.279127435080043	3.5164174013880976	3.7923132962174484	6.547410920905909	
0.09205561806978567	0.15427024331279343	0.30756463854870003	0.5980506033055604	0.9904738770468926	1.3476106147352247	2.042108723033472	3.5453176854060198	2.7544189830215546	5.764740737623299	
0.12240923175567492	0.1696917651083682	0.4717898601820166	0.5609983582221568	0.9203764748949211	1.607773105164922	1.7974019343828505	3.1777158112547546	5.171341265181737	5.893673110568411	
0.110922818669628	0.1451815234587993	0.3742389252371991	0.5563200362871819	0.9641202235384757	1.3115097540159963	2.223159323827076	3.393268160245597	4.411317811672609	5.6525433140583425	
0.10114592484652088	0.13634915218335575	0.38900910315740045	0.5794303553320855	0.9412378234408277	1.4396068447506727	2.2177183299395486	2.9277069269649134	3.6361073925679777	6.058200277795749	
