5	55
0	1	0	1	0	0	1	0	1	1	
0.1630824964747442	0.5713832546198743	2.1196771654583446	4.3314475462133615	6.0231089063621575	
0.13366247150554023	0.6503539724804196	2.3452143018858123	5.212496731079457	6.263808686735852	
0.14804169679301568	0.6068690651744415	2.274289351059152	4.49023591092317	6.698361842921507	
0.16554374675224537	0.4700054770669942	2.122305265280047	4.369698750479759	5.112504280433207	
0.161702394077208	0.6048212363508968	2.0754390195902586	4.353055441090993	6.243993785532178	
0.1521926968209469	0.6907075851288258	2.524975067447419	3.861705475127437	5.994906751554362	
0.1432758275179049	0.615860737169101	2.006925072391835	5.231968259941375	6.840720828322386	
0.15847753335563947	0.568475366092489	1.9677830713520685	5.051503616226237	5.304411602818538	
0.15403200610288292	0.593196074381936	1.9565226039984163	4.490048293815808	5.732587512784222	
0.14829914549049134	0.5250542907130252	1.7948224736938378	4.998859540408801	6.056909001973336	
0.14379017907709646	0.6461144008765997	2.1482208420390387	3.9196825640916773	4.9935033206977675	
0.14565168201925832	0.6158671089561559	2.107622436776291	3.7597778092183343	5.507413176827433	
0.14394702430230455	0.7024303547891778	2.3889559429914997	4.659526898537549	6.176172562470224	
0.153763315598409	0.6770448082692966	1.79707522147487	4.804879888429638	5.860379104594689	
0.15896401323726486	0.6105670104319496	2.1126145050248946	4.500136328036888	5.995964823749588	
0.1396828375987556	0.5918324060455902	1.8370356944274233	4.23007798294407	5.836139818754648	
0.14625316273194564	0.6161066921592415	1.965590835103424	4.253371381259273	6.318020039469644	
0.16945621962542554	0.6601232709423097	2.1169446928858515	4.305859997495775	5.746946469580161	
0.14258666278918342	0.6363861735936137	2.016028144322834	4.777360290683117	6.024953562759741	
0.15793851342732307	0.5386669171541205	2.0784581773227937	4.1064791631017785	7.272384604167723	
0.14571630408127673	0.5302327075413271	1.9569707158437468	4.221995723719699	6.2740574050607005	
0.1501365460275324	0.6574918087854817	2.277075390688119	5.056610056328334	5.482043347973721	
0.13385486088722345	0.629111145900327	2.482811401259108	4.815412122249683	6.000676595839625	
0.14927685271594532	0.48980730321172394	2.235745070030018	3.853632937044093	7.382957050874063	
0.16713411344389567	0.7108195004326578	2.0255851463698993	4.049059110629663	6.643662696591079	
0.16036881729566602	0.6442046538666513	2.39337032641251	4.9584496760544	6.213026676061624	
0.15277202546487734	0.556452097701081	2.0110324041874774	4.778053871663151	5.993939870689187	
0.15860415321452168	0.7066673190554319	2.3146748267234845	4.410828258629629	5.44023354357507	
0.14478687684709893	0.542101134285556	2.0392878292093415	3.7153211912147213	5.368981881509819	
0.15359609759562817	0.5253061814505161	1.9673597665301328	4.952394489064072	6.346243207948841	
0.14247222772281057	0.7431987545604649	2.228184954099458	4.1501044380458705	7.187147419814298	
0.16278153383482444	0.7719079479994089	2.4657082691603818	4.862610650523612	5.592579691673287	
0.17742443005844005	0.48154553925278676	1.7055343375380398	5.599211062903919	5.335057728855428	
0.13292623414198093	0.5266711952720307	2.003170685087346	4.900774708887639	6.0851902132215905	
0.15193531509432767	0.577680164616866	2.342614303173018	4.321599408578475	7.2699329034088835	
0.13948205936237276	0.7302872295808503	2.2283973513773057	5.36468057823107	6.998170189508343	
0.14489640075628146	0.6081493268665892	2.0495736379852123	4.395855442364503	6.779646805846156	
0.13030207942471428	0.6074432220035976	1.899466128631274	4.623335378262496	6.086459565914597	
0.15288841459062485	0.5568880059466012	2.304686271461241	4.823560347782629	6.681655775593027	
0.14766992856113223	0.6757532088183538	2.054109090182637	3.940492878897679	6.233117671626342	
0.15059567699084278	0.5582628231164913	2.1973610697671364	3.9392867268727465	6.096841825034255	
0.1613962562510081	0.5895210070026597	1.9551018392228234	4.456232833216143	6.59532734439326	
0.14813390581531835	0.6400474893695616	2.3270199652826196	4.09308956206173	5.626274351103534	
0.17031774503149885	0.6427725287874126	2.0915699639640124	4.900162448459301	6.848195259343872	
0.13408301624549113	0.5739689520846094	2.0314174742086735	4.43864347723007	6.747280440564017	
0.1703176738633704	0.650959499424208	2.4827197483050076	3.6659737701390585	5.480984858227234	
0.14907197209827336	0.6546933312934243	2.120771205980512	4.633552265323478	5.480034810065672	
0.15668848839377197	0.6103726697744896	1.7290519537051385	3.742256738816584	6.232997124203892	
0.13621516392270513	0.6373865884584943	2.5762584950211993	5.062325375690429	6.484277067011027	
0.18596033071694348	0.6370985498299153	2.114157878798846	4.2964629212764684	6.253822908091491	
0.1400052805515023	0.686251238323994	2.275645634778592	5.1644845347447355	6.576781771562273	
0.1487328770160785	0.6432906517084181	2.1485706501208957	3.979764456763658	6.158574668390552	
0.16465231063299984	0.654520504677507	2.4792036635243497	4.0970374014598345	6.24052370037635	
0.12227314065563277	0.6206636452981116	2.2521135910900023	3.9136254871226646	5.011442286942923	
0.1567862924765772	0.5510454461392448	2.0423318555180416	4.373096745857235	5.641664211108467	
