4	52
1	0	0	0	0	1	0	1	0	1	
0.11514687367441233	1.5220324692560991	3.3334713000894833	5.3898851973662865	
0.09965558576083276	1.533783753107831	2.5848265690573684	6.501648003011727	
0.08556069587013897	1.4847972191421268	3.210684114029921	5.791872155163356	
0.10145750617235927	1.61905136279719	3.3550483749912434	4.574448995330294	
0.09002775655344092	1.5427160167738694	2.736276320993781	5.550898910007221	
0.10760602776007584	1.3607731681226056	3.3951951954691677	5.950786640116842	
0.1180766309832811	1.5673769099505357	2.9023972445541437	6.137837036429003	
0.09176237964055506	1.0625154727771298	3.17343369115075	6.066247660798439	
0.10034600005313254	1.4371107173516826	2.961700527935951	5.3770077994629615	
0.08853105999325427	1.4308989946927009	3.0099915787108174	5.652758014521196	
0.10365007990995703	1.6427913910977872	3.3990100160317964	5.245915795992252	
0.11249049889993175	1.464511488544062	3.4058514583005732	5.572492879161511	
0.09510248227243147	1.3604548145424118	2.852722082322972	6.522355835746118	
0.09279187873569052	1.5406752202198706	2.8925643869554407	6.093017014439441	
0.09793283943063226	1.4487759664218471	3.506093970380195	5.964686928112808	
0.10489957219985013	1.1225972583870258	3.4445769029410522	6.531952863133652	
0.0869374093261373	1.3445271534135244	3.436861971892749	5.356680648682675	
0.09014740663507653	1.560906531580396	3.2638351805564114	6.814573101809604	
0.10282335210997995	1.2993524900496827	3.3435283821613386	5.797210610608231	
0.10562315848988953	1.3150254283299803	3.3818149739870327	6.635996578637497	
0.09630625354470825	1.5425959294849316	2.8932601862127245	5.604534016983811	
0.10363378383124432	1.750000863732085	3.1360497826733535	6.006028551930942	
0.0937642452417578	1.5850958335827283	3.3053345974900212	6.130095126149271	
0.10786851233520466	1.6250956316143816	3.1862826431510647	6.02755888014827	
0.09587137529495252	1.2686206713372141	3.067443914021307	5.626650190924212	
0.09319253356837007	1.3094734175029024	3.5058160691229405	5.777057730303044	
0.10040641469308072	1.4087381511197188	3.428724522290027	6.802092908290373	
0.10885208545463616	1.4308733570922794	3.3705583604264477	5.229129976681357	
0.10714128182828837	1.5108849789836734	3.362147444735043	5.782938055001197	
0.08112558177753061	1.5099915529451169	3.0803929800613052	6.33759172674579	
0.09797198841349623	1.3710784669295055	3.0700518842590188	5.032887804682462	
0.09664344712315782	1.4096718500788639	3.564152681477131	6.752710195632532	
0.08749211375476307	1.5626846989010916	2.9166562815254444	6.223846939435499	
0.08970118051798719	1.4615057308196355	3.0183218520942097	7.112743085519669	
0.06882376335720644	1.4418332979494144	2.9512265528254296	6.2218456190251885	
0.11168561357624994	1.6820002258450104	3.7697033188074345	5.339633036774149	
0.11473598349192154	1.2784855662690238	3.4213710050485626	5.722119449407761	
0.1076484870635383	1.5094896019746087	3.1001182624374564	6.139719090885448	
0.0835453216146722	1.4916966530573095	3.471621030082703	5.22009190408448	
0.09055773320265449	1.508923189917032	3.018297554564023	5.979651312692525	
0.11240769021594349	1.470184886598619	3.0256739448254795	6.48328893271632	
0.1022659512362013	1.536780266173704	3.6241161849786754	6.330259190727787	
0.09658906664046907	1.3781330424999656	3.1702578629649643	5.449910025863141	
0.10973815345395475	1.5848254638339638	3.780084779739072	5.759386371307324	
0.10243821444304724	1.2043406793780358	3.496820655105359	6.609903917225871	
0.09348528672873097	1.5058715964076888	3.443597890220499	5.60490932441163	
0.0844446405066736	1.4261976004785064	3.0317251062251342	7.115752485435635	
0.11721901383389222	1.452088458018369	2.9376815651990604	6.43433716817046	
0.10992197670522248	1.6413387633947059	3.4209353233296707	5.332801434110548	
0.07293448145258069	1.3897865140888568	3.3986236241558614	5.5705304906453215	
0.10636211957865177	1.1217927055319752	3.407019645784204	6.697243439175354	
0.08974593253982667	1.4370775865555325	3.1254060298667805	6.8254196457071075	
