7	38
1	1	1	1	0	1	1	0	0	1	
0.10255639858279192	0.12631903349672793	0.36934268060313635	0.6818862320068442	1.553100666575235	2.589846839247677	6.031826434451558	
0.09726501846031599	0.12863520580526788	0.38412453159305066	0.5632495294010743	1.523274843009951	2.1477550076831124	7.205487739591799	
0.09654310896030326	0.15567687905897828	0.38919474679744726	0.5535480541557954	1.423867335838376	2.2963398246247175	7.0480841881412	
0.11485428310268708	0.13849371819981052	0.36945524407877545	0.547287328867464	1.1350380661961181	2.1617568075919977	6.126458605085848	
0.08600944952851086	0.12227200843744694	0.4198864456077089	0.6383384791420839	1.3985175550505453	2.1526189153898407	6.713511788208702	
0.0907530123105462	0.14102513996535906	0.4225958374954141	0.5698539212932117	1.5588882200587324	2.4442957405707606	6.557210372569939	
0.0948766446413138	0.1265103624920315	0.3818454213877515	0.5732251922464568	1.5751219583578582	1.9240311303665516	6.958013048582176	
0.11348564659516408	0.1649156860332672	0.419165364245436	0.6259869760914724	1.3865405197625835	2.3120538196345155	5.370564000623469	
0.09691176051058857	0.14514091255377756	0.35313806732252706	0.5766609576482923	1.3521309362611345	2.028599593778912	6.218272605931932	
0.07882242973177697	0.1451262523560159	0.3948502058877639	0.6501134861861435	1.590934077556716	2.4664471111456217	5.781687124796811	
0.1136684326018541	0.13956005095030943	0.378922767035181	0.5521045235111864	1.2969456723494883	2.4319345362166356	6.553657999267019	
0.10024802160479143	0.1566249523901582	0.34972946602548227	0.6028186048846323	1.4018711622435558	2.1941219364283504	6.5962523948169025	
0.08597752620824498	0.14849639637453074	0.35779892197728674	0.5706608147774973	1.150334029119345	2.090583640896722	4.554182866819741	
0.1355117976696711	0.14108513072659198	0.3446728815368142	0.6670838839084986	1.2824440841299987	2.2617644759829494	6.485824247332875	
0.09963637941337977	0.1266919559569745	0.44322327173741366	0.7504418214647688	1.3417901018007758	2.34662240382395	6.851187841726736	
0.08864810512756201	0.15759243384312663	0.4134061052998738	0.6512786350480135	1.5957514257853231	2.3484075522234034	6.258071411851508	
0.11456252754895731	0.162337577900968	0.43875841497104096	0.5402524015259951	1.1625931340072748	2.35544358710871	5.591133251951256	
0.09384383049672873	0.1461617302974448	0.36563065403906286	0.5222160695035893	1.5433068087163349	2.3761781669199444	5.8288471048338595	
0.09768713510846269	0.14518123030733113	0.3451677091471108	0.6568067754133787	1.5241719569424863	1.8961633345506437	5.840023160813587	
0.09805285431274378	0.1564637423976867	0.3449419659542333	0.5892217220884556	1.2919150741788579	2.266234245900014	5.7832255212593875	
0.08963003031780697	0.1499293151303903	0.32213307536859087	0.5969647438728151	1.4438321098555056	2.118644880879751	6.106501640290919	
0.1002966404039426	0.1490725439523631	0.28886700276567595	0.6151699235071276	1.3912280042897553	2.0070380168150654	5.519485197900841	
0.10287928521485133	0.15791537608482528	0.3547578708527651	0.5907842322063107	1.64059601356141	2.0896147462416086	6.019133024657198	
0.08623532338476685	0.15961847312410854	0.3746726746649075	0.6617606813859233	1.422044242955248	1.9734916518825039	6.649343671200803	
0.09094593664162606	0.13763571888070356	0.3635678909570291	0.5636973936810497	1.044583681175687	2.2115154771169934	4.864254128706493	
0.10089509195003168	0.1676035220934951	0.4324729994446193	0.6281273260149608	1.7742489819698923	1.987554173490605	5.801492303572091	
0.10301051750525454	0.15676782846075463	0.4414832177706736	0.5715673621022577	1.690932465334688	2.2853821658824303	6.453576677383426	
0.10235897460516118	0.14332415838298995	0.3817198634184223	0.4966793516927566	1.605632331946606	2.7786537129740774	6.967151781082153	
0.07742964838455323	0.13623314510429446	0.358397900819994	0.6800202445929998	1.401146200572413	2.153380381010242	5.93758639678692	
0.1002292895631961	0.15694804536689896	0.38866855169249004	0.5926959456894557	1.3538789492105054	1.7561229099395523	5.440164195500464	
0.09503250694879535	0.142490744945296	0.3906186542926493	0.4642220218045736	1.4623761832072646	2.119838865868679	5.480327970678321	
0.09917158779145896	0.1394848776137433	0.3328409066203948	0.5699979637839676	1.4696171446837663	2.2406494602960487	5.351485617744862	
0.11226435413316059	0.1291981813241308	0.3163501185069413	0.6288957975517215	1.6671120723424264	2.3425541151724945	6.351358696225522	
0.08943863184588162	0.15583175009203662	0.2869043451882383	0.5653178787995213	1.4086113885329423	1.6878342684666705	6.151080701833013	
0.08999228783992673	0.11089499031470192	0.37093057200181706	0.6613204667045711	1.3290785940934977	1.8321621242551884	6.329533011615761	
0.10582960704661455	0.1400911357708966	0.42091559648820553	0.6621228930739604	1.4356168769016535	2.1604183022279377	4.53602141883927	
0.08929888409386331	0.14678432951271236	0.3812485015558154	0.6749212378764513	1.425850603654194	2.416302575447035	7.426579044577202	
0.07969571057538609	0.12383734210694226	0.3323323322720252	0.6273653223284718	1.3739851619083656	2.330303404840795	5.273799206639394	
