3	82
0	0	0	1	0	0	1	0	0	1	
0.6110039706756228	2.282870718322194	6.348818423068085	
0.5458630391896471	2.2884068715297654	6.186069272235618	
0.5691966999719863	2.391345772564469	6.856255167830149	
0.6021270060305585	2.459816238888757	5.991163835408505	
0.612171898957774	1.9450967380158577	6.124977123778395	
0.5931693272379093	2.0393603501913966	6.507607483693745	
0.6040051532850014	2.2645340540597947	5.163802370954556	
0.6476583316363685	2.159293948289128	5.943454069105368	
0.5961763509448281	1.9359796685202288	6.811404105963873	
0.592484609342944	2.0064331532926136	5.727018028571926	
0.6387837189990788	2.5298503061776785	5.043533167051337	
0.6961789381031712	2.371700946293859	5.468493085916812	
0.6497143407372461	2.2507406765345475	6.219570033216623	
0.6823974415963778	2.0373263939780246	6.432135352423763	
0.5045569019650022	2.3771937453375585	5.402469684029608	
0.6618045930012101	2.0424598876700606	5.8096001026246675	
0.6227286407971976	2.185685741727417	7.0457014616436835	
0.6204866964236818	2.0409752959663874	5.768387814155932	
0.6281881226396681	2.0602601646416563	5.936294783538458	
0.6815411337656925	2.047449224565708	5.005991908658472	
0.5963206937318847	2.1459376515504176	5.142770887551547	
0.5942863784998783	2.6348971989786665	4.964730909084211	
0.6349240776997815	2.1818813614832324	5.886913378761619	
0.6150851639374013	2.3055525106865837	5.6535648686457005	
0.4444513356510888	2.231676423887261	5.532108515173132	
0.613404289929841	2.090377050904553	6.017905727104862	
0.5732434158472026	2.1850390748870137	6.089481315889523	
0.5824792915757243	1.967525041131718	6.390441246561995	
0.6063741481613681	2.117342087286742	5.592500673859652	
0.6369477484910334	1.9423605566027458	5.574691761760715	
0.7238974045834391	2.2964016143622428	5.394898083795121	
0.6044103406162359	2.4656188707676874	5.924266878261083	
0.6486202092102841	1.789770372094041	5.414741273705278	
0.6308963023949196	2.607140661504006	6.825519690888823	
0.6258895735375769	2.592634094410073	6.6372419736701875	
0.592677008869392	2.1534968168343225	5.048358153369363	
0.5400401302085762	2.1887619875819357	6.177032856274911	
0.644671214575383	2.0425813712717606	6.360943857911163	
0.6252450783253324	2.4602802823004963	6.180038689184543	
0.6608486748891665	2.3729408260266824	6.248579410800887	
0.4734531192711915	2.316204243615403	5.716685538973218	
0.6698384972505096	2.238414911231888	6.895008178171509	
0.507607767810173	2.4753242730172444	5.149068129986457	
0.6743343647045998	1.944755035443842	6.121623464019114	
0.6021187644639776	2.11417086010857	6.417880583572413	
0.610566937195913	2.132526895842928	5.736800434381545	
0.5046437338812331	2.016407239151218	6.294546334476806	
0.6373487495318539	2.1855780723478406	6.712512339686141	
0.7081987241847211	2.3350532893466553	5.6154111473270065	
0.6770780108980602	1.9976266634559061	5.945250281589221	
0.6001591971800534	2.137944426654905	4.866566034278666	
0.5645409783516229	1.9338197518684472	6.16265577833815	
0.6406304145126358	2.0290428124529063	5.56021292042274	
0.6257240647935524	2.540819308890904	6.456743316328872	
0.5982885518334625	2.3276225602744063	5.3256288102990474	
0.6817970204140064	1.8275082823568496	6.525383727985215	
0.740757424306196	2.047693088221899	6.150843015667049	
0.6210516278176201	2.1552367814540636	6.677168998038885	
0.4813229977374161	2.247393705387387	7.290831643968607	
0.5812241906235628	2.4629691723396134	4.568229180242453	
0.6065608823558094	2.5247713058803023	6.193409985089044	
0.5981862321895494	2.210749123518493	5.171327850802406	
0.5811303059655969	2.727247776704242	6.1381153059304	
0.5916331801339495	2.2831279091541017	5.4673597345116765	
0.5329313419925079	1.8271426183488757	5.312805994394354	
0.5115431183491345	2.4201146971791876	6.3372660989306	
0.6061871895249201	2.1258023415034284	4.977604150878646	
0.5131113807830707	2.3412853267693112	5.743042559995679	
0.5566216780764479	2.086608068141917	6.25139897982212	
0.6712676491074447	1.85935727029873	6.659245881018248	
0.6025312701084864	2.083275027577371	6.248914606061965	
0.6168329427244451	1.7577100608937033	5.620504980929867	
0.6190159029051905	1.728698635175817	6.230498700242908	
0.48630341460086357	2.119810562897208	6.047686735867147	
0.7285436152639664	2.121420759194885	6.0356781087430935	
0.6050373206272959	2.4449330126412843	6.405547972928511	
0.5543555905911856	2.102259719323991	6.511106717592812	
0.713287631086087	2.069362715724616	6.237143149373519	
0.5866351035308087	2.430903988370641	6.5420941195055	
0.5734662754983232	2.289251282108844	4.580590840494189	
0.6602463717818949	1.8205691376381092	5.973636694262277	
0.6007794996433412	2.233929612051748	5.4424817919859425	
