7	45
0	1	1	1	1	1	1	1	0	0	
0.1454210850847265	0.43295039809786395	0.5084223210177817	0.7883413612701984	1.327805262152602	2.0041506499309274	2.753875849840457	
0.1244017711116212	0.4206030754975499	0.5899799171786909	0.9074317760339424	1.4380504274955395	2.493602057366811	3.2877979338927017	
0.14833139683590263	0.3557715191912911	0.6359377828752617	0.9240139945962538	1.6662529501461425	2.1154374393796873	3.5774859234956753	
0.13933400501081245	0.3526079875994637	0.49039235985650376	1.0038855816116312	1.4245328315883037	2.2875060301337027	3.8012574887809594	
0.1372999792317108	0.34207727643356894	0.5527721644434627	0.734375303248171	1.4023709698643767	2.3401029176366017	3.26593706197881	
0.12643629636529513	0.36643838330993056	0.6075102556891098	1.0195135278333176	1.543895003073621	2.0757217270509076	3.1371444509669693	
0.1589119596137175	0.3574544901373542	0.6513218622996032	0.8687133942276195	1.6518126779893867	2.200583599455307	2.6131151386759934	
0.1596065982282742	0.38968395504023545	0.629169218720763	1.1394257656829707	1.3926374618369388	1.8162194982191204	3.6619497403656025	
0.12330657231498542	0.35163685230951713	0.602525721736214	0.8464162612299264	1.4208802525888715	2.1208031223965285	3.7491418890012946	
0.11367396332617395	0.3833194546074046	0.5447556020134959	0.8776858697767372	1.5272532545985156	2.2613741400347585	3.3614150624057273	
0.13113312926482731	0.42507492927993584	0.5474549561263439	1.0589342812825464	1.3371342236639017	2.371628843789307	3.2830633403124256	
0.12488947492863638	0.3664910893711985	0.7021405938409994	1.0065811246258567	1.3677815445000108	2.430286290346379	3.3416110189496786	
0.1746422369518503	0.37698965695424286	0.5824890376922166	1.0218997067451712	1.4660359299529069	2.2698666005344195	2.969657937239434	
0.16756806404197186	0.4173269243766982	0.6810931230516878	0.8035413164752767	1.2637308016324873	1.989423041539102	3.1722133581186096	
0.13000576912735448	0.4042167008893819	0.5737030366725354	1.0468052786104602	1.7301449135639642	2.022278924368902	3.000629258168924	
0.1612092083362179	0.3836850570326021	0.6221803829718348	1.0536336965675634	1.3911497107122826	1.9208650726576113	2.8500965211833	
0.14734012539339061	0.3666292097659765	0.6518929871965459	1.0595007766049425	1.6285621982772653	1.9992674717715004	2.988946272468935	
0.1227985266273968	0.3801150181250875	0.6530833740694647	0.8642792083641867	1.2183386587029381	2.5554531841954526	3.0208240162577225	
0.14831461198098925	0.3622756774132089	0.5199953718308244	1.0138749331359067	1.1798985648035938	2.391736011132603	3.337116076399814	
0.14596969763739612	0.37042515270922194	0.6272564100148385	0.8702176084683053	1.455275733624583	1.959045031029515	2.5509184939754572	
0.1592548502256834	0.4726123185928411	0.6339633614893628	0.9255897372016924	1.3732854330027469	2.071468704739922	3.121077118663238	
0.15298486368228198	0.28931759302371396	0.44638699154035894	0.9719611429307529	1.4015239532977737	1.938061704204703	2.9206957683954773	
0.14163436028963386	0.36410282774696723	0.6854007044149748	0.8304849480163031	1.5392448367449219	2.2769070297825875	3.181934914689053	
0.1614747756264596	0.39678351031564996	0.524629401726667	0.8748201328867017	1.4854515021371193	2.0214314068944894	3.4484927333493767	
0.16743788461357495	0.3789686345143761	0.5636476558349861	0.863075102739705	1.3779016135140536	2.056641574951102	3.530808907593357	
0.14120292985678043	0.37332119714430917	0.6467825145593592	0.8993112070641479	1.3664780595071453	2.3373370646134743	3.627001787933189	
0.15057553945601274	0.443106633406685	0.609945156711142	1.0114990212928197	1.7095661048032953	2.0148363284716604	3.0805691544608846	
0.16199125350356225	0.37389775939956577	0.5435440949914067	0.8975266969242809	1.2276887458461723	2.1552929117262143	3.3030048943023598	
0.16627407063958746	0.42485894535070756	0.5809658609872435	1.1260061617210677	1.2764375655694882	1.8489866762118283	2.8463006100615065	
0.1324307846908274	0.40880691581447326	0.70092964477702	1.0902613680350473	1.1605024406224083	2.334216698060397	3.746296674648024	
0.16496903915554362	0.355931963145551	0.6101040551675014	0.8415092210761006	1.5368819637691582	1.8353280940559817	3.4727489677267274	
0.13934888251577612	0.3938017799120478	0.5847906626787843	0.8964885161167965	1.5653885399486007	2.4781934781762556	2.968886770329438	
0.15279960030667464	0.338714820236154	0.5723698728729436	0.8624044958393459	1.2499406287738697	2.3777385687179677	3.283621879755908	
0.14180013482132037	0.3777885325143671	0.6717793996731429	1.0255717408444827	1.5098381149460824	2.0060850002962707	3.2887843231834983	
0.13363523257145313	0.3766834573433338	0.6586771069359795	1.0381787492163377	1.3380798172472483	2.3290133406394906	3.4538420614082623	
0.14639093374794263	0.4083524541039097	0.6735767435535748	1.0091112430939169	1.2793231486248589	2.0901977656500175	3.379876063649764	
0.13794756549606627	0.43920216678236157	0.6188069857982467	0.8878181999882101	1.356202773866774	2.000538628340567	3.4793988843331953	
0.16237209034978717	0.35477288427010284	0.6881560389022395	0.8940133202569268	1.3160416521092215	2.2526065189678186	2.8601264005484497	
0.12952339837942464	0.34377674617527865	0.5528845538572612	0.999703509384731	1.244638723480833	2.229289052985842	3.523500463044464	
0.17167033076643998	0.3613091759479977	0.5752407047516743	1.119389718215531	1.6235002843298283	2.09095799472356	3.6226674457053543	
0.15371208408679382	0.3806198688950001	0.7489951771167255	1.0299561701303566	1.6998137916401608	1.921627681644185	3.834224456966737	
0.1476546946585207	0.3735681666561574	0.6233898795947573	0.9776503564269642	1.5808800188526089	2.3399501665542575	3.0377010298109313	
0.13505279252551217	0.3727313502832818	0.5991948007643408	0.9382822093235565	1.625467514094705	2.1896531701727304	4.1070618383210284	
0.17168725036558843	0.36854629903711705	0.49346987725496194	1.1520912888294235	1.389609864276892	2.3496956590405227	3.0331559071525254	
0.17397964714263062	0.412215326255491	0.5347737007518478	0.7481951049523063	1.4569840660132052	2.256882446331584	3.4978846478489047	
