5	45
0	0	1	0	1	1	1	0	0	1	
0.30560637020003717	0.9746750599259869	1.0554137708120865	2.2974931187337333	5.5822415206125635	
0.32338801711638143	0.9735579218328376	1.2946841719786304	2.2726295371557246	5.631570082784967	
0.3823783452961217	0.816673864416723	1.4002501071584632	2.5081499561006644	5.942655137438534	
0.34313160524808417	1.0021072702526528	1.490336105541558	2.1934767551107486	5.429373590354251	
0.37571954290605575	0.9113484526455654	1.4048000143583117	1.905868936936173	6.071841882958164	
0.4439920268921682	0.8644856119263653	1.4845790671308023	1.99468982527086	7.322498353720742	
0.3959919326858232	0.9050257337860956	1.3163243811717436	2.0268236079679354	4.978111335713783	
0.40804696962468057	0.7998688185594315	1.438166781415763	2.244016725134727	6.274180441081315	
0.3634448203858255	0.859708453032968	1.2867751273479986	2.401385236696198	6.421573263231057	
0.39390842952431804	1.0052760535264793	1.4194834742619251	2.2559526891861394	6.732439267489654	
0.4055603225543819	1.0253815267811768	1.5711475322332529	1.9860717195484905	7.055145567536865	
0.28965990134679914	0.9726813685347875	1.4099330806219703	1.9929755000457539	5.0021464622378975	
0.3608990966448385	0.9301178984914723	1.6088512492061702	1.9136887708436952	4.999981530429485	
0.3655185234585071	0.9782104354369234	1.5081296899008307	2.0251787184346153	6.505342695329476	
0.4015642256867448	0.7896226558061136	1.4936299138782536	2.1705139078358497	5.964294371302678	
0.39232880300952006	0.9112782349522122	1.2748039014929413	2.2782663614916716	5.6983484725942795	
0.3961581995381215	1.0818570513425259	1.307723326800981	2.3608704002607928	6.64151429916881	
0.3901869769912784	0.8291273769640832	1.4771616743255158	2.1721928630030676	5.03020322434612	
0.29100400823098843	1.0757296959582499	1.2876039906206382	2.1302348161259452	5.916643637116151	
0.3131410304364783	0.9518182885277457	1.331958606303447	2.114572551265407	4.760914216282469	
0.36589172828516636	0.9524047668359996	1.3166531782041841	2.247365300231236	5.973932630286526	
0.3679150457819025	0.9669560871754636	1.3161987976343414	2.0671305847551635	6.1720153271816205	
0.38456579423258824	1.047830971976626	1.3959704880505452	2.385537439605499	5.848804107714401	
0.3433095712045674	0.8081981970248027	1.3706939811878431	2.02081679690036	5.801429229594549	
0.44681520936543667	0.8424204999574968	1.1309194616890164	1.9273959620960326	6.65096204063167	
0.35850264714308877	0.9228179671783606	1.608713860672871	2.1112851800209085	5.936323672590937	
0.43809880172221216	0.7853391559151455	1.4822373207958424	1.9823671285746935	6.722570406725801	
0.39225076906560763	1.15589383831824	1.355831201338674	2.2697045718412547	5.495392068048901	
0.3404262110419831	0.9205255883593884	1.108156887306993	2.320551470655715	6.148473596104841	
0.404677771558253	0.8941022704728159	1.2783455213695734	2.491247683745933	5.515094552706132	
0.34909474333884377	0.8580913425458283	1.3227286964748848	2.299028899174756	6.302346816728599	
0.3509944308991242	0.9769860568990935	1.6787326997931415	2.2801488417913283	6.215673937062618	
0.29751758737499273	0.8243415944926852	1.2250922164199722	1.98460516234622	5.2791392595934274	
0.37990789710762635	1.0505550293956822	1.2482017511964258	2.37194428824987	6.450383825505138	
0.36650165161309106	0.9360113961692613	1.5253441588590726	2.2350792734594407	5.001923138618578	
0.3621745764405232	0.9007063715300717	1.2619606447058174	2.256377728227754	7.431186812668165	
0.3676499360853252	0.8464457925962097	1.30844676202233	2.288327619237201	5.980591985305011	
0.4396039521327202	0.8925512452772253	1.3370277330378206	2.2170689173233593	5.430394977239203	
0.398190574107564	1.0777244832511492	1.4420480501085375	2.2387033914510246	7.4040238523253485	
0.33670231782119925	1.043566821642264	1.3521940804626194	2.2294975784549336	5.661510317820021	
0.4062134791841827	0.8673326572683164	1.6819251120879473	1.9164465403474682	6.288741828244209	
0.38749129597584747	0.9823575262218793	1.340958360506325	1.8231958313592445	5.230516648103645	
0.48530291293471156	1.0144423682058978	1.360734991952304	2.7331411382018453	6.039795793119713	
0.3886973153499334	0.9111173968236159	1.3630860147155939	2.1167908728190756	5.629389109492396	
0.3395740741611213	0.9566201590775939	1.3301110887967047	2.39458923566149	7.046389899734926	
