8	20
1	1	1	0	1	1	1	1	1	0	
0.10689038881344565	0.1559386132213983	0.3655677630469	0.8353250476346964	1.421524873835555	2.1566740197398224	3.4717283556830094	4.66178061584599	
0.11081604452095116	0.165475070952702	0.34450969148555055	0.9962653287983816	1.4257555479121211	2.368717668626683	3.0596815793128216	4.148816982666469	
0.08795260985479475	0.1610138218003778	0.3630846370653764	0.8879790812169578	1.6040021065122354	2.20345945613484	3.4031818178780457	3.5791120441192428	
0.10706541191001125	0.1601232275286941	0.42114472478085957	1.0484775782292663	1.5007795575635723	1.7912130899008267	3.163959043377051	4.716755706107258	
0.10044482622337714	0.14806354000979896	0.41684729087359923	0.8640910061969025	1.3926647245885093	2.131873702057493	3.9847049049410894	3.6054452642970105	
0.11378852136394502	0.13341724250222928	0.3797491354840716	0.9840271359035101	1.485717487101771	2.130065410137892	3.5863060095540478	4.4495144943906135	
0.09642266356651323	0.15353597783513706	0.36890931023279566	0.9048546245659055	1.5810468231314458	2.230504119148813	3.081174706574584	4.617577137086954	
0.07777587535984357	0.15106573974819235	0.3991176333666528	0.9672284741839801	1.243227674031335	2.106719951850722	3.4442831908810336	4.825285792880555	
0.10477153221011593	0.14761211613090147	0.3329480330698775	0.8188192155636883	1.539393652686716	2.3576083584882417	2.896102432394687	4.295644507920601	
0.10287350278612857	0.1544168928853189	0.39591165584486493	0.9411597930840012	1.302369608452887	2.2896864554718195	3.4656200531418886	4.124193491442601	
0.11023756941371379	0.10592364916365511	0.36325057448676457	1.0664526896523616	1.6563667472584676	2.2480594746401756	3.437380744179767	4.740129226934374	
0.10114506949389344	0.15905358221761434	0.37865286890716726	1.0031311439870132	1.343371005998262	2.2213456224578207	2.858716475806875	4.054484986582493	
0.1034305637188612	0.13874279268772402	0.3931021155387518	0.7588367031677155	1.232442788469406	2.1739985314296444	2.768774693681803	4.332117252786109	
0.10052453325581737	0.15501568426878498	0.3818276440792712	0.9241088999945724	1.505536342034013	1.8111130479247033	3.5390162427774725	4.759910231338186	
0.0960758825671176	0.16266289257377467	0.3981693188172261	1.0823841023007954	1.5747486005876552	2.121616469976785	2.9635538046026073	4.990719653973384	
0.1004092950317756	0.14748223943926447	0.3525229387888776	1.1020620441419122	1.3021889986235	2.301402072790874	3.7557406431719804	4.352023275356944	
0.10084138214415224	0.12252755732902608	0.33539599214941485	1.0944290911433812	1.2290817665933578	2.1541006976643966	3.4332136003872686	4.174075361701117	
0.09487189717460008	0.16581417108436103	0.34579431927301674	0.9100520028050082	1.316523558601425	2.0282078670605475	3.9361264183182225	3.9465265670232834	
0.12234754670916898	0.13355572352334735	0.3278056446948944	0.9024991019659724	1.2685994892163928	2.303259231868194	3.4903819095310054	4.056311033146868	
0.089921173885363	0.1586541103105251	0.3723544295226074	0.8699705463879605	1.382598643353169	2.2316996618909335	3.4538336717888205	4.3300850288946	
