8	41
1	1	0	1	0	1	1	1	1	1	
0.10358607263182112	0.13768918513186004	0.4893013922597093	1.3655964014607669	1.4981832421137684	3.332856227614865	4.700902084861532	6.0740883246947766	
0.0997647071872938	0.15699567860403493	0.6062444793171206	1.398889205039543	2.2367525822254786	3.042129466360721	4.9380525561917015	6.861741211891861	
0.09307405337047855	0.1524295930368589	0.6345225890372368	1.3661515674748361	2.480680481076098	3.2402801176416998	4.567545507739301	5.847800083685281	
0.11522102218797144	0.17334188815632293	0.5599251878782567	1.4342092996765514	2.202428444383776	2.772564464325844	3.7186401339342647	5.249657721150573	
0.09856975599088799	0.1592160216641377	0.5509569547707944	1.5519901771946547	2.1817840937539157	3.0301536667055107	5.113116582111241	5.528380721194768	
0.10751036131730879	0.14260110281996305	0.6099155810436929	1.4955842097137162	1.8362961730671954	3.6004580336505536	4.805900591360836	4.500444145262708	
0.08908254345248648	0.15572500759275631	0.6111570233143789	1.3483835709148448	1.8734037402341055	3.84038433523026	3.7265676100565828	5.135330796828169	
0.11264538994079742	0.1600117288779027	0.6001533052892446	1.494611888532359	1.7419163674793388	2.9036886396148165	4.0888699230533785	5.988376403768058	
0.10276980890076293	0.17541847764469518	0.5717403726148647	1.6025974145121193	2.3279564614493515	3.65509435836602	4.386082852729446	6.20355185525329	
0.0972944100952063	0.16032476327423537	0.41956111308993005	1.2964294059618011	1.9604031796642374	3.858716814404809	3.7023197585383225	5.493697126069103	
0.1000174378620097	0.12420483334719266	0.6203854790504564	1.4099148198175009	2.2732756824731277	2.5420073084400787	4.2735501788243475	7.019186130331559	
0.10608006739604543	0.1265229235265537	0.5594533342304453	1.5337178453560036	2.2166741323047026	2.8217386022229336	4.235925545331682	6.394380529955934	
0.11063448202469282	0.1538402464678578	0.6868837407600902	1.3098269507881142	2.3237046702465713	3.3874516432907096	3.980934989674505	5.9000546180791344	
0.12198248737912315	0.15428027797119512	0.5468508568915075	1.4125778536971876	2.0654300298779877	3.305284497179712	4.385575654321905	6.464077609898178	
0.11105552201465792	0.156873732400736	0.521307831956704	1.6642337250810113	2.335649924139982	3.4268889759857952	4.571384068644531	5.207783304658579	
0.09471363525227358	0.1519767960037651	0.5348713182355755	1.5905677145690014	1.8283707400234956	3.3973536899401036	4.559227505058474	6.131611184901076	
0.10128625279665499	0.15676415406148128	0.7350141174410888	1.3988928133926546	2.269963726308371	3.155523161131922	4.259511727889821	5.701103806723369	
0.11933703064678679	0.16116732255772578	0.5593688698437658	1.6613024708452115	2.0743133461975907	3.4946962955708787	4.287675547554171	6.491086276411691	
0.12186348343028747	0.14899412739926599	0.6852940381907877	1.3673575218977565	2.218088131472656	3.359026792515342	4.108515095068924	6.0741973819186255	
0.09587961497463074	0.16142324402141572	0.552829712912622	1.2364855612544154	1.8489365534423015	3.0211367759965664	5.213777944951344	6.279749875256648	
0.11985826764004495	0.1689704640180413	0.6509991673736591	1.467709688091866	1.9056708268872744	3.133210127939202	4.649893079734585	6.099675970356092	
0.09745959083414674	0.13521204557650626	0.6298487341653115	1.3736781237651028	2.3716077292701283	2.933628085191334	4.663157235820415	6.4091645446793155	
0.08551768928531549	0.14142576613379368	0.6140263851012244	1.2815385612437722	2.0441243145307664	3.0245891539303997	4.324575126979617	4.806627705346763	
0.10681226257563013	0.16768626590661095	0.5919357382657147	1.2540722100969002	2.1770951064126143	3.365168127104794	4.539226931736362	6.50767321129128	
0.09493580214248977	0.1270993446821389	0.7294746451903286	1.3967302141399116	2.515367768825124	3.614567340475708	4.639561687638106	6.491180066773189	
0.08421107442418885	0.18478703294270038	0.5988426624890295	1.5105211397225229	1.9924696014401688	3.4052713107529717	4.464809785916193	5.631329481491468	
0.10546597659570378	0.15729384552927528	0.6043373328260826	1.5097941111289621	2.2579975599847293	3.1897527641392434	5.410796589762676	5.65821285393228	
0.08965904296054272	0.1785921498097463	0.6166918695122572	1.4060846669461435	1.695512802956902	3.7059155969505477	4.733255896200312	5.790149099987306	
0.10878921790260372	0.11922341113041027	0.5807696726689275	1.4975789545221607	1.972536930463071	3.3289855777336674	4.538953337123505	5.505872262509943	
0.080587703279085	0.14984604135468274	0.5890377613675968	1.431035518902746	2.0277557144366734	3.108361048852272	4.650377857150742	5.848263456093154	
0.11617213419027841	0.12137361917918146	0.6114850061470927	1.527458421217236	1.85450145828296	2.995169971124798	4.223549914103748	5.90210683741206	
0.10220865351490296	0.12034985166734945	0.7050567782210581	1.331373388327702	2.0482645131131814	3.1671829962358053	4.144777445333238	5.539763569321389	
0.08028786888048195	0.1415423661027868	0.7501964205425102	1.2062924267565718	1.9431236160703809	3.387957994696136	3.885249640542958	6.999542708183872	
0.10240000984732599	0.11012105219609165	0.6540057387319066	1.6067231237347093	2.418266667204804	3.8527299322096353	4.759591949817183	7.176940391021171	
0.09507452451804793	0.1550812443217157	0.6488504934380793	1.2979296380756127	1.903477532497649	3.0261006860129926	3.962460735850642	6.105790816221463	
0.1025537270651247	0.1646138479251191	0.5637793531768166	1.4211109206185286	2.3611899061443675	3.0396064855666407	4.844296015898427	6.693548435858913	
0.07934198366886985	0.16283223379611841	0.7277604445836274	1.8219647220627195	2.0285211848892626	2.9653165809047946	4.385941993490857	6.091910895524293	
0.09807461911335097	0.16315226740310076	0.4859273360268769	1.3870678677498638	2.315145453656449	2.9133063413280356	4.458972347242901	5.462898287369045	
0.09629854383313155	0.1421835827947493	0.5601784230551817	1.3586689568831387	2.400054167552893	3.452303474988451	4.773231820769116	6.1700878533942145	
0.09575127430982164	0.14430911716465716	0.5002426260906603	1.3362540773967682	2.4729362211481978	2.990601138645629	3.939777095912224	6.241496623168871	
0.07078569945545941	0.17512777545530975	0.6202296882571586	1.3877047073056703	1.8818054585010988	2.919825768113456	4.63503147404503	6.347952224989132	
