10	70
1	1	1	1	1	1	1	1	1	1	
0.09675128042321007	0.15590039457582952	0.38025863450203246	0.4442567756877456	0.90544124797426	1.4338071852863385	2.3254329000539258	3.1495388148409673	4.269986273918528	5.985703545160193	
0.09026003139672184	0.15042038907257477	0.39260099717664254	0.5111214905263728	0.8703977773219108	1.5374141153520997	1.9946099502736154	3.0763154050872954	4.6292417438688265	6.659199477011555	
0.10785796828346482	0.13208925534763022	0.37549905920172794	0.5938633145346809	0.9110312021041916	1.3225074463043491	2.397204851721743	3.965416054519796	4.301139875300615	5.9944375575581725	
0.09154638093518885	0.15390009532486562	0.34860787223870704	0.586059097830859	1.1036821444344862	1.5320741635372066	2.533136273127466	3.424768640967024	3.223459509119865	6.493100606569406	
0.09127976418931191	0.14269047996757453	0.3857394124643175	0.709570789682039	1.1230035022425668	1.4103252076039428	2.016961708966521	2.699751856848844	4.98304262390296	5.605449012659523	
0.10424246486531463	0.1593676831902304	0.3511849553235352	0.5612965645686004	0.7801049037385125	1.4100607244253962	2.2200657298876316	3.528290328027076	4.709924648997557	5.797731098899041	
0.08565617197094887	0.15156168493816075	0.28726553462958043	0.6991354232457357	0.8472319087359904	1.4590513376579106	2.552330123020135	3.397029260358467	4.535054958429871	5.813617972374684	
0.10349613922766994	0.1597869074457217	0.42499439707541214	0.46374027703350273	0.8893996419030867	1.5139144151657875	1.9753063503341208	3.2503165990863736	3.9371204236993123	6.353850802341946	
0.1110715549320056	0.15337925972722308	0.42262122265129803	0.6668226908299597	0.7487991524533757	1.4528227132963007	2.097849930541632	3.1991325879742876	5.562940285445751	5.514267844374822	
0.09803671647884152	0.1446325195997461	0.40499797343953703	0.5680765852280705	0.9543212126101001	1.2255630396632524	2.240681821950598	3.167204337589144	3.9113770747011922	5.694007284657358	
0.10340851477091545	0.13933516817884756	0.4199439166917049	0.6153088675611351	0.9092375846018864	1.6343590049378502	2.127618064588467	3.1904416860258977	4.600097742555361	6.167133581647816	
0.10163343962944159	0.15443501882007207	0.40113241126530375	0.6058909894668575	0.8766486399283773	1.5126452465867115	2.3159648649686195	2.708279707202751	4.14833243152515	5.829898621739703	
0.07777581444614157	0.14334714549627145	0.4199897070426284	0.6352462449951478	1.0903046862075496	1.4075104382428387	1.7185543818763465	2.7311247427973573	4.2374241158780235	5.715643480480322	
0.08912932154243797	0.14650797799186704	0.35406770933458154	0.7020276599184636	0.9724723693896368	1.4428267343533834	2.0266995063352615	2.8703531874006676	4.183841683536092	5.900924594542925	
0.10047313756600787	0.14123915933112033	0.32542164098169224	0.5814716525281164	0.8614547644013726	1.410169224855382	2.239171161545467	3.672902385281827	4.608219583142278	6.805023556903533	
0.09243338439383399	0.1565114356954227	0.4231787124499917	0.6191956754578922	0.876270508309086	1.2518276129009867	1.9129801904020454	3.7917284025176943	4.8966247513696395	5.798608830596239	
0.09019051224470354	0.1652693227455593	0.4492789761683125	0.6212007834307758	0.9489301051750931	1.4875378354101736	1.871534166761373	2.841671176464376	4.519937005319862	5.734756046744976	
0.09528381089760783	0.16229275682090918	0.35085372177090823	0.6874124324549428	0.8082255913240042	1.3628064777379116	1.8336169100309694	3.9897601742181776	3.5783398534422797	5.904366725773409	
0.0966670688712354	0.13238969527915478	0.32862105339812	0.5342897952107014	0.8773059430155797	1.7056736190728403	2.5714866004578507	3.5992953403111154	4.515209107871834	6.967848647627273	
0.1031424238079671	0.18874680226678128	0.31718610331973346	0.5949447020123074	0.964363482687836	1.5521331289423383	1.7308385432542637	3.666951050802709	4.1732769971302215	6.569814316651383	
0.10778880117144603	0.1672363604573977	0.37960363328865226	0.5116715026960241	0.7831622051556941	1.5547452264086927	1.8105671343659848	3.4154120085718276	4.242266160815461	6.72536019131037	
0.10268306508964789	0.14241861700374472	0.3850823763504748	0.6029602559702292	0.9193186148975259	1.46555210758906	2.555877159556561	3.0562902968060346	4.224549448291405	5.8078270228460385	
0.09907354849524724	0.1712888960670773	0.39868993483989895	0.5439255464071328	1.0685526049434562	1.4855016783399126	2.0582931465673178	3.1383005858150326	4.719026110422348	5.4339962667492925	
0.10690938718746708	0.16705851941748423	0.3755922016482525	0.6163931507272596	0.9619523674700259	1.2898619054062763	2.287920530031399	3.194848924857941	5.361637127426665	5.49371001014066	
0.10373260914311083	0.14000782598967776	0.43002839929732184	0.5065454194221973	0.8390208750174699	1.5585273057405151	2.025538152696698	3.2716137349159995	4.547390816580794	5.888602139712869	
0.08815086979112403	0.15969423859992318	0.44995646970123004	0.5710377418743918	1.0036940664069989	1.4282905705662674	2.2162707138192004	3.533177330872276	4.626448548493662	6.448022407853667	
0.11017139656517115	0.1542748511563553	0.3533124457760878	0.6707730298619812	1.033130879602964	1.5829491865597354	2.2858376935077045	2.9049077580351153	4.296332014465309	5.669896567834465	
0.09656941960808725	0.1483203497417161	0.44354778710047876	0.5917401087611968	0.9217046949233589	1.4070954839557488	2.033071800905724	2.7138801566219852	4.343702176026537	7.034920088567883	
0.10921485858597553	0.16141256594717715	0.35255844622866656	0.6058678186388002	0.8520602801330641	1.4060096856629245	1.8676826589355846	2.8165420409309787	4.622747294841864	6.212221100533412	
0.10127030883626927	0.16542236446088096	0.38689966472493925	0.5860006116342406	0.9445723747740475	1.402931822945231	2.0501076546084707	3.0188069713302137	4.688259563475927	5.718009615258916	
0.08786363326051326	0.16425647992204515	0.39598045766919615	0.6010179486947665	0.9028769806825802	1.4588640823685777	1.9686869319738083	3.4408342090644393	4.315902739726922	5.354592122919876	
0.09490832367566637	0.15972322664145422	0.41686192885012824	0.5832942934264044	0.9323952349127402	1.27402807031115	2.1673244859754357	2.778014828751963	4.883980289990401	6.361943776495911	
0.1004761530653128	0.158072288755881	0.35931195285895573	0.6654922756844596	1.0871032745217868	1.3254606917964802	2.2259871146493997	3.410238283131636	4.2124046168474685	5.797909652081217	
0.11206065457600545	0.14862033793054039	0.31342576791053695	0.61279937214918	1.0788755016161689	1.4683648860676641	2.531443286840018	3.45165944635881	3.8684086767241728	6.086470187369041	
0.0935086110382239	0.1500444775216034	0.4094209835784554	0.6518254066987765	0.8977868884914096	1.4760604712080396	2.1252536940573448	3.5418658992824437	4.213133234354227	6.996564921430946	
0.1227854904101679	0.14650247622114693	0.36147535617463616	0.5817026562672037	1.0152068659828084	1.3018027751981416	1.8049795938066775	2.52435915298041	3.9069669260750137	5.153055921876955	
0.09446202330617814	0.1427890494075422	0.2830529346790648	0.6383352584043066	0.911524301020587	1.3747439083110147	1.9812943205460645	3.1127650749865072	4.164794353031146	5.8231842132554705	
0.09999239293942169	0.14311378603071676	0.38197593455450507	0.6064870690732261	1.0668413278848183	1.3306018224996718	2.0269469484434706	3.698933889305027	4.519690880820508	6.222954068691303	
0.08850560637089433	0.16620081179795324	0.3441168068165318	0.5698525672865422	0.9557164977107295	1.3759970624598867	2.078592281964657	2.5255098665357227	4.7433441676113794	5.950445073071508	
0.10768990147280422	0.14920472507639168	0.4200904517881381	0.5660505496922499	0.9510218048340725	1.490959993967138	1.8595212486869004	3.2189690603649845	4.24609981164978	5.487748200646543	
0.08742352501474622	0.1577799786329673	0.43749687438176693	0.6936364218146197	0.8563917244528013	1.5162668150508563	2.1571266556035242	2.9995998690178305	4.782037086237268	6.001362295198944	
0.1028973169145917	0.1596041039022486	0.372504563676752	0.5872378189248949	1.0490769829283066	1.4153991359978653	2.2160392072682136	3.7430992122149642	4.000093667373369	5.7686149635913075	
0.07268445357126485	0.14101020155914096	0.34034148781325396	0.5577567924599289	0.7845218958738152	1.468335302319823	1.9704967307621981	3.9912263488627393	4.401628746636589	6.201924194882312	
0.07899904699361125	0.12669439127625343	0.3997433177343837	0.5859293606221742	0.8527333760435304	1.4278586188144664	2.174396541986887	3.4312262286969872	5.020245379488634	6.825201607594373	
0.08627537702844919	0.1465162155449289	0.37112920494918705	0.6201662395594654	1.059336235318567	1.5614022749252983	2.5204823539395975	2.805497927123979	4.613874563446306	6.295809700143932	
0.09889562609831123	0.14100516166885935	0.3842885480841645	0.5946000972196244	1.058925739700279	1.6227381127372782	1.9474089680095414	2.9081064856567904	3.276672293025118	5.632628562175873	
0.11283356241390721	0.14887583510770702	0.38617358529303175	0.6298140522377108	0.9312067325179756	1.3176752938294987	2.3212015219505875	3.163538959078483	4.051451034193266	6.282184624378555	
0.09007645988090791	0.14123691872204971	0.37829796974435614	0.5445960749623339	1.0078557993232216	1.2965380720245272	1.7547839937921061	3.7483494738481085	4.329028973387047	5.704087314417241	
0.10436171238098622	0.13895782128230563	0.3697625554154253	0.5238053315695569	1.1270691214340776	1.3471230789241593	2.056209365257271	3.186900297345515	4.9488403169407125	5.823905273063366	
0.0976399135255126	0.1512032760580931	0.42003014429574587	0.541246762114253	0.9086614414970622	1.4782857594453842	1.893428269269758	3.6705601533544314	5.028482078376064	6.923715167939573	
0.12215595559955586	0.14051438990213663	0.3692552113659797	0.5369900464398235	0.7613939306316504	1.2297898464302282	2.1386979278859277	3.4850079393223004	4.51547775952675	5.8037727746357435	
0.09648138435849553	0.1524894148716827	0.44259778227977126	0.6463851197859541	0.9617643177968911	1.4736108721716394	2.0683066970960535	3.10814884669176	4.475404157569822	5.706973234222523	
0.099028571746386	0.1717213759673065	0.38514964091212783	0.573133017472322	0.8645505657576202	1.4147280830325106	2.1826415431829256	3.5642827615110333	4.53831690193165	6.2128792275774005	
0.10058695052185936	0.15811921465061723	0.33847130077531046	0.5790942616459308	0.9973990542418879	1.308263498361578	1.8682520402468699	3.9536904364288357	4.235218579202735	7.249209828540622	
0.09236408910729738	0.13899454592397412	0.3416553276822727	0.6018444062691356	0.8774233135956373	1.4632491647010815	2.264361898817124	2.7170467610290596	4.499583426802157	5.848999185694468	
0.10740137492830273	0.16126825918840232	0.36636285389776724	0.6248252626642026	0.9058632429469956	1.5484222092831925	2.232426488328266	2.940258782204215	4.408623793964691	6.745757957694573	
0.10635260201435336	0.13577529389199783	0.3673755269210518	0.5893583051634003	0.8890919123460185	1.146267446283468	2.198619378219365	3.0368643261329455	4.173739527178668	6.215559384806378	
0.10671525822216017	0.12848064081887192	0.4114996702005696	0.6341295700683819	0.9354123314691075	1.7492036039000463	2.1921062779389917	2.1560323127464973	4.507237071676074	7.486136953703644	
0.09505918444805357	0.15616938838336483	0.3888562099578382	0.5282564996353128	0.9762533027682979	1.4988749648943325	1.9630497765131651	3.047530838500642	4.7818183036473005	6.713730605637515	
0.10745337832479121	0.15023223732158386	0.3575923540456747	0.7719512144527482	1.0624185308323209	1.3649926467214581	2.325416693102046	3.305750174169952	4.74330664674104	6.421450013701951	
0.12924658856283222	0.14299641068632496	0.37362089507805357	0.6040845290191404	0.8708324604328879	1.3617982132826671	2.1912131735403007	3.245917839804381	4.522368731990327	5.288469235096879	
0.09735518631963591	0.15156991286410001	0.37086863518084195	0.5747213972538836	0.9011247326756207	1.5018276660499308	1.850814264981865	3.6790943846125774	4.3748542114243305	6.519665204335116	
0.0915020562135245	0.15365449426479671	0.3210919323643654	0.5512505838295033	0.9885950123801072	1.446149210324719	2.299469871552225	3.338477622415275	3.9378295571494015	6.521946860495502	
0.0994277594823666	0.14438449170489417	0.37744847312530083	0.6238552446484763	0.892518573094008	1.4702054848353379	2.000102785254284	3.1273009436945323	5.0951092519872105	6.682851742036047	
0.08421018079831291	0.1483347850789322	0.3644920580302168	0.5512895675927124	0.7746752263549742	1.4357854662720584	2.040852447309697	3.2523207914213565	4.229630136510663	5.44970604186007	
0.09347048330392099	0.14958540297155476	0.3557721175708087	0.4859741777740378	0.9876527061086249	1.5935651137204605	2.032935280521123	2.861985704763663	5.012133754708504	6.723997814112095	
0.10901774643987637	0.15908093694446693	0.42322659334578205	0.5892988215083954	0.9922716827224157	1.5802111363141405	1.9884847161861572	3.287430521024074	4.230041590776072	6.123408980053494	
0.11853204773983382	0.14551481694340238	0.4151975919352612	0.5646995205202635	1.014153797637194	1.3770751084787263	1.8630709826715648	2.7601315666353745	4.320335956015224	5.208715723344474	
0.09657512550619182	0.15807664788590117	0.4155980162656801	0.5382127311627966	1.0290491848545757	1.5728003985463401	2.7252885990530857	3.3004179943771486	4.3925398557097255	6.561823972982666	
0.08439604095213728	0.1310165564376758	0.3461718207350918	0.5704722669113385	0.7869930811970102	1.4372284981743033	2.05977688808578	3.6821530695724336	4.2003096690663355	6.209587407802321	
