6	97
0	1	1	0	1	1	0	1	0	1	
0.13833328182812127	0.39033917618209313	1.067457046225688	1.3902193475622813	2.8343196347012296	6.471363744396765	
0.16638030323153263	0.35353487464343475	0.8659190824369544	1.146393020614736	3.1002261293412876	5.446365415125223	
0.12715639233898396	0.3661384413540659	0.9295411450028177	1.4031413236354398	3.144737191760129	6.914612506839486	
0.15461129791237058	0.4047276764166808	1.0983892678969356	1.5711267951736667	3.1610809091260803	4.888197106640705	
0.1444301833291348	0.4353078292175628	1.0211257573409982	1.3774652703713717	3.224309235962061	6.076691122277157	
0.14076044320371608	0.35886733369805285	0.8696534349948642	1.5004042795020616	2.9068405268638497	6.8651238995731765	
0.14990668284910694	0.33797978120750627	1.0254185811203131	1.64454169385908	4.270860518273947	6.822464234354628	
0.13687227390232184	0.3879825108434228	1.165171176217903	1.3187233035887773	2.8372552715321135	5.766016975006897	
0.13477932893108616	0.3569125143906612	0.8685091202224556	1.5323945977501134	2.828605592341958	6.07852051499717	
0.13852582386996606	0.40089945694575413	0.9912743329897378	1.5576435819007342	3.5400403448034132	5.627337033204498	
0.1499346650375537	0.4358466970352089	0.9710967919348726	1.5568982444295112	2.8544664155583748	6.572164150522514	
0.12170862378205391	0.32189776923753244	0.8463545049602985	1.490860343786403	3.4439412969902627	5.511559987599345	
0.12112944672928683	0.41623275054976044	0.9846462197300757	1.4911753870232118	3.8761639939789445	6.090011223815942	
0.1351214381500959	0.43049313489936375	0.8921050692931155	1.4149593433986833	3.0756547123367923	5.500576157703839	
0.14367658892023297	0.43778394301988294	0.8308140947392374	1.5829403360079566	2.6490542013894824	6.960577892985288	
0.17558598493627817	0.341097136257664	0.9373410801104379	1.5220708244482	3.053665148931786	7.129644902924398	
0.1503241714718185	0.3602353063048042	0.9373304460002461	1.324719349929328	3.256801990776488	5.730135461885771	
0.13831454210386002	0.4103037361380215	0.7726042970043583	1.6820789683868675	3.3248764803826716	7.108285797117665	
0.16443011537395627	0.328949104901016	0.936577168636267	1.173287397000039	2.956335643178258	5.9179154631120845	
0.13942355914971646	0.36189443508876357	0.8679610094273709	1.748756476951722	3.2886278783933767	6.374078355401462	
0.14922315365642966	0.3928205722928417	0.7388504380446624	1.6689111729274955	3.015414443462736	6.6874812609370595	
0.16777039600047075	0.3116636543133342	0.9352156628563683	1.487962622431818	3.285685174952169	5.999435891282329	
0.14346288971049065	0.3528740025844433	1.0283977418459735	1.4868795576223832	3.310229539141789	5.039329567388592	
0.14614971090111178	0.37787877872288317	1.0081925841735586	1.180671891764226	2.893863487871386	7.079238761176392	
0.13803925551298807	0.30964086091428494	0.865070066451872	1.3164843915086761	3.4616162947217446	6.383304901644356	
0.13545957284929067	0.36560093004561345	0.9799351496338344	1.5115740317038733	2.913757660723526	5.445550158335936	
0.18174498515590257	0.37013075954552244	1.0688907060117174	1.4626913719568375	3.6058831045962667	6.375171621996843	
0.15256493270835625	0.3860481522540798	0.814614444506904	1.4061654681207432	3.0803358432840446	5.803299485903173	
0.14445650382190658	0.38617116966671766	0.9893296832371768	1.4103339406797657	3.560336333392706	5.750730695840686	
0.15130044900694795	0.47588808347121486	0.8182705496891303	1.3697410269286419	2.6603230919263106	6.137068363864721	
0.1502480604001732	0.38477734265076763	0.8452253434197847	1.3210764356089266	3.267568684544942	5.1583158999006375	
0.16322262881525926	0.3271463774360532	0.9159611400931927	1.367681757441244	3.08748437261731	5.03656408763608	
0.14933706397566845	0.3340939241816544	0.9430378716054173	1.3213936248229912	3.2336621082115684	4.913191508565728	
0.16368417295464324	0.42166095853610164	0.8786562486905578	1.8306016840853423	3.497232580847062	5.8450685679583225	
0.14263573927160877	0.35030923281678605	0.8750613145166481	1.4142886752381854	3.235778282572951	5.1575811289180375	
0.1703211635042521	0.40989731474549435	1.101793267443002	1.4826083417325526	3.5901850894854617	5.249862064609232	
0.15903367044436859	0.3119168837665523	0.8396399887253553	1.7884366343633031	3.1362859372222176	5.988518110929055	
0.1605291146582854	0.37852606804175565	0.8350068278447248	1.2874660295522535	3.510478804423956	6.178962139498048	
0.1625457081425002	0.40232051061494134	0.935622874065225	1.431887199404667	3.2814475189719667	5.781798389516271	
0.14471902027925745	0.3990757503656247	1.0639853503533303	1.190358196133144	4.025936304934138	6.415576505487268	
0.156532577111559	0.3416841965619104	0.863793027701594	1.517414013935751	3.3315300717960143	5.224835048623399	
0.13706854434382812	0.35189131170588583	0.8532565737097406	1.4688189497411555	2.9171982437200965	6.467383974870862	
0.12772000693647526	0.4170951302397135	1.2145526832108728	1.5413616483626569	3.0732217595460987	5.699860310175391	
0.13314727919330407	0.420978697172832	0.9451609449306483	1.1712528646659255	2.777638057435092	4.945719618979162	
0.16143653200798755	0.3419305733246956	1.0075500952029595	1.3501769419324476	3.5075612446434525	5.845582806654307	
0.16424760408352485	0.3498982383135617	0.8616813194002161	1.364887311074964	3.5209715038604257	5.35066455053592	
0.14135112551401363	0.3705022548232553	0.9671130624183794	1.37334123250928	3.437729985737442	5.551308901848767	
0.16483514586726147	0.4087474909708827	0.8767239295043557	1.5330449266813184	2.8952331163420473	6.097058472144367	
0.1381547754562323	0.3919059435810752	0.9142069693608756	1.3214488836302145	2.7392644766465897	5.870304585732165	
0.1678955932080523	0.3908007650892474	0.7845637649326	1.3965983395618387	3.6362433891663475	5.814094829256344	
0.1354062684695043	0.44639750493111985	0.8294953489613136	1.3976453248643923	3.0501063284432686	6.391712003351493	
0.15722155442920346	0.3459773241432853	0.8649309440494986	1.4498618664091911	3.3209285834935454	5.86271906912937	
0.14538959781525657	0.3333123926206257	1.10207405154583	1.521290601916728	3.251918075992393	6.585720732411103	
0.14693987773644138	0.34905178801276115	0.962176798710446	1.4498778990343058	3.7965913478190045	5.557758878006761	
0.1355579817791207	0.4598471622358515	1.040160921716334	1.5210478335805233	3.0278411517518484	6.2506334464348985	
0.13064155839900096	0.3604906428432252	0.821797917932533	1.322315152833466	2.8628039796289215	6.417541931694379	
0.17681131578302478	0.41709938872407676	0.9996707185966753	1.3819252004492015	3.3124594181363225	5.35665731609091	
0.13051232389568454	0.3247902563401527	0.8165272080257834	1.5282662260989273	3.508949045060448	5.459083111433827	
0.154403851709392	0.4233943467670267	0.9158723609547574	1.32369951952837	3.1146116135107746	6.858527071513858	
0.14895689661767983	0.46115746477330877	0.867916222450149	1.357622229384562	2.793265631272253	6.643433275396429	
0.15141352617590978	0.345791620093732	0.8966477201510331	1.4994205140069468	2.981284025053002	6.205360231945711	
0.16349206893253534	0.3635251878965701	0.7568765129923277	1.3913276071372984	3.08624950966872	5.2527717043888815	
0.15880152859141597	0.40377517132676927	0.9502931554915844	1.3680116045634292	3.2939144828966733	5.609945578731926	
0.16027129011878807	0.3633717246965776	0.9065549284648409	1.4058611058447024	4.311846557281839	5.388201675028949	
0.14294343729614095	0.3191179481937482	0.9536395378458282	1.6775545330636197	3.1755520409491114	5.614659903574761	
0.14908810289297061	0.4193192362729445	1.058475442528476	1.280265677047922	3.463906020744264	5.939025468147422	
0.1716376912164093	0.4672180256087253	1.0993143033364376	1.2889667189583147	2.976513409077087	7.016658556140735	
0.14844059460466313	0.35076168444794403	0.8032705967611843	1.4499767181352317	3.116099243925225	6.2341984223000795	
0.1528527513833242	0.3338069204426077	0.8539721931098379	1.5650823429834184	3.585635697800806	5.777139624822052	
0.15264074530878416	0.3404518030729957	0.9250076052709508	1.5880628606029223	3.7921993406889594	5.92462802359432	
0.14528704083064714	0.32541498604076774	0.8743421679107338	1.420206604663245	3.193325648999653	5.659504605134931	
0.1678062731816792	0.3957324704318143	0.9146049287300013	1.527764493131901	3.2415482911506897	6.931427139485099	
0.13807643657253105	0.392472228465071	0.7323209763131817	1.3739850768762787	3.299367014867583	5.807353004750906	
0.13342167591544743	0.35361796048023003	0.8363996024250815	1.4129285596302679	3.5051571851890633	5.791944607645281	
0.17713388756127144	0.38868893165852864	0.7394831222289042	1.477642581550542	3.233621243597889	6.826436395019251	
0.14974541236628278	0.37038002733669634	1.1227835592513107	1.128884233178559	3.1381126127006698	6.159423174618556	
0.14400922010960177	0.30016941300925537	0.9675800951689721	1.3645073146397415	3.205721871856699	6.755314266774407	
0.1545669378654356	0.35643869785505655	0.9666038599542303	1.3693018916326074	3.151342000343317	6.454396009263423	
0.1403740947608606	0.4013395359251825	0.9086004197337735	1.357363932507234	3.0860476011132683	5.631608286731645	
0.15133895909886247	0.3695598811916888	1.0573644432439702	1.3031406641403522	3.426513056822632	6.685967041222247	
0.1759518899352916	0.3491525816454267	1.025267861479642	1.4594438010724493	3.591978458556773	5.613198610252722	
0.14825610413810128	0.3661801116610401	0.8880746430382604	1.4358828110430084	4.0608418758679345	6.40132833618119	
0.14473315887939658	0.3689056020841066	0.9823173254752331	1.4033793052900518	3.1906468262482686	5.3344907613577375	
0.14929408208893244	0.2840497419353991	0.7655379822695351	1.379905897890993	3.464589191268905	6.96681587599236	
0.15602051258883357	0.40030084820686	0.9404949020774549	1.5498930740259158	3.3193496551673163	6.223567608645667	
0.12654546007267795	0.3899925331924327	0.9321637749139002	1.3704918716045753	3.1386809768814623	5.19968944893167	
0.1580863011882027	0.3889296276067396	0.93643636716528	1.4628901507679208	2.844980252663967	7.057993721248835	
0.164146346024049	0.403583370597646	1.0680601278535782	1.460189764994085	3.1581919727886056	6.164293758159904	
0.17290401063383698	0.34600959889730615	1.0708942783911628	1.2366328235090582	3.423251240622004	6.6061271262470145	
0.15966651754043273	0.4198070435767266	0.9181416799154729	1.2479422405703526	3.591332773507995	7.10916911875211	
0.14753035076182877	0.4059136901185059	0.8531456883049935	1.3010395876867702	3.284888589183857	5.563404866712034	
0.1514433029767231	0.49515208956875967	0.864352970318913	1.4788424099636643	2.6785115686394634	6.313979741906122	
0.13941885799768894	0.39112027767672697	0.9547279599955864	1.4498929188343739	2.942080701005478	5.829695765591286	
0.15353576717868772	0.37077977251281075	1.060507605399233	1.4358653313876506	2.927317130863163	6.25885945182894	
0.11329520525466355	0.45453885148327233	0.7699671105390961	1.5581939115843448	3.490756097813377	5.321676208091322	
0.15839188003150587	0.3537996943807091	0.9146151433848507	1.4972669533981742	3.234291996020094	5.399968454882513	
0.15615561500321687	0.3720917334939355	0.9197134150086564	1.4226350251761266	2.8127747693217633	5.325434551837248	
