3	70
0	0	0	0	1	0	1	1	0	0	
0.9384665643648927	1.952574906974068	3.489353601695141	
0.8675023642353769	2.068735212884261	3.7024804342149173	
1.0267392552200363	1.8357415652678177	2.80014445580986	
0.9496760442938185	2.099791848521421	3.903564178489418	
0.8637578462119834	2.0142677453445392	3.8173456482825334	
0.7824742944540617	2.2339834391450895	3.7538816448084193	
0.9017949574048307	1.8298300924993032	3.170285248528199	
1.1241283103032842	1.9959549644167098	3.238860150778238	
0.8886776940637564	1.971452108470055	2.682187458153574	
1.0457621073956298	2.697795812708369	3.578321376907732	
0.9094164084786676	2.060048463193459	3.5013356127910695	
0.9382932747015863	2.160522066353003	3.068438309645265	
0.8711333038668544	2.4743100514202254	3.571906364464605	
0.6530030437345875	2.103367808141605	2.990999809737339	
1.0468948727268397	2.181892433602843	3.30151083078578	
0.8643369733164431	2.1673069568436714	3.6803866210990615	
0.7957739040859702	2.3224537820827575	3.51436218537502	
0.9230080714237145	1.8693003629618938	3.1230938956205825	
1.00016133358679	1.883718650902233	2.9503780730683813	
1.0116263351716115	1.829481709600266	3.4152298419686797	
1.003511675778918	2.526906969978939	3.413760566152108	
0.8575255939358885	1.9160287779905976	3.0690398187143217	
0.8541060847152392	2.0717735170623817	3.334919986737394	
0.9745092122421282	2.363056106586032	3.0918471352713133	
1.0351007784012678	2.048142096533075	3.5382424468195453	
0.8823814715027898	2.3386809351222992	3.468025300540128	
0.8683579709856265	2.082090089843955	3.154798340754857	
0.9455190511066224	2.5358791490796055	3.4173180531627185	
1.071328893738675	1.799994117900063	2.9058816080387864	
1.0688112166145212	2.3022582942668706	3.2060766493063166	
1.0100307635643424	2.254126510582962	3.283640643075512	
0.9591126160778549	2.147833966433322	2.8710759596915745	
1.0013671745951722	2.548621793802011	2.961525825255211	
1.0306536477241084	2.18209709586976	3.089527294035736	
0.9752827363975551	1.9529940843986824	3.465153058355103	
0.9092037130223136	2.6833671141881053	3.2119446134442105	
0.8516312831107511	2.158176207005569	3.068094882819391	
0.6946162797191567	2.0525606815890054	3.2427997731242524	
0.9174972223272774	2.2299349504201302	3.5776569937518743	
1.0156467937941926	2.077425276689528	3.4585429568518262	
0.8837975241961482	2.036873112938188	3.247805758794537	
0.9476491069628349	2.1484045521996076	3.3995942958037486	
0.9788614931339443	1.914420676853489	3.094785076692772	
0.931062630622027	2.1828338448224343	3.2836699984997084	
1.0645649577199472	1.7069898873963212	3.250671012764633	
1.046732277125704	2.1474624688694126	3.8133302912333678	
0.9864367044780789	2.1361409478096913	3.5015802433558285	
1.0358479734923374	2.0846079127236234	3.380883433613441	
0.8172927911505252	1.819978090689223	3.3906671861693947	
0.9375138707380694	2.491854838700365	3.033204176362349	
0.8790575977157311	1.9198048461640447	3.3653339847247405	
0.9996622434327241	2.3073125658033398	3.5989740506555004	
0.776176394590421	2.475702154635006	2.7748529570427194	
0.7036540504886	2.2819957405761992	3.6152654308459864	
0.9181895944016931	2.0132499555827703	3.2447320568995868	
0.7852302504893534	2.2273148350868843	2.9598193976283467	
0.9869867835195266	2.1406422291554157	3.621306355353871	
0.982687430775839	2.2088153110245123	2.9453036658473155	
0.9621363432203471	2.0538884749608863	2.799162224993867	
0.9186449394077466	1.9135255918388163	3.446744772087561	
0.8354021524811148	1.8726771051542475	3.423794319524981	
0.7010529731927558	1.808953538939957	3.243430433368058	
0.8075328363010934	2.3882725028426735	3.1023727105212937	
1.0482475087346605	2.021386545648548	3.049644597031458	
0.7464616099790028	2.634577472828001	3.407673734646661	
0.8108622378296702	1.971425942686395	2.8651743862662213	
0.9237917075821888	2.089147636832023	3.566287064247492	
0.8574217652042934	2.247690803622876	3.029789152221204	
0.8936487207036456	2.328413000070375	3.223095742456815	
0.7943802051233142	2.1105035450922722	2.856434955225846	
