4	87
0	1	0	1	1	0	0	0	0	1	
0.13752604316547587	0.6205636327095752	0.9417892845291989	6.287693030832211	
0.1439265940306968	0.5493808566097133	0.8347593737391545	6.057169287192666	
0.12989273418800404	0.6197172074381022	1.0259370959078704	5.526815808796692	
0.1452691266945982	0.5182020079876332	0.9861001082994552	6.019140054028524	
0.17042665043603755	0.5747516088337189	0.9775632144871482	5.681818230069293	
0.1487616738003936	0.5669336810264839	1.0508741433349353	6.395962353120942	
0.1308622632429716	0.6306582657871372	0.9705500911105726	5.941017815286323	
0.14859244063145785	0.5864987734451749	0.9036520739355027	7.247043907489244	
0.1455212894472936	0.5210437961165995	0.6797256299476109	6.384799598927527	
0.1454171706086647	0.5703338758541963	0.9364148810008563	6.608699025816662	
0.13627509062774099	0.648884786397761	0.9231958322279198	7.123682226711902	
0.1461479339552475	0.570969483033655	0.9430435785655972	6.002093485264963	
0.11670303127533388	0.5320793771201263	1.122244235237181	5.396564926826358	
0.15138357780001102	0.5573504957442665	0.9244238366492207	6.258451265139795	
0.13820266582543667	0.6671810385321986	0.8901684217397047	5.808089095185357	
0.15113589055720308	0.5295687539920102	0.8446926162869575	6.049745916327092	
0.13747603661905017	0.6149367907342652	1.1161082717962338	5.976516571330468	
0.1840503428721976	0.44785887650113576	0.8945064083048789	5.5120199680916375	
0.15111096410671937	0.547556246453234	0.7325909282710888	4.528142024416924	
0.12418959903285429	0.5383640728164565	1.1169784506778828	6.6340417541973284	
0.15392718212065976	0.5400849648351852	0.981443321589828	6.192818251762176	
0.1325030810669218	0.6012667319748634	0.9623951959784103	6.925262558700033	
0.1510179297114417	0.5376108297454666	1.160607835681677	6.324675180763174	
0.14925510406797063	0.6021327126161448	1.122731630994208	7.220283985824554	
0.16183396287081953	0.48642730425767894	0.8754589155117161	6.493306772544326	
0.1644857284596716	0.6400956739155891	0.7878866205474359	6.380984534359348	
0.1718222383630037	0.5499652717644952	0.8328530997734062	6.604783082033963	
0.14034756227001988	0.6276673257484886	0.9195125605824293	5.9799074062561495	
0.15451576488443458	0.514674476810834	0.9523393676691386	5.134670064889155	
0.15324783615336973	0.6288488747631242	1.0750747455062986	5.907379926527961	
0.13075328176346399	0.7156855539907084	0.9290138764253999	5.510562977631507	
0.1378272280019247	0.6101545984779287	1.1062498995705174	5.065041369575515	
0.16578050412643644	0.5810336880024828	0.9524715213630083	6.041691215615776	
0.1275119214638362	0.669995256389083	0.8553916873978181	6.731984070699532	
0.14991201468880977	0.7230149883755184	1.0452819689120065	5.166837171533524	
0.12749061058582367	0.6032224308938221	0.8892054805300003	5.798501572882863	
0.14896773428281784	0.4510223494558725	0.8678476579276309	6.32344436903678	
0.16376640792041136	0.5705021813401142	0.9853275687637624	6.18375885903745	
0.15192380716065496	0.6744751274621524	0.9145934088626118	5.380752442208625	
0.14832125677528432	0.7039198338229844	0.8107478002169968	6.711360221427572	
0.1499578307946786	0.7490962782566573	0.920459570749661	5.576270748585933	
0.14164119808941594	0.5582000323723828	0.8830811373500632	6.100422880269591	
0.192590042625495	0.5011262096197433	1.0803897958227235	6.389546082300718	
0.15742404452108058	0.5671192089208902	1.0051163642707501	6.2118494515721325	
0.12375341008417984	0.544291517056589	1.0060761815104127	6.331254951086516	
0.17810312468489686	0.573308873817351	0.8818798341590195	6.319084260416197	
0.14659602411726663	0.5835035738427999	0.9637600507057705	5.809494930255853	
0.16760935578065914	0.5275720236439805	0.8543233013343667	5.847468530694097	
0.17720949879293216	0.6023428758599748	0.9579507962564595	5.032096026274488	
0.13206712192884207	0.5301075114217794	0.9718885459097297	6.622881800489786	
0.1520668773703233	0.5534670745064542	1.017972764810314	6.21842223325196	
0.18186369080977205	0.5217885326003755	0.8029128107012663	6.35719851352154	
0.16499996448718177	0.5182584964650645	0.9150903929320425	6.890280362139822	
0.17216333058644692	0.6146457575736549	0.9202228214282898	5.873388248206215	
0.129436517394816	0.5596800101835882	1.007895305569336	6.1156739111231	
0.13932729401209124	0.5350877555308861	0.8448407293779008	6.629173272746664	
0.11652276023640157	0.583218487078977	0.9936978678457166	5.528849648593229	
0.15411227946495926	0.6089170804100048	1.089899376498311	5.355133139759264	
0.15098184179747864	0.6418627762239737	0.9677016410232605	6.023038790637501	
0.1704031591345466	0.6212550205589716	0.8126306519380582	6.030109859595262	
0.17413718733889927	0.5424635704014333	0.9799540696751443	5.676401973723829	
0.1298928824182349	0.5645959044626305	0.9205984417535323	5.989440220277372	
0.15788260504193233	0.6950343765892106	0.9111450820104593	6.855036831844274	
0.1603667096545214	0.62226100567477	0.9888011162386053	6.7711713357127365	
0.1440622400094592	0.5873923837002983	0.9207153173465216	4.60754689409309	
0.15983024301165605	0.5789675738225741	0.9731730716490797	5.446314426215301	
0.16310390935013214	0.6527688315224837	0.815554060405758	5.248223584882229	
0.1452411282300299	0.6017455583612573	0.9169347600570941	6.115313124979453	
0.1372712557563931	0.6206729682224773	0.9974210124974504	5.519449925076486	
0.14853194783230142	0.4848377017891421	0.7868302361429695	5.398710170693652	
0.18016889390839655	0.6203268429726684	1.0119572734659854	6.517291662341513	
0.13605843073657709	0.5999528663770438	0.9035318484669917	6.255761472647657	
0.13726406966301766	0.46945147091317485	0.840699025354603	6.2420494291896045	
0.15258297155037873	0.6577015534269844	0.9318274448541382	5.540764426350535	
0.16132697348011704	0.6236350226312258	0.9886141405332142	6.0515764435676775	
0.13111220004178	0.7028648475613728	1.0605839272345035	6.692686813267569	
0.15449250545048257	0.5561024401379258	0.8979962852002221	6.044131605156307	
0.16345895425423246	0.6518020766014608	0.9739829976940805	5.107139285155417	
0.17149648658853753	0.556081469724395	0.8800223915985387	5.305098161141633	
0.15674877033345805	0.5869486387952196	0.8145975458616831	6.822854526682969	
0.15423553541242496	0.5710952925661679	0.9580515821616682	6.334577107007124	
0.13468665749818481	0.621882680934796	0.8988945895777336	5.36345561288846	
0.1781221507658568	0.5414572562263951	0.9297506486416135	5.8728798442514245	
0.15579639999155362	0.5841428211506353	0.9478429874669837	6.175283403292889	
0.16813716104633955	0.5890649493018502	1.0072860699635875	5.741325643623803	
0.16800008156733992	0.5972999748490591	0.8977267577947866	5.1143087089006	
0.13116264809826367	0.5624188527666983	0.9243976250877074	5.582410713577626	
