7	50
1	1	1	1	0	0	1	0	1	1	
0.08147796495550781	0.15703942726556364	0.34181669677120685	0.6614121807018344	2.4136628744254627	4.770096014680065	5.9174688203282955	
0.1089459444181261	0.14901428164632924	0.33880931447234724	0.6573241679060733	1.9311945158476964	4.735446329296574	5.5093426907426455	
0.09825995410224336	0.1509373919476473	0.36322376703833725	0.6270962157195547	2.5417150862319997	4.0080655417725115	6.58409487923444	
0.11297827231509348	0.1419238047507067	0.4067569998248942	0.6478690084248332	2.0164811508311127	4.5414779754595616	5.377507076877572	
0.098577802986547	0.1542428147203821	0.37856361683119627	0.6493993538748453	2.420520805539515	4.3728091772850375	5.358504065588269	
0.11525476214597855	0.12892492269798664	0.4278291951955531	0.594128969572628	2.050784962577113	4.257365872338044	5.373058145182235	
0.11949154408791823	0.13886722658732195	0.34566117113621997	0.4689798508429629	2.061746829963443	4.0543884192639785	5.7030402740324	
0.1090810039597459	0.12943297045301586	0.3463021397770708	0.5657309139839014	2.200033554473027	4.013748188352879	6.050276001483063	
0.08873765826017913	0.14094498989059248	0.3456481410274374	0.5774947543124535	1.9679373272407887	3.993411127891436	4.613578914709036	
0.09546967485567895	0.1543074098023257	0.3799288943241995	0.5797649961466664	2.086995409497319	4.346111171243668	6.63005794715794	
0.1047497877039708	0.15714769254458041	0.3488670048758403	0.5873598023061998	2.276889889688501	4.73704578589945	6.170133897967388	
0.0878932887783529	0.16871349044544223	0.4046741307635209	0.6216736058573465	1.9332872781142953	4.214567996561587	5.669540102378889	
0.10927499789995179	0.14973246426486794	0.4030369956136642	0.6562813991279984	2.021248656697869	3.757347326972	4.869330819897999	
0.09029859973231597	0.16090175648547314	0.3907679125817212	0.5730054668525066	2.381732010095283	3.8323545783113135	5.644696497732868	
0.10168247651742851	0.11823765095748448	0.35564649410846627	0.6096364442522523	2.4487112934932656	4.846838691980199	6.3110420630554485	
0.08145821628391366	0.15132676566449701	0.42889066859131286	0.6154269291451453	2.358761560344136	4.825242227638406	6.835915092948598	
0.09200357016574738	0.14791849951402136	0.34044253687629966	0.625113062391703	2.2178033800193746	4.326321739352305	7.945700541689664	
0.11497507685342162	0.13765388613479396	0.3235739860299224	0.579977460190888	1.9995008948841633	4.7627001208983195	6.203950363325775	
0.11165069786101318	0.15133876298151097	0.388409099335947	0.5088475503623945	2.441858065337154	5.179882760490562	6.620104572470771	
0.10538035827074621	0.1552330429389769	0.342452796842024	0.7363700966913999	2.271065538908007	4.367180579826504	5.762011280175422	
0.09378637433092325	0.15027367579934986	0.33618276802752206	0.6443809516010988	2.1373045707451004	4.334624610776474	6.820317118905919	
0.0910913956315278	0.14816094829172946	0.3535709137097321	0.4967096288611689	1.9439926662690343	4.497274308558295	6.5968970460936	
0.0953832048329047	0.14386257576835257	0.36960797286420594	0.5510376333306104	2.271067571701383	3.474456900147942	6.978439066493799	
0.09741607153826988	0.14550158217139664	0.41570799512414697	0.6148951732976561	2.3655387807357706	4.203871960358704	5.889954368889812	
0.09477847962153046	0.1613491597153812	0.3432261176429958	0.572704014368628	2.062382367508235	5.213608815274512	6.805155154814274	
0.08834685483676852	0.13873844160949658	0.3924616402992595	0.5574607242942412	1.8316528606663653	5.1678177054817205	6.5367118600192615	
0.10697997247675402	0.1400395279619623	0.4126292093843577	0.5153945437247873	2.4720115643339957	4.786372133536087	5.906828530632589	
0.10413097065360218	0.1577358680289436	0.4567704926577879	0.5198212990047176	2.0308001305020436	5.1799785223213375	7.319123414070827	
0.08631096845526627	0.14836178081029688	0.3042290781370766	0.6935208220027701	2.174841208468848	5.431272315412766	6.557412163190278	
0.09476858022543902	0.15512252264142204	0.4099986967191196	0.6315547401266847	2.350037466349949	3.9938023122358626	5.771745011709621	
0.0904870474523895	0.16684387187846764	0.33521232087104885	0.6115191186073744	2.483548518415599	4.535039919013729	6.250104736400788	
0.07903397473287674	0.13451711156757362	0.38861898281551527	0.6513706396814287	2.2922745307422776	4.8644492192899556	6.528837434609306	
0.11150171502830526	0.14432959905551102	0.3634227663535194	0.6673855223369988	2.3629171699570413	4.808327846496557	5.044726169219925	
0.09556799895251991	0.15818609976160172	0.3854094623330076	0.5692917774499461	2.151447585714753	4.84397073186992	6.816808047531778	
0.09254381951179069	0.14493831959762893	0.36623056925347397	0.6548562090336643	2.503248317994431	4.352751985118051	5.139996904293357	
0.08930053870161438	0.15355857707776435	0.3877111659493552	0.579895353129825	2.2383136877588727	4.098645892092069	5.187290147364621	
0.1068600922089128	0.16628455649630264	0.4037834816835855	0.5242810075465766	2.414789065879669	4.843306379044954	5.531293068901163	
0.08491776666031796	0.1418768584113947	0.4073762454635912	0.6042578757537039	2.2768047162118745	3.8030632558495103	6.512914017503622	
0.07942095083532559	0.13448926705545608	0.41717101620120334	0.5739203315537387	2.0982915390753893	3.6530469384440054	6.614415666914756	
0.09471563858258458	0.15613850787128633	0.34022522130226335	0.6905360249315983	2.119614344245257	4.824771834412829	5.567863855086843	
0.09588856796776961	0.1432059699862538	0.37205996319642953	0.64469571811541	2.285940395625198	4.629764052082191	6.4665613369576675	
0.10641233949418316	0.15386835274681265	0.3394569456642979	0.6306591473954922	2.0383753073506443	4.905167182262412	5.927913186985746	
0.0995057136313543	0.15562701577754479	0.36464002267406326	0.5915375649082111	2.2055415771183053	4.349708655527871	5.769884613253687	
0.1014301343034883	0.15380665323375095	0.3906786518627493	0.4418515413442356	2.2981958589682607	5.436318159034561	6.7015103817472	
0.09927491091353685	0.15151652768065477	0.3814237468165662	0.6343475994466103	2.141186380476921	3.6133521850110673	7.152238803253237	
0.09456909118668622	0.1667386170024572	0.38577173842167894	0.6346425376657331	2.124811293539884	4.670688355166049	5.71073203669988	
0.10997205441927355	0.13279905694072938	0.41231444346142304	0.5570485329548944	1.9604205388069558	5.118293395537907	4.860324904318137	
0.10115476312753663	0.14569424575440748	0.41929380794891785	0.7034852060190581	2.152807407420744	3.9964904337385967	5.889932093073871	
0.10471741859010564	0.17200987065266873	0.37934779454080536	0.6752423393896372	2.3516001436115848	4.097078847873513	5.977708562690596	
0.09928455112108489	0.140793928240625	0.3857280014764466	0.6058207840663495	1.7490196701720397	3.5236630503155033	5.577424070781023	
