7	74
1	1	1	1	0	1	1	1	0	0	
0.09417692367725301	0.17168576415792056	0.3476426407008324	0.5491438789249242	1.196415094089411	1.9965145732008664	3.8462262091303976	
0.10084753442980024	0.15707112245711716	0.40624957424787794	0.5495465276453559	1.2679993248738002	2.398367279468882	3.635105173849924	
0.09323529308170947	0.17873177623346587	0.36475594391986416	0.6402616200429765	1.52600183544722	2.189369643946842	2.9100137892254794	
0.09871913565573097	0.11118656862791057	0.38602363906104087	0.6283736528062214	1.4487616851014382	2.4538243653669696	3.447895235617637	
0.09773714064954604	0.14801631819902114	0.37040635811239775	0.5756481957308043	1.5091754756090774	2.169908456058352	3.304970392089059	
0.10071605870379677	0.13570168281376077	0.3713473205297805	0.5672370755592269	1.5025086781087087	1.8461712260955152	2.9129189815625898	
0.103044643307036	0.1495272570030472	0.43691522907369196	0.6174147681507205	1.5853666755934002	2.625869030441048	3.1736617071922177	
0.09288785217410733	0.16445347994743417	0.3455643854836327	0.7146156313501995	1.6100514758055877	1.8707454969324702	2.6134174163634483	
0.11494111553297333	0.13643384714000828	0.36002697718297383	0.5210765514051275	1.4723951641693016	1.9728864743678978	2.957303276671691	
0.10861121773620182	0.14361574664177357	0.3778057973484692	0.528353740556617	1.333108363315984	1.9905577339302147	3.659694131264256	
0.10609858470416045	0.1652752690853993	0.41260837978233816	0.6742597734365108	1.2240078619218955	2.2234685678549577	3.1878196039002513	
0.10992311388600945	0.13750714506130593	0.3972745019800613	0.6087156551905052	1.5860003372013782	2.4052435743179914	2.551953932419533	
0.1057775786893605	0.16666126902014852	0.29696129037420116	0.535990084190166	1.6163263722669723	2.0433660418380772	3.468604956149576	
0.10137834168924482	0.1683652414552724	0.3322004682788325	0.568852099747942	1.3120001625249036	2.3162027002692125	3.134115070059285	
0.09304597092713934	0.1778709069583222	0.4215919260451091	0.6732953908795167	1.3218117475661193	2.1156478117048163	2.8603753158581413	
0.10128016959326164	0.16351338462616408	0.4000284889516694	0.546988664391138	1.4546489764707786	2.1112549451956153	3.394771247853542	
0.10563949852020067	0.13016499242484583	0.2731200058528016	0.5089860943945658	1.5548382818959228	2.268089126712089	3.3345884306115217	
0.0900315581933382	0.14482243406064704	0.3763456837703961	0.6290563678211186	1.399074330752715	2.04900071117212	3.7255255692627736	
0.09461244618733089	0.16965118921355477	0.33233893043120394	0.5646397103239222	1.297258920639743	2.4626629673157203	3.2381477808489496	
0.11858521523509069	0.16421190862045168	0.3896676927912139	0.6270636690818102	1.4823842123676485	1.9544963773065303	2.7282900884467107	
0.11342720889415961	0.16160856860964593	0.3690925044692864	0.5896050311986244	1.2919161432758266	2.3174584234048226	3.541548373218798	
0.09949653367840869	0.1299878375139099	0.3751611188813864	0.583490945473294	1.4740092063982637	2.101850296180235	2.9604540951734655	
0.08510063718456619	0.13825880630266227	0.3617293882018143	0.6286863936581081	1.4712660158799724	2.105894168865274	3.2185285593422814	
0.0990874143774082	0.14893763881238625	0.43027972227854305	0.6319310745914478	1.213241035998791	2.337109010476248	3.585502412019685	
0.10674516094848961	0.15462317241368467	0.3725421970379312	0.630970355735458	1.3256629090547647	2.04195822589565	3.678036545081333	
0.10159970271896275	0.12969631913493396	0.3524306985820205	0.6328083763971833	1.3503821164539178	1.8685122938990435	3.4464539828471277	
0.10163238370677984	0.15962868339553402	0.38225549026284167	0.5444213492184775	1.4795517275485441	2.0700641830901545	3.587184570690476	
0.10737778702528011	0.13530407360357471	0.4047564152523334	0.547002822260459	1.6659415765842567	2.162390543720854	3.0120954965455216	
0.08694314361972826	0.1701235135620362	0.3267856816418626	0.642666629246952	1.4142780998811582	2.2606247200634226	3.692055286110775	
0.08503468185259334	0.1527150900312201	0.3140375846258709	0.5465085354406308	1.446777124470073	2.576013141537033	3.0619533945732416	
0.09448865849902424	0.158587518369652	0.3499182291968179	0.5778188152523949	1.4176470382059772	2.1571910974795263	3.3854322069039706	
0.0853301031434653	0.16006634002997866	0.3932944826351113	0.6409735314468816	1.4490543325615686	1.9854284719211646	2.492482454980284	
0.09384585488931108	0.1384090703977901	0.37094622966593355	0.56319193803696	1.1079789017207857	2.3290665851506094	3.4124025331696157	
0.07692079049538113	0.14222622531956447	0.37778231833739273	0.5259423970628868	1.3816597774732085	1.766793187640385	3.4027114565012533	
0.10241805176840431	0.15160094955277717	0.3928639309396011	0.6071236668484707	1.4343947749021932	2.0405833241939786	3.0275161226096663	
0.10183710726666771	0.1719880974244055	0.44861921427748847	0.5238382970728449	1.2484683374645518	1.791353821751203	3.087610401935808	
0.08434644350699821	0.14278591686558853	0.36798558101145185	0.7083881410866705	1.5659040761013663	2.2087374682828287	3.663459935341295	
0.09503087243823932	0.11631127004903821	0.40887648515514025	0.5651560246023006	1.488894626541923	2.0492725280343436	3.240155868196377	
0.0995482958684486	0.186727341382451	0.2931921402224409	0.755280671594917	1.0313284138024006	2.228189300995618	3.6777016647702494	
0.10265396708840413	0.18804446372480182	0.34841833271851935	0.5548093505674022	1.4088478775281075	2.7116742847890007	3.329450815683852	
0.11017331097777745	0.10967689106830202	0.48416452528919085	0.5696181324206324	1.3175503516908587	2.0430019235493257	3.395124218912403	
0.08624570188768108	0.1362822481053587	0.39320854362102753	0.5266313496050871	1.3822059582826371	2.130123922474906	3.570667027107349	
0.09795942851743195	0.1390663380707469	0.39274193637671645	0.5605303665233249	1.5296195332955556	1.9354692684841803	3.2015840765569754	
0.10331384384215457	0.15333810232164677	0.3676636457333964	0.6277840053927258	1.7601953842791715	2.158441002573961	3.0465550791709806	
0.0915867870731792	0.15049773751756237	0.3719762742702131	0.6727714967752275	1.1167794779410534	2.337995036354261	3.5039277245657128	
0.08469304260105795	0.1667726017014396	0.2954582158983841	0.48289369999911336	1.3628214911367451	1.9224036923718768	2.9925721153666482	
0.10361806749187892	0.1620141953258886	0.3941957362837305	0.685315380191481	1.691265492910168	1.9729349734207537	3.7467396763799212	
0.10145981376455203	0.15726956108483006	0.38493436925442465	0.6214117435260191	1.3727472945390566	2.10938252038719	3.150526522713777	
0.08993260640423201	0.1435401782500282	0.40558010924213733	0.6843166511452332	1.5674560579019898	2.1403863922482356	2.8040344768435523	
0.10668536861910415	0.14072713984345897	0.3626585915241181	0.5454064822156248	1.398618081205892	2.3311299551431333	2.9833905296628744	
0.08509491117436357	0.12507412646426438	0.36027429026015734	0.5186029099417071	1.410025357671973	2.152261828919057	3.350189292551263	
0.0961800165435478	0.1614212900334612	0.36416184151997144	0.6540264776557368	1.4515015889473077	1.8729776734835137	3.2360565345189243	
0.10740799270651957	0.151439800287782	0.4399237732456793	0.5794969899588064	1.5141835600814049	2.097467688083971	3.362170815602502	
0.09429374216688655	0.17685656966808275	0.39447660987283134	0.6128634232918971	1.3437513887390997	2.3939932477236465	3.012853657584135	
0.09465935753525578	0.13602068562238498	0.4358727596729431	0.5146377220313407	1.4337277274534834	2.4306257857206193	3.4038427465966787	
0.09423213308647091	0.133528610967405	0.3692522983858533	0.6028528234327263	1.338048727248189	2.172749912074146	3.6048944236118183	
0.09435352462744451	0.1549936206778034	0.37912392066737016	0.6362261230254659	1.6292937287774008	2.0851885452893453	3.1900092021324715	
0.09020816471595126	0.1734943865597583	0.3760222754792767	0.630612550944309	1.6857768730108733	2.211958366706056	3.812664999640742	
0.10274963558383426	0.16317915022335275	0.43005197469406825	0.5869508656057304	1.385885764234446	2.293010933811094	3.5673603097203146	
0.09667841256076895	0.1395754072096158	0.37895222948231383	0.5637979527502609	1.387447049627327	2.105302720569096	2.8465570535139197	
0.10031563175092975	0.1316394261662066	0.4215357702787157	0.7223937474636265	1.4366037286134747	2.0801476572406368	3.2962790122725387	
0.11874269384630405	0.1798043097781584	0.3735670690405367	0.6501355742856222	1.0994063354408168	2.0531662371552977	3.672873421342958	
0.09379141074997359	0.1625868890340362	0.40539971788925816	0.678822741786533	1.3125540732171201	1.5665270761101897	3.067868398707043	
0.08312533292011452	0.14085193491086023	0.3692686907259818	0.5876552039662372	1.5699061228984816	2.2141575055383496	2.990124702754745	
0.11543095068787722	0.11588850334453599	0.41026950084518027	0.5371342329603551	1.6972172097361127	1.9726972552730893	3.6155133690516337	
0.10287840636198842	0.15959524392156182	0.39039771154328223	0.578509051332472	1.2174928146719888	2.0196355678485727	3.0576558549449593	
0.08187377939957825	0.15952886676101855	0.45934129386326905	0.5450777991328538	1.451943795871553	2.226127425746373	2.921561610864651	
0.11245760165501305	0.16209217000040949	0.44301909474431184	0.5725987261283878	1.4719195551871507	2.315597077830795	3.125170451319866	
0.11458318722755567	0.1510449281609974	0.40387607659160074	0.5499731485800984	1.3857221838562896	2.167327522711224	3.692702631044126	
0.1022037267466653	0.14452293276240813	0.3750919179581453	0.5802871021201199	1.1006458881013166	2.392006220430767	3.7457585806705738	
0.08734167491054984	0.1385118991244281	0.3673611186824957	0.6108954568856094	1.4973316630422242	1.7955279846292331	4.001033929283243	
0.10487926865799053	0.1627670170523683	0.4087501126216335	0.4682242236950488	1.433613443565549	2.341778030098084	2.988881281325891	
0.09437196142457425	0.15127216902282817	0.4353982077173601	0.5927232640400365	1.4570851216541918	1.7030882108585164	3.0460735774922547	
0.09780325883610919	0.1568584591464661	0.3780896876111278	0.6228551941005429	1.6600842500645923	1.639103038007895	3.047741136880121	
