8	90
1	1	1	0	1	1	1	1	1	0	
0.08602505628065403	0.18226516778949034	0.4614252956956189	0.8353095212206275	1.1731134300913195	1.9308993007345816	3.43259601923203	3.7845455646571575	
0.11751636933987503	0.1559146887754075	0.4120208609088753	0.8985307538477236	1.5852908746917602	2.2532734391236797	3.2193893395008	4.8281979677779105	
0.1161689807456487	0.1612078815562167	0.37505248479469167	0.9103368925523456	1.6508878352008203	2.23358539919845	2.624988671946591	5.090949966881528	
0.11573345053863876	0.12276007761168531	0.41403797286071037	0.965680824297139	1.5108217328042688	2.3172598181731674	2.8287374901370113	4.573500780233171	
0.10278468642992666	0.14577784243853162	0.42190200555693685	0.7735629512294371	1.4921348145631648	2.2944501030889177	2.9219899540218304	5.828313721755639	
0.12094498346834595	0.14055270498202488	0.36820371818520564	0.9683375421284749	1.830368312090743	1.9158917112565323	3.2772641917552425	4.203834038048333	
0.11146970848983176	0.14852644180295457	0.4129530077455855	0.9007034830837835	1.6933075532819213	2.2451791347401677	3.240530726486454	4.8535547711284375	
0.09312534281511882	0.11595917100730413	0.4174065364863548	0.8518937354717695	1.3801880014428725	2.266383519220464	2.9841924058728506	4.499021582782759	
0.10177162418115214	0.15789892192802177	0.3761941429430279	0.9393841029754477	1.3136816722869447	2.132103713466508	3.3376062094245897	5.1911206216924315	
0.09581856007956696	0.16283223349186784	0.3748220271103245	0.9349659613806314	1.466272952625076	2.181646611721845	3.1367916729309666	4.5017692518410355	
0.08670372704785438	0.15739002822995166	0.3618251820879998	0.9477620980495355	1.4270020113072603	2.343936280151758	3.185903349769901	5.4850223820269655	
0.1095000954617587	0.15026159428159877	0.3598041246478373	0.924300704462708	1.6492130973694068	2.2894825006871367	2.992850304810084	4.565001219818274	
0.1088666686549059	0.17249758047218355	0.32630369210975696	1.0495583429732291	1.4306184561903648	1.7773879449514536	3.369146419474113	4.5916077080943	
0.10819656456533827	0.13038617431143174	0.4299648504260821	0.8730247358897368	1.474449051166098	1.74282647501963	2.918165337780626	4.348385369976893	
0.06831264514531797	0.11552150693810688	0.4295560433846223	0.7695940062828112	1.253072250578566	2.1709542388784917	2.9610644331816234	4.697039600907063	
0.09405193623136121	0.14251471096963964	0.3407276514780877	1.0214507784938927	1.6270284151743497	1.6683142008187624	3.560517401534926	4.5317116147855385	
0.09795636620771699	0.13954983812329474	0.35661399099493724	1.0129773171843637	1.4263419732104337	2.425973248016633	3.1244043159685644	3.8845407601913595	
0.1039191957922258	0.1371453913095688	0.3572364847776373	1.1909459021816677	1.3325958378268343	2.2945097126075606	3.0367231051680488	4.333108098927903	
0.10758608961614818	0.12490073405503178	0.3727137057484463	1.0039169691389123	1.3492861810653465	1.924794437170002	3.3327767764312646	4.676263797713443	
0.10443086882958022	0.14033523524622188	0.42866960034978685	0.9072746868299449	1.5477217971848676	1.8648625292466816	2.8173706895388673	3.7364136374639862	
0.11337725266733821	0.15831856532356872	0.3157066637418303	0.8637530457191099	1.501800011895492	2.7215939252475283	3.124787799588973	5.182008518538511	
0.09302026897530805	0.156673669356189	0.36549416430237214	0.9033138955361206	1.355570985816509	1.4903011676914844	3.240044005996661	4.777890813852059	
0.10099819669901833	0.12663813731943652	0.36041342089349987	1.0581394396351325	1.3952107185530906	2.313241411856392	3.248469245843829	4.741445399663787	
0.08903296715522757	0.16245478287171614	0.37121489215677195	0.9631587431861997	1.6627476978075297	1.8522240898416502	4.039634647006537	5.039063222175987	
0.08572803085039583	0.11994250217758887	0.4120951219781967	0.6165572223835556	1.3573460470377128	2.2735209650076817	3.486701636251325	5.396700911570028	
0.10290123479073268	0.13200310715657707	0.4146139338314263	0.9574433958339701	1.5528264935779403	2.0279145133663405	3.407262312427246	4.782650934932057	
0.10255013059112882	0.15116014066612424	0.44686372383940914	0.855401517557109	1.4370984463492948	2.4594929398430745	2.812920414521852	5.242032098381614	
0.09103060797547663	0.15774215633234603	0.3687959474666127	1.0001224224974608	1.580705979899207	2.0131056419940916	3.4790517750462047	4.126396929465628	
0.10437970315978314	0.14102239894873098	0.4439569649985834	1.0927487864029857	1.5625831629276288	2.3279652160877364	3.760198401311416	5.002337995601455	
0.09896870142297605	0.14976970387967026	0.29909895766627703	1.0219592966300353	1.4500949802712895	1.8199220378215801	2.7766885727515085	4.179008270341133	
0.1009755558095604	0.15737337349859332	0.29610108758859527	1.0157510460567662	1.5057505178235175	2.041061344372507	2.993662514225056	4.315320595776823	
0.10197256056819132	0.14719033997583789	0.45555140532361005	0.9408750314462709	1.6695942073040404	2.2078613049421993	3.170809656791993	4.332986376004937	
0.09233246383410805	0.13614557325247298	0.3936546535600133	1.1597033340777632	1.2803439741105982	2.4572072550100437	3.7319208914713284	4.710454878595169	
0.11232513051919485	0.1586991214567514	0.37976971002698495	0.8830378175835655	1.2049768560990788	2.49155485921796	3.4501161875780637	3.982551570150478	
0.09208497070634898	0.13994101262952316	0.3951868479027412	1.0015576487676943	1.5058125305631413	2.2773757966228665	3.3966890295788272	3.482358604560601	
0.10027944349327465	0.13010309368695414	0.31569360993288714	0.8469019759497376	1.4203086027839162	2.485111798383573	3.545497587089693	4.610908902595368	
0.09729319099552974	0.15149702886380698	0.4255259284312131	1.0178205723037892	1.6904276809336256	1.8921013219493834	3.823834045859093	4.932102584018232	
0.1076726426013265	0.16263476401906835	0.3827574887614719	0.9953788966528981	1.4591291146895018	2.4950203761795775	2.8266578479471267	5.244855132927481	
0.10278170308006014	0.11779548460340578	0.3978588480767079	0.819680779496657	1.6391243221887744	2.079125068958998	3.927632481502993	4.237050756102215	
0.09500915302461727	0.15579567705979236	0.35172413049190904	0.8483175528256395	1.4493793822870125	1.984526896434355	3.421465273870442	4.706117756426616	
0.09966472383659208	0.20695427253164167	0.35890356186303574	0.8676694428879833	1.6047618762471285	2.143805435483579	2.9822736242938404	4.6238858630442055	
0.10030638054307649	0.1482277636460082	0.41123457915053796	0.8593033466988947	1.4030945648804711	2.4105438457333728	3.759374322382103	4.176245012299215	
0.08951805584537427	0.1387747209241197	0.36477335238129155	1.021936419122979	1.2300867301973424	2.6521277182696745	3.0045087566128403	3.759335705194409	
0.0807457265239951	0.14518019490315529	0.3972439456168987	0.9481360026519272	1.512899528778824	1.668120893337086	3.216130383335487	3.847881847190902	
0.09569546709493544	0.16915262901910486	0.33511177113183355	0.9849890013943842	1.6123427686087461	1.9520388777242796	3.00267975496193	4.064222098215487	
0.11905158678504019	0.12346053664258663	0.42902907811497626	0.8044267927519292	1.4614952658745461	2.4832838709029583	3.6044986564282655	4.291163340189678	
0.10122115353578319	0.17482807632918654	0.3812203545003337	0.8997232551599946	1.450029353511991	2.192851747701274	3.350937840461008	4.296321655244141	
0.10921283298901048	0.1310679342157864	0.36888623220827227	1.1125703926633912	1.64101722139865	1.8337526920316358	3.4717658892984984	4.52592096594634	
0.11118114920593791	0.12601193958625395	0.4290170575476172	0.7347251609021569	1.3719098329913428	2.121145700430695	3.5457783540708547	4.343063956356945	
0.10074596022630833	0.1395548486119911	0.45787451448116323	0.9048988463162777	1.6600541348699807	2.019391895771335	3.3095683618598715	4.120983121162647	
0.11192567555678089	0.14065737517312926	0.43049670226863496	0.7492419840652846	1.3864224826914482	2.244885178008833	2.8369054994519263	4.680525588015623	
0.08569269730171825	0.1528005547282162	0.3149007309364257	1.0119289946419685	1.29882111613843	2.28205617984795	3.265884537409939	4.670747212721862	
0.11364700796904768	0.14110379243120516	0.4327576040271882	1.0642361107663945	1.0802597773290343	2.0852425650885276	3.8338515742588477	3.8762615611238096	
0.0952684052289292	0.12874963631979727	0.33463856703727374	0.8484205188430597	1.455882808509363	2.0391745983789757	3.3940400887195037	4.913931199859265	
0.08765462568607396	0.14841528390393538	0.3487353289861898	0.9384706393214252	1.175780925370647	1.7930062400627345	3.833790949481388	4.210943222844123	
0.1143919440786899	0.14008240969718286	0.3789245419267067	0.8183068025417092	1.4037208438692312	2.1199738961238	3.4017451448681983	4.533124705810252	
0.096451735786796	0.162319898070371	0.36722272569399383	1.0328181520838098	1.4753003381503564	2.1166424109387973	3.301023662326858	5.042029303698624	
0.08390733292335535	0.14435947387311726	0.44670867489628197	1.1258170801086507	1.6960621590672207	2.387800893572997	2.922960933175619	4.477700422477882	
0.09948011987635176	0.13080314501925783	0.3857107922206362	1.0084352003282504	1.1741208803346872	2.333640379668375	3.623755082744891	3.6225873286481987	
0.09842330517839078	0.1652183702379033	0.36723305883755236	1.045129451199489	1.4994125362841686	1.8000845783692019	3.1477174311557437	4.295174809339698	
0.10449151601177767	0.13511620283142053	0.3999443585469696	0.8816426672380003	1.3851343256594941	1.8736279741616728	2.8893028311890294	5.061565802796403	
0.11281160671090829	0.1413397236631307	0.37156815445721847	0.85342958906617	1.6402340884348225	1.9579458875613542	2.815136620247954	5.262904027538879	
0.08980158097520792	0.13678722905192245	0.38504523184993844	0.8968284744297751	1.3324376267702944	2.4490653568570386	3.223190840412998	4.4079383058734765	
0.10757788381963414	0.16622754593569092	0.3298205535413591	0.9610026291975117	1.5085390823625309	2.169392184878038	2.7406094702129677	4.738544770163805	
0.11374507470106397	0.15192228960556653	0.3536253499813979	0.8365792931177322	1.4422482696114356	1.827835085021906	3.334870913416526	5.0813853348528015	
0.09812146854234244	0.131591324417026	0.3482935645189364	1.0540974917880315	1.4126014094946395	2.371197398583413	3.45539045922897	4.6617096523355634	
0.10784596587431448	0.1160955619005672	0.3628996155390532	0.997830090398703	1.4733813902884412	1.9000822268371615	3.055216353745554	4.89566914870676	
0.10057171898952061	0.1423561570233086	0.35710677134694996	0.9432589452041439	1.4345195601442964	1.9743780501233812	3.6250725744756793	3.8073937776054807	
0.09815060126307368	0.16346915733318818	0.33531899772999146	1.001387555711525	1.3586194553029025	2.134063017268248	3.2661716955447546	4.455626203791046	
0.0979168145319339	0.13890378848618412	0.3811159817185618	0.8896391946027764	1.1962339143040368	2.4655650120928123	3.4889651479078814	4.767201578480229	
0.10880680966772485	0.15744501111673462	0.3761521061570734	0.8603212459794869	1.399097148692444	2.2566435055506626	3.6529635543725827	4.74003377981018	
0.10501080062067605	0.17363344000961592	0.38386335592491316	1.0318997265728662	1.6264044005501803	2.0934701745572974	2.901875367784599	5.192273781166189	
0.10025959347496737	0.1582082744976731	0.4044965734643466	1.0332652609108257	1.4276279090402462	2.2170404685322995	3.0462629486377315	4.998142728779205	
0.08874950132714382	0.14075685598736606	0.3793572374747456	0.9221614175006421	1.6228767063481315	2.1557680332397626	2.9521167134551107	4.408759927998727	
0.10009500461349193	0.14576008265002977	0.4544821468098012	0.9957754169024847	1.610005731027904	2.156427808880027	2.830544814406491	3.8405502714166375	
0.1131193295734516	0.12061965481095172	0.39263878645214495	0.9427810351980033	1.5172546771757967	2.1893546910501036	3.5014131882433994	4.435483222570957	
0.0918762331654761	0.16591349063632482	0.3458523415698205	0.8697067923898073	1.3975250372366554	2.2843341438613582	3.078443475702349	4.551830447550951	
0.105301137136511	0.1446805582333581	0.36120438434226804	0.889873896915484	1.158917743854094	1.9786842932999529	3.41444627747077	5.429501156544143	
0.09529614236580014	0.17176830239674357	0.4209794711905912	0.9188056007345707	1.3698471197592155	2.1110313644436944	4.022351949205246	4.592767015177533	
0.1031142369826106	0.17429880988050797	0.3337069936089983	0.9224884924407957	1.4192795998755412	2.249895214358169	3.148009792318449	4.785797115503343	
0.09371803622381647	0.1573988861128282	0.37647950737397284	1.0470812777701688	1.5224648117897839	2.321632198888556	3.228327709692992	4.703262724856959	
0.0976870180065369	0.15058341723125107	0.3845141668606848	0.8940284437619946	1.4131187663723526	2.5178086010711884	3.1220388910457704	4.695362211676144	
0.10104369302169842	0.15757458684271017	0.36704640005771927	0.9576034484978004	1.3612310350130725	2.0126378002903746	2.936770257645814	5.034204613297656	
0.09276447538527492	0.17153968628927635	0.44675227691918423	0.8790465212771583	1.3805077814347226	2.1723799893411693	3.231307653783051	4.355466143162448	
0.09999382803083008	0.1519370704162332	0.3810454782741804	0.9161764112680678	1.5219447212559603	2.24038492222819	3.2305983620543435	4.401521826789429	
0.09423991561396544	0.13080214845993146	0.4214367854340428	1.0730239337352176	1.6111731701795617	2.240941920624815	2.9961869838669526	4.941207818466654	
0.10993936204071574	0.1511670647240664	0.41145928027081796	0.7724122079112689	1.525301564237952	2.078568699914525	3.0777061681932514	3.8239579602592126	
0.08820191319030463	0.17578049748259147	0.38836031813862065	0.9311312532756215	1.4013296375428004	2.136698287886224	3.4300641158684795	5.321147628758453	
0.09470307162429889	0.1412099152877721	0.3355427023758987	0.7450660818695446	1.6201308184993888	2.2640712813951445	2.72091643487818	4.404420263143349	
0.10434983968567589	0.1583431283128581	0.41745121750359526	0.9528999105887596	1.2597269480007842	2.2342645986823815	3.1256676497838862	4.307169883611393	
