7	24
0	1	1	0	1	1	1	1	0	1	
0.16383417549225715	0.39681931889003913	0.8102621191512692	1.4496477551152935	2.2893814627681124	3.083777863625691	6.877461704967111	
0.1498350252377491	0.3484408945370208	0.9894985197962458	1.356507752181466	2.301078224229486	3.2729676525801605	6.37078327861167	
0.14738907046854755	0.3690831130731606	0.8813831784338454	1.5119875492774306	2.1729483979115605	3.786735905189536	5.306404998196166	
0.15890219100958314	0.4730872680318102	0.8978979511314078	1.6647863380350134	2.1922357226298783	2.8513436189547816	5.563814245569699	
0.16890034018568523	0.4286386259468645	0.9839542417244516	1.8253810167703028	2.496446571757135	3.443414515638673	5.967721659895231	
0.1464155236371244	0.3842581211781337	0.9329974098013024	1.2476319731101204	2.3093204465141697	3.430424855448524	6.006554967126461	
0.16736434815044302	0.33235431445145563	1.034434604747349	1.3239335448189227	2.4796791707680303	3.038590463315637	5.5276262146405015	
0.15390717377680913	0.37470722020212566	0.8754399362612549	1.4594096110964812	2.032326597329888	3.2417137077085854	5.4223588163351835	
0.160599103171709	0.31172901610573617	0.9147636015559787	1.398898788599494	2.418796978361651	3.6512299027230717	6.665748292797957	
0.17435884615407957	0.38032324040627535	0.9948340946760331	1.4760802357204508	1.9532936135309622	3.5892436231555696	5.684495931103378	
0.16407628747326344	0.40520823293734753	0.9946414434547467	1.4996532188665541	2.114560821724433	3.312597473788026	7.204538304660387	
0.1665110848454169	0.3898940320791963	0.8906856579363115	1.4001576592991003	2.0774239526400997	3.1929336524637	5.50389856243974	
0.1546596934608507	0.40421693346883486	1.1732963768484697	1.1959740429558328	2.4557533726692404	2.72362718171457	5.759873629229039	
0.15283362822961596	0.36293914517335046	0.7506483681963111	1.4384371149149724	2.0732264554516058	2.770322729372002	5.564598376462586	
0.1593268792179242	0.3689393183632502	0.7862755809598512	1.3982890449765177	2.6290921512369967	3.3976651213838527	5.662948816258465	
0.1555046650308776	0.3894885877948055	0.9232326363246932	1.2042277203355762	1.953500180248625	3.6670769398363916	5.586746662537182	
0.144991870914226	0.49600287800685317	0.7210814971942607	1.564616948306311	1.7546232676734776	3.384470149201939	6.107165388180022	
0.14848909325526435	0.4201541787113529	0.8633926711857566	1.7716786145404548	2.183350409716067	3.2784341846320015	6.606857500895705	
0.14069931391500712	0.3809668667975006	0.9604682831237968	1.4834991737135106	2.1956550713735794	2.8937904548148317	7.414761320566113	
0.14214510709095066	0.32655437462732584	0.8517900298266984	1.5048281556811904	2.4854919916727933	3.368905114999606	6.609714470597001	
0.13348668979096232	0.39445192927216177	1.0109789440436716	1.4640578633186356	2.1131577132806223	3.6401803815787974	6.67557242295855	
0.15502760847082542	0.35723867411787497	0.9101890146940719	1.2966234071488163	1.7238515407924324	3.4564869697488527	6.969115742148485	
0.15910917399007213	0.34307875242780067	1.0016666966348293	1.4481923926045128	1.9101798614569534	3.0070458952167693	5.128815520648817	
0.13800890929664336	0.3438804568737794	0.9910602814679136	1.4712578831488226	2.078826638169303	3.4807097547074237	5.33580275697239	
