8	33
1	1	0	1	0	1	1	1	1	1	
0.09253952651609215	0.1625560588678286	0.6533874516886041	1.5877034547293178	2.286521039872137	2.8379369391798566	3.905996644106687	6.499362173417488	
0.0972942101137478	0.17079021387210536	0.5893816442473824	1.5284379097635805	2.0021962420714043	3.3033978124324554	4.375881771851918	5.5525313841258095	
0.10213789017676358	0.179877151938554	0.663815665617918	1.7275545515622692	1.8066916464085898	3.622520542415951	4.181959500401092	5.818989495920249	
0.09419224859562358	0.1645132664867695	0.6229048761413567	1.3763636179946535	1.848681038572414	3.43935395460483	4.848112994802392	5.793919534955666	
0.10832548322762195	0.1701280792843933	0.6393612367047804	1.3847235436476257	2.2901020042343343	3.4556017050020973	4.169522831429226	6.758242163054716	
0.09187261398710626	0.14496383323121878	0.5859487356340701	1.2505168414246641	2.267987295337292	3.780636155469982	3.361419373312427	6.463046979905618	
0.11746295841493692	0.1293386099068192	0.6209258570007241	1.3711697784047459	2.0544471516437808	2.946198929453506	5.117784256790651	6.517739085745353	
0.09136762754143493	0.1359026203478326	0.47542768414801573	1.5314322724296008	2.2729066708741184	3.4498676620750492	3.833789968443768	6.557039062027366	
0.09629958121867782	0.1281750467372722	0.5354799248123336	1.472844230653882	2.364511735855154	2.930210386386966	3.6479475014548632	5.65106121842719	
0.10230251662247605	0.13696815580558475	0.43519061765130646	1.685013903512687	2.36425917878898	3.746871983433984	4.760671966456716	6.413427359426018	
0.09744505056098662	0.15021699712864242	0.6474002886919439	1.6158990829063848	2.0550932176364256	3.226305549079624	3.467905914597558	6.241647829842657	
0.08871598274644221	0.17430838167997545	0.6215618788197107	1.307126964658645	2.2826605158996176	2.6216798941344144	4.311448057214565	6.904547934617282	
0.0929115236215888	0.1564226543025302	0.5982926899026598	1.4131965108611104	2.0840006853201336	3.8510839393304077	4.383266459629173	5.932331833508177	
0.10551015866986457	0.13215881418704778	0.5811212592734065	1.4398827771544593	2.1782974888905	3.721055014084024	4.51921560507836	5.858721101699066	
0.09371737593177515	0.15622118526772064	0.5326837979044985	1.3927815366052203	1.9321823108312117	3.400356949829782	4.448295932496636	6.541140419298074	
0.09088391041021508	0.15692229181575104	0.5422365581369071	1.463482261896625	2.157023250671559	3.426798006613038	4.3522508044716925	5.8793407752894575	
0.11515772896418963	0.1415873329307726	0.5267358906714957	1.35417531346005	1.8163762984768432	3.594287000797902	4.301888995618242	6.226732694051222	
0.10145858839036817	0.1579765488940393	0.5209089754764471	1.3952526807286	2.282768382975112	3.528790865626707	4.770760173874249	7.151944492438491	
0.10510757080137362	0.15696389583206655	0.6790495997519483	1.517056684590575	2.3956407747556447	3.1818538815541597	3.744388068373584	6.395723617584408	
0.09832222886391422	0.16044818450587828	0.5415570843327262	1.492017098438536	2.1278345554395046	3.375906651788826	4.047985579973461	6.070972557434739	
0.11448316166199038	0.137121406717078	0.6072848573920259	1.28084583505644	2.1619602496180526	3.275775434287687	4.235297944355208	5.395118071250767	
0.09015805498518498	0.16703822496687676	0.4697629128078717	1.3720037817189021	1.8184944327004091	3.2466918281594928	4.541321348164037	6.05624114170506	
0.0919400781283086	0.14516350515745902	0.7169520122871892	1.5486774966569334	2.1111679441293405	3.156641874147829	4.182873906118195	6.268951669497197	
0.09345717972494312	0.16654063990039605	0.5820048227825495	1.4096665969011517	2.139781423318007	3.4157724900232047	4.696906750158911	6.862682439651063	
0.0802246074191797	0.14068191916763112	0.6177061343961859	1.4240126214068634	2.276636005597302	3.4132662433953995	4.570734652420245	6.161803474867265	
0.10384372431111555	0.15836840796164145	0.6308707657477385	1.3405676567289546	2.240376792933583	3.0414897518924664	4.609572863241808	5.580271204867909	
0.11117421068101106	0.1547507812107118	0.6655591522184866	1.3097168210187622	2.12039599362176	2.783904117152723	4.0263800838828825	6.134308667987923	
0.10280243195748016	0.15782108886217638	0.595848488304782	1.3525456450562716	1.7635357785881882	3.264414011260712	4.395568316631832	5.5007233024380175	
0.11250411698092884	0.1613799751174432	0.5743680237524339	1.3601751612821689	2.205882029652803	3.5410115244071876	3.896684053942736	5.4838832190259295	
0.1059215336087219	0.1345640256553279	0.6473076716602454	1.3081061749881118	2.248387261800817	3.216428252419505	4.8119840534059675	5.96768338145803	
0.08955212753886549	0.13922482597252767	0.5759433633760099	1.508574725327792	2.0517428353588705	2.8828502955130597	4.698274771701951	4.831910328305142	
0.1146723810577923	0.13054952778388096	0.5800425587135943	1.5424063783751525	2.2290775810379095	3.3373112822518043	5.187547162557399	6.588809240966506	
0.10906257037195416	0.15166954855674245	0.4806090371096776	1.372234959114023	2.1965957517379566	3.0864196890448117	4.504903786222309	6.672802994724117	
