10	57
1	1	1	1	1	1	1	1	1	1	
0.11325909829266854	0.14665758748038055	0.33592457162805595	0.6532998352467578	0.9480352195451289	1.4219317340841306	2.255408356452588	3.7770715846424636	5.274016852420773	5.4604650592952035	
0.10363771290189364	0.16975296516180738	0.3713164900963415	0.6368884950090067	0.9418832761580628	1.5837829375151855	2.055386336603292	3.742443003305504	4.483556713048692	5.321018471318452	
0.09507349037603667	0.18319323014914016	0.37555542571511574	0.5387907137672794	0.9431374666144682	1.671229470267982	1.9092580239081494	3.2970249574971455	3.788060624210794	5.802904961077991	
0.0871454020812878	0.1789652831158685	0.39114376957638447	0.5361995510778709	0.9835485945686477	1.5976420157696443	2.1361022586557494	3.143084278395356	4.73759578732502	5.7644456810080325	
0.10375230169483483	0.14389854942223473	0.3518283605202903	0.636079027811492	1.0779203119347687	1.3184734966989016	2.3899648450868494	2.9071048869907545	4.771004817490935	5.502779119086824	
0.10393982731461432	0.1389822628449008	0.4264508665917776	0.5496418185250601	1.0326696885262958	1.4081918304419299	1.9193760115535454	3.2938770600598164	4.938828869500025	5.235918955556284	
0.104035306369509	0.16220617067473403	0.38688516977948706	0.6014631249055339	0.9056658098223039	1.4939886555886648	1.8686158975909541	2.8586092101626086	4.215182946030018	6.243437091658511	
0.09786568475827945	0.13922371387260873	0.4035162455011057	0.5187884300537763	0.9083994434918728	1.4633210094323685	1.8618351358577843	3.2042149124807686	4.237620517097635	6.547160494204155	
0.08961822308884461	0.2044641425795013	0.4414239648390137	0.6264060768640741	0.8672470613779871	1.4434625351527033	2.2084021347726033	3.4939957567510302	4.311292243496694	5.631294923956245	
0.09449243932426435	0.16175598841158909	0.4060625039729934	0.7116148020709309	0.8535903797199629	1.4265954405736931	2.538752995523609	2.9658642385207434	3.903750720944304	6.036479575721847	
0.10409950113837439	0.12570738851644322	0.3735141405651907	0.6676901286455174	0.7972163732937539	1.6154458256216144	2.4028690726440787	2.984288403077591	4.975436565597555	6.126733970242372	
0.10155284320081365	0.14657652802590865	0.3715622436484955	0.577518791790448	0.8767157053182196	1.5841221335521047	2.576038824909324	3.0453193111220154	4.78824334817905	6.373204612808783	
0.12131656246666554	0.14089399321855345	0.31326688952181664	0.5941614476715837	0.9618806782205626	1.4538337868124305	2.007009038510194	3.724811236994454	4.989862039160962	6.379059274109039	
0.09575681128619697	0.17651218197259846	0.395616685812942	0.6670809192600173	1.0135078303489355	1.4404322190853254	2.1344412338933076	3.3950620309639366	4.820241167691171	5.379064342173525	
0.10378970637271932	0.12811141905493367	0.3149273300511089	0.6091023965035659	0.8639438376832254	1.4325904788139183	2.1303950483716005	3.0428455429262296	4.778486532888784	6.133816886150862	
0.10769103675774412	0.1405840987377003	0.46319742973615147	0.47804759468726304	0.9723962440765354	1.4669052262366804	2.024931361617162	2.9603287291052784	4.147185958884422	6.032969628680313	
0.10019329428093766	0.14561369348120376	0.38923711258178156	0.5441820452992557	0.948472660739812	1.4627815122888688	2.104079954353994	3.032950825593959	4.572034433333307	5.391996593129149	
0.10089078868531079	0.14668279821187855	0.41549653626371086	0.6073577663888446	0.927365135646449	1.3917606689191877	2.039290637980803	3.4233895231464544	4.801611380561706	7.1706730785569635	
0.0899589585529678	0.17167991986036002	0.3845345907841406	0.5758101163913767	0.8338427795808296	1.2665522152368531	2.3904517257278206	3.0040294285708384	4.802083620388256	6.542103415732363	
0.10165874846127837	0.13854521476408554	0.3772270471978604	0.46278169055998003	0.9508069889459255	1.2079597759157428	2.1426277412648296	2.963741794896239	4.523142929973705	7.423745678617274	
0.10346436437686689	0.1619279037226757	0.37111915864341727	0.588809624739126	0.8458024003899187	1.6219784803662882	2.2782801581881698	3.2161060437260196	4.5397725033296545	5.279759166153699	
0.11542168333544876	0.1300031109705985	0.44796306825872406	0.5436251612359144	1.009023825945441	1.1119496091607546	1.7787291522434507	3.3189420710957593	4.772912765039849	6.667142151796611	
0.1149738794481346	0.15321727293764487	0.40381748695990693	0.6239038461372465	1.065413916742011	1.1025582074522813	1.9211235900576675	3.1247837522570423	4.35389083913677	5.969260720135093	
0.11250802965663345	0.16570394829972782	0.38458513780918746	0.5850667135349407	0.9597009180045112	1.3370734000435707	1.8886299314239168	2.9203098917661925	4.472606796264859	4.673829736023512	
0.12704502384822713	0.189344749490044	0.4260929626861214	0.6029382817163478	1.0445471133939095	1.4994393495114722	1.945178123502819	3.67812109367329	4.169009347789579	6.972602895593539	
0.09520045410944114	0.1579729279064705	0.3554076311147083	0.562019991597472	0.8950648493595169	1.635248971314069	2.255529402998717	3.3861277876640337	4.525947370358351	6.352979224816357	
0.09383903747004774	0.12703983293056162	0.38571446951014154	0.4953179825939559	0.9623999420299478	1.448800437230422	2.0889218161935603	3.8100329135842124	4.833088455945661	6.989324118457803	
0.10551795867132507	0.16214320353655773	0.322815793491646	0.5678995673746569	0.9386976818907652	1.4817215464295044	2.2285879920292246	3.241387561995099	4.419225386942524	6.045302609342359	
0.10243499439284993	0.1809843305977304	0.41298579582862627	0.6089841468426507	0.6490491310122953	1.5796059404199163	1.9042351893833218	3.1323488685090424	4.342184898023261	6.486307194322668	
0.09995694063151937	0.15976733471278992	0.37586648873066475	0.5621256036355214	0.9109158747753563	1.5453875525645577	2.1080136510691654	3.7549272871128694	3.9457114101443964	5.0875048644765934	
0.0860964338163076	0.13609020619894358	0.35894019197253313	0.5103362220871294	0.8566709230895873	1.4742721425718388	1.9078368551178415	3.5355900225403873	4.13867220620929	4.901389768813495	
0.09762097523254992	0.15053579137620177	0.419992084227258	0.6592432460561088	0.8809537838338816	1.404697240568218	1.704701968225767	2.6762820278561947	4.047533858637941	5.851372457514231	
0.09942787598924346	0.15232584224837117	0.36318026795880376	0.56233828587952	1.0808109377349393	1.4688840137931214	2.066576725128669	3.42515937702404	4.2017611025429	6.775112296876644	
0.11245143583848426	0.14691938158034545	0.432369442491561	0.6856380742317795	0.8588384189896481	1.3864327485139514	1.8382262251540635	3.0953193301224453	4.0005734394639	6.059534536986893	
0.11211646514629037	0.1295013715756387	0.401423775058314	0.5058084213412968	0.8139644618018306	1.5847688852487467	2.57711886817436	3.5573329300532017	4.360591470641742	6.000884811572499	
0.10140068068424135	0.14680645643418488	0.4066113955279071	0.4916104231726012	0.9813706301186975	1.412945563422199	1.9937409442253993	3.047562536129169	3.4736305827804976	6.068047818974362	
0.10868884994645589	0.16105654981926956	0.2991715263476563	0.6905927762465067	0.9209669261779547	1.4820003702913478	2.0711995678359747	2.4290932098550098	4.848716034313206	6.246654707412196	
0.10590859561474711	0.14766617423177295	0.43057492465741193	0.6154572956330537	0.9433393430738204	1.1313913145996861	2.0935808882492117	3.5310099830018036	4.754323439570945	6.134438497992509	
0.10503078218929128	0.1442845525543672	0.3285045870980149	0.5920980874491795	0.8812595449685606	1.3440299167623102	2.189671125198833	3.442547655525942	3.983915660078695	5.821270635918642	
0.06619266513302557	0.15797243745658626	0.3661021999139054	0.6224334931959534	0.8905678269840107	1.4234358078782603	1.9446796085762872	2.514613538079968	3.9717877000885116	6.91205374436615	
0.08786373585376961	0.15150001440306343	0.40307797592823486	0.5447915036616785	0.9139622218359258	1.5344741309067693	2.334314391591151	3.7095657901649477	4.898299843298229	6.920215677497853	
0.08693767889334672	0.1347999997432027	0.36733588144955714	0.5395072990997914	0.8691233792490151	1.1841294563746678	2.1575980804440866	3.1821807583206883	4.836439457868955	5.53092685183288	
0.07903762866727618	0.13878971613925126	0.35245541883858295	0.6051020453372962	0.8743654950294533	1.376909839600004	2.2354242832171223	3.475301421238263	4.125587890064506	7.100577304816939	
0.09992968554939302	0.13717095170732954	0.3863871497385908	0.47033379150447674	0.9631658356029267	1.42818361072953	1.8601749645176975	3.261005525213581	4.862583259753217	6.36839429078488	
0.11064287111228013	0.16843857476829385	0.37820591710529633	0.5894771593184298	0.875118338057938	1.3005686988681664	2.5014740358799377	3.293768546971816	4.7194048728508	5.735438520671693	
0.08386394040464731	0.1436753094984016	0.3311181832540112	0.6530675068135582	0.8494182130273443	1.1745970963558907	2.6772682066859073	3.3769911190323505	3.9972380179552798	5.695476340835712	
0.09517542706537403	0.14440189185190072	0.4294388742115645	0.5693078838701815	0.9264565842959678	1.3635266046025372	2.1283488391355183	3.3775391070673977	4.017725474755402	6.18532702483269	
0.09362606727132235	0.14153766431199305	0.39068599923464975	0.5686595105087285	1.0043940304340548	1.6951900945724554	2.046414459141567	3.3818295353905516	4.604991719549748	5.584606449838431	
0.09472034577144228	0.11781530402699379	0.39749685390400874	0.7308697928542449	0.8381695435160862	1.5333104234820476	2.4143840725850256	3.3869417509157005	4.896345883894601	5.049960479218658	
0.10082952779059993	0.11310012651711486	0.3516153071109379	0.5717524898080256	0.9042648083261854	1.2448856761911495	2.4169101622860905	3.087418290696281	4.796071391911681	5.773101069293587	
0.1018130789339387	0.14219976387513675	0.38406328405744233	0.5284531272856883	1.0042854679156896	1.4640202064985801	2.1162034376005985	3.3768669918758816	4.289529365339463	5.9952902370279055	
0.09987890261551031	0.1631110499776667	0.38986616876154934	0.4624986609775329	1.0466640428378655	1.4385460965155272	2.27877849805796	3.368789049568252	4.016154889614751	6.096437594905575	
0.09280054980540416	0.12965923209042504	0.45463402654277135	0.694313605968382	0.792464629126869	1.6760016735406198	2.55445619628009	3.5031945905397004	3.754981926663795	4.753919094038867	
0.09517814054581625	0.12418897759526591	0.429727324470536	0.6441535108751115	0.9512121141394414	1.6483396196592903	2.321681436152189	2.9731186956550997	5.107676572716477	6.088469583976218	
0.11405151600754289	0.14000457039903574	0.36485809341660064	0.5382569283989129	1.0380099016377438	1.4991714814275383	2.461975606597072	3.3178818732192368	4.671219516447262	6.348626498905892	
0.0902955223479632	0.15122404503550835	0.37663531085177243	0.5288137138365384	0.77816209920397	1.425631514251635	2.2715324693943466	3.1969797271009877	4.316641508755161	6.021313925797955	
0.09228156524393495	0.1595226614271707	0.3910342803805691	0.5523858489322295	0.9825493533936934	1.3698171499599217	2.2648302497762236	3.184509936821193	4.539634224969475	5.287161651183287	
