9	40
1	0	1	1	1	1	1	1	1	1	
0.09231891651777446	0.4297435998202638	0.6086994450095217	0.8118800315029536	1.3460658594215176	1.6377121336475273	2.9078101862525894	3.8839818617760855	5.550276470812133	
0.09723714955344258	0.3531360959527844	0.6075331599504693	0.9499118268063863	1.3545945952379679	2.332633445177208	3.5515314774996796	4.396123540307908	6.9973309215318205	
0.10830211905343329	0.3786706617874698	0.5562709921698764	0.9766559521708366	1.308715815215462	1.8617597502652237	3.569230341741682	4.079450258418714	6.3836107522311805	
0.0986022342353192	0.396838513584907	0.5986002384788919	0.9938552622625911	1.3073499439521696	2.2504402071753167	3.241495312727826	4.338064319602279	5.735110643152352	
0.10483276388277155	0.4418606741153322	0.48106283409744016	1.0116236495112028	1.2588207387365333	2.3672809155476813	3.74401681276839	4.9862852155944735	6.52628276043653	
0.09720246728855397	0.4132807019409905	0.5282856151125321	0.9475947162165335	1.1977148889557223	2.3751403714000743	3.750508575063934	4.830441684218828	5.732165909276205	
0.10509464683009483	0.37847608606770927	0.7025884352646402	0.8894405457805244	1.4577004703262417	2.239514902525839	3.3875041089274123	5.109460289008194	6.522702341038924	
0.10357555470741797	0.3418197405299381	0.5610262927327213	0.7302235621042269	1.4854857291810253	2.117479072587066	2.9868841642420496	4.693506842549642	5.709391133611218	
0.09777718551081001	0.3878582572790504	0.58104504004483	0.953777331137528	1.3199834770148269	2.0413047534761803	3.0229569632313833	4.767370234440974	5.709079543610011	
0.10560070230844601	0.38892717716778435	0.5452974333192149	1.0359221696997583	1.3632759166533006	2.0765495545023853	3.671428251387969	4.482337193438958	7.60131039753162	
0.10860744076103178	0.4261492517060721	0.576313018468188	1.0508805577455411	1.4869954636687683	2.0675891839086806	3.1196262178322196	4.497928295677835	6.055115627714983	
0.11541993431761018	0.3957896528637532	0.6888315327292	0.9917628068485159	1.4849247729878818	2.412409786413145	3.044804487340715	3.9880752723099535	5.5548407499470525	
0.11286998770128337	0.3305667981027775	0.5636062587667131	0.9312647270908466	1.3537299435529457	2.029021225185727	3.247526771653273	4.998382711535562	6.504108417009903	
0.08699936491135993	0.3780393285333548	0.6300935573484573	0.9846398635516828	1.6103024729272961	1.8402750029863029	3.59782499743015	4.1834719337381765	6.063757165395758	
0.1050624280620818	0.3463083693980972	0.6773281909594263	0.9540972149302186	1.5302826031908123	1.9998841306454422	3.503906724527977	5.201401745618942	5.741811189483517	
0.09891809024528975	0.378826726216797	0.6719732174199499	1.0345825752837825	1.3952877133926451	1.8658711113633104	3.04112302193865	3.6025341390918797	7.4496260156804155	
0.10720427432739221	0.3656411126117658	0.5747720261517597	1.003047605025257	1.4926072971349094	1.8367486870093122	3.057740630652757	4.646339051903029	5.766353736833308	
0.08986230270856027	0.38228767312203404	0.5115872678639721	1.0233823076200075	1.4120369586319144	2.199580783808783	3.0292337400722893	4.861160015099951	6.349020980156004	
0.09171575094088967	0.3607432583883115	0.6104692701735867	0.7581424246032312	1.2417671068191332	2.286079571816455	2.760047493294989	4.731617786899135	6.2311598888536315	
0.09231856621956341	0.421879144903723	0.5380617086544196	0.8476515401078981	1.539706091663484	2.3779922348526346	2.612262997274597	5.488565626073148	6.215658990626848	
0.10482676510027655	0.4251983634653932	0.4905153282105273	0.9774070402889603	1.4098128620059138	2.3303143887973956	3.639635046606086	4.882013035726583	6.578807419943297	
0.08518684341631214	0.35560880223914143	0.6482113642279322	0.8128646464174701	1.5956171963040413	2.2199837069945265	3.613349436901263	4.636526052262675	6.299660740623796	
0.09467309809813736	0.36024824838980457	0.7048097449844776	0.9125345438480965	1.5416555765610096	2.3969980356015568	3.1635826698265324	4.897471166880924	6.248850283786377	
0.09389268633580392	0.3719672196788381	0.5230139036427198	0.8494351934698854	1.4784854265501988	2.17484957063212	3.0373911293735976	3.9444687568978356	6.394819278968509	
0.07768511463664275	0.37597268718652793	0.5584244760770025	0.8738062584660842	1.0823786981147037	2.4544160042609584	3.2507981380679145	4.069014894381676	6.191722383887747	
0.10633926015733836	0.39083630413141385	0.6836020027191052	1.0623811842713673	1.2963205078964506	2.118804630711707	3.1244815370988874	4.418219050824413	5.078175458573281	
0.09932349934434632	0.35045979563412016	0.6277303741777812	0.8765475315779501	1.2822333824643046	2.1173261925141857	3.2719315106462434	3.786251927234709	5.460827951446219	
0.10418500495491317	0.4379068475679125	0.6488646896384441	0.8678918154141759	1.2743033630683889	2.0327973025331456	2.9867523394006725	4.483257227759193	6.874026191253481	
0.09413519675654228	0.33472782998631573	0.5557048857722452	0.9260973201858413	1.3954152300846407	2.071108157322754	2.850353778070532	4.36725914894586	5.94832648416141	
0.09805581445726531	0.4365855557093702	0.5602027104518517	0.9761430151933649	1.4076861761640511	2.403159085567998	3.5049405213033795	3.9962373769180752	4.741189171134218	
0.111675427068278	0.34051191611207515	0.5935124862810719	1.115669199338379	1.1337854643302274	2.1517478691608716	3.372434093052272	3.7493963450143237	4.673191995221394	
0.09541649645651182	0.3931346530951515	0.711703919553934	0.7897662220946849	1.5844954048428395	2.315262609153236	3.563429256642379	4.330240751088106	5.569780282639712	
0.11058122224423815	0.344934919979865	0.5667782096251732	0.8263536311415304	1.3769508573306404	1.7211537567052129	2.996977263923379	4.548230819174736	5.459369276787498	
0.0928707353560869	0.4117986047617268	0.551415176519473	0.8261614913793336	1.6278240282988437	2.466884114907966	3.5973038990773283	4.853521605633782	6.861891727011502	
0.10030736734883028	0.37711195241481843	0.5441609704821032	1.0150788463489675	1.378000728613428	2.259052165805069	2.711883494829975	5.7532900254084245	5.292318390895815	
0.08415244764446855	0.36651971874741723	0.5560555990381588	1.0037704451898966	1.3716134205984907	2.1192299269612778	3.2845582010313397	4.872763012424005	5.817512474875301	
0.09171680983458427	0.4189313281785027	0.6141504275551726	0.8679093361941653	1.5315775124066513	2.0840612941871566	3.0543260363971245	3.988423270526143	6.012278997882925	
0.10823166032927567	0.3835631161931654	0.6245273723296173	1.0186477114888688	1.4399565277950848	2.1557617802276043	3.319491410088663	4.940246230143117	5.603819206154488	
0.09925147014412966	0.3609288904944154	0.6879836581087473	1.0227197294695691	1.4971925241667199	1.902419223201322	3.0040910301035924	3.995731566154895	5.987960930310848	
0.09165601327592916	0.41637928388824647	0.6674661272143234	1.0138668431722093	1.0988370880987413	2.0238767799333583	3.1690195605335787	4.653651589677182	5.483639563844276	
