10	73
1	1	1	1	1	1	1	1	1	1	
0.10498006322534088	0.1421456104345307	0.3708439536767351	0.6487126228053096	0.8607265127553263	1.4128902552173452	1.8594893043495835	3.2972753170265	4.175559508422015	6.153658706608643	
0.10298369514975543	0.1460893623620616	0.4183769733663395	0.6684068746294429	0.9734823133757965	1.2773284878528948	2.5617327807233528	3.273806648739152	4.765476501142256	4.623199407359642	
0.10158962761690989	0.14375615705430228	0.3354907084057607	0.5578255214276171	0.7584115705435956	1.309918986093583	2.0146019041877103	3.283071604601478	4.957366753098567	6.815955970780651	
0.11526548856132646	0.15383751544285743	0.43836875730520763	0.6106647232989466	1.0265485253626736	1.3084236867432404	2.145226095693073	2.8842445229984324	3.8089234592793875	5.810351534467946	
0.11231301339083209	0.1561930613444693	0.28359258093160716	0.7581833864115818	0.9732766789959584	1.7458879313471156	2.146067337662725	3.2126132909477474	4.7175717951520095	6.692595733677086	
0.08652057416958545	0.12857418075950947	0.4264438931695676	0.6530808247473691	0.9897609491275444	1.515977584613747	2.2135195543260413	2.9074257543166113	4.6225212593091705	5.4425535199144015	
0.11254939183881807	0.12925891496295414	0.3483537379858168	0.6812137779191371	1.0192510943403168	1.3000036317150592	1.7821666469021733	3.355198705164836	4.2414952271425825	6.603210956002719	
0.10549210626647863	0.15613554200200894	0.4005162994045774	0.6307758147980437	0.8762108350522605	1.5345230988015552	2.1323072702523667	3.0891332545498025	3.9054683223684212	5.790969508843694	
0.10661489001277313	0.15470980517875021	0.3806597709183227	0.6737093347651315	1.040833125538515	1.351020772777108	2.1799988078275936	3.2970866570744874	4.323509973427654	6.3699917537247295	
0.09553235043477962	0.13964177726943133	0.3810387567730029	0.578971976114101	0.9522215099191137	1.6324692399876788	2.240769573300643	2.9397986453339002	5.312169035561812	5.9191350237914815	
0.08780243936597493	0.14012474268879102	0.3399916595004937	0.5816545609115453	0.8757025530796999	1.497641925742805	1.8069544366486496	3.6554493200137537	3.836793334530417	5.776087442757174	
0.11555356714570485	0.13394320214589595	0.4213016869990467	0.6318558656307617	0.8071501586549068	1.692180901387436	2.1971561895536986	2.6247228764983737	4.131548210801218	6.024618147455419	
0.10755585381331088	0.16566978362897636	0.3751394918423438	0.4519940064382242	0.9230568133065628	1.461424642812481	2.0236839540880354	3.4476924166030316	4.424280432388747	6.311762524725587	
0.11149519151131256	0.1516066191668967	0.3281027847013759	0.5206093340287076	0.8324143451783969	1.4818977067322507	2.397676785234097	3.348487825599643	4.112285921568786	6.0385868355543675	
0.09969075398540993	0.14179068011667162	0.36377709140835807	0.5247607229999094	0.7707464836020589	1.6481956162596538	1.850308855366207	3.2687721107505254	4.43600611781304	5.705414025476552	
0.09604963968492768	0.12665685352678227	0.3850820301029614	0.6073130718908444	1.0050058695315225	1.546293181222241	2.5060113393164642	2.749016621080921	4.791223912516287	6.074609446096105	
0.10337665548095268	0.13053492197919958	0.30249892401421924	0.4691036582793278	0.9848827276992915	1.4808368636285507	1.7645229190528036	3.5962370755629243	4.172622788519521	6.60372636905679	
0.11149272624015294	0.16120693385008403	0.2904521711247345	0.5591344382564636	0.8792535443139704	1.4039345249295037	2.220958752917073	2.6951167156105966	5.1337960953289095	7.811659620805685	
0.10106546923774794	0.13193690751709894	0.3643636178016158	0.5627720095940586	0.8768320212618368	1.2809204814850645	2.0792921586233573	3.6049147032404156	4.5431811711549255	5.754734393834586	
0.08746840009469398	0.13502311736955233	0.4041469677875435	0.583587672427671	0.8729785585342789	1.495799180048877	2.4007884656645224	3.670442851551671	3.883228005098375	5.279666098247297	
0.10607131759915354	0.1433930174040756	0.4194292121059237	0.5632430403979631	0.8427485767314119	1.0594118455467099	2.4702915642753616	3.090297001975059	4.423325637109562	5.7801613153156435	
0.0958572636126984	0.15376402723813928	0.33477195300921936	0.5294317549450137	0.9937171968977341	1.3540137435711805	2.2501269321258937	3.3184838631744458	3.9133959290861253	6.355325081089237	
0.09400105831304552	0.15870987598653105	0.4441059044222896	0.5850994840204237	0.8957534155437376	1.2466524232806349	1.7422293223968663	3.594251179325602	3.4549317947890286	7.014031546510523	
0.09434859329747514	0.15066734284712505	0.42865449469189926	0.618534934769697	0.8713732745508653	1.4268423744988532	1.7100985468388292	3.3926100705825757	4.1770076354648955	5.518298908752136	
0.09463598883191071	0.16989496181091737	0.3716288027786027	0.5355460922457898	1.076852137036218	1.4491099314535953	2.3737566100313896	3.2725890576473438	5.150358019174946	7.40396181364607	
0.09662765757933506	0.15757759455233167	0.4111282964125991	0.573621133151219	0.9435999494292228	1.572572415094689	2.2957858442725705	3.058425240475556	4.106686729626928	5.802586257414921	
0.10397815806351692	0.16748248684189296	0.4099448562234855	0.7238653489657552	1.0626957710884748	1.5376936215084018	2.180828513789326	3.1791471988780162	4.275661248787774	6.276429589944491	
0.08603799213539168	0.1310789541264151	0.4232198679398753	0.5929285385448636	1.1152399389660574	1.6685280583672546	2.229618267990683	2.9923827227489883	4.657395966113077	5.457174130800001	
0.09152812013125874	0.14953160352015743	0.41752096353070295	0.611049369603167	0.9557525105830508	1.3887506866464059	2.0736504335395622	2.9970148958347567	3.6347710286577457	5.488979157727362	
0.09836479124356279	0.15076001606369016	0.36345895919679855	0.6618410004803953	0.9217569439238671	1.5008934724655896	2.4716773677242556	3.052233582159491	4.740288683863649	5.679313940592091	
0.11804540455521295	0.12926858457496335	0.3491352031478783	0.6493851875555884	0.8139622785922584	1.3617097925169892	2.1303043921988016	3.225135882146898	3.9254063767117007	6.449739865296047	
0.10206933134334242	0.1303092855606845	0.3956141697058673	0.611655887991143	0.9436373659527297	1.0957649149596893	2.0365364752532438	3.0605192040229445	4.335952967511568	5.584504976404072	
0.10946296458533954	0.1778695836785006	0.3557049936883039	0.4758621278204813	1.0033109970430483	1.409015482606323	1.5609119309193864	3.037946299211841	4.43537262241486	5.515581383236556	
0.11651013327703824	0.16796263675791595	0.3829107086909326	0.5874861868055684	1.0127816127881664	1.334901800324682	1.9380697863563139	2.9572836273496605	4.296771208729563	6.1139881407742696	
0.10347512745354114	0.15686883081061812	0.397256305676972	0.7287801283442814	0.9336334556829853	1.539016345265034	1.9899992938886282	3.0525593833444407	4.797267623220872	6.173753495146061	
0.10824698458621398	0.14082605112374824	0.3587875207936682	0.601434385370446	0.905933230454991	1.4952658730964368	2.3269651219322642	2.872123607632791	4.668205222536746	6.943820591642092	
0.10302384950429547	0.15545085847322468	0.2825724718952792	0.70562027783187	0.9282340649981176	1.4993612808880694	2.484141087424129	3.2835135419717396	5.087219601955214	6.0082193494290035	
0.1112597790773795	0.1541321612390375	0.30110548959809597	0.7708157055987402	1.0124297834204325	1.3170584171528965	2.362013286629587	2.6855744749963364	4.270169590002812	6.51690015201271	
0.09603476111625121	0.14950566390534314	0.3826007324174581	0.5535097413709003	0.7069904057910433	1.3333282738520926	2.105453287763715	3.361333219124423	5.159321331807022	6.707116846751202	
0.09867911718710975	0.13526626905550843	0.37331604181113803	0.6718683536716534	0.740208157673135	1.3674915041094675	2.2194902743137246	3.318393098576724	4.53375531154377	5.833565103223003	
0.09884414992196272	0.1536164996991876	0.3219425148676794	0.4869612324941802	0.8651072036163138	1.7439725703334745	2.391130209203903	3.5838603632457158	5.241908763788029	5.194205875086457	
0.10249103487183141	0.158739513157524	0.43534203396740223	0.6094475390068521	0.7946344938955536	1.4658754744250313	2.303028415889361	3.05256862703097	3.993814170487744	5.719921319447819	
0.08742725919525407	0.15673572973299008	0.41256252255832615	0.6379375637709228	0.8773069457120386	1.3054043264201114	1.9306295493247538	2.974461851421439	3.703898340135967	5.466814360614849	
0.10752848540627494	0.15313232313455774	0.3630994407856446	0.5155997001432292	0.904487654589705	1.5491969733512734	2.164697119108087	4.04210347490218	4.443456761855067	6.275371093588538	
0.08111219873021162	0.13356463402044957	0.3886189712857095	0.6256895005107852	0.9629367271369371	1.544509240235653	1.8399013704060458	3.08857686429397	5.033517129636241	5.702806745042017	
0.0850481508505288	0.1654543249114569	0.345108849746917	0.6919351782340455	0.7467516236938526	1.4630728509810946	2.4522859030390074	3.046304385275959	4.629412460507208	6.906135384416889	
0.09283691813833969	0.1576336760278538	0.37212700646627056	0.6697012998122529	0.8445478908090484	1.2617924260240094	2.0119173317566914	3.1765821813124084	4.31652785478768	5.886843601491778	
0.11043360331231407	0.1704530264383394	0.33555310397714067	0.5717178710152997	0.8160044469112036	1.4305517616869512	2.038360866981179	3.468166203143562	4.7181457466570995	6.363025381202267	
0.10537773236955084	0.17470229733588574	0.3650890189823981	0.6533606346422558	0.895420068415414	1.5071178706277228	2.0820407519359603	3.223509200396666	4.156498644470765	6.471163545419449	
0.10279122680834459	0.16421031627752714	0.414447035056122	0.5828590340677949	1.1363970570183242	1.43374731360266	2.5042779132315593	2.904912637048045	4.957896924237417	5.85734638678082	
0.12643015726408585	0.13864024644086875	0.36929524160229227	0.6877723263868246	0.9228162994218075	1.4042272403206508	2.287384962573779	3.1326741395097173	4.751597057741618	5.585100668586027	
0.10396546531594147	0.139111388098099	0.3831107378016282	0.5826226720796475	0.9291184722311119	1.3849095948665364	2.3604996796711037	3.471944960675481	4.415427339269177	6.015531014027546	
0.10286528164357	0.14228314909350273	0.4335390233006612	0.597355919512928	1.0206898778551985	1.0919523468819048	1.6231457460885914	3.864688117925767	4.6178406173724955	6.361101032881585	
0.1113885307037183	0.15614327558814417	0.39563170491564364	0.6913266851775105	0.8772642869400756	0.9460510858582198	1.9901028971701489	3.833089515061443	4.628435416816499	7.3654288445149	
0.09773713529746329	0.13750396432609607	0.46724608890529395	0.6232034393724818	0.9816832061060407	1.2990362247940364	2.1218194999448596	3.4344868988329176	4.428100270896162	5.483249607372985	
0.10451824874456128	0.15797702052430362	0.4240523586749522	0.55605603386984	0.9141712432619382	1.5819938872575103	2.1606764053436525	3.1064192115982676	4.622336959905427	5.705699371427825	
0.08971604197049539	0.15553688193700502	0.35717244640772156	0.6609223939404153	0.8839883256402064	1.4318924570359128	2.273304195717515	2.3376793534200666	4.12440479574923	5.292979760270291	
0.09920908849767561	0.12375804969549584	0.3655678309177285	0.5705304723665444	0.9149689977027923	1.5627161918913	2.1583863044013594	3.202894178763172	3.387457997749296	6.8876760874752385	
0.12649930871513612	0.17393719147188894	0.36050134747175805	0.6052547213994397	1.0793310328098786	1.1600787654710218	2.5314333700694194	3.2623100978249533	4.941424252569861	6.105869638928808	
0.11383221704128797	0.16353560837578554	0.3635331101422873	0.6179595200646008	0.9275984995642406	1.370333285290426	2.2651828338945235	3.104242318116643	5.035600804441393	5.77525668644566	
0.08902591905386	0.14949867509135134	0.40294351703437603	0.6206451564137293	0.9764085662887699	1.374255667998193	2.1192649795880554	3.421978710765674	4.571767007176828	5.9341247745624335	
0.08782298056651172	0.17853655206325136	0.413308647690101	0.5507330552734611	1.0154982092715843	1.4978651146504636	1.8313748308591768	3.03401927085402	3.292088565072981	5.76741698520725	
0.10087380302088289	0.14694884592776322	0.2644756048406204	0.5795457396270566	0.8806967374622114	1.2216651879328875	2.1372364633459986	3.092402402257774	5.258129183578821	5.906878345336688	
0.09530430661628286	0.15881808732779332	0.40358192692901435	0.5813462054854407	0.8605822693609791	1.6105642505601245	1.9946560029611835	3.6025057315201545	4.770176951490168	5.63833638619027	
0.10302752763884976	0.1644047439754236	0.3790010943690201	0.44187820192095056	0.9367307648906653	1.5126065120618242	1.825060380449374	3.157231939201759	5.043442974543634	6.650860879884763	
0.0833463554618662	0.14115000021113258	0.37120416477566903	0.5942014257679128	0.984456200989561	1.4119583600042003	1.7876834467577172	3.501798421427268	4.136336187906869	4.895127553099055	
0.0961078547683461	0.16888922897294295	0.3637875820862291	0.613226261515097	0.8783756146110947	1.4986112903936752	2.0876096502095476	2.973435549120186	4.8654343305244385	6.9280938278767525	
0.1173996022285062	0.15258077316384283	0.346463495479244	0.5977889054142457	0.9229699395805017	1.6096123434038698	2.0928638123480043	3.3468167570289435	4.3952820238584485	6.305476306393013	
0.10825360848599451	0.15098872454953918	0.3867389697247075	0.6428865049114351	0.8466919811284026	1.4689469968234152	2.194450747062765	3.2384182883069386	4.480481345713811	6.0678519807163	
0.09275302597751796	0.15947049174503	0.3242083269499551	0.5147879025323396	0.8526029467960042	1.4990021045992095	2.220097457422814	3.6078753495321108	3.7954261650571213	5.21252929360272	
0.10567410297742806	0.13656574852908693	0.3391441667718893	0.5295291875213657	0.9132566322187586	1.1656418249177536	1.5501169044095626	2.9518210993946963	5.27713850500299	6.328904363851266	
0.09973750354627976	0.15496250950551896	0.4182046571061557	0.6618228998090195	1.0294955028648702	1.1944790652156616	2.196713820763316	3.231905708813072	3.6596494765475724	5.581453303953619	
0.0932684597668356	0.17330183398924057	0.43452474779730776	0.5770896615313388	0.8378376976092353	1.2874411193273436	2.0823164268972243	3.9673035086501525	4.8934925321209155	6.436496261760552	
