4	28
0	0	1	0	1	0	0	1	0	1	
0.39153364051549683	0.8538655300636402	3.118663651175475	6.02415124026436	
0.39440578080232513	1.0137573812811846	3.244755192277456	5.792548760906619	
0.4006522501240092	1.0044800096092696	2.977460938884968	5.442775497845436	
0.3298804063994426	0.8787758898039965	3.5293572253706897	6.2577366996741866	
0.3422110515421032	1.008084532937556	3.6013570718498493	6.26041218278985	
0.3328478664451655	1.045705301368799	3.3821160449623524	7.813264963482138	
0.29836894463271085	0.8822189952145507	3.4586612323135295	6.384773459310955	
0.402058767183187	1.0190948262144626	3.574521026094413	7.1903823217004925	
0.35613413327494475	0.9378332540086532	3.7442842254416	5.537055081072429	
0.38023036649252473	0.8868457769266903	3.8069522880809785	5.483463053510082	
0.36815328118300206	0.8907438611054939	3.2284106798053482	5.60833868334063	
0.37700918232402214	1.0370446121060712	2.5536923273127567	6.314815699665453	
0.4115908756427714	0.7278554296766429	3.8293164926340384	6.064358079718657	
0.436150925437004	1.117332575798056	3.3492258214836976	5.817435473208968	
0.3772524045736947	1.0251617598160803	3.491606072597019	7.060085344799642	
0.34373398124980686	0.8997578838866319	3.76072771943305	6.032445039127332	
0.35041783153944434	0.8995153165529935	3.1990582846617976	5.124944389214377	
0.3620670631035695	0.7492923520390696	2.5601721542709	5.76472504461355	
0.4144493628713286	1.0655190834029982	3.7680152325506366	5.6406633310755545	
0.3293834154802962	1.0410238111866068	3.7556835372557904	5.29741019277563	
0.46427918174299276	0.9795056565299849	2.9747275230755674	6.048188347466676	
0.41141119514143626	1.014060789225008	3.3354050665983688	6.576771355628189	
0.40597327060374605	1.024883023491048	3.685430874951344	7.158317170863477	
0.429286731846799	1.0463708516543442	2.9004866762039914	5.553320816583605	
0.40021252730120566	1.0963792113170983	3.2015905064498167	5.740932252600971	
0.37549759542068767	0.9407382136717829	3.2834005874338943	5.837584595901749	
0.4146459105512037	0.9883826904282996	3.435895187451057	5.01639415395913	
0.4149869910996922	0.9256605474975965	3.425083329431233	5.296579087386173	
