3	85
1	0	1	1	0	0	0	0	0	0	
0.10641674392509233	0.3834893448409821	0.5632043289267142	
0.09479052810048932	0.36576323349014167	0.6736930901095692	
0.09779671082383247	0.32878533519238456	0.580690082087405	
0.10185901282332276	0.416572907456213	0.6354947406995038	
0.11548286887158594	0.3687401808384529	0.5789546506170736	
0.11238579250053915	0.33706624534921525	0.6259915187958823	
0.0968593480275684	0.4766473722830961	0.5170345240853246	
0.09118268256441016	0.40454150988707976	0.6084908190859634	
0.08556285839345079	0.39608364361341264	0.4810316261677828	
0.08617928306790884	0.332586822655776	0.6176156412315628	
0.11941816598095015	0.3808515743680904	0.6463148578256851	
0.10517125028953898	0.45186502535087225	0.742582854114679	
0.10250212316608526	0.428744353631675	0.5656642798948496	
0.09182131124818821	0.42661499156024085	0.5343931232771042	
0.08958918529213625	0.33823384778007426	0.680926822759468	
0.08312051333991644	0.4248837637599897	0.595264710833145	
0.11918064778316613	0.41260500883578194	0.6841393393281087	
0.10798035311718002	0.3809358277695868	0.6747739888573093	
0.10203660565993544	0.3753829442855417	0.5456289338787409	
0.10510662448814517	0.4203447099053967	0.5877340483105474	
0.10537784913952913	0.3750924547627939	0.5776782920240474	
0.08514664570757496	0.40711251168364576	0.6427235903680154	
0.10966203840259331	0.3961490747019014	0.5689779501227702	
0.12333585905748788	0.41696115873970563	0.5929109899158523	
0.09282503624493887	0.3880543277043651	0.5077737608262335	
0.12715714909427064	0.3678912210508987	0.67380703376717	
0.10061616410208295	0.39481963970652423	0.584620324068836	
0.09125565326273133	0.37893381320445485	0.5791327023737562	
0.11558730253923373	0.39004201536703037	0.620558139846712	
0.10341437541242356	0.3388450230632693	0.5852124776246899	
0.09201769229307365	0.3731938335838168	0.6163391321074272	
0.11514468653490535	0.37931415229155613	0.6723151834395791	
0.09337188186640095	0.4201141481563213	0.6023747277721365	
0.0994532537852047	0.35155162986283034	0.6428862723878321	
0.09603116146730106	0.3537142253341749	0.563975325582383	
0.09512984666856567	0.4211706153763254	0.778438801613092	
0.11639310025603962	0.41956424234412015	0.5741778344341082	
0.10608582637128161	0.3256034078194921	0.5969386043355172	
0.10265066825546568	0.35461506500425677	0.7416491737959606	
0.09950417231403721	0.41896346119532085	0.6410112086703439	
0.11042914747856021	0.3898474852924282	0.7600983768790606	
0.0875044852556431	0.36160703560689694	0.6277488262247671	
0.10243065391318865	0.38717235332787137	0.6453175681848471	
0.0872499395202368	0.38781831894604624	0.6334810512334962	
0.103053002133062	0.32680820010340317	0.5747807344108112	
0.09053311919727584	0.37897022869466995	0.5617753384151836	
0.09159234650387371	0.38953587498831227	0.6498471991789512	
0.09173829111207857	0.4057598901051532	0.6354091909893097	
0.10118290619289155	0.34342494169745413	0.6243608935375636	
0.09702493474888126	0.3728871946570353	0.6805854917347032	
0.08529183272360916	0.348416685371299	0.5263813116786584	
0.11860568588082948	0.37809551005195674	0.5676024164873306	
0.10970274655213555	0.40798547000858987	0.5627213997547797	
0.10705403088070614	0.38677944190009544	0.6359755732196981	
0.09368201496000007	0.3117836904514324	0.5169988526639224	
0.10373511953984327	0.4350494491615745	0.5348413324752498	
0.08269766291812562	0.40025075704798135	0.6805931407899792	
0.10773390039833262	0.41258951615347755	0.5311428350058266	
0.11538724930649427	0.4482120244289623	0.6479115967112647	
0.09096296030608485	0.37732066545806786	0.6285216675842542	
0.11545662663153007	0.37860013098117107	0.6708129324426011	
0.11140546853774087	0.40725207598650065	0.47004356603387004	
0.08747354866477361	0.38165556508752707	0.5512952695939067	
0.09856033206637482	0.3509635613801031	0.532060319601119	
0.09234657065004143	0.3387445691658385	0.5901794899404136	
0.08653718946038515	0.42004636011356095	0.5806586030476658	
0.08916572330644645	0.4055226569216832	0.6769148822110576	
0.10806252680512757	0.358448328056746	0.6503798569616398	
0.09091732299771559	0.325773534854037	0.643617406366615	
0.11984367124302225	0.3596098846033664	0.5473227710998368	
0.09515074270954173	0.4014716559132399	0.6108784559462076	
0.09712757792842758	0.38592063805232285	0.5498154630598926	
0.1029459281252227	0.38389146363851023	0.6454976685624235	
0.09499131206679186	0.41893264862332824	0.622945524420128	
0.11646803790655912	0.3546546514004274	0.5930602290731677	
0.08899912244108665	0.37145014356738437	0.5523909449526979	
0.10395244391903265	0.4034805858408325	0.5992594782584892	
0.09136095491173439	0.3373563693886344	0.5980840800059901	
0.09315991512027856	0.34641261573220783	0.6379867303720738	
0.10874356961710954	0.3518001072672445	0.6179491243555301	
0.08821410865614063	0.3629298878824505	0.5748892557753743	
0.11092744582022035	0.3626122712990103	0.7741483616406816	
0.09426304743275055	0.38049834569489815	0.6224774472673575	
0.08839349888686232	0.31061005214138226	0.6745518643321212	
0.08846040428146279	0.44043728570703466	0.6191102514534318	
