3	86
0	1	0	1	0	0	1	0	0	0	
0.16552314638262636	0.5957984557411095	1.4186242726905482	
0.14567083628754204	0.5584149450065401	2.2980147954865577	
0.14706102411846844	0.6747372728824463	1.8118202646689794	
0.1461542633936064	0.6170074722467689	2.369366835481389	
0.16458434212504733	0.642856650915133	1.9549149541149073	
0.12536918823597532	0.6278802876056692	2.1785695492077313	
0.19083264354241955	0.5469516344712626	1.8232189350732975	
0.16303018485702864	0.6041625539229026	2.0543484862966412	
0.1268969371352443	0.5740552209365907	2.034831658580858	
0.16709051269646666	0.6401880575183825	2.250467634260828	
0.1637259264896313	0.6013020519350165	2.155179665557429	
0.1420046571123309	0.5450898072911816	2.258635418702463	
0.17239845714020946	0.5807083400312811	2.131818438252729	
0.15331808994258056	0.651585913196961	2.347199321872101	
0.1616520967010067	0.6675872624382314	2.1346440203867254	
0.1594963438402022	0.5476714164421109	1.7529388284474428	
0.12537690784146097	0.514419492029433	2.370842265834864	
0.16421962528462597	0.5161111517308705	2.5390670836725633	
0.14856027287809553	0.5405397576523207	2.023196672728883	
0.14654384472035922	0.60478779431165	1.9494054630235715	
0.1478594101441925	0.6067024778416296	2.4527212847327307	
0.16921954966479533	0.5858434890802664	2.375355040549161	
0.15373819340108416	0.6072739092954639	1.962332638003287	
0.1619031473946271	0.6408217581325982	1.8142776313724729	
0.1414152146713014	0.6317340201015396	2.015409499292142	
0.1751596882466265	0.5365379379774461	1.9139971166700982	
0.16118842977283804	0.5771222151888867	1.9637516486216684	
0.147660831166793	0.6413694474271704	2.5397471048084848	
0.16240619429049302	0.6822632037081626	2.1752137596087406	
0.1556274362152314	0.6618315937726473	2.317042240740244	
0.1650386479249445	0.6003151343505927	1.9007083289401825	
0.13254900944085926	0.5935439540980426	1.848514414213947	
0.14724907104196513	0.5716885550608443	2.2201210711651633	
0.18558902898877708	0.565983130391506	2.091671576349581	
0.14552427962710462	0.5972016602197056	1.805589018481094	
0.14920298770676363	0.7366482315403525	2.590711318528858	
0.1512748387525841	0.6618870793592914	2.140448460030877	
0.15130656564603526	0.6509489338204173	2.128697845511398	
0.1735831758680805	0.4898186967507074	1.9787805203577444	
0.1576217559836834	0.5200885522820818	1.9342184002305014	
0.14949972309986126	0.4690485520201497	1.8241164590491157	
0.12885390838666466	0.6076755146259992	2.021950533876721	
0.1514432599041228	0.585412580823672	2.3837992397468084	
0.13269397405440275	0.6277369712846212	2.012394337709834	
0.15069756099678416	0.46947626354038013	1.8150316065989662	
0.14891740303711137	0.6366290820785833	1.6193792275003767	
0.13798610213499962	0.5352072003740336	2.1329850188064174	
0.1684078337129947	0.6082904262217325	2.0899986093241973	
0.1376290622895719	0.6055460496309097	2.6319433757037096	
0.15841953688388938	0.5873154211341927	1.7977909233503917	
0.1739133074307978	0.6422657151732701	2.2310599586261435	
0.16362103443582507	0.7029866533095804	1.9777592279212863	
0.15887992622602262	0.6675291343965258	2.060868117496072	
0.159709599899986	0.55464824970025	2.1411878971792366	
0.15371276078549273	0.5672149706662091	1.9349575514284396	
0.1464521227000893	0.6738218658778234	2.2412671895291876	
0.17060231002456946	0.48018959813821693	2.1786778857806977	
0.14236325074721184	0.5455320590496092	1.8603471621914924	
0.15812909177041407	0.5325393406989765	2.1548417457020608	
0.15441366662498077	0.6188309465365033	2.082546780171343	
0.16779686464189741	0.7194974531136029	2.337337614323936	
0.13426154829742495	0.6351491441072525	2.1001046763047557	
0.16738601367955344	0.5829817228952632	2.6554844831479842	
0.15043708577601292	0.6745485467485962	2.056888257664014	
0.12576475672291362	0.5510105247853555	2.2533961268252605	
0.1738417794326695	0.5774771228735027	1.8509155949740144	
0.1599081149508441	0.4817370344146564	2.493053709401227	
0.13997038276580556	0.6571273862575361	2.0912802744344803	
0.13940687047702535	0.5811677472087081	2.3373633299491856	
0.16706570304500695	0.6251041044596025	2.2732650951482785	
0.1637795232602979	0.4555538584659492	2.2775341753127543	
0.1360424538454688	0.5876771573013876	1.885317747667209	
0.14346245605801863	0.6030946232858633	2.223995639087472	
0.1550604769676587	0.5960265057107484	2.2137150603659164	
0.15844910851766644	0.6182901585842523	2.0820285631528543	
0.1458768845166526	0.60012458510239	2.693369035140653	
0.12889508359241064	0.6139862628440349	2.157270579020729	
0.14683766578342825	0.4997515189345345	2.3511689987081854	
0.17767941856528938	0.662666615105498	1.9617872147771735	
0.13625162901758003	0.6548228564999871	2.135484448915595	
0.1322886554088574	0.6714068147848493	2.027762112998899	
0.15397040003664522	0.7018583120156968	2.101119380693212	
0.11434641764530343	0.48325966755956196	1.9595500631763616	
0.13945413034048326	0.5789888325242386	2.2124303219204355	
0.17844185043174224	0.6077139251883248	2.284411311749291	
0.15535028651301355	0.5293691891412257	2.1333852575220824	
