5	81
0	0	0	0	0	1	1	1	1	1	
1.2137464265756446	2.527745083623288	2.914055144551402	4.139349603840912	5.517581305851499	
1.4504532892018571	2.272412695982739	3.832050786239656	4.043881289751344	5.327168878802391	
1.3703500682804286	2.375740242329891	3.271525770772841	5.06783597362424	5.467014340419537	
1.4087930552302188	1.919440064402582	3.1266743629421887	4.197028170199114	5.248029065109421	
1.4987161219128629	2.5422352306817997	3.163450782780972	3.7335143103021227	5.50083192783738	
1.4116067342929275	2.0954114865533837	3.5390067947898975	3.850734188279031	6.114137420492456	
1.2800217752105636	1.9913354344005993	2.9719579617614897	4.282031519076103	6.6328188810801425	
1.417237998347586	2.3211995124621785	2.9668088835925763	4.163212173069167	5.347356971859144	
1.6923005110169804	2.4705903584344076	3.2226207630817694	4.759979621339551	6.6640097195293	
1.6704718191841168	1.725574879958898	3.7494727010603333	4.568570800953435	5.789355479396479	
1.2912591241546305	2.214813317456782	3.7320647142252503	4.105822303684096	6.2670163392978395	
1.4790917013882305	2.4656780007412564	3.3078200313100536	4.382080811892395	5.612940596823697	
1.3075563678652153	1.7484185847819607	2.7667287300431473	3.835070909166358	5.932825062251515	
1.472556919294881	2.1102175959709077	3.0507284572422675	3.5498311819640724	6.128696467467348	
1.5194640070827852	1.9885167632411518	3.416860144211253	4.25703788111201	5.639566428066879	
1.2108530588195996	1.6433898110973213	2.879673742682271	4.061849696330827	6.385298592221737	
1.4846007449717467	2.2612184896771743	2.724854176341392	4.5056353219232115	5.5879099112635515	
1.5586827348154102	2.0655665639540954	3.705232690075274	3.7404880478883844	5.702644133347633	
1.29869052732895	2.4377977374552753	2.6291630739025607	3.7766242997572803	5.905528306795931	
1.4652681602275326	1.9939745830290871	3.1268688620136507	4.759240648550817	5.9881119575126	
1.3670907191771389	2.194890127994824	2.7272652760478966	4.7701540071536055	5.304041520998299	
1.53132262405128	2.073153867039771	3.1644591282601526	5.025804550655575	6.137912212783401	
1.5893109464937727	1.8638510425007258	3.924479438873494	4.632049985628021	6.640366384014532	
1.428583023782903	1.9737443177438176	3.7458041301793346	4.369498610304784	5.973199215609066	
1.465974527829132	2.437600624149348	3.405311215245702	4.506783781875226	6.807990233673041	
1.2032823381759659	2.1986169003873792	2.984380181699009	3.7902669738408243	6.535341893306546	
1.1612928800194293	2.0115795554322813	2.559438813120604	3.9432480225360407	5.802014778268448	
1.3560172794042384	2.3614116880866813	4.253501267055787	3.6644467449705678	5.575043989157649	
1.3176604814811448	2.022733272951565	3.7064813281393123	4.500761128459152	6.393951413340893	
1.2843860492288988	1.7214217086776906	3.6637804997796986	5.345708417834596	5.9116170221218205	
1.5632593099201528	2.2998541482950903	3.52516232462495	4.172340415899131	7.038459737478938	
1.4373105691773609	2.2513849665525396	3.2413624658704863	4.198788072330318	5.733384189771529	
1.8194545092603291	2.0809682190622447	3.341737981274536	4.290228272693329	6.309543421260248	
1.5041179365506288	2.113582988823633	2.734065245485163	4.764578325730747	6.725008747566939	
1.3538257922522858	2.123248185648314	2.7188597417498985	3.8711481908549263	5.209268579775152	
1.3995184222125465	2.1214660331034003	3.057880452412067	3.968034059502777	5.267219206418297	
1.2559288217735187	2.0919642964237757	3.039130323939542	4.391692952542344	6.534032134549758	
1.4561419853505375	2.1525084691307166	3.6529232921405117	4.267724297053124	6.319320448482877	
1.46379839273021	2.4333567648319456	3.267652586739697	5.013762339940159	4.950223608847985	
1.4221233871675236	2.0224987496683706	3.5960931090492174	4.447185840315835	5.402365730621194	
1.4171505312402035	2.004582870658044	2.865301235002287	4.7634730004817305	6.412343058833114	
1.3809227419572827	2.1172964813787964	3.343600860560552	5.037189142965909	5.584725232615619	
1.3974888707279418	2.314126989111837	2.9917923222687683	4.5967447081511255	6.075581777194988	
1.4757664179875607	2.174480621085271	3.1063948767427036	4.828966583839798	5.320658932534086	
1.527166035213965	1.8381014650903729	3.1922615884662413	5.041826432528323	6.828734457496129	
1.5686772548496806	2.267894241847124	3.2965561836018744	4.12187795557228	6.752475356399739	
1.4765763912757868	2.8508021254728995	3.3771580200251927	5.229965014687483	6.575838516765803	
1.4513526305598183	2.354821250718123	3.246634187533169	4.433075889344184	6.327493231496832	
1.559090376426645	2.014622048062666	3.313677883988213	4.002364660594781	5.981294604772731	
1.3676485125709146	2.1281075154018994	2.9707064734143334	3.9541688199275744	6.6839824280187345	
1.6153508310665856	2.090637493986279	2.652135388681863	4.226741885128522	6.129721076874169	
1.6527101575373662	1.9091686009432869	2.99254865510677	4.010466267331287	6.285616555439718	
1.3784454131715973	1.817078600858057	3.17111057416737	4.395189600378394	6.197826709716757	
1.4153468134987242	1.9294302569618578	3.021095401994637	4.210821866456805	6.158147010456624	
1.2380725138506377	1.820330288649545	3.919531536937115	4.620005367054588	6.062432511783746	
1.1116850652214127	2.2158729425346286	3.307438651016301	4.922135728695682	6.31229582581708	
1.573624015168212	2.2562922484126418	2.9462221210721773	4.4824474540571515	5.797825010136604	
1.5737193511485374	2.30537249974328	3.4394247755459157	4.864308925092909	5.958185011447602	
1.5572700975807163	2.2702004956581257	3.211350005029926	4.136510049152184	5.7679154560871115	
1.5197629627927882	1.9381254275400508	3.8455737078867607	4.239337372915691	5.506604105208237	
1.3829598370061944	2.3903574926216593	2.8462256283143414	5.157968910542941	6.6265266670842085	
1.6871502818365576	2.2807999078377	3.3455812098354945	3.733534689762409	6.087203787447752	
1.2475125875823423	2.351957543096564	3.2034728509469628	3.902738931536905	6.243797125242729	
1.3733284772418388	2.383698743438035	3.1429926020206733	3.782611208941777	5.649947906604579	
1.4169195292512038	2.4179769553645425	3.2889948928409685	4.412717385133846	6.004561764215087	
1.6227282447283753	2.301263767279997	3.5603951003547434	4.769389364921812	5.976059063043145	
1.4729983279006602	2.1264316882512793	3.23055651264214	4.0239725822236485	4.594718847553288	
1.2528184401846048	2.0795272108884735	3.314498250170496	4.342800060752757	6.997910903805538	
1.4229796037265454	1.7432052116516001	3.0741565119903225	4.9526956224135965	6.484768124148525	
1.349153828214738	2.7122696129841795	3.170998188135037	4.7460238926234	6.920119762210106	
1.4294286371166884	2.1267809815953456	3.1887231135401444	4.710146752580072	6.020300626277834	
1.2719352399707147	2.2529071340979785	3.0457354831544423	4.523047473585921	6.497870470664738	
1.4163755026144353	2.0775385807244633	3.686805625647252	4.177607702465291	6.56580578067039	
1.4712086128550057	2.0533904056964634	3.2684859797513925	4.526892687404888	6.418370768698001	
1.7330336095797758	2.2807316659031462	3.0349621430782863	4.309797502176563	6.893064483039398	
0.9888024237008489	2.22094854384756	3.3032672185127794	3.800830004405473	6.088673546967213	
1.3474783572165165	2.189073814137978	3.585764870458953	4.117007996111508	6.119536523546266	
1.366135324958793	2.2615606226407214	3.091653510254309	4.234743293395548	5.8052713812217	
1.5260177063095492	2.2523452784052105	3.7464611647524113	4.521755250628081	6.208749989488445	
1.4585595373143283	1.8887506170452255	3.4789930475806488	4.993748811919625	6.3069034751080615	
1.4153191122862165	2.409570280855056	3.41251329794897	5.344460386025676	6.2295432577748695	
