7	63
1	1	1	0	1	1	0	1	1	0	
0.08659666794132857	0.14534324990311434	0.388790391585042	1.0276890969295585	1.7444817572557374	2.655721063687398	4.079738899060089	
0.09689293601271481	0.15207404999998692	0.393852448272311	0.8732586037588502	1.0685419891787042	3.5862464151136004	4.726199454827784	
0.10713233314179421	0.14678022098125315	0.39334415629696867	0.7440319678551821	1.2769366404998626	3.6381336564298445	4.5139112470687195	
0.11869281286987413	0.13537941326710817	0.4769815898221847	1.1806701669513096	1.3377763845345516	3.1023091192374292	5.063400860823773	
0.094372228099731	0.1460158913506767	0.35213823110548104	0.8643160600330025	1.4468691463270962	3.1610744873017116	3.559816548195442	
0.11441088463735744	0.17399017369127248	0.39947104674880995	0.9416959200540235	1.2961724535681916	3.0998941290948214	4.990121615070797	
0.10597919856793743	0.15682922075063935	0.39891568581582865	1.028811784318347	1.560486202496181	3.474056843053214	4.343288312351245	
0.11684377452121666	0.1427262196332844	0.34698708361810904	0.8775677996948872	1.2596554190204945	3.4396621725328513	4.493896576829939	
0.11128650228853583	0.11330434380013146	0.3880140121483157	0.9061107358940981	1.3805785812862255	2.9117814463172818	4.519631672255874	
0.0923528876520222	0.17279511087632654	0.4038285019606898	1.021272948440027	1.181128774671282	3.537832781339434	4.8561222299799764	
0.09593681326564157	0.14720342281221244	0.3426554415978348	0.9013967966340533	1.5107414660206298	3.0324639177706953	4.516252156697603	
0.12545625195779034	0.13531803110094895	0.39262118075597247	0.8338552240652728	1.217575587462604	3.5097707338856274	4.3169074380765196	
0.11599378530031584	0.15851795077115544	0.35013951918488523	0.8484430029217429	1.5330469454524625	2.9078050909475612	4.013569900805168	
0.08280793172110597	0.1593508307216331	0.34923432153024064	0.9634536093539773	1.243778922729816	2.7175433639541913	4.823896577767594	
0.09841486995530058	0.13982695772874687	0.36151474306844084	0.8850912909074575	1.720900405672229	3.3362652882324513	4.562546628084269	
0.09246513375900094	0.16180217248462	0.33621257595806664	0.9782376952628444	1.5049455650351662	3.5807000876535584	3.614169946801963	
0.11127244342492458	0.1553071318265761	0.3513359742871793	0.72919352827473	1.3719074729115477	3.31071935820996	3.8159326247649807	
0.09148998391892604	0.1310480961588876	0.3634789840929185	0.8287908844689762	1.7403467105386632	3.5306979725605157	4.0024943102170125	
0.09040061385451761	0.1277865005530097	0.37428749224427954	1.0950902715445596	1.6012213743153996	3.314358701178005	4.367618148661849	
0.1055144170845655	0.1541972436569111	0.3964521349131205	0.9483555441470156	1.4936079670495548	2.7883046173065504	4.445851179251235	
0.10233519956678334	0.1434741943192594	0.33258503203106543	0.9304859418473613	2.0231489921977395	2.9824924969294004	4.435982986200135	
0.11261385458082873	0.17659686504854957	0.35783499510141753	1.019709224197605	1.5431490259432035	3.0854434924826686	4.78123153719071	
0.09826928450122444	0.14059834998879323	0.44532448911059386	0.9903878583351	1.1895026289087125	3.2084905319293626	4.266230168269762	
0.09789352932686768	0.157739352431113	0.39114940180212504	1.0633690120019577	1.604724604631911	2.8554831918842747	4.455758797980924	
0.08053211951375726	0.13504969334571998	0.30036771735997625	0.7841764442460969	1.6302147381113572	3.494630267764495	4.777676963266986	
0.11175337712958677	0.1591905895010969	0.3767786043562596	0.8751914489977856	1.6724777516347928	3.6745753087615083	4.401241983890601	
0.10763863150647535	0.10813597366524975	0.41094083935380465	0.8834265951188881	1.817885490377429	3.6239524323189674	3.6122922341782533	
0.09288700103450301	0.15090870935758646	0.3783873310338214	0.9218526672215591	1.570816637169225	3.0742472352660415	4.467450923998398	
0.11526072099631673	0.1731332913471962	0.41715405295158997	0.8974753796046607	1.3288525302040286	3.236579495076046	4.512803281188852	
0.09964671520568898	0.15834443360549472	0.3937053199673397	0.9596583781362085	1.3632556076110725	2.8603454163159543	4.812588953166895	
0.10060691103133212	0.15613215561194452	0.3965954487256175	0.741506382725251	1.6761760966897228	3.0663417166530906	5.118275056599527	
0.10424656253352545	0.1338214371295219	0.3531097343101972	0.8659115874619762	1.3396797708398984	2.674959374488926	4.140692137673171	
0.10967381840997457	0.16604633401823768	0.35430220144507235	0.7558232857804398	1.5202213361777916	2.8994101264737333	4.049687918557922	
0.09717166083593637	0.14435296697836789	0.3499893515435855	0.8649561002056685	1.3582226222530178	3.0179539930158445	4.207010886654016	
0.09694270044679706	0.1553003597168445	0.38946400375294615	0.8795781385685372	1.3847128532774289	3.6869134521134175	4.943985196534315	
0.10548218085525546	0.12343002242913918	0.3840679201344265	0.8671810718918439	1.293218882367369	3.133101290735044	4.9711837777960355	
0.10888277691655307	0.14070728761010884	0.38321557227064296	0.8907949168979428	1.39567048796396	3.57420566486269	4.4715802512115514	
0.08242813543576938	0.15208034437293047	0.4490220148569965	0.8649001172028936	1.6514415878209154	3.450676066664823	5.029317154045341	
0.10875442054369355	0.15266692094147305	0.3566967098326054	0.9463377128796611	1.463345018990277	3.5657568744024406	3.4870453848653633	
0.08570129759984585	0.15354454985604624	0.39264375866144036	0.8493480184180695	1.481090741668167	3.470465605719331	4.412380994894195	
0.11429555713006512	0.1742466663304707	0.38462782158653297	1.0082011341020594	1.1874202642415659	3.5988456786797154	5.159693777686456	
0.08984596702616428	0.15925083535369522	0.3088051181293276	0.8568301238568594	1.3555940965197726	2.7707052729034154	4.392904361026166	
0.09696038372211273	0.1592516528507509	0.3224718849139453	0.987970876196194	1.3171489563619845	2.834483762086532	4.411623717061467	
0.10752743109225092	0.14273685573275602	0.39952842532241595	0.9559382952593682	1.8782571423937222	3.1484096767824754	4.425079254475645	
0.11107922547516924	0.14922433050805992	0.3895374820060682	0.7666319002001202	1.412566046374018	3.0208433171381555	4.284221555438994	
0.10256538708905766	0.149176363050656	0.40934216998072026	1.0187204943119852	1.4046602955122818	3.3473311478505994	3.5848478522870093	
0.10314580364154105	0.16579518609633637	0.3454294363988634	1.0002623904730936	1.3653677696783781	3.062577107013159	5.140884514537229	
0.09967105673552237	0.16300223619195955	0.30580053544242275	0.8732851849774835	1.5317583428433204	3.2904330739337384	4.41726000799128	
0.1060397769228422	0.13752967047397338	0.42625515486623367	0.9102300376808623	1.3133492984235142	3.0062289346531568	4.463302551225464	
0.0957352304003015	0.15789239085676499	0.3782379570386662	0.8968936649485431	1.4805352712712483	3.0778990281197482	4.721100285052422	
0.10326392819568911	0.1542786421581533	0.36639798295644116	0.8714463452193855	1.545645168436345	3.4495676508445525	4.046406431720276	
0.09567172235031646	0.17009565455942813	0.4173922855059856	0.8211880356756542	1.4317001147622805	3.3861764951358175	4.947136336769923	
0.10127121945068994	0.15725790900301265	0.41539105997990783	1.0291095555039291	1.4041501253767492	3.264806602676809	4.15887647360229	
0.09726870854844578	0.14388881372008136	0.3728324740924855	0.9212351024594796	1.5463107059009913	3.3635299147207527	3.924028292890231	
0.10550392507729112	0.14176828166104988	0.33860274685279457	0.8237696239562994	1.4542782640485221	3.5947991809884057	4.405135473589837	
0.10937267054327832	0.1512851013264798	0.29808678727218074	0.9869298341560455	1.352468986028887	2.986575292638376	4.778050952953191	
0.10133859874433622	0.14899098216195958	0.38368798979059604	0.851220508228709	1.6831044046115842	3.3060868580336296	4.571387954942992	
0.09912952509917217	0.12575192943851524	0.35436650873742803	0.8161891283248397	1.2412888964318536	2.748992202671008	4.214156163056189	
0.10020483649495565	0.1286670851827427	0.40659405240639157	0.9576637007757303	1.396865638194394	3.952680288408122	4.391730739120073	
0.10798210407803584	0.1531419874676202	0.434672021294258	1.0308663852227387	1.3870998118028253	3.1643036926161945	3.8963631721843512	
0.10115954750480005	0.15981961091183366	0.3776488648429915	1.0602563637044118	1.4507509572458015	3.6554085466074766	4.426586129701468	
0.08840462612814581	0.1406251472255473	0.37877645677459765	0.8602921997965062	1.1933255456250897	2.5992408258552713	4.9562584264013125	
0.10385332840972053	0.15413487762577952	0.38639756350260757	0.8790885478986589	1.5435897181084968	2.684734884256549	3.5621581975431273	
