6	88
1	0	0	1	0	1	1	1	1	0	
0.0940859652537743	0.6190398783654835	1.4523064071854999	2.311658913314024	3.544850121416915	4.883266607241693	
0.11827853948235244	0.5670671433025704	1.5768726714104973	1.8883581100551539	3.1688761670648367	4.255354389485478	
0.10145907554225014	0.6725744455147347	1.5636847791422641	2.1682021560973106	3.1314459049040133	4.806705242536158	
0.08519610061139765	0.5665975079169718	1.510510542569472	2.2239862952059593	3.0597393567273206	4.9270297366915505	
0.1075279410248665	0.5698687537535191	1.146000363010846	2.1045223612320982	3.3537359805580063	3.833935170687905	
0.1007522519059838	0.6947672230559638	1.3003126832967642	1.8643595449058727	3.307617198447062	5.137504129923069	
0.10309107060650974	0.5857637410955084	1.4212446056557584	2.2637932626994135	3.3844556638556313	5.592886195858972	
0.09836417251722683	0.5523951183417456	1.39359588395151	1.8704193724468046	3.0150539991292815	3.3720112877414596	
0.10576327170190701	0.5160031780783375	1.2917880889367985	2.2191717413860386	2.654819998363771	4.3192121863566335	
0.10612856047212896	0.576687204913536	1.539566229360546	2.2202457296535933	3.3554107637801764	4.254729206431072	
0.11434743634507881	0.5773081454680211	1.5693386351690068	2.4339558347184345	3.431188806629268	4.873821240290853	
0.09605037937113725	0.6514177975056225	1.3708250155941692	2.23188091863472	3.121004737117219	4.008333414590695	
0.08908279255420629	0.5945432642655591	1.8535241685697614	1.9753720892611195	3.50569406296239	4.666877088741166	
0.10302713131244826	0.6534516255333016	1.7071250444370145	1.8166834752399739	2.563621708731292	4.421475745585263	
0.09163038583666444	0.5479092801714539	1.2434643914283603	2.371033472534841	3.606550098526976	4.963022562262628	
0.09147156847745819	0.5298778215913397	1.432379003168352	2.3021752223492746	3.537466731489951	4.984756175497593	
0.1030778542299724	0.6054704118841181	1.3611043174525344	2.6679198025424506	3.7600444477407167	4.57768313168587	
0.09191539634732869	0.5875593962048231	1.3569643282867516	2.404517117382756	3.6350624505539653	4.427098745924746	
0.12097854401455375	0.559111357073306	1.539795830656153	2.15633395780178	2.2757700868429236	5.342952537889718	
0.08711495234496368	0.4952048923007271	1.4708388541997104	2.4110706507026087	3.413857633082168	4.335239481899947	
0.10811553498268167	0.5999994682982006	1.5366066079929022	2.0220364690107866	2.933334986096215	4.199228010864115	
0.10885908648021621	0.6174149522737837	1.2011664684841967	2.3110261107144026	3.8591808805576133	4.144750633253171	
0.10041909814450128	0.6885738364755377	1.425708344149543	2.0353610276302683	3.7330057589994032	3.8986827234446118	
0.10605406976822669	0.6008612991947097	1.2875478326608392	2.2948307440490137	3.3938138661257193	4.683185777374968	
0.10294395236264925	0.5811712652289049	1.7521807493378332	2.328347056677446	3.040150106805881	4.820391805077092	
0.10150863552062568	0.7061091734539786	1.21379455572652	2.0992446339282056	3.371047988747471	5.47800863443001	
0.1145106601824093	0.5141366047030181	1.6604735453452943	1.8583133831404322	3.7685862292406895	4.227241367087835	
0.10104348498352296	0.6461147192568721	1.5174914767936918	1.9634592701379188	3.3638410872971325	4.330176461544269	
0.10943732317244935	0.543421947951958	1.1545073198859837	2.059623665992392	3.1219119917858826	4.843371142264777	
0.09363515457376788	0.5910143289696678	1.5967918838576987	1.8915522382896772	2.6537509863933924	4.159547367979265	
0.11238490077083974	0.5869277740038683	1.4956056893111442	1.8681309798258343	2.9355471169997243	4.02019768032504	
0.1053723642481545	0.651107121225586	1.3763341893766392	2.272580141646328	3.9558137815992174	4.211412662581438	
0.098815333957442	0.6163458957460627	1.3520181954000752	2.360637973069762	3.287287704415149	4.8086113960411705	
0.0752730947449021	0.5154479833442873	1.4450394493186787	2.50085033178171	3.4428127262338704	4.827030189655016	
0.10856666477346982	0.5511353921385654	1.4642908254254554	2.540080217935232	3.7403006094939197	4.756459383324914	
0.11008881768559393	0.680659715765333	1.4623378990680795	1.871584311721515	3.158034373505803	5.044044562079384	
0.1014646951022409	0.6176239756049818	1.3645723947403154	2.303976162554542	3.0035908099791944	4.344751501242177	
0.10702735650834372	0.5938365811453271	1.571041448272205	1.676159743288487	2.7610731376077045	4.380501124952804	
0.10754886659630605	0.6366044609441028	1.3356206678081581	2.436799475838913	3.2358001852886717	3.8250930959197182	
0.1120461670277979	0.5790800395232735	1.328588390165015	2.323368635405618	2.9338986479230917	4.274396700212523	
0.0849605482715385	0.5242241126552508	1.6199234991546896	1.8710150680834727	3.0169853371750075	3.6927577543256374	
0.10896904085110984	0.600898656725274	1.2834040848920316	2.2067481792346015	2.944035731449728	3.8218283874511436	
0.11374747945600519	0.6569090510819051	1.594905714511065	2.563144695436538	2.4198539244996704	4.242991774808844	
0.08701420345614297	0.6256411649728595	1.412959438797821	2.2564197073239134	3.243301901448883	5.371738170339994	
0.10401700832079869	0.6451833736930171	1.50857289286506	2.21446739127964	3.493136534701809	5.348000358448622	
0.10256886719728409	0.6005470895954971	1.460549886056091	1.971013647886224	3.288284678754494	4.1794443757334765	
0.10002687787841842	0.735087652880639	1.42666607421046	2.6109667943659747	3.217310157408535	4.34985204234052	
0.08757618657663284	0.5710715832754614	1.578347331977691	2.1256261877046456	3.3115671695921867	4.342688955008793	
0.09165785191429981	0.5079568498672029	1.2493054420077607	2.33309925291287	3.159568032757804	4.2607621894229695	
0.10937971574871513	0.5105600119809212	1.207420817765294	2.1900440028925283	3.170200090781493	3.7689120449090727	
0.10535104486461806	0.6658141725365613	1.168665738854914	1.9690871103308845	3.2287734806273254	3.912065026814559	
0.08968516426302756	0.538988200583414	1.5787514515780048	2.18691147456632	3.4965879898752954	4.313933936378126	
0.08768333697252732	0.629312781120999	1.3600167422739289	2.4963146397648317	3.4585767478283582	4.71198062383942	
0.10037134939614428	0.5751139161394075	1.360711385064544	1.8315197895307551	3.1814614914292263	4.275468242408584	
0.0972995904300797	0.6735209343006017	1.4271111688127698	1.8084191650301664	3.5820257613832003	4.439588376786826	
0.10654978741129575	0.5971195959891916	1.2404992417284315	2.1262202492664146	3.012064861998303	4.437233588407272	
0.11011258156870443	0.5827033399714413	1.6589140142802627	2.0150668809665424	3.0664709962768164	4.720542254971887	
0.08690424839851063	0.6192177068140076	1.4449907421308892	2.2916282151484744	3.263209794155858	3.9115998772023524	
0.09604575095383004	0.5136971686083774	1.5235610043047378	2.2475125632207997	3.7624873400543932	4.654303411572759	
0.10465433265326377	0.6094499278165229	1.3255433075033978	2.208612985731556	3.1458461778332993	5.023834898644196	
0.10778345368363228	0.6262881754082309	1.41591425317412	2.0880898048375447	2.9915117709693377	4.530259884246335	
0.10294886725681139	0.6297951640282672	1.5321400098122817	2.074412494670464	3.3366119942839227	4.616192557058411	
0.10779330344567961	0.47770810586562096	1.3558311627172468	2.2952748579302282	3.526744282631874	4.260845977164696	
0.10870580217466896	0.6570665512834567	1.3403784775758336	2.0889758392906446	3.213961458395514	4.8312937449124815	
0.10562921765448097	0.6013686394259328	1.3910791596409764	2.685660678005743	3.285510807615209	4.107099311347222	
0.0944259962189123	0.6101319410784545	1.402177389747689	1.8078521118571216	3.313396577386348	4.8712255116329715	
0.11753507442911662	0.47193432814191116	1.7280660419080243	2.4859002958169687	3.223642566777086	4.405081075965125	
0.08830317397885618	0.5130332279883089	1.1749689249863393	1.8057612607788682	2.8517635223872317	5.3462602007071185	
0.10906982728958568	0.549686912639677	1.5157912300408096	1.6557925042186512	3.027835588255894	4.934594751220366	
0.09756091235732711	0.6843921912098594	1.2977543940236558	2.1445647864175528	4.032334514985856	3.6462725246516308	
0.1160994288930991	0.6085278504728181	1.5778055027190623	2.1496757550068435	3.581301142767543	4.5896236817716165	
0.10744789188991195	0.6021542247163582	1.3532518589260576	2.017219490054594	3.748150108655569	4.561627019188382	
0.0836253942731155	0.6556878311217089	1.446052066532696	1.9132452018988213	3.309011138043689	4.514118269675805	
0.09679465457473274	0.5209839019520388	1.560820101162842	2.1393631298245523	3.2896215319031783	4.675387903127269	
0.1231621516636134	0.6170742088273854	1.5002669166611704	2.0628006002193784	3.3659189636929945	4.864785553877123	
0.10360495678382256	0.5535768244263828	1.4364097106782001	2.307029189329317	3.1777191610012823	5.031548924609297	
0.07874582402780728	0.7525105249828897	1.3966233791471832	2.360132639838567	3.5378671032059597	4.617124122138526	
0.09431683387479747	0.5273152753396273	1.3770272129391976	1.9328637490348	3.453025153339182	3.919212557488296	
0.11806544587965495	0.5919372857498867	1.5238294308046405	2.424484233719688	2.751923865937228	3.6692738355619943	
0.09926951780470801	0.6449639663956598	1.3996164382534164	1.980487534209436	2.7831563209674863	3.7340291322147316	
0.09694594420038462	0.5584999875697743	1.4181073753786264	1.89416251615463	3.148562455983196	4.872696098518815	
0.08939716546535084	0.5394855817330951	1.5033811340273646	2.448577460931292	2.6475110671579056	4.097599974367366	
0.09717448307885357	0.6589060257060017	1.6189425752408102	2.243976571343905	3.584576376439678	4.503216539830231	
0.10409109881069618	0.5302131784935562	1.4627693348927508	1.9915866925957966	3.0165790641740937	4.789907277181552	
0.09463320304982531	0.5673011674419747	1.1271984688059307	2.2407221621637468	3.3462447820660066	5.339505488933959	
0.08295171520331676	0.6241430922731896	1.501038592312189	2.0140514822893683	3.183315264497579	4.031350525040581	
0.10145565838043623	0.5536448221957885	1.4593866758621332	2.071219016040256	2.984315007104347	5.1999358267493285	
0.09758674531746574	0.5995923746782897	1.3719556222203169	2.3177355089205816	3.1155344216187557	5.067492976338204	
