7	25
0	1	1	0	1	1	0	1	1	1	
0.16743609675480342	0.3290616196252222	0.957919777407788	1.4606785959160675	3.6155665045933194	4.201820186711542	6.473603324899045	
0.1549673471468899	0.39833569347261544	0.9506947617756175	1.418331124930173	3.2033456287378677	3.985994834460907	6.58431836660187	
0.16187879647450812	0.3068421426673785	0.8619470675771219	1.3981779117456137	2.4717909287470947	5.6090884825271194	5.830669232150324	
0.12616325931993483	0.3702999439079072	0.9181259241190463	1.2564682769535125	3.215637166391043	3.901964269559374	5.97693131415069	
0.14474472259813645	0.35711938911588365	0.9022945910388372	1.1788070354119335	3.420702197954651	4.474008188084984	6.565103810949161	
0.1394532446323394	0.4072207882832472	0.926089034030316	1.3401401219588038	2.8211112276109764	4.764614457213178	5.2932361567555315	
0.16361185569604353	0.39143861133548963	0.8968571556948922	1.357264590718058	2.282799074689144	4.50557524091028	5.816547233948648	
0.13878900008671655	0.38564709748539017	1.0066066572482268	1.4358074349397365	3.38267499904583	4.444169307101765	5.856572331009152	
0.1570432230130821	0.38372928788039995	0.9886153217336069	1.2741444787423557	3.4761223373803993	4.95453228810768	5.659350863335456	
0.14573750503560962	0.3328074148086684	1.0168237122986008	1.2426600873524287	3.171750449769142	4.490627953609109	5.370999876917987	
0.1465253817779533	0.39123100033868125	0.8600257556363817	1.4441271330628815	3.6572325166025226	4.495982506935103	6.392806638056488	
0.1639778103906503	0.3716960843426262	1.087612717883299	1.3375570128469207	3.8258852912136523	4.8800497598417145	6.190127596472582	
0.14837719091496518	0.34444993224791653	0.8858851698650186	1.4241321818648935	4.038696766471158	4.15997051592508	7.234718784851875	
0.11958408505917573	0.43863403543156276	1.017947555076236	1.640755474332055	3.528096375819079	5.105196585613902	7.053866974388065	
0.1378244543771164	0.33041035024272364	0.7901610207792347	1.3744717050015025	3.5133725873208803	4.595177176319351	4.512886292205243	
0.15221246868269206	0.3424994867179516	1.0358416553484115	1.4438698880555647	3.194020307828749	4.852534891225859	5.837257275659709	
0.15304576240243747	0.4092602818440138	1.1864985714215472	1.4398888223550335	3.449052112745771	4.190685572334568	5.855289338876695	
0.1566517934410964	0.36902229264492226	0.8413187492920424	1.4402591826798399	3.092494634993385	5.254089335874191	5.535198088446477	
0.16672278511233687	0.37032823790041464	1.0365148740580092	1.581660655117689	3.353180807980023	5.7213158447849795	5.833871741894885	
0.14158387706777323	0.40405990032419975	0.8971166790182152	1.3406454285249119	3.4104038891003703	3.6676723725884006	5.449386285085512	
0.1657169366206843	0.384611969027531	0.9547818958633797	1.507882347509394	3.2097246890018107	3.6134897916595716	5.716760446082548	
0.13517957473230263	0.36007903764243837	1.0038402538192033	1.5028473235280344	3.8038632570300877	4.9030677753451135	6.935936620009817	
0.1331941565523742	0.39930986650442774	0.9278537262891225	1.4608207860157667	3.402104757385678	5.076695671811153	5.954525277032548	
0.13823423118474493	0.3848976160556208	0.9385977936906498	1.8445929823973408	3.1016764597809714	4.554664091281802	5.783914321072071	
0.14452891096207407	0.3771747488528449	1.1163219946870888	1.454370976834704	3.00200273852832	4.4058628861356794	5.486308985027894	
