6	77
1	1	0	1	1	0	1	0	1	0	
0.11176797306967859	0.15633132253374962	0.5516303419749804	0.787735722865329	2.36930723273497	4.871623667533242	
0.11209241233187117	0.16123115457470164	0.6060795950019852	0.865507746684617	1.8065261742028003	4.462893023096344	
0.1205243261467967	0.14823374447893437	0.6154543514938187	0.923655445035555	2.013475227320467	4.836962615825421	
0.09628535110505351	0.15142230894251635	0.6727149880237608	0.8909725454652987	2.141375552585483	4.370747655796171	
0.10645734724943888	0.12193808461656085	0.6768796383451191	0.77298033989419	1.9180312812313756	4.411031586063089	
0.0899794996424701	0.14150808524883868	0.6092834131347901	0.9100693175845599	2.0418572957267105	3.8781973279085302	
0.07822160526522651	0.14021277345375954	0.5799413154947067	1.0609087226615423	2.3631556547620023	5.103160967668461	
0.08338804013910456	0.14166029390540197	0.7045984776705732	0.8560115151592124	2.2330093896959577	3.4661170587616517	
0.09270180245875564	0.16963359321304586	0.5604146646513072	0.9244654765330407	2.0231861503618553	5.021370122007194	
0.09717393890349728	0.16451429182861685	0.5366365224569976	1.0985640638547336	2.1335778231311453	5.389412609155349	
0.10005744839679707	0.11829261616368619	0.5347653865479318	0.8887147409466999	1.8470798514344067	3.7749197378982218	
0.09824688068526542	0.1372558113648101	0.6440552504977685	0.9918925224405251	1.99540138673152	4.748330114185402	
0.10832328197517366	0.13395959331152116	0.6776203295997998	0.8633050147381236	2.034766393127333	4.043653446164071	
0.099595096335212	0.13890605925401422	0.6365323227169843	0.757223073958407	2.0750513021808277	3.784192404172043	
0.10439394092490639	0.14190277886426178	0.5555731458391597	0.9123641669472364	2.2909299287969906	3.466419872042507	
0.10510041267203488	0.16316151522696948	0.5834529101167265	0.9516080151620185	1.8623611493256589	4.220414409033103	
0.0853445601089543	0.1430282579455682	0.6788740743031625	0.9765294798249368	2.0544955711652704	4.393156900828128	
0.1081130115244511	0.1367687366284211	0.5748002382610085	0.945748810821522	2.3556850308663595	4.348634946356747	
0.08704269881061089	0.14583909872500714	0.5667068361541459	0.8684790328432375	2.2091288037646875	3.9256849444229527	
0.10636946480308174	0.15442303082708478	0.5983105571556429	0.8858033262513769	1.6957406182629893	4.168977646954508	
0.11125567566741595	0.13255223398330312	0.6198757281853987	0.8366589309027284	2.323242762240329	4.591110704795128	
0.10267268391234258	0.1489074691702777	0.6242704666024138	0.9348132650212139	2.4152930551251655	3.9503080676003766	
0.11468628761902411	0.14021648358207922	0.501850777555125	1.0492336354106118	2.1072810080692213	4.526448798242343	
0.10197787765668134	0.1468470378505381	0.6019696702129343	0.9165950979597869	2.2105983569318264	4.447409127802408	
0.10739147025456788	0.16916329133209188	0.6122835514438216	0.7813597024336739	2.0606283487223696	3.758000202685672	
0.11826990084694262	0.15911136963714353	0.6573838800176186	0.9452932645807061	1.715127337973583	3.603961192828316	
0.08551853095072574	0.14315851509496433	0.5393720037414166	1.0453726670882997	2.0449149177737187	4.271173888079176	
0.0958134696761745	0.14693615726321838	0.5695365908352013	0.9768775757912008	2.1557957798444822	4.544597755163669	
0.1016201394623258	0.15218718069618017	0.579806589125901	0.8387981048490327	1.8725564508131605	4.752997393023847	
0.10041868831501582	0.17272352652768383	0.583194348481399	0.910192100688672	2.2038895984076246	4.95292944270127	
0.10243533169639688	0.1628613109598438	0.6399018360030806	0.7673363078898046	1.9836194636268856	3.952228397202933	
0.11265539093871335	0.1590568853515467	0.5380889084108815	0.9476727555260445	2.0117291238198503	3.943710562806715	
0.10531223270668853	0.16634531671902253	0.6827612764681671	0.927126633515845	2.6733424309834115	4.563767430092478	
0.10262393156328523	0.1498423381244484	0.6526927227174395	0.9060136034183357	1.975914600738832	3.719879546176003	
0.085300980616834	0.14118059302407468	0.6097750672850456	0.8989452753386151	2.2088218191886053	4.600877860440571	
0.10176591287521226	0.1440957539197084	0.5610496160509572	1.0386226863316428	2.053985500948267	4.298685146873651	
0.1132126109858776	0.170622692483938	0.5793869900173924	0.8964147049738606	2.46116814137398	4.916354782368347	
0.09943320647157547	0.1558104055224597	0.6835158981791964	1.0047174238111019	2.072663629364361	3.0751893571257045	
0.0787735104741093	0.1454442448490712	0.5326253852620797	0.9449855443136564	2.5412885779135146	4.405489720823594	
0.10661803361907524	0.1531361641147749	0.654310875224971	0.9805906186841754	2.3022615075484834	4.718446445650598	
0.10649226001820691	0.13625718539004028	0.5378583469596201	1.0376212711820711	2.0675194533894685	4.050271934470769	
0.10258429087224984	0.16144406212855905	0.6282943954782134	0.9586460824259903	2.3318546869946517	4.535165329872179	
0.09860947807391247	0.16187282029248926	0.6201987321884386	0.9955945521665592	2.3806619209753563	4.590467501903379	
0.08528399164622738	0.12944555926246562	0.6337114867478691	0.7762217193042635	1.9059570984930028	4.657952214918811	
0.11204738368679051	0.1546162457062296	0.600225039444104	0.896712666790348	2.076199224990266	3.8927272392881695	
0.09681534366083036	0.15087640008421835	0.6621320166809773	0.8700755770590274	2.3237117725706433	4.743565158651835	
0.10018936511900074	0.14115552117683913	0.5547722695046154	0.978333974889753	1.6561585515034951	5.514870822083282	
0.10790450843045046	0.1915004283094825	0.6782260120788367	0.9145281495208125	2.0138116167484337	4.936816965335412	
0.09116336519052905	0.14896089532008225	0.6522596758523339	0.8765664185944628	1.9791970861811066	4.701254272276445	
0.09299321244780501	0.14547188152974666	0.5720693200578637	0.8429654245914795	2.59019077647106	4.797934031211188	
0.10177328635332793	0.14410086849523793	0.6110822314367559	1.1585366711352159	2.3004460335805703	4.5753210815831675	
0.09464685180629101	0.17031102564934947	0.6672013726027372	0.8426269305389289	2.0733679811453	4.2740701807823225	
0.10031428752991077	0.12415759684343518	0.7585075665354506	0.7910057978589168	1.849884477072815	4.1885529013316445	
0.1005263423303498	0.12293589478976102	0.5352233645905583	0.9733484477229392	2.1050149866628107	4.826569596345945	
0.10151499548893508	0.15416084109071382	0.5662225414666454	0.8290727517626997	2.291345656073525	4.516061150367161	
0.09905670394618322	0.15631219413221198	0.6740867618667082	0.9577898806875863	2.275016028122698	4.322588120790524	
0.09354272382989896	0.14885274539972354	0.7353036018046828	1.047836880664983	2.390270046720172	3.963973073506394	
0.10964169804629752	0.14505677525548627	0.534071742595077	1.1439582217717568	2.4081372289290304	4.406995178091764	
0.09994532970039362	0.14072838757545805	0.6813573585441239	0.983849917053978	2.2241925456364813	4.4798942178081465	
0.11373969485478144	0.15578239234111727	0.6477809546721768	0.9404504168763862	2.065561723721132	4.730026667345772	
0.1126624161906126	0.1519517691458758	0.40533475471693065	0.8925496153379774	2.7419583977364006	4.00220418834513	
0.08698804938806008	0.14230758677256172	0.6168057725355044	0.8437370128337544	2.0358911905680275	4.931410175976723	
0.08216825412199158	0.16925871618079888	0.5514345852373325	0.9537364655741676	2.5769975246435957	3.908247263114318	
0.10262034615063914	0.15495313030095736	0.5697699889995377	0.9158754296831201	2.623937918110636	4.958585491747816	
0.0955982943700757	0.12617852658084813	0.47289692472087985	0.8976092282097304	2.178430444229151	4.418719221233859	
0.08963257881018968	0.15596770885055075	0.6191826267974281	0.9444792265403469	2.007011655540551	4.570659350449828	
0.07975702636476505	0.15565950254119643	0.5808855614857305	0.9197576912252418	2.156786261163755	4.957377721552895	
0.10348693438058605	0.13685646939669038	0.6249089392673882	0.8634185248599124	2.184256957049562	4.423273269420684	
0.0806928432381446	0.14030453690934971	0.5872625376721627	0.9328082915703212	2.5288114504173285	4.333773681694641	
0.08192147971588495	0.1293281534026707	0.6394391174442396	0.903417364348918	2.2491714499964934	4.046796931380571	
0.10605237584818852	0.13622951021758956	0.6896178227197194	0.9883513461574213	2.2800542494620295	5.121314059794086	
0.1061683099334478	0.11869297279559529	0.5852971580883817	1.0619623930001563	2.4001777494100462	4.024403294511165	
0.1008639749682132	0.15686850059043966	0.5712192794049727	0.9658792011069013	2.1085334298274083	4.842254298411137	
0.10993589316742658	0.14230495522287454	0.4858858167379764	0.918635557819895	2.1667555887094863	3.7427238708111785	
0.119962107527188	0.14868892004465897	0.748885455826774	0.9603183093771528	1.9615312233028206	4.438084442043325	
0.10039255835689438	0.15455701858207874	0.5618929380184009	0.9376219479960791	1.9648441634007487	4.919074280023762	
0.09054203329362843	0.1573989421157523	0.6943227331851923	1.0551205234082361	2.1622228126494965	3.485138518786831	
