3	52
0	0	1	0	0	0	0	1	1	0	
0.36483697179133623	3.3771921325698964	4.054527516658042	
0.34318548946078564	3.7236738535554474	4.678700403447902	
0.34434873314048947	3.6132722501725207	4.478281644486854	
0.38561087715717624	3.748494910955963	4.296998463525947	
0.38043157589471704	2.839068975030447	5.3024414309517445	
0.4081143554339133	3.676591444858653	3.838088074658653	
0.374589279891429	3.241115493421861	4.040310179806463	
0.32821211648789844	4.0059253812383915	4.441411542527391	
0.3474202573004549	2.9635129133299953	4.515111706839534	
0.44144217297689586	3.829182141467134	4.749891012555179	
0.4219358786626249	3.4321751711863753	5.034064832603244	
0.38347381021545807	3.54789703055251	4.544179751263394	
0.45311521228301677	3.3214072704078754	4.689789128518058	
0.3525883017790946	3.179136350089986	4.982286780046452	
0.33247150005145865	2.9183031383159017	4.242577819825831	
0.3440469565419707	2.5077728805750503	4.856671284240945	
0.4093920637499403	3.1547853423578194	4.080157120044975	
0.3857320517554604	3.599722853343358	4.606323574292305	
0.3583162123817018	2.776656560377592	3.9755090392757353	
0.34434173341470536	3.1739687429454397	4.828186508962585	
0.41098136186899326	3.206606444787323	4.628203190788583	
0.3637460594170964	3.0967900640524433	4.875900235943131	
0.4226516406256934	3.500188293879018	4.450014826991137	
0.3580493530593652	3.2639467419546926	4.490898489520475	
0.3733765998536597	2.7209695519202093	3.1578552505512523	
0.41117516980345153	3.1925851255410618	4.21425050337993	
0.32086765489461566	3.1540979354085246	3.9929895526470927	
0.42493193636538584	2.704361575793998	3.89271215050777	
0.37022505236578235	3.2074676568552896	4.733263173450294	
0.3953221572833358	3.2597552200344775	4.178196718049644	
0.3568158184401299	3.6991169124243726	4.3054189997858625	
0.37672524783106276	3.3933258808188747	4.786955637558382	
0.386176663004917	3.492772998285027	4.7987673297669335	
0.4352216593594393	3.356703499349881	3.9440977699735833	
0.38206184082902206	3.4703492814856385	3.4506579676715874	
0.37057434420928403	2.8940665991529633	5.0224036815777895	
0.43624464920959666	3.032289458389636	5.104744457451526	
0.42591174583408065	3.347771968118151	4.933240997619029	
0.37516993306794727	3.221720777882053	4.328958986956651	
0.4099866451620888	3.967280556212355	4.009075890772198	
0.40096732416916947	2.680685912100794	4.116547567222411	
0.2748610780912441	3.2840223826333212	4.897292763775188	
0.402147327233078	3.7717167690203164	4.632566428816258	
0.36110921944044816	3.7654149598540143	4.577394412906637	
0.35041997015308857	3.0533002390898116	4.562677412225498	
0.3639869640774401	3.2547688412055105	4.217988898122595	
0.36287590947031606	2.977012239711186	4.654417484865226	
0.3237704390600123	3.633288033641465	4.644563733006211	
0.4291002341700909	3.311030079389283	4.062831214393054	
0.46551298480175596	3.3258366870268414	4.247820248700531	
0.38053200878131827	3.3698048610491256	5.074141709433716	
0.39571464744025214	2.692230681103677	4.908142720282418	
