5	56
0	1	0	1	1	0	1	0	1	0	
0.14910390701497975	0.6165703968617923	0.7703515708764352	2.578254335245632	4.4247759144636545	
0.14687576532173832	0.6407999298908108	0.9703835846724452	2.476653056839839	4.910437272066242	
0.12922418816392095	0.6479108795001539	1.0302433906933939	2.4567992683179893	4.42628637265873	
0.14629467969564666	0.6059608740116893	0.9009455061202681	2.2183260114381973	5.022533820963429	
0.1440166213572356	0.5852131064929696	0.8841283903000239	2.061012258617756	5.074790865296282	
0.15898164632679732	0.6819542090797629	0.9467297011753835	2.4286771569752954	4.5452444177978295	
0.14584918086057083	0.6201316596686844	0.9661779169216459	1.9473352641235406	4.436404225940838	
0.14363287994693077	0.6055836258939942	0.9348163187097788	2.3463751362567296	5.417424315264903	
0.16662127178132527	0.5863909975787079	0.9393120025118528	1.868689167846711	4.520561071884465	
0.16363118249834796	0.638742704931045	1.096586264134983	2.3770986767627296	3.9869190935541776	
0.16918691145650439	0.642098656191616	0.8996829741363168	2.125539458085496	5.256900022971385	
0.15688117734838417	0.6941278210419792	0.9002519855542671	2.059018800781648	4.694368777177939	
0.16749663478464583	0.587532381418955	0.8260912269039357	2.244152970425762	3.7072278893102126	
0.1363253688750263	0.6831716908269861	0.8179291279338908	2.098290074292832	4.645933131152744	
0.15820061940082178	0.5791940117271339	0.9050251844990305	2.6421990432065567	5.233216295905598	
0.1477966878412068	0.6046097510872336	1.0664724447970741	1.9987464310559593	3.2538604750432736	
0.1757823298662365	0.5879451437548061	1.0583967657391988	1.9663290154827768	4.61325345272181	
0.14460423456500043	0.5556477317037419	0.8659472193991409	1.9220984744746352	4.2539341822135714	
0.1427260494439484	0.6866211547423331	0.8630747352349744	1.9960079336459904	4.617080561106885	
0.13110517076295222	0.47486549344539153	0.9142670788401401	2.225806831382871	4.761207728004691	
0.16967076955934624	0.667061671045115	0.9483036469877024	2.1618972440083186	4.756203507921143	
0.1589779094936399	0.6617322783434513	0.9347084493134041	2.048526278432401	3.893467611018471	
0.1497254455603208	0.6560824032880437	1.1115555972089954	2.06182580974097	4.524347126886338	
0.1415771399216173	0.6007337078384424	0.961690170555923	2.420002692360854	5.112278345832236	
0.15773108627191176	0.5957928503799701	0.9571946797964879	2.363481380655958	4.864520549495389	
0.11949284315289593	0.4773615199674139	0.8761049883028712	1.9378621167809942	4.808812833991016	
0.14228881371842875	0.590607421638509	1.0009128690653144	2.000244129941563	4.559573767184895	
0.15566358725074733	0.6555902246439912	0.9070914477161163	2.18130623989431	4.867002888949452	
0.1200302117076828	0.7059743430682551	0.9235594218770198	2.3191860214877877	4.480499661797862	
0.13951253069318814	0.7311578179375111	0.9352429553762792	2.3156553123058483	4.628110699602734	
0.17180845343332482	0.718808953112632	1.0783839130489148	2.281010611580175	4.597566402396628	
0.15609949430647632	0.6421725321676622	0.9178081569974346	2.199386601575542	4.485773666015535	
0.1423959859673064	0.7373392782159147	0.9534084555911214	2.1100885715441384	4.897228734697153	
0.12554296177316526	0.6526520337089002	1.0252385155273298	1.7614553385275955	5.671492835734086	
0.1617160846144199	0.6265613647284003	0.8978763137834084	1.8646544765322914	4.603744414451602	
0.14143097898755513	0.5886796427296124	1.0127353464308162	2.095873975656941	4.24330207753236	
0.16440815654568267	0.565941071156199	0.8409529758999655	2.2687887220652305	4.20403096899506	
0.13450380071540638	0.5838751458519902	1.0008418475273435	2.453519862790582	4.206637954315566	
0.1561591561229724	0.4981419273292847	0.9668423588546036	2.1449376234764705	4.639444207330152	
0.1377148708503326	0.6153132040602842	0.6970216959375692	2.1171217703098426	3.8174113461173436	
0.16240461201273423	0.6482874811035729	1.0519318142350316	2.014548958600748	4.608538988478038	
0.1433019146344328	0.6225986697247716	0.8634827864816661	2.1100969319832137	4.575833837089084	
0.14615644424625535	0.6963948865667811	1.039074039973937	2.039874495079158	4.869121911200406	
0.1578257172089886	0.6557286901254193	0.8489765487029163	2.257525652105986	4.917584330094811	
0.14949420035806665	0.6006037213701708	0.9989459750900168	2.4024858254566848	5.208039046099914	
0.15638575999987986	0.6165109583000108	0.8797280277387076	2.1893167874475545	4.707411503266933	
0.1285923976619704	0.6693122636126323	0.8277918271510548	1.9750205120208615	5.147212581484793	
0.16851203433599599	0.5147762501845172	0.7807947792440945	2.261471675638937	5.001237125177616	
0.14597706191651422	0.5172593626174783	0.8939086920889775	1.9582484073130884	4.827225001516957	
0.13771522426810218	0.579295216891611	0.937532594135559	2.0180227468644665	4.8750463264437895	
0.13504393090027217	0.6056985735054635	1.0291526097287933	1.7832271634827337	4.271776528998466	
0.12967601804766168	0.5364451728658893	1.0121372709348913	2.0713652912990224	5.060156205381008	
0.15254830052658688	0.6459171038272387	1.0994055756773937	2.2394456660434074	4.7285688281835885	
0.16999716536369044	0.6951720104750515	0.6999417622404919	2.222505054251518	4.0656078129945525	
0.16168411427660698	0.5123809237250371	0.9393548976068044	2.186302501959127	4.559612584540839	
0.11228337379542189	0.6150001927550269	0.9213755242642712	2.1008585583764123	3.9801657067614613	
