9	51
1	1	1	1	1	1	1	0	1	1	
0.08788802064821215	0.12706237092835135	0.36152519125988264	0.5500890398058652	0.9205701888403125	1.3615587568047591	1.7925379502903174	5.080558647217801	5.15198644664418	
0.09215203788307046	0.13802714840814417	0.39340343930917565	0.6731573017738626	0.9285246275578877	1.38808806113027	2.344851582126234	4.544634914875501	7.589326278357305	
0.10324411763315762	0.15927914808663685	0.37969519034355154	0.6611949096202974	0.8860918994269826	1.508810841928437	2.0883478422336763	4.361017027303913	5.2398948611797875	
0.09062612317802979	0.14125714938971579	0.38249769433156067	0.6114813261269293	1.1904125164269195	1.3010655372428863	1.9772258133714624	4.564145180821409	6.143613450313514	
0.10113199729503537	0.17026329818615116	0.4345101104770082	0.6916774027040308	0.8804161812921225	1.5077873769447634	2.298500349826451	4.625618171083609	5.907656594636016	
0.11083576726204372	0.1447032059205011	0.35653056058268	0.5554117760529578	1.0466211205934968	1.242225316992609	2.2235651097594054	4.2776994925578675	5.378456774260982	
0.10097685748960761	0.15524082936523256	0.3854814415061846	0.6654731781585657	0.9873732392063954	1.5536983395770059	2.241398639855233	4.343706971312034	5.514010580821525	
0.08712137928205294	0.15798129889869636	0.36296106520221194	0.6862549532836927	0.8860711871582383	1.3010172452423747	2.137909856131387	4.936275018929486	6.08375708597285	
0.08778867670763457	0.13498227797637635	0.3879357782391809	0.6017351949268829	1.0300290309493783	1.4805263020600288	2.177003437302266	5.156425614182076	6.2892601552876695	
0.09673266557374173	0.14105348169536872	0.33792293807930834	0.6348117687373069	0.8105088419842719	1.3903857980287309	2.125015820744959	3.94038619845637	6.820923789432294	
0.09915987147582811	0.1351615424023894	0.4117222184751481	0.6088575742382799	0.8188460379921866	1.2327655248427092	2.6016811602720877	4.871259669519052	5.771936761570755	
0.11491127076779462	0.1579554162972456	0.4127112612681711	0.5492076829431914	0.9007831490465398	1.2845756682710243	2.1868295575009276	4.572316863451817	6.379843951407885	
0.0925188729078264	0.15411326110283233	0.361459736929712	0.6938511733593807	0.9848018125517527	1.36612273822207	2.1111934300754114	4.740920442816483	6.327140526601951	
0.08954006696137323	0.15916039229558193	0.37543364283633934	0.6612891901796355	0.9690639323243179	1.3834689709577368	2.138492123524838	5.273056582865706	6.248728736675428	
0.1094463107465026	0.13292813607551696	0.37855345280143043	0.5562880642031177	0.9341954502705054	1.4720507301820016	2.1314870926193463	4.995222725744513	6.9190586932661375	
0.10730115996718169	0.14642197487596856	0.4698278301665409	0.5302681978817265	1.0017352188601627	1.7858404327707074	2.2363440706613424	4.216539692118911	6.071726942190101	
0.0998698419298929	0.15594773988696028	0.3521816249940236	0.6632670162099352	0.9597399611638642	1.3740585252491226	2.5073219245074747	4.193151469612914	6.274232763057466	
0.10209540083540801	0.1819615665658677	0.4018569437687664	0.7301899710827914	0.8692954441805397	1.5562801740113572	2.5725236250091084	4.488166691167206	5.954939218162147	
0.10226302863029489	0.16213919410531027	0.4763609842163496	0.5770674633849806	0.8155781083580653	1.402638961709449	2.451091670016943	4.763205038234818	5.74983828429296	
0.10444371298097677	0.1411481202414509	0.45639685314295714	0.6137475728985218	0.9072053307518723	1.257989637023067	2.0680982622131188	4.918631852394013	5.815915587999407	
0.10240566787536275	0.15400496446242506	0.41158796357643235	0.502223604259002	1.0755314046126894	1.1700495287936414	2.1874315645090863	5.220245241842036	6.5435437917773145	
0.11958936833228379	0.15148436908406993	0.34890856313166096	0.5867039750508258	0.9735500291778018	1.5305800591296188	2.0638839335063333	4.88164099180399	6.535595989540409	
0.11578986271203705	0.11029981425396895	0.3778756612189232	0.5349293718397508	0.9795741956375632	1.2157573168939613	2.420322575396474	3.807868287929468	6.364869278119487	
0.09945122152043986	0.1187501676763961	0.4098261568107315	0.7382585988031297	0.8337536546878107	1.5017622571943368	2.62342652164902	4.438582674297589	6.477908312367886	
0.11111746178384795	0.1405986619065311	0.3062562506270866	0.608586963870532	0.8602244619159973	1.4138396461846936	1.9075473498080988	5.2376238790873995	6.0659449231769536	
0.09126946175845847	0.1568778031288684	0.402923207703363	0.6508939122387332	0.9705394303336269	1.4874688257300444	2.4787346524931353	4.203278295577097	6.516114491747431	
0.10080706893693281	0.12694317415975961	0.39534155225704365	0.6509554871534132	1.09060665865616	1.3540965317760125	2.3036408769103964	4.908820902947245	6.074362753555475	
0.08570060076461677	0.18785257078797618	0.3737229010152963	0.5843089697089772	1.017675557448962	1.4025879737191784	2.2895182892694446	4.484832578683488	4.634931889967421	
0.08689624525652281	0.12034324684631933	0.36886939740299374	0.6797560148810546	0.8763158060763484	1.5637735227241247	2.147491154177139	4.207440659439165	5.724401145584858	
0.10797165246616287	0.13454669859408755	0.37346560858518907	0.7160346267970678	1.0895438568404638	1.7247776982078589	1.8195559569755442	3.9274734645034477	5.672986086079262	
0.09212105793759238	0.1549001726452208	0.4034700000203807	0.5948773571076897	1.1112366658863615	1.2591667823856794	1.9602146821943267	4.691004072031179	4.89057892348817	
0.09087503032594868	0.15076817089215813	0.398218613340514	0.6054707468765096	0.8639846970247143	1.4277721458108912	2.160972885043248	4.489940491129274	6.533902286741086	
0.10514428472536452	0.12228243104225543	0.41681412727394707	0.6327006694435264	0.8527688693698975	1.4686223178436404	2.2151975469871963	4.277714543529478	6.065952391603711	
0.10813429361133253	0.15525888898296575	0.427120400712685	0.6448603365854135	0.9091435658571043	1.0598142383907274	1.9904998225274642	4.643732945993462	5.244951192674892	
0.09108077143595739	0.1570560493750656	0.37560930994950514	0.6846564169341512	0.8749991586895068	1.543771236281192	2.338384960540616	4.6043783461463335	5.630545327307457	
0.09754443188506194	0.14825503724695846	0.4260430363178143	0.5601259586820132	0.9880684827787091	1.3529799292915436	2.22877230642311	4.298973992838847	6.5560161198800255	
0.0990219427011324	0.16434014161427754	0.39520449830287535	0.7432420607308705	0.975458360849244	1.3519978673998503	2.4702337776921013	4.539343819990701	6.74084898132519	
0.09828262492769439	0.15891590991474952	0.3210372909919737	0.6981979460610529	0.9552577947103991	1.495651850218733	2.3974783033394784	4.292530252128386	6.274252530447303	
0.1035467932021505	0.1631003295677411	0.3559752022845398	0.5431459695176042	0.8519116932750425	1.3666399563519194	2.550902928656531	4.877976952880413	6.340945485222848	
0.12132043344597501	0.15838363452361356	0.40049016487217015	0.546926524918949	0.7445288215799735	1.5080767195213036	2.143081424399239	4.548488052694998	6.16568031771361	
0.10571324200512955	0.13494430924549372	0.339075935972113	0.6086699285535045	0.8703600534905589	1.4169419117899047	1.830570779561274	4.016760042842064	6.271814777951469	
0.10277627938395768	0.1605112489702701	0.3476863273801367	0.568817909453648	0.8121241079116512	1.2390570286124278	2.0397199526352066	4.220326415489843	6.18645441488198	
0.1089795634567457	0.1555985985145261	0.4097662694417707	0.5996022802590558	0.9558269845199661	1.481755437658079	2.418456936576664	4.906113924739533	4.7628478198486235	
0.10739614789065555	0.15709207408627254	0.3427681601096085	0.5246255434891465	1.0241567114296535	1.2648653666556635	2.288355636242994	5.007071097938875	6.0097266827033415	
0.10765442985686813	0.15655652917684865	0.3652027906107214	0.5679510975330941	1.0365171688897463	1.6219605781790034	2.0167896141667585	3.7419477078334955	5.139267947761589	
0.10997157903338131	0.14763785031470625	0.41328136437816604	0.5559912557408858	0.8253764021052883	1.4983051535823628	1.931460013435897	4.905048849224888	5.847800199022778	
0.08906313400533122	0.14521844705287715	0.33091652768470176	0.6127855687870852	0.9142389799022745	1.2492268299085678	2.2966192585408063	3.8641750741300247	6.023070302893782	
0.10374552457765421	0.1527603626605415	0.38308591325923064	0.5425479409222279	0.9153217093144023	1.192628358066682	2.2820202537267917	4.707099722875176	6.4143452796311635	
0.11232454406438322	0.14499850080667526	0.3644647420411955	0.5420700836976434	0.9177810801918274	1.5150597608796539	2.030578267631878	3.924476851296695	6.1878138647519725	
0.09620512370578153	0.16513805852014343	0.4106208744342314	0.7273839027416032	0.896368493116924	1.3552039398261093	2.2634160453525767	4.8219791629274935	5.577037277840615	
0.11028547450126239	0.15736844032367175	0.3757316655632104	0.6645955722097845	0.7734885894937009	1.4587104684005663	2.3149361384270923	4.671570070753834	4.946241560847054	
