8	42
1	0	1	1	1	1	1	0	1	1	
0.09798350494863228	0.34728547390977343	0.5159263036997774	1.0210119855332145	1.4709963382192148	2.024853070226173	4.850756550318173	6.3178956861702735	
0.10867847404401376	0.44234275805965284	0.6130511031006781	1.1097109467790116	1.6341438836086135	2.3184399054351483	3.738946240131706	6.065875248461918	
0.1024632559780962	0.3881917039100173	0.5934115519696603	0.9900826418998401	1.5414192860841058	1.7904831731341802	5.109678106237666	5.114128841251578	
0.09594100912379035	0.3462720489137252	0.5566941745873496	1.0310475720829853	1.4473916320203126	2.2967588132213304	4.784407127301277	4.850972632134026	
0.09442258436513425	0.40844575430597285	0.6394102789873963	0.7666291261032541	1.5772938789005861	2.2824520283725023	4.066743463442242	6.2451769669526165	
0.09770888234897152	0.3986946848818372	0.49198583393943374	0.8972077477650311	1.598842517043496	2.265846122016666	4.856238389121321	5.859875252274808	
0.10564345949640506	0.37380261775601004	0.5445095912605823	0.9065495737323225	1.6379277264210959	2.3934490923528298	4.0535091497165885	5.749595177698559	
0.0907576178243594	0.38682188060695105	0.6598363693868741	1.118956787808194	1.2258743355650779	2.3345446792501736	4.496541467589457	5.779717815581228	
0.09064708185080497	0.44763471560977275	0.5022681463108215	0.8844527707757965	1.4825234576460042	2.2474570043388926	5.061059018566305	5.471591658780035	
0.10624386894198144	0.37760848827550153	0.6024130265205333	0.8872593174395563	1.4531468988210525	2.1193869394048863	4.339685260706974	5.684878239203654	
0.1037249554883119	0.32942615345497095	0.5884591088120467	0.8586022768370487	1.4124239081068637	2.126306193661196	4.890083728109386	6.395409071636665	
0.10291795835290447	0.3865637834879112	0.5885482548651244	0.9105307531201279	1.1800554262326803	2.3077560993226376	4.619936763004513	6.720224515361468	
0.0944543709018741	0.4278940486383293	0.5884907003455152	0.8766960995372738	1.6509985809972205	2.2282369692889725	5.251953191562476	6.102293041536204	
0.10807422703820596	0.4190907769180705	0.5831177609344008	0.9621842400328235	1.4520531147822118	2.3289494625350193	4.020590005895121	6.360679696068816	
0.10920465877364299	0.3540507485059988	0.5471131846931534	0.7757804384251721	1.727220896928065	1.9926886183360155	5.138078826919497	5.875210701020266	
0.11098207726411013	0.40207572965483684	0.7261289077467566	1.0644610776156096	1.46047332717618	2.216614468599234	4.805603945692466	7.608782790196903	
0.10067734150038424	0.3308781789730209	0.6146827637750552	0.8704180796491111	1.46021275078786	2.3974978656026082	4.726836446815887	5.644077639039915	
0.09797105389988481	0.3394831938722981	0.6765379990353578	1.0063170365260343	1.2743669658162375	2.6920194500616583	4.40236835615963	6.177317302225118	
0.09662476328643049	0.3959635055259836	0.605643280378155	0.8000219387499122	1.5978118359169364	1.9719502735999672	4.912699711338304	5.860883182274938	
0.10063324818134589	0.3983202906450237	0.6082360880258582	0.9991754666201794	1.328727514161293	2.3729302486160893	4.036260210644571	5.452299502140292	
0.10579015109120067	0.4198827678241779	0.6170293550694248	1.0687744722796806	1.310797154604553	1.8994599270478698	4.877212308679874	6.073380674660697	
0.10806154904400829	0.34093489548630185	0.5734067509891375	1.0920791120782654	1.4012547536332736	2.4566983906035427	4.849557876824674	5.828721991865231	
0.11411758135142867	0.3924014884729691	0.6008118053049208	0.922572596408511	1.4927525476158316	1.9074133906358923	4.904556668924322	6.264848104594785	
0.09428825274711562	0.3317980583207328	0.5849596592349109	0.9532656615379306	1.4523042097069994	2.182209696286409	4.80321070644341	5.309588367564084	
0.09934586754377517	0.3913179285738848	0.6276420810233759	1.0135917157647063	1.4008997355451112	2.1614605363047072	4.166305335203148	6.232946748264171	
0.09129549334471934	0.40180150813060117	0.6708685074866809	0.9735504965518773	1.6135116035120776	2.0525014033522835	3.9605808119746486	5.902933203392337	
0.09385957876947765	0.3612495435683618	0.4666907576580095	0.9463330275963647	1.4330755527352692	2.3312604701845947	4.748893914954175	5.894794035021418	
0.10912852111577359	0.4136924476660511	0.5707806226975427	0.9482378333920751	1.6460009181076254	2.220204638317195	4.1300224989481995	5.326511389965402	
0.08528681487706487	0.30218550023598784	0.5709552054738449	0.9137656125164137	1.2903852036175982	2.0028896253360533	4.070670636471691	5.052046134003065	
0.09830125784148766	0.4054102603350701	0.5694015477255125	1.0356574268005145	1.4518979834338346	2.3419970394423397	4.5142629151870945	6.402709389050289	
0.0858907399454477	0.41201348205634275	0.6003901647065617	1.0321070915168793	1.3939286284769048	2.5244647801840614	4.740169526224554	5.4568412763192935	
0.1112812513072923	0.33980172780281176	0.5331736167928515	1.0498553186270951	1.4779696718213013	2.1655642936534965	4.27322368743239	6.4990198721963255	
0.09728254090935701	0.38766221717320215	0.532365480096731	0.9246366242318366	1.4550610799603305	2.2648774289903084	4.652001407502031	5.7998736837079266	
0.10284723637086252	0.41726706938059416	0.5109541554353331	0.9146107362982332	1.459847289973996	1.9517134046110272	4.918372585776632	6.359700471589888	
0.10998121340694474	0.4620683789294766	0.6198083039411412	0.9036652171675129	1.5642162773965171	2.0235878912372716	4.7088545461317155	6.622096954586475	
0.10832191311770534	0.4334791197298392	0.5836071086729793	0.9959421883574167	1.4432714515136447	2.2044465063469514	4.613979828378649	6.323346267722056	
0.09966576411104167	0.3260232359142307	0.609252910984381	0.9636437710249547	1.4240130623981637	2.243628978253836	4.444433791604389	5.837314462246998	
0.11391086907786813	0.46576751526301263	0.6527766569523079	0.8765652849824913	1.4621753436506775	2.182260665264648	4.801824319219605	6.11289419680195	
0.10615046866142797	0.4479586902770407	0.48939969563012886	0.882916910033416	1.5671963994050424	2.1404945245510123	4.766747196286371	5.886119364693289	
0.1156016859616559	0.424128455971239	0.6179216184924807	1.0857019923223876	1.474282039665634	2.164240800832879	5.161574363197447	5.160474256203315	
0.10167848120113088	0.39342008079223817	0.5866428791399848	0.860667072018627	1.4197179650508123	1.8252818448925523	5.199035748351814	6.962048349029623	
0.10073310683788161	0.3681830493311783	0.5113764322660229	0.8691982647931175	1.6420540543932514	2.151745283964639	4.268801413993947	6.027907106925312	
