8	53
0	1	1	0	1	1	1	1	1	1	
0.16926751542906163	0.35632122570506974	1.1161264613516244	1.431183189412269	2.349255369592694	3.474365207685465	4.956941871809883	5.909484080938773	
0.14242017216104674	0.34956926779619685	0.9723778667845615	1.2291133951149549	2.216180165021213	3.2034179112670063	4.615902804246874	5.812541873488813	
0.15217060818019262	0.36909789066134385	0.8820662801253976	1.390411914325083	2.028383926744484	3.488422253443467	4.013386053765992	5.1990979722175785	
0.1671177374845779	0.30999550091253214	0.8484829903143761	1.3601198367350817	1.7648311200830074	3.2802113538318443	5.020954781260245	6.331044758042145	
0.16268817732157131	0.3446659299301144	0.9464840346163925	1.5748577652574385	2.1153682124710476	3.251407992761276	4.611832397049127	5.733706067110831	
0.14725278038634415	0.3560390251730397	0.9164336645867288	1.5310995116646624	1.9080854226418846	3.475115978294281	4.759909936468893	5.871649367810242	
0.1632327846236908	0.391483962541932	0.963613530997318	1.4309897686920627	2.2590715370281815	3.270728144962862	5.349975058341428	5.795044070403205	
0.1420945021794034	0.40136095729842625	0.899115013873623	1.4599492341358054	2.232787367743349	3.3502777254825147	4.102369086818415	6.5853032861829615	
0.12944697887117612	0.4273073490605153	1.034785449111325	1.3740227539988286	1.9077908507347099	2.9948812265470046	4.7883150418465865	6.019604173558441	
0.15247031422717833	0.371885745743266	0.9968621918278532	1.493050186981121	2.172823330388528	3.261613790262755	5.0832495502116055	5.936890780704898	
0.135809990325704	0.30271393396509577	0.8839420958172396	1.3564543389632195	2.1247684785419696	3.5371044611926163	4.460642762435527	6.5740614111092395	
0.14889573133120607	0.3952932980901846	0.941491455237773	1.4015134251747372	1.9141677360555507	2.9356082666515864	4.372310166526046	5.18209648125134	
0.16145319340600425	0.37234789088879766	0.9178056212760606	1.2467262930993797	2.242037200284579	3.0440680099441604	4.20693375113275	5.864694369399641	
0.16662363740077338	0.3643507521350153	1.155253560719524	1.4567959769902312	2.1442863270306467	2.594666686828141	4.136785191777308	6.382914025624455	
0.1573167711350608	0.341043187675046	1.0762360412811436	1.608129156928316	2.0803603302540346	3.4523317104377256	3.912933360032955	5.072571949205731	
0.17473999547180266	0.3408210875500561	1.084162061922047	1.5164808700458525	2.087366713517872	3.377275273405729	4.313915884043796	5.968166785315426	
0.16186974020572995	0.29656230077833096	0.8430881857748876	1.478804930638426	2.271785684111764	3.57822566703078	3.9374159689406576	5.988142577489996	
0.13619516499885972	0.38017645895703	0.8892853955423538	1.358501429265899	2.3370587588339204	2.9723811203142003	4.363955287177373	5.322077415350084	
0.15762136597134446	0.35143246077935014	0.9174237942639693	1.6374571945118872	2.1842498453549877	3.313219126937465	3.8718769511056106	6.105605500075301	
0.12311990260438122	0.3088949784070392	1.045655382881866	1.4976188888133461	1.972579384138647	2.7875381791021	4.5356280152060675	6.685375712686538	
0.15622060482267883	0.38874970560462463	1.017178173894501	1.35922636129109	1.5904120214137158	3.5916422515548896	4.544214518304692	5.671766246623961	
0.12394676365162999	0.3857914747740134	0.9051819561232063	1.300639943018958	2.2818227058076266	3.2142524970591526	4.724583526446974	5.887226212935257	
0.1403663896817854	0.34736437762919903	0.9737886354315751	1.5600187667883891	1.957558876038004	3.563990268417251	4.15775780468775	5.704228510858596	
0.1735607443395948	0.3720667341246178	0.9236887132207082	1.4653798728894103	2.389481603866063	2.951068695947014	4.410023381405532	6.563897722986149	
0.18812084092243314	0.32718506031316885	1.0005354438252696	1.4244312163566812	1.8546343797197802	4.076724057513758	4.338729007611841	6.014840250674368	
0.11738735418471458	0.39315634559412066	1.0257095320697505	1.4830999413573902	1.865490517563871	3.6860516189693247	5.199414433267633	5.321951347700845	
0.14232205821166838	0.3581342411436275	1.0069376652051256	1.2547068447350687	2.5124013154958185	3.5372314064133388	4.919143476689693	5.758780263225269	
0.1628656244713934	0.3823190309373237	1.1254245440894968	1.4366038697598977	2.2021822724101083	3.628145071270244	4.764358948322499	7.201782112852166	
0.13839255916465376	0.3633315621403525	0.9584904196342328	1.2050893591557037	2.302396475387093	3.2198592635422854	5.240175467570621	5.612337891274871	
0.15887248100389395	0.41854671109495467	0.9526198419715017	1.307387384246301	1.7603676716903922	2.973483419137797	3.881939854814497	6.123765529498263	
0.15153844068952213	0.3803144598093417	1.0751238533661691	1.4796591130679906	1.9055499957712012	3.3467694172104467	4.626522020921198	5.837676624890291	
0.15820721979212085	0.3398173395943776	0.7610664127406956	1.6956021202444038	2.14345734260596	3.6187452091708368	4.047302983221277	4.383196777133483	
0.17409407860314896	0.3544211027360012	0.9208138847473628	1.2787726460942412	2.6004622533213984	3.3892096931144073	4.491199213129787	5.718274734115108	
0.16195489052482565	0.3410948084886435	0.9540762761701399	1.3085450198316944	1.95776863264878	3.8332913989371726	4.976289236899433	5.872375710676327	
0.12872050365182178	0.39848681988970425	1.0268713129993818	1.3207933543701453	2.159593270161696	2.7099061418415027	3.771679855240128	6.193704235976886	
0.15069507035406615	0.45085011295034816	0.9754924923324269	1.50682471601589	2.6400386623833407	2.967377571883743	4.329815282803009	6.247607752263993	
0.12366299858329938	0.3778219748870084	1.0682047897419995	1.5453274795292045	1.868047601762953	3.365079038978277	5.292326294990533	6.329534582041195	
0.18710630369921954	0.3682946367646207	0.80877897792865	1.5206302955345383	2.6086829046165314	3.6447904021476454	4.735943981988836	6.161330814491322	
0.1311716625436329	0.4102270891586905	0.8513018781156215	1.4092668770890362	2.22891961310919	3.104789970803094	4.523661986409049	5.854768821913233	
0.15000651945651833	0.3804051809955707	0.8496427331603845	1.3669142868421915	2.1541388991287675	3.3075347307487757	5.008858715050724	6.87431309181261	
0.17928965373190645	0.3960899957912314	0.7298838209445778	1.6485392324363946	2.1726122666073366	2.5906481734328435	5.052453043973977	5.219532522770971	
0.16053990388878778	0.37356602112579695	0.9989585973631248	1.3625107633561153	2.1616820731851942	3.666396818044792	4.945061120162241	7.323241811976101	
0.14234504687454735	0.3918529874503135	0.7293860327039047	1.2202882374129265	2.4180526123102823	3.133591311949989	4.278387566813376	4.411965373010654	
0.12831817242832763	0.3454634602201774	0.8807165205531999	1.8280377867209898	2.1111402221372177	3.0889978792991823	4.270039384300439	5.273693299537067	
0.15729294986983175	0.37654358416176426	0.8116395684770118	1.456146523500999	2.42738161703449	3.460096169382177	3.774471339064282	6.176698741916788	
0.175447727815114	0.3881227755387726	1.0208546616895176	1.5824552720147322	1.8485187535682042	3.1718050516479113	4.54835355133209	6.250835613028579	
0.13946606969688355	0.3590633048308826	0.949358235928397	1.5900624969810144	2.1819038311408456	3.4947889183957743	4.776448430107001	5.87232864885265	
0.14553051394050678	0.3076014941118028	0.9437262018996291	1.458581069908313	2.283116487591733	2.9131676278999508	5.024345224571151	5.6109501026577755	
0.15551441041829456	0.36834386978886646	1.0973784199089343	1.3797204241615646	1.9882352062225281	3.3785830380648716	3.9223946165707777	5.9055024461753005	
0.14453408230080111	0.4062098945376101	1.0855964613522555	1.3886144637436473	1.7320604475424104	3.0627552782264043	5.204919837059171	5.148970110721049	
0.15106593979862362	0.41408078075293225	0.8921768021817642	1.3255834614706796	2.2312685797095897	3.170180781659543	4.356866440994366	5.529844453880511	
0.16023371460763072	0.3982309273601308	0.9220883053994191	1.5117370793541682	1.7895651776460106	3.494825261064125	4.354101581391952	6.237790220591375	
0.13328876193309058	0.3905255200130343	0.8654705523866189	1.3620534555715915	2.2129217704375734	2.8889120488487396	4.470808941813807	5.973870487971819	
