5	45
1	0	0	0	1	0	0	1	1	1	
0.10303780138162306	1.1597450105467793	3.748141194647212	4.6876058171641475	6.407271757119581	
0.10515273897255036	1.0771027752636915	3.363252968276539	3.9673821522934576	6.326554184454732	
0.09709244528203981	0.9321200804542035	3.5371518239877076	3.7633635711791658	5.8500208643001255	
0.09718753237536769	0.9467200399486022	2.9250774589252626	4.5301885633815075	6.089293767849854	
0.08990325673793248	0.8755188982027781	3.4646172546862344	4.577349276673888	6.982358539898797	
0.09872190075376495	1.0988767017641472	3.539646429530815	4.926675249249773	5.358626731785215	
0.07787522691249915	1.0266360003948092	3.1187723043512863	4.309090266336992	6.415412994297607	
0.09491247731964662	0.829300465208321	3.1529485467342457	4.880984797972308	4.702341179010109	
0.07998137022452792	0.8926968480511144	3.0942471727131178	4.0259227368033175	5.723460286666702	
0.1119099798202784	0.8687760748245063	2.828945475178837	3.851504041374651	6.045162887276317	
0.07989578349033338	0.8875480793875034	3.265615985757147	4.33982098604179	6.339522785773302	
0.10681225176183268	0.9722608795727822	3.2731724829582807	4.764354386996187	6.633949097729326	
0.10069704934982814	0.9766428629955376	2.7617141401970455	4.825977532136295	6.299189590379454	
0.09017017442421181	0.9406055592716583	3.7250412904744437	3.844747929017799	6.5712539094350735	
0.0821520580564363	0.906275951226655	4.115007398424036	4.988538116047664	5.736991920425515	
0.10610518136113185	0.9391621000183575	3.7485216778420676	4.277082022707445	5.721261351731155	
0.08462414706036593	1.046476743765042	3.0901451802398783	4.853803390805119	6.001309987854205	
0.09235594662303542	0.9695774475148511	3.3240947583712157	4.958956085848898	5.722174828853673	
0.09561659286645796	0.7027169596554532	3.4947304366798746	5.145979352408501	5.862839772272746	
0.10085642443630133	0.9797558298572172	3.54636387991805	4.374603304322294	5.766287700738747	
0.09613241154476751	0.9669134151057637	2.9052736885168517	4.604285638885713	6.977746938199018	
0.1056939741981645	0.7477173279973137	3.0166333055826136	4.574338103943505	5.271766039517861	
0.0975314896509903	0.9593451093634257	3.0718400404488286	4.678102059360364	6.197643202214019	
0.09703684053790704	0.8315558518365489	2.8983132243473984	4.293556124331651	6.11917843206691	
0.08262969552026239	0.8458721014875836	3.494181869361838	4.629485477482818	5.5256134403168025	
0.1148561290769943	1.015025700723007	2.9201955688372965	4.111279508544759	5.338265776979646	
0.10301702959413368	0.8823102774188988	3.299379195755341	5.1636009946686015	6.976045325597447	
0.10249076700514088	0.9180342406505472	3.957881933496098	3.752704830485018	5.246963610582951	
0.11125136994422254	1.0988305640638594	3.3002619595171887	4.4894177244723315	7.296492596750662	
0.0953638192908766	0.7967810967859602	3.080934394475275	4.2648190485912725	6.576912777897637	
0.10614642997166557	0.9103008725653859	3.3605976835389346	4.560974688129118	5.780142746156745	
0.10185467998624241	0.968835505328969	2.425919772259308	4.424416493788945	6.12744724057511	
0.10532828360129201	0.8217228457393613	2.610255261822053	4.034704317295134	5.649909169627076	
0.10133816238144058	0.987858523760896	4.013114711809361	4.755278198519863	5.900795835174888	
0.09545752974012274	0.9125678735243796	3.275375075353003	4.727285375536487	6.368907952529336	
0.12362251670040839	0.9657951541880269	3.4076952587994627	4.913651223825213	5.82493462912812	
0.0924792578638328	0.891590881506834	2.6599608522197524	4.112106677389545	6.18368865277904	
0.09736290629241956	0.784619603165534	3.3085183321835125	3.638125120091399	5.9651826904581995	
0.097818163680493	0.9211340267312204	3.143952645947273	3.142179268842793	5.660647336938231	
0.09464521267901016	0.8006459295798368	3.919613050689201	4.587460692087442	5.9910507075185	
0.10538266268585515	0.9465992274210929	3.603930987122033	4.827587782299496	6.602866011825476	
0.0803636550964731	1.0973731018671788	3.1511830613756557	4.449031371520047	6.291254854761521	
0.09410523226582039	0.8478978286904902	3.2107294072001085	4.195998550339481	6.372572939779909	
0.10421487762235007	0.921064319212156	2.735742675324874	5.125374168176643	6.281279893252542	
0.1035824947027708	0.8842982238146001	3.3416557354770675	5.337529802811159	6.236296035734485	
