5	96
0	0	0	1	1	1	0	0	1	1	
0.6709521657373677	0.8556373164308458	1.384418015490877	5.160781605892421	5.590241166352347	
0.6301192813619139	1.0612304860795179	1.6252613473409814	5.504224014603184	6.161101864097292	
0.562511824141723	1.006813350565855	1.5041744856428263	4.003118429875934	5.832798472945868	
0.5276136806013803	0.9603981267819056	1.3870193593567202	4.375216828178733	6.293716883063084	
0.5619091376636351	0.7365185561405405	1.5426262713882783	5.01147208025747	5.521039066277403	
0.6220228932565209	0.8924797922509567	1.1720947803081418	4.797773892056794	5.178493834568268	
0.6025712865549552	1.0202880718070497	1.2467271989466249	4.8194758408739595	5.794459940888892	
0.5914188061610696	0.9232748072495841	1.367499313543024	4.545770229559141	6.178586849888012	
0.7000869232957289	0.9141363357284452	1.4810213518398643	3.853674508610811	6.223516344266802	
0.495624438447186	0.9995479694719991	1.2309486934087557	4.832390876461096	6.622282324519897	
0.6750427765332432	0.847246921813182	1.357193043494909	3.939465984835419	6.545816940376592	
0.45510872192939456	0.8211228610657606	1.4108333901606518	3.9760950452915056	5.167365141341077	
0.6002506271374211	0.9271025338983546	1.2680838573540916	4.29928754108494	4.762313322202994	
0.5485532201665281	0.9760665679884581	1.4367040009528396	3.015822725672355	4.233755742751613	
0.6706051101471524	1.0133805939346094	1.283325365068492	4.09804212198011	5.77204873780194	
0.6614031290550998	0.8327246925511693	1.4473018443490726	4.8064948966247485	4.704982298611764	
0.6822321308032018	0.8705941353525561	1.4846632149583505	4.003900909075157	5.434557714093248	
0.5603097699331899	0.894787268246623	1.3661621032259885	4.37656882250279	6.0575353709627695	
0.5669221874375959	1.0729821143933813	1.615961736978744	4.387947189386542	6.400548669119054	
0.5910630426678729	0.8907239621768082	1.4337679632869953	4.255594003279979	5.681523469670054	
0.5582437933249255	0.7992499493611148	1.6476343976572398	4.692130565313874	7.145190166269371	
0.5692223726886169	0.9084866582258757	1.473194913001564	4.776589697336686	5.2491717049714195	
0.5505275536964261	0.8557433216289684	1.5628554771720842	3.832959742394193	5.5051154721172075	
0.5423046716189549	1.030064152629352	1.436734365282143	4.514897619331307	6.152738267634126	
0.5818339026219274	1.0378434863496273	0.9704336252127737	4.509838104325661	5.459701876418746	
0.5523294511311216	0.8671278629037115	1.3419435575830119	4.196286801325912	6.016673771132386	
0.6596788191353145	0.877898400658012	1.757346978332849	4.193754404179075	5.8190676827132215	
0.5935500959833374	0.9123716674718299	1.6220264777623452	4.56066251124453	5.914427661260872	
0.5979316405665146	0.9325158716696283	1.2368079695767153	5.03001910410782	5.925859179209317	
0.5832340606703668	0.9897875078156932	1.3042262509342004	4.808046290541573	6.730899135436403	
0.646183918278412	0.8071371220408967	1.3162740185800972	4.257253242125831	5.801908844319957	
0.6826041914993212	0.9126989125593556	1.4025336487444895	4.991878294993928	5.697735376242706	
0.6169997031891264	1.1190353548926328	1.4327475522503121	4.889805187482493	6.153838519154594	
0.6494327505182632	0.9372344861186449	1.6002189517321899	3.982262315355404	6.066597552607863	
0.6231577398840322	0.9809169398455155	1.2310646498200783	4.492120692078286	6.028001124334263	
0.6688499326568197	0.9397188102359264	1.5226295109696475	5.292863601438269	7.121290322279766	
0.556244756313778	0.9356103326800962	1.662543903701821	4.659315858264653	4.260510302396893	
0.5108984987042279	0.802557915828241	1.3493227093663256	4.445982135727561	5.7438135611053704	
0.679534133448936	1.0022868821754705	1.4021579314040424	4.477179420760783	6.317771135807211	
0.5957428832025209	1.0357069994143853	1.3799880777166182	5.02474784132448	6.327065481637188	
0.5737950410425534	0.969868724322628	1.40776161356555	4.601001851413799	5.199682358783535	
0.5630330507436595	0.8430443484372033	1.3046617678191188	4.13771571692409	5.923356227897635	
0.5467615515476891	0.9844520465175688	1.309184766444452	4.1475249829447955	6.7334182879593065	
0.5313233785133545	0.9316862438566198	1.4166717993555789	4.277042347653525	6.185574304511088	
0.6341976896425175	0.9601637591872065	1.525207229754758	4.545602199829346	6.48973319032465	
0.44833780643330023	0.8704717069192166	1.585337545191169	4.331116803852429	5.687535920740955	
0.5460525136606582	0.8843226390032835	1.3636563525979501	6.24238582901311	7.1481466797232045	
0.5604987789137327	0.9949427727492054	1.1997891360477664	4.738293015510519	4.484017786353444	
0.6674669013137673	0.8702754446142247	1.4137569654188225	4.622343214214547	6.592177144206264	
0.6354118396347929	0.9464081010521888	1.4508188793832997	3.842370615966324	5.55571959475091	
0.5922491523715034	1.0228785065138692	1.5690797805688126	4.724295951343201	5.467173398631272	
0.6080402698544363	0.8826618878627824	1.3772744178314127	3.4402452740485776	5.497825638302144	
0.5150536900758524	0.8097836883665607	1.3020877109101487	4.873550052075686	6.613088857042849	
0.6902386512496129	0.8859269963170477	1.2728747639428464	4.598043051255693	7.577184964400258	
0.5764646570032984	1.0191697327994917	1.3580001887905921	4.174424048040502	5.036470485640103	
0.49293482730200405	0.8657714064754686	1.467481716315582	4.952323794547029	6.128473681759882	
0.5659427035220358	1.0092659528768964	1.4783550696733194	4.8517413922071135	5.483265872179176	
0.554693572188048	0.894371075982757	1.361640069328612	4.96451833104039	5.483363651975715	
0.5832399024246957	1.0134622992179108	1.3815624976849947	4.328932711779509	6.162564108588754	
0.6106293844357786	1.0087076545999076	1.359780844334092	4.481176520612188	4.504380038700461	
0.49760963788602747	1.2484693363148318	1.5499498721068559	5.2069983869327325	5.836820358577287	
0.707759145075085	1.0095246704292888	1.410350346359427	3.996717761936837	4.69842771606801	
0.591993210476933	0.9178566746912121	1.4408100062413964	3.706022751696379	7.152535802572724	
0.6117984733453959	0.852515718133162	1.5076763325772202	4.230472200219698	6.593944521720966	
0.519826281770957	0.884666840562337	1.515128732296705	4.726327036118821	5.159703644021575	
0.5345084946098555	0.9381909032425763	1.5654117658399287	4.640935332128312	5.591414099556626	
0.6174418354535136	0.9741039005426189	1.2965559163832507	4.277044024450294	6.004733829877017	
0.6144068488371586	0.8916814738713948	1.5086128777332997	4.695383989198641	6.770402425987241	
0.5917718272560893	0.9945551141756784	1.4711810684794033	4.655858335802352	6.245161708966906	
0.6291614835664489	0.9900577716602195	1.3867250645605051	4.964273948682761	6.387938515212939	
0.614507177281692	0.8947379353467493	1.4211624757400803	4.750523230042582	5.49700117561382	
0.4390476445948433	1.0482408007030406	1.4217599664954381	4.186358837833759	5.7151438389143205	
0.5754861074569709	0.8237154007209225	1.6720886521194709	5.205221043290706	5.62621217813272	
0.5819530615304856	0.8780682366343796	1.4555192724185837	4.236453715252627	5.4735401954389875	
0.6348216881862748	0.9601436313631603	1.38225897489919	4.835638052333363	4.647214066598881	
0.6603157781831739	0.9173458515906038	1.1103749893778345	3.9508145494688574	4.428598667890616	
0.5379109918279186	0.8580218600990531	1.352556128443015	4.556576091933438	5.176014179716535	
0.5431574534079889	0.9724973073772964	1.5138117474677233	3.7448112422324296	5.741137904166629	
0.561315289537769	0.9999051450888965	1.4828472481024915	5.021979075270273	5.90841521813276	
0.6383283369361218	0.8852740168916667	1.641504259232246	4.243384124479253	6.439112266387915	
0.4974024428010275	0.9133590094783641	1.3698975720974693	5.007422332773667	7.293021742539082	
0.5590874459978565	0.9831564286173431	1.547981403144298	4.5266935879165295	6.217172804276972	
0.4864096514015924	1.0948836636807466	1.7622809217410471	4.11295035755409	5.54985038906549	
0.5887779674960799	0.8916245011921449	1.2237403316073936	4.382288152878699	6.604615012187569	
0.5616715498237588	0.930740063511401	1.6443985642928016	5.207326966184771	6.639333350774643	
0.6115940572752675	0.8461883343935056	1.7418765988057756	4.439229518252398	4.906093610615064	
0.6190971286882136	0.739737536788812	1.3163545399182037	4.196266457973802	6.261813695615619	
0.6519614817298636	1.0702951254239303	1.4882504309315685	4.324549253157341	6.283468130216127	
0.6825375501694216	0.9939796075368461	1.2371228153219034	5.0634306463107634	5.2214741339202035	
0.6927135069774725	0.8977606905661231	1.341775297365707	4.019145127213203	6.03901961787069	
0.5522158627170594	1.1535426602122625	1.5750718084580204	4.824883095984713	6.279314342962152	
0.5670520392704379	1.0409733171579243	1.3353592829673269	5.272233579146328	5.758908931475523	
0.621280858339342	0.884356338921368	1.5315619020995759	4.668605288602037	6.0750937654089086	
0.5008543291629176	0.9732227814102536	1.4996702326606834	4.395338228544841	5.444264296572235	
0.5653131181136313	0.8228022522962773	1.3773712924711867	5.123190248644595	5.916065577257056	
0.7215619668086158	1.0332091191338122	1.6590915344008281	4.944949694746441	5.944870262073364	
