4	73
1	0	0	1	0	0	1	0	0	1	
0.10433164078115541	0.6690188524577141	2.2766762335227195	5.719470758460539	
0.09592460864545144	0.5615721415149805	2.3081723223414192	5.4447609499649525	
0.11096809919616069	0.5878465271453711	2.261072866581762	6.3063701320691266	
0.09849015728739656	0.605069075555599	1.6804324654299116	5.3395762731619785	
0.10397319332967572	0.6117564922302966	2.0459493227838834	5.912003430418991	
0.1168802913859022	0.5763083682397292	2.4051176787106865	6.405752308968084	
0.1147849741824864	0.51166165432781	2.1118223873599273	6.586340452734998	
0.10735320646512214	0.4828734291338718	1.7194575763008149	5.596402335811302	
0.11154605180126342	0.618583801957252	2.1390065744371856	6.104956710328208	
0.08906293787018349	0.676211896378199	2.12737868753118	6.698447492589409	
0.11490027795632991	0.5507600893287349	1.8570074532460206	5.474647972894043	
0.09179185109915655	0.588871633362963	2.382862530717608	5.97816414606021	
0.09258473362063811	0.5689274854844485	2.208535853840237	5.929686006675501	
0.09535414930319684	0.6075943152439953	1.8616576416814035	5.458685911358209	
0.09716437688713392	0.7051111800794073	1.645640858293763	7.837681012611409	
0.1162143221078079	0.6082379305259178	1.6128189314203685	7.716502187567805	
0.09149885930636689	0.6019433515552247	2.2037080240435385	6.053753225498111	
0.10449906299572105	0.6258528824352658	2.0180914860105745	5.403958810504252	
0.08936558131642615	0.6503797799914388	1.8714786630594262	5.4430882597300085	
0.11822317330657289	0.48991498477495704	1.8456318458265626	7.299657678892418	
0.10089167374713842	0.6023453865113938	1.6786991261653526	5.218937061795792	
0.11289123431050335	0.4795127884960655	2.25058446102633	6.1490298335969005	
0.10188701141181078	0.6686616598843008	2.0521748758522276	7.117808461139425	
0.11353618875211685	0.6029979066331023	2.1761966004423097	6.592719219089327	
0.1035337938405163	0.5786053974502946	2.3958461150861052	5.716774369932262	
0.09526360045808514	0.5356472545291964	2.470126600065989	5.923774020394556	
0.10408408604451654	0.6416025765071073	1.9097839610762966	5.6836876930326605	
0.08593787056451259	0.6451196723065001	1.8865818268147898	5.45977305190258	
0.08969956631682836	0.6845018133554153	1.9139409786140835	5.865095281794158	
0.09223929729326946	0.5867351781151597	1.8579747275094844	5.551928599597486	
0.06972488352792623	0.612571515935577	1.7677874406439826	5.946829262644485	
0.0793999510126632	0.6601993033941582	2.195391807733526	6.288462590209894	
0.09939239044597277	0.5399936039603672	2.247475426505822	6.663889823485058	
0.11612982696998103	0.39880977991061073	2.048608408652169	5.441197393766141	
0.09447571161705244	0.573718823928194	2.232654042811342	5.5110923970652	
0.09390031430668115	0.7015894950896765	2.192294102733965	6.090522219625274	
0.08984669999268215	0.6522976038150383	2.399064522616971	5.3371386638640335	
0.12422249624377742	0.6329145264735169	2.0648372738586165	5.770546023165571	
0.09130334684661355	0.5730424389886928	1.9700075856761745	5.838430689749594	
0.12325765778546566	0.6341883572480649	1.890863173708394	5.629830386685926	
0.10111861158930664	0.5668780485590511	2.156048338713477	5.348355788003001	
0.09833701222292715	0.5833357946458919	2.480300677728249	6.509016944864276	
0.09863848817961167	0.6198719334791601	2.3216684744100187	5.71278667120148	
0.10039696318213126	0.5912454159224618	2.5991343915122838	5.680686843276249	
0.09627466575387045	0.6173464567431417	2.092750260296422	6.335555462542203	
0.10301963710822551	0.5927560527848659	1.9576994508853265	5.0666892498972675	
0.10985945793799362	0.661139582597636	2.27038337684565	6.525554913705972	
0.10953854238511827	0.6125242271836785	1.959073696067351	6.342964450157608	
0.10737431364064008	0.5884175091774592	2.1244932898261406	5.998717952091846	
0.09591539977404372	0.6070393362803149	1.9497453253462578	6.171604329330961	
0.09044293308621457	0.5235218451258121	2.370156630097305	5.203586845224728	
0.10751711580144718	0.5812464129173059	1.7495486200115062	5.601977235054596	
0.09552415287118524	0.5545637743424737	1.7454405696011033	5.515496400082723	
0.10058517524407296	0.6469687258651478	2.171147142367076	6.804302517093554	
0.10364806185393038	0.6315035297745327	1.9304543018720706	5.963588892478534	
0.09093007411767154	0.6121238601585423	1.7754274563446897	5.477214341235042	
0.09947141072933617	0.5991044833990467	2.189355933075426	4.480599597948995	
0.09369024091621247	0.6195815454678792	2.104393714922713	6.552750655727483	
0.08982436402582253	0.6345271777309527	2.1033556168488277	4.278309145145006	
0.11922581067077564	0.6627016658733564	1.8848532447456647	7.003756189861743	
0.09285301440200543	0.6476973621733815	2.4155271453653193	6.024742442923989	
0.0991994139036381	0.6580136195663298	2.406481353130733	7.76715950360118	
0.10297343076558418	0.6825190419329649	2.3489227215587993	4.289979223560825	
0.09855645824108865	0.5237261397402188	1.8916467179052507	5.38472890246665	
0.10318035368937609	0.5511275600402805	2.3050189531782754	6.2290847678028545	
0.10589141204949676	0.6041540360219624	1.931141963889294	5.684862014379858	
0.11784640613326146	0.6439999910075062	2.3162678905643714	6.566388126078137	
0.10105386249012985	0.643067902959345	1.8056994375861315	5.820265506082045	
0.11100562421883897	0.6120488431216947	2.2210347319460295	5.467643557307072	
0.0911116716327717	0.5700398215002395	2.206045551996404	6.067098871855677	
0.09436224441951886	0.5708342998200541	2.15674485013888	5.782898901454246	
0.10731205609203792	0.7402470000468391	2.1767555887173953	5.7997772516063275	
0.09642244841620518	0.5754553843520802	1.9010718315019524	7.085056303856138	
