5	88
0	1	0	1	0	0	1	0	1	1	
0.1419091259850333	0.6542489756910949	2.487482421410218	4.649679353151468	6.0610423235039566	
0.12478830562634022	0.6448566147163229	1.9041106701691024	4.311895892114961	6.57574553543108	
0.16544637246463548	0.572009548358993	2.062083159992203	4.185306507034498	5.281287752804453	
0.14047806776843635	0.5032121988651186	2.2968584550242768	4.677535622322845	6.336317570922308	
0.13568393924137284	0.5282957661890966	2.1615055689774154	4.528846154227602	5.9116381034922325	
0.14565775096218225	0.7026465466616632	2.24159537753549	5.386805276159921	6.7613790152589806	
0.17554906389026018	0.5355322340186398	2.2775317630645766	4.3057055299529825	5.00196797318428	
0.1724400475433329	0.5823784484576623	1.9231531494926626	4.313446261538088	5.522265526335708	
0.13959453048575	0.586703796589041	2.5221252665046197	4.200157252554918	6.995562398531514	
0.16273255193969283	0.6237762938151651	2.3108458069341533	4.5061450487268555	6.771630062318055	
0.1585047039490065	0.5001200408984692	2.2136941653563427	4.852787914346677	5.82659926883927	
0.15189383809070897	0.5632285203195355	1.8538104839463345	3.802330408080942	5.077759207758682	
0.160035671137058	0.45058309749742026	2.0067068157028514	4.15545602163958	5.830704278407522	
0.12215352675095695	0.6242332856844371	1.8762703002556218	5.009582493319171	5.6269405874467004	
0.1485658046488212	0.6002264313933124	2.202511826365023	4.516656469873264	5.74373367076042	
0.15514572796041065	0.6279688278296972	1.9854960465714315	4.6918655185381	6.715032181441018	
0.16058841294156828	0.6559425144988312	2.1869629825151007	4.078732299266305	5.514213324177813	
0.15479831951781617	0.6565658235091386	2.748971061508722	4.941819874997371	5.297738545501499	
0.13849091141460027	0.7367110389573599	2.1039063796249926	4.52138158564258	5.423749847754463	
0.17347655108361365	0.6300199924392375	1.9834607102046578	4.052778620014228	6.184322367538723	
0.1506630926232068	0.6499266130332676	2.267598221722348	4.3809838430541195	5.67371904272318	
0.14760086777551748	0.5669591492005942	2.122007960446976	4.507398417878721	5.461241463971966	
0.1594601979314682	0.5777743371318198	1.968994864688651	4.34177665727316	6.145354893972171	
0.15124557299719954	0.6253270868942676	2.3431444168912385	5.087223091803615	6.171291697612832	
0.13395896419146755	0.5838533518481819	1.934071547357653	5.2635843331705265	7.192440529516299	
0.15975466796244514	0.6515075305583419	2.2039527865458814	4.664725161957357	5.041527469002526	
0.14889101452114634	0.5471308162592243	2.2104916555707494	4.47317556957516	7.168093177407669	
0.1637494153308426	0.6170707189512986	2.09260796726498	5.254209656441969	5.982027212324082	
0.15497510942452916	0.60253497626561	2.0631069102729254	4.516427800073484	4.82281988959301	
0.1267844039813822	0.6209778325001777	2.4871629334634098	4.656699496864876	5.567778687062008	
0.12835719368898996	0.6470716356285383	2.028053042531753	4.7894559383486515	6.23391909483943	
0.15717450588382034	0.6020161024412134	2.2324835427684726	4.446245519434649	5.618816079379077	
0.13554751409225924	0.45689947212174126	2.11106144408303	5.183720182328379	6.438048055522558	
0.15341563677713937	0.5559597003426509	2.3644279335382015	4.446310809688638	6.944960588273435	
0.13528369105057977	0.5550018283216406	1.9678369619927798	3.833046733304694	5.437773188884942	
0.15154824389648874	0.5572679385089624	1.3208793042132714	4.983422983839055	4.989543762391556	
0.15883842427329956	0.6018728753801738	2.6052351555303734	4.948630866685179	5.697237242709015	
0.13946904656467032	0.6901636608479571	1.8326877141231963	4.585895971163419	5.921327722050197	
0.14485160896942986	0.6212108390669056	2.1907553700093656	4.7058303342562855	6.083385391417971	
0.1562652210752587	0.6056019115758956	2.0082232192484923	4.501800567106468	5.571368064177588	
0.13829435092903725	0.5798309998369349	2.1243240204417937	4.5158513878565145	6.549827296417998	
0.14252303876188735	0.6118111155884892	2.175375958497921	4.2261172706402705	6.0442444717239265	
0.1650408212276597	0.6111903730130039	2.198715544740871	4.182602251075799	7.181315310722925	
0.14027465444516246	0.4999329923671513	2.3349395858468864	4.448332332158208	5.818174907431755	
0.1418166932938271	0.7123028774589503	2.2262369099000066	4.747388049740288	6.09756937414936	
0.15405074420167794	0.6839174766335648	2.0960662478360454	3.8443781045156715	6.520832792536666	
0.15745052418363586	0.6064787887731025	2.2512119469327736	4.333165100867621	6.012415549712556	
0.14802449619210134	0.5645107045757449	2.405672148367575	3.86448361766199	7.4165293030877795	
0.16316043313809714	0.4933214679178589	2.10180423915945	4.424154337843399	6.235131977365268	
0.1351593259389042	0.601921520602093	2.1239593294036307	4.168071736841952	5.4739486611172605	
0.16378206970053535	0.49820504759744433	2.252743971260651	4.858879638095156	5.86886499699695	
0.15078559259587496	0.6698096999818428	1.9984569251943276	4.229256406999895	5.702709791340415	
0.1674798839883492	0.6775376248130824	1.8498835995903218	4.952808336290237	6.49134498380837	
0.17330392215674742	0.6231064819275828	2.140484074140106	5.015347508957246	6.41934227490106	
0.18367347621223087	0.6575224706977096	2.183012814931142	3.971653028830723	5.65144969368353	
0.12846067532957975	0.5870962778363482	2.349104532545062	4.498348010183768	6.613035161256043	
0.1550636060015852	0.5758144626147593	2.168839408361542	4.7124435109747935	6.0835340390781685	
0.1522602634327787	0.5538569935447976	2.0569101029729233	5.51630735826959	6.737079894254126	
0.12789238654785426	0.4579818625496183	2.166381370611475	4.902062802491696	5.688034897546675	
0.16532488092296907	0.603579273900425	2.1149418248587004	4.840251829278831	5.6808745242586385	
0.1456994051729452	0.6402100357278278	2.1432498735308045	5.358949323019981	6.41629524771361	
0.15943220742499142	0.5970297212360959	2.3380722554925653	4.354826502239259	6.16942665071971	
0.13625560429493158	0.6623664835338354	2.212480009911285	5.3921308786640445	7.4353790302018545	
0.16144979177149724	0.6041055186724741	1.9465961298930028	4.907137411466471	6.126170738337137	
0.15807052258731694	0.7037872432473745	1.9727489929373803	4.084063124183398	5.858144436977592	
0.16231801724627737	0.6332920344128692	1.9574269699854088	4.840448805316117	5.2792723086640425	
0.13743387488476713	0.5930725609686486	2.0310122821153276	4.900436769892921	6.171827089800657	
0.1764834176644089	0.5851688780787351	2.12372653752624	5.0446721740777924	5.945447518125723	
0.17241007871561317	0.6324496926230695	1.6441509089746476	5.0299066863672595	6.547636087871885	
0.16426998909165816	0.4853412972872845	2.0074571583267247	4.235082824899454	5.495327179463764	
0.17612883797840906	0.5992939297305819	2.1421393973347285	4.7484037396421	6.341581000733629	
0.09997660934061255	0.5612185477710382	1.8462504557748753	4.680137741919668	5.826664551399571	
0.15023081346751901	0.4752888150665686	2.083381771691543	5.001808613324767	6.8456696898613005	
0.16078295129311052	0.5198720823931128	2.4207713876433066	4.825801014750007	5.9296865795612765	
0.11962445528235384	0.657215697039751	2.0226842390535733	4.655774619474651	6.041036316381997	
0.17307592476657416	0.5924779808401495	2.1467505781315213	5.210376925715384	5.605066653749887	
0.16221484277111664	0.5880830566272922	1.9344534781689402	4.5005224440243925	6.415023068164793	
0.17030564759964767	0.688481639120741	2.0866257240415105	4.0557378455855035	5.808756660253512	
0.13227703870004767	0.5869568280350097	2.076541964021752	4.827370591870544	4.676438892051373	
0.1389958808087004	0.5564689017334851	2.405232359267725	3.998770030169543	6.135994415789396	
0.14807807378370327	0.6625825516101829	2.2781038508697677	4.554559679319171	5.667199875247159	
0.12221486245335185	0.6148251393412443	2.264055306683922	3.791309574386406	5.25978350140287	
0.15378494960057515	0.6203485011724722	1.9370108283302072	4.241670878894383	4.898106696857743	
0.17065895855719848	0.5220075355578928	2.266585769118438	4.484267686730979	6.7737561717748545	
0.13811618860837865	0.6036751626204232	1.7848382145139696	3.6276629233771107	6.357800150319284	
0.12322461241395445	0.5863069479339281	2.3674285213141775	4.836008185242606	5.601248707230844	
0.1261724529538774	0.6305696916993316	2.438585208314939	4.201992864600469	5.51801228495573	
0.142126470556965	0.634296522648427	2.4141312853792063	3.942176934878765	5.101030914405208	
