5	73
1	0	1	1	1	0	0	0	1	0	
0.09661807753842681	0.29235399837864634	0.5914291164316906	0.9177579289986656	4.536210039904311	
0.09814780592593342	0.4095964786537105	0.6969061832171088	0.8030276222638522	4.351397985482262	
0.10227848903101622	0.3988228069455543	0.5973805970189926	0.9251425436165842	4.769714010243368	
0.09925917959932483	0.35837342825011315	0.677053307909544	0.8974426993756147	4.710051654022969	
0.09090288758167989	0.4161025490339299	0.5869320064927264	0.9296374485081906	3.800932014904076	
0.09535125400169062	0.3831166242135912	0.7153806055880637	1.0652481042824333	4.402111286499038	
0.09749726302952695	0.32306700424443163	0.6825848089193133	0.9125283020995234	4.572050374950242	
0.09649455795269671	0.39290367936431636	0.5672937090082186	0.9489532626360516	4.295883852503655	
0.10291612778493593	0.2845561858459444	0.44895726486466864	1.04003537504602	4.2361836544914135	
0.0858064048070146	0.2818307825664565	0.5281709203559349	1.0229734473566876	4.457857050218048	
0.09406259918117921	0.3331699983165269	0.6140869507394461	0.9744613856364384	4.07650707239737	
0.11574320144865423	0.3462187803269256	0.5593503627018244	1.0780780464722126	4.471100740951857	
0.0956469384863312	0.38897248992615957	0.6048239438683027	0.9919648613928999	4.053050545763591	
0.09805942178947769	0.3244181200430447	0.6118763305913361	0.9220959898810763	4.453373298554735	
0.10013135187765243	0.3911646999745471	0.6428214908232498	0.8850733698133858	4.403678546383044	
0.113008468146685	0.416290583089681	0.5300089953856166	1.029810472772845	4.734314486398667	
0.11797154381678282	0.334496256377323	0.6239765543208741	0.9580976238830353	5.4174032432399715	
0.10216559546208237	0.39628819772242163	0.6738788089244042	1.090252930499743	4.160191815393349	
0.0945880522797064	0.391410513405894	0.6678825169443406	0.788289330047238	4.301976280930711	
0.1215156191901595	0.33316994718233445	0.5474700348938796	0.9486399143324571	4.261455532551547	
0.11025463037375266	0.4681455894630452	0.6127355450433634	1.0930880840544652	3.9380246155097347	
0.10701450512805455	0.32856758497265176	0.5741128965962213	1.0201561043364027	4.128188913723214	
0.11521143138340957	0.40127558480101905	0.5195548503815524	1.0757257263657989	4.289365140612108	
0.09744308540969933	0.3732457371361195	0.4764660282264429	0.9255278862551914	4.640402994195078	
0.0845776368863757	0.37449738596676246	0.6460906918605077	0.9610514353202008	4.233857341108649	
0.11751204542453611	0.4674424362634331	0.6285545448607261	0.976360973470375	4.434998181665477	
0.1012132406490893	0.38536957245826164	0.581975416499678	0.870867343838649	4.557693064683068	
0.09135130983071071	0.35917903385404065	0.54380964390629	0.9898883398883548	5.1046874485409655	
0.10771395196977357	0.3544503450302463	0.5622296584469776	0.846066221881057	4.285004217495337	
0.09802439919128492	0.4486499716822962	0.5902454556314741	0.9202201795100916	4.066688458523458	
0.11446690966973763	0.3812210193616796	0.5473523116655342	0.9857009956996832	4.617789730974108	
0.11726773099388801	0.37602251122335395	0.670163283977972	0.9813092082632521	4.136438601964227	
0.08687402411352863	0.3520518292930913	0.6679694971082568	1.0132055633555421	4.1627253349901	
0.08798626588685987	0.39080604995143614	0.6496504386959597	0.955059494692679	4.392792776965429	
0.09411314853851765	0.3303949405701543	0.6106558479990236	0.8024900494573848	4.00363781363264	
0.10108779260149335	0.41928196495351083	0.620626472782508	0.8682845553616749	4.462352279445283	
0.10591674604423612	0.4180169851600605	0.5700868760869185	0.8864912119128883	4.633471081026912	
0.09946601420162626	0.4499927270346033	0.5482031092830173	0.9084772173582124	4.866032826609388	
0.08652700073583353	0.426516047641281	0.5036772760163798	0.6938670407126034	4.925850898552225	
0.09691982693060512	0.36370227364514596	0.6012213226625883	0.9295096855252027	3.6201940180307046	
0.10103121158028772	0.4042338093962629	0.6503721853542702	0.9188637878275216	4.397430847643194	
0.09835553832004536	0.3573562517805269	0.5714177025383506	0.8715486118839276	5.204950786840645	
0.07161539721810221	0.3841436998155527	0.5697967898058967	0.9795090142511641	4.701878640399788	
0.09743022097080528	0.3651663864008589	0.7166573038998122	0.9347779920845036	4.365197760672132	
0.09153207927815105	0.38039471598675473	0.5107980916123129	0.9106179192406652	4.0593745045247696	
0.07395690109747355	0.3923006098496193	0.4332224501098996	0.8351560057793824	4.837524814854401	
0.1074636526492693	0.3896120477188038	0.5247497317023686	0.8162783955754767	4.773099276357184	
0.09465249230427676	0.40149838029558454	0.5985793038750273	0.7563274881645583	3.8287359897381386	
0.12716535043001717	0.40739636902803933	0.6488209768706077	0.9024429696185837	4.047807713271827	
0.08144029197206337	0.4262261968698651	0.5762446288392746	0.8778160870715186	4.534231085639673	
0.09390060865468396	0.334499078538598	0.5869610931880807	0.796931738871283	4.681159224020476	
0.09349308170434885	0.3533435537069259	0.6606340608435078	0.9709489200774201	4.662184256894298	
0.10038541027761194	0.3885146714978276	0.6218775292858914	1.031674972657131	4.459433414635096	
0.103417741368973	0.43709691355699476	0.5834662926091375	1.0212720059184532	4.3365582112721075	
0.10906797173968051	0.3149945351571407	0.6094340312562827	1.009338189154087	4.461693203048183	
0.10613774613051259	0.34435358514871633	0.5365135306950308	0.9416778823346972	4.244344489399619	
0.11043605254848972	0.3683550726846786	0.7170206004561472	0.8530543608444616	3.8527154412505893	
0.08958583596709349	0.3879302135785481	0.6067453235584374	0.957289223728986	4.474323974252089	
0.07239464985705302	0.36576351804197943	0.5894859026373217	0.9847492482795113	4.491675427508407	
0.10494418633266829	0.30962622281069074	0.5731029867395004	0.8777107978766189	4.524062310725935	
0.10545893540078155	0.33299023415891416	0.5866493920556173	0.9108420477672164	3.9709756060816392	
0.08239385266244721	0.40164659314801665	0.6601903589842121	0.9289012943627625	4.936485894237143	
0.12341872453849295	0.3746089601589579	0.5624793947293213	0.9378140637878285	4.655952910997852	
0.10071185070261568	0.36998429443509107	0.6029612412413755	0.9564442119876888	4.479151639367488	
0.11537828660758001	0.4268777598967645	0.552490500747723	0.8737160181641184	4.149189872591189	
0.1129590788436351	0.378905722461992	0.623085835374927	0.8647589886041677	4.250317591803224	
0.09935639322808128	0.4192594898431379	0.6387969199788591	0.9682149319358913	4.233748884840367	
0.10219821922168609	0.36489627557512655	0.6849787252032365	0.8077689554318828	4.792108310637866	
0.10121928975817629	0.36079226621912747	0.7113478821489608	0.7343599236200726	4.4540247924182195	
0.1067875876024343	0.4304454652836367	0.6759881871336041	0.9022103665179257	5.793735740310217	
0.11266860374022958	0.35347081453656054	0.7069888664790595	0.9888294016895655	3.86140425243498	
0.1049339031836803	0.3703160862201596	0.602352913689273	0.78020311191538	4.235208345008103	
0.10320328787812053	0.3889496988444281	0.5127472338057183	0.974644327063184	5.412561650503567	
