7	75
0	0	1	1	1	1	1	1	0	1	
0.40199867275807244	0.609186623198012	0.8167457728981805	1.3292196974238575	2.2719490167021488	3.638287529083174	7.152235160092209	
0.4283165816584597	0.621731135462817	1.0342055648856971	1.4939267182843734	2.10790859353638	3.132498411995714	6.049227914690759	
0.3454706118760098	0.6676590353320856	0.9648221283628543	1.344938732201323	1.9407183691146233	3.560852003293446	6.1200866040508375	
0.3623469864051991	0.6157110903580504	0.9308279702174564	1.3416905607898344	2.5703404365693663	2.9938641115846094	5.50514452890163	
0.3231837851853641	0.5540197609775681	0.8905523278681335	1.3121468973750183	2.0680931757976566	3.3115084240695545	6.12658367889734	
0.35443709579504895	0.5978311483968407	0.9813826487786185	1.6792117139904472	1.8981841776126798	3.4237038602029206	6.287136540134117	
0.31873478950475015	0.48941984523621745	0.976152978522583	1.3031551665055692	2.1161610003279603	3.271502738784676	6.954491648257859	
0.4356618686794061	0.6549192220760016	0.9306146400125193	1.6285669524690598	1.8141684755709253	3.4481390818628395	5.328965358671539	
0.37300965415123805	0.6518003064627574	0.921602318691447	1.421474520319619	2.0704748488928404	3.0845125366860575	6.1209073765700674	
0.38558489044860533	0.5656853105940616	1.041799979759053	1.3376212613183391	1.8304669577177053	3.7007023475669474	5.358907382158334	
0.33369920770917516	0.681500960022791	1.0281044544625322	1.4660650215165896	2.000791903903677	2.648795584896577	6.900348004165868	
0.4079443624558339	0.5675958172587312	0.95930812438929	1.2358650666323168	1.860823851756728	2.8489519977378417	5.6601947251276625	
0.3551078940691125	0.566973267210289	1.0020022267068671	1.3694564744384448	2.0737811484252684	3.684891762216689	5.670835084775971	
0.3651106237318269	0.6765025043661496	0.909439879266282	1.5200712800273377	1.8127459136106268	3.084018290767431	5.98776692314353	
0.4328818775972187	0.5793615729641105	1.0317618138337719	1.4493473838526423	2.4184647270627284	3.0664474581194665	5.577496933767167	
0.3625848042570739	0.5668295437466735	0.9598792199279597	1.4901637909330758	2.2569095465367304	2.675396922468946	6.06254194375627	
0.39008400123349996	0.5348481234466989	1.0257151787568948	1.4817132104286959	1.9129673984547313	3.4336408550414803	5.773528608562231	
0.366358150126244	0.5378514494497347	0.892585431323818	1.594631671146119	2.2167659258747414	2.963212868905387	6.369061364648909	
0.3480942621534841	0.5732240071852686	0.8252270465018636	1.2360740504048362	2.31951397936726	3.2236903306993945	5.669489482327021	
0.40641824601339355	0.560154770382076	1.0719610240515793	1.3144945497596512	1.9294523322258665	3.0840278143642608	5.3415990415109045	
0.3991608834218395	0.5831406085821468	0.8765170614544852	1.3368448208960153	1.70588445568948	2.7418355950878293	6.664801974828277	
0.40490119045282347	0.6489428300847265	1.0750001962847362	1.6106673224993076	2.30276955541439	2.9414335446312214	7.108725445938098	
0.3402650853445706	0.6081406348208797	0.8269654475421431	1.4728952276246348	2.295143025146734	3.06574640819118	4.811476595583166	
0.37250281162743903	0.7086253638991535	1.1086502573973396	1.47269932267814	2.1331134314551212	3.917815699917346	6.66428090606286	
0.41876999525138386	0.6545571092468601	0.986957338388013	1.228765648327719	2.057399536246502	3.424375744677577	6.017039050839646	
0.3714127070184804	0.5179597941480214	0.9005453050043238	1.40465923293931	1.9314619644685427	3.5183737349880175	6.404711792890819	
0.3607909058452533	0.6410328057537394	1.0600463148918122	1.4574700900644935	2.3088464652963587	3.17692346669666	6.224326834831454	
0.37703219733567545	0.5355028656486129	0.8137161845892446	1.5514988200811763	2.3465422907284514	3.4779269561689734	6.580206746994868	
0.42138618154025026	0.6087916239860017	1.0030363637983817	1.1577118774244757	1.8543535887111995	3.37430340218483	6.565759222392971	
0.3375397760867374	0.5708636341323948	1.0172843377315934	1.1361807244490243	2.1392624571131824	3.740017308829004	5.693034145565371	
0.3499657552413272	0.6418389187452378	1.010054579688127	1.7890784940551951	2.1328742593153005	3.228713324560697	4.7284304807878375	
0.374999536521702	0.5240186955698212	0.964764392445648	1.6003408881883503	1.8757016565889224	3.260609984020055	5.656476818930839	
0.32798280883162373	0.6116285362546188	0.8841161094148248	1.5217910315263812	2.1603668213021736	3.31770412762356	5.9784613921933385	
0.3925633750907176	0.7126435983503275	1.0272219521024994	1.2812252402805113	2.5883774083033937	3.174528479273103	5.747177882356063	
0.3911849290257712	0.5378423380260997	0.9683304970934629	1.5274977686313382	2.0919114871169575	3.315294181341305	5.9122163055718815	
0.26478699714457754	0.5775438630444	0.8655549072433724	1.4035108146863688	1.8691629590998602	2.7843186474643127	5.483556188712292	
0.3981190432367948	0.5953802183062243	0.8343262085187025	1.2351972199072119	2.3683640452004964	3.1451070039806632	6.552281258795753	
0.40202528414450156	0.6271968368864919	0.7816093689369128	1.5014241503227759	1.940666440552672	3.0390740849618987	4.429846213361394	
0.3264526095695295	0.569801940335539	1.015186809414953	1.5587597701909945	2.1135408950144186	2.958394258544243	5.8858745996341755	
0.3422447859394322	0.609231719559341	0.9480470726433863	1.6856561569422093	2.364571540210651	3.148536064715205	5.998664747991156	
0.4538798214621309	0.6375578658908124	1.0323366068761128	1.3909645317202022	2.204751995686962	3.5737976617138587	6.059885031477329	
0.4022734898022732	0.5783903557826278	1.0523736727269766	1.1674818531309321	2.324966952543558	3.0848977502089228	5.5910333735403785	
0.3134560549194187	0.5363909190171495	1.0661415846717714	1.320867251033007	2.4339931644028807	3.351311034248222	4.771767071877717	
0.3652197109010012	0.6003706127896399	0.9544589088930201	1.5445410391943284	2.31850501821531	2.5399023537326597	6.783776346740516	
0.43477584215921733	0.6370429362389313	1.0149849950237153	1.6196844857885557	2.065932267958933	3.426274624196656	6.1751348374566355	
0.396310547756352	0.6055893081120663	0.9221943936691617	1.5704220656861838	2.079558406837078	3.084085849159654	6.213262851348086	
0.3588987277204569	0.6598947515128163	0.7290363004147535	1.681527866869199	1.7760036592153516	3.710296398456575	5.45221288360968	
0.40922014117147254	0.5752831412296611	1.0016210210914587	1.2579206517436141	2.1910406068837673	2.9861213722068904	4.5210934798197755	
0.39401906240108425	0.5789691595736105	0.8693028449704597	1.2252221976223814	2.1152711295725926	3.8188341485050765	6.426520480420832	
0.40186999812555113	0.5719469275844496	1.0786741190107212	1.2621580896265199	1.831209819156365	3.681330163020984	5.581760795855876	
0.39261159811468593	0.5392022368303618	1.072765543107244	1.4257159151528633	1.9411898209171576	2.9698140314356234	6.0201641832400625	
0.3644800712555374	0.5618988736138303	1.0399239528185236	1.5020053071752404	2.3614260403448433	3.5404902802749283	5.593453829953985	
0.4029833101953305	0.5858220761732118	0.7665321004385184	1.2111282019875862	1.8792952502522404	3.2209346173774147	5.081973509656134	
0.36972498159167405	0.570126280002225	0.8935799721107436	1.5937887775615733	2.1604987719465467	3.7131319326068506	6.6396716036427685	
0.32599166398859497	0.6395193165704208	0.8555707658747421	1.3835434040695254	2.2604429735564415	3.1101776809213635	6.88351924449103	
0.44360586085946807	0.5945935517725983	0.902162220183285	1.5069871849575873	1.7507672891064412	2.9278462706531387	5.415352122854589	
0.31771845118279957	0.5295486989287271	1.1279615311767983	1.2576842574730234	2.588391363200182	3.6162755967804183	4.707003992262079	
0.3491356249901346	0.6527744230618958	0.8114442945068296	1.599431680269541	2.215865256402125	3.690086714691572	6.741724132235046	
0.34077037264324567	0.4949798658104133	0.8236802416210113	1.2505682838306778	2.41891148461587	2.5606957828804355	7.589405679455256	
0.44789237777569973	0.6019371087154769	1.0004117906453436	1.7362137040221306	2.143750593977735	2.7551413294798492	6.643803932647669	
0.30492915308662255	0.5941955211149256	0.9165947537339575	1.4014687513200628	2.3188006466027935	2.6002336382104665	6.002369180388172	
0.3776169891339472	0.41790529156518447	1.0167228547769074	1.4937499754581045	2.060870657245288	2.8321412059596716	5.82022834190313	
0.4449299059562122	0.6906379782612866	0.8941771559862051	1.678772996294328	2.5486536024624327	3.3287530529363267	6.55854005505036	
0.39443726838245047	0.5500173960604748	0.8291044907447546	1.5081324978504356	2.487299770713219	3.450879181939098	6.601768092866731	
0.4353637615563191	0.6154836140135871	0.8789948695434234	1.1911800510593593	2.1227220408826586	3.038367334230935	5.542310689613729	
0.34368062533826954	0.4920472084262749	1.0274021769516548	1.4218856061886624	2.136561456930866	3.609696552352675	5.455362199274161	
0.43989424089394813	0.5828894132091766	0.7852714165079121	1.3313898004721838	2.226655464201344	3.285831485979435	5.263945096665709	
0.38598495005224376	0.5939225486565828	0.9407232060177629	1.6127170166223357	2.2645086338075235	3.2529117694117327	5.646392601936654	
0.3540875183768757	0.5347461589394723	1.0012120411641676	1.5332284118551731	2.4698637285253215	3.7902862152331767	6.053222581300268	
0.3672660201529362	0.48260523990502535	1.084031326325258	1.4595359013078404	2.3135025530409465	3.355536612655392	6.710324855043702	
0.3654354434904916	0.5276648100093818	1.0317751559507917	1.5484696248676253	2.15231743831167	2.95385736600489	5.592668506420446	
0.34170043642609405	0.545875726879256	0.9397801155031019	1.4117045665747368	1.9649204593718943	3.126638816835989	5.207120599356355	
0.3820390598802575	0.5517295860661292	1.0668339916583875	1.3915596488869824	1.9969992900092162	3.1362035327856006	6.331906614675608	
0.3957741382593322	0.5959738716366969	1.0284255940091387	1.3680917833846489	2.228312787871455	2.787372517962795	5.770728504555926	
0.3597676557160094	0.5475863949157643	0.9653234238433337	1.4125456099956168	2.2503900137033663	3.0315473505756385	5.963129647129016	
