8	25
1	1	0	1	1	1	1	1	0	1	
0.10565486845575599	0.15030868416720566	0.6170790522049536	0.8764873822776864	1.310130882379543	1.8194135769570616	3.55030665646851	6.793309913296353	
0.10717959306303107	0.14461738877308172	0.633703452559107	0.8527882986631439	1.279781313535536	2.462760149466573	3.16472279992046	6.381963470677447	
0.09045131434783456	0.14207556482722566	0.6646975546509397	1.0877507387392324	1.1474532096540386	2.0573478436433135	3.6000216614270615	6.595036122727816	
0.10724125066934725	0.13297514026684912	0.4801437504998054	0.9406477873580033	1.3321696080051506	2.1980260752140977	3.217366398659376	6.933963095249857	
0.11943614204279283	0.15678083242635357	0.595182668914481	0.9208519758593555	1.4000367659039241	1.8114918882559128	2.82104311772835	5.356121523416322	
0.09208722871413672	0.13079115559297166	0.5965643993640097	0.8056015182178663	1.4933907278489547	2.3993095756191782	3.360966190165852	6.061721149250163	
0.09327296659979921	0.15260929814325683	0.6244836959003595	0.8882071791641879	1.255385043687475	2.09559588846591	3.9045352091330208	5.6756243671559	
0.0978813056547962	0.10761924241623158	0.5880437931930709	0.9556428351726173	1.2974232605047713	1.8219635005229853	3.088243419949727	5.860260731728488	
0.09114649508945381	0.14170138227089032	0.5942864685892415	1.0735376920203688	1.468010788436423	2.109260142815319	2.458727790821345	6.185379002192251	
0.09445601604941309	0.13982131650076426	0.5609981517859383	1.0387878723215156	1.5065933925941195	2.540084294787403	2.7036932599489103	6.7581423172710355	
0.08537868680550958	0.14199476662522165	0.5836150232397842	0.9350887548885382	1.6723963963351798	2.140489859283571	3.273888100198968	5.089065324743607	
0.0917040729154716	0.13546788198976048	0.5865846171987981	0.8707232467240754	1.3089248004019396	1.9733362682964248	4.01644575697331	7.048652463137726	
0.06910282880702603	0.13439226619090822	0.5224987046616965	0.8271093614615128	1.7115427221264063	2.0702704469572746	2.671355659901374	5.904379201936674	
0.11284866155197844	0.16627877610431063	0.6234515737769424	1.0212471744953353	1.5894773477153445	2.2091892433505644	2.825709494507658	5.852079364127289	
0.11717351327944577	0.14601659385113497	0.5947284965373494	0.8223220867158683	1.1991911432248237	2.000879354249007	2.94508424205802	5.731942121548753	
0.10216448745398682	0.13591279396682485	0.6118399530031381	0.9360786605637748	1.7913301119754386	2.342947097762689	3.299418829831933	5.1154935935641745	
0.10371365682306709	0.15151333300446462	0.5703442880901681	0.912654144292926	1.4565592542701578	2.365903439516886	3.181703632782367	6.161993336773021	
0.09990143130380763	0.13340897352515446	0.5584503636097577	0.9632738987252384	1.6903660586892022	2.095859814694837	3.35400505957826	6.136996060271256	
0.10048682370958746	0.13011758269198287	0.5174107745380703	0.8009283075054991	1.5464059218491524	2.4279557850678812	3.038768648774722	7.107199597104945	
0.10412397509919379	0.16038640603254875	0.6142825040852002	0.7766858736484282	1.3050345675142587	2.339024585065029	2.8464245997707915	6.3617902549259	
0.11245788345797275	0.1489352727522521	0.7155192481931465	0.9354166844968643	1.494699555227802	2.1855837312755693	3.275357670501804	5.86793627414207	
0.0884473933285743	0.17637302101184524	0.531252972213851	1.083451687164685	1.4446615829672447	1.928244680273516	3.2654357137546564	6.028476932409384	
0.10618380586597548	0.15058612901680277	0.6497263451375894	0.9606964229187027	1.6580519685174557	1.920731495713487	3.356698665390277	5.2122383776568455	
0.08379407893816992	0.15776692850744534	0.415932561580913	0.8482785519361031	1.463859370744423	1.9511264471476526	3.189207516308682	6.512375454465252	
0.10680623862347494	0.15511944507709563	0.6161053240696408	0.92191342038985	1.3349620778046505	1.872214878541846	3.1947526425217956	5.825324505130558	
