7	84
1	1	0	1	1	1	1	0	0	1	
0.09900362641415021	0.13098107488762334	0.5200104651482362	0.993211765165254	1.4210942829827313	2.1289492328463764	4.976430304084683	
0.08396937631504608	0.11680426093300622	0.674188855684085	1.0753740054237966	1.2314089250774614	1.8995141858117446	5.676704197145817	
0.10154059490927259	0.15642953593297804	0.630436164985168	0.8489416488466933	1.399542705858213	2.025872436643805	5.9227394035925	
0.08875430638265071	0.15079370665045885	0.6837076680068382	0.9241141980889059	1.5196753362954236	2.1951631779281486	6.567110373967822	
0.10056409697207874	0.16405937914825544	0.6326926756596194	0.8312844338047692	1.2744759963285184	2.0224235974899414	6.318841382511548	
0.0943328364827486	0.14414388011491303	0.6310734125815464	0.7790551798037314	1.7007509311371993	2.0318733740768624	5.429316648077486	
0.09705104234056351	0.15340814461701727	0.6115047554193861	0.8944753247115985	1.5106449924893484	2.1619362865888903	5.556796559856309	
0.0906939001207908	0.15607521841553204	0.5390921322883481	0.9084482327679253	1.253497342142682	2.3457000951605353	6.907633932430814	
0.09213691603896329	0.1683424227126313	0.7215402977402413	0.8212292847626705	1.606112849365293	2.1933180090279545	4.687181680826203	
0.10962902237474091	0.12221811416864406	0.6007563431798003	0.957360503018556	1.6381104321564124	2.0485667190334627	6.284565637547459	
0.08859515179043531	0.13392589776327243	0.6100840132197474	0.8594180645795328	1.3982989025299346	2.389798782561755	5.433250552105742	
0.09497589058115073	0.17573405154104924	0.5887040124377895	0.9691542919315775	1.3168211281338977	1.9318707655599845	5.577802565609717	
0.11668510142852323	0.12686247056109004	0.6617012590257524	0.7420490169442365	1.494686475707198	2.3770279970812487	5.654915551335938	
0.0864353949075078	0.17334975200049516	0.5503852883536998	0.9699527288422085	1.3629172809937153	1.936360365445003	5.523873096904806	
0.10336240207074572	0.14114153018083386	0.5247106843659246	0.9856050370265235	1.301514645643911	2.43390388987222	4.662490512909537	
0.09374553837071266	0.1449426525866194	0.5979954892256462	0.82987894589835	1.3187183740883686	2.2841922998240305	6.393151367509399	
0.0928162990682353	0.1636357926672294	0.5584410704287702	0.9593725676675963	1.5275099988573064	2.06257661989103	5.306389451168048	
0.11498130092347512	0.14312670072383102	0.6168261155717345	1.019174786536309	1.1827070415561518	1.9797707540329896	6.3737953523805135	
0.10052853005340497	0.12061841133504118	0.6213701772277102	0.9241543798976005	1.4885656720186187	2.2462222326556645	6.191901029732401	
0.09475711346147124	0.14414939878748947	0.5517486517290152	0.7760880488636469	1.710312335697975	2.1283104866530462	6.773385777397935	
0.08616860595395359	0.14170404436392228	0.6088304508449593	0.8917776489102575	1.2596355221603448	2.316133503765574	5.668924821911325	
0.10923712257170277	0.13839825903978714	0.5235587561026742	0.9203383546982992	1.3306438967173253	2.291087384040638	5.307016714906209	
0.11601731581027463	0.13620466935662773	0.7155264378143235	1.0478695712465995	1.5340702493100578	2.024830269400209	5.041429719028049	
0.10040505848999733	0.13830172016501543	0.5672820527553654	0.8053118059916573	1.4244807902485082	2.1553389874897917	5.732573002150166	
0.09701720075305093	0.1393470342267713	0.5257964534731802	0.9896176110973894	1.323001184950389	2.1130389513359042	6.843371495525256	
0.10138614563399961	0.1446373982941657	0.6290903804454996	0.9087732167636373	1.3518963391755314	2.260200773861106	6.049195676374264	
0.0874213969121167	0.13789234573640974	0.7147675230645456	0.81711173221564	1.3717302907445188	1.7858525324866326	5.862907403164406	
0.10840149311616945	0.16574425510545435	0.5801998420733437	0.870796738138233	1.226138368467851	2.1674512175616223	5.872005329467074	
0.1089353670502896	0.16996118875269145	0.6220206418203773	0.8834959383248063	1.755928583863184	2.333770117492603	5.416263192924692	
0.08142699596092826	0.14677841124044885	0.5897101066835339	1.0437324399745698	1.37891949344835	2.3049715287421653	6.205010837716982	
0.10763049850176945	0.1593877864837832	0.6507542680802765	0.8138491023264111	1.4362930837283099	2.3670490743591373	4.84053092291424	
0.09926761814486004	0.17438096712411202	0.6139851626128677	0.962483335259883	1.3738794964401766	2.1874226845953912	5.366669327627543	
0.09357052877283956	0.15673732331628956	0.6279128584155419	0.9384722762230981	1.5263192681078486	1.9257613688600597	6.1631592659738725	
0.10043335975760637	0.14010804566041302	0.6632022047273445	0.9746068688203667	1.5158630806251017	2.343054480727619	5.970658590040388	
0.09935732852545848	0.1303771293121224	0.5922710164039934	1.0031510298049369	1.7004171971424562	2.3846182261167352	6.114590491160973	
0.08668277492126925	0.154566505828274	0.5158142522069556	1.0444364053844217	1.4153590382404055	1.938367610212793	6.310573079891812	
0.0864372309030563	0.1803376304276428	0.5093019961311552	0.988881013834837	1.595616630740913	2.1669610970645112	6.309842871236308	
0.1073641496049979	0.13167225172369895	0.5167498977919253	0.8953631404650922	1.49059054360702	2.013421696402018	5.902239562172698	
0.09683269161558243	0.13762527913001937	0.6367644966901628	0.8252529640889027	1.4650549849090384	2.0234708704699655	6.17981227322598	
0.11940000915037885	0.15984709828831262	0.5832251368350543	0.952163698999697	1.512641425214176	2.2673482860128105	6.565365417927363	
0.10360597292247962	0.15504271332854402	0.6084425854867701	0.8130026983565023	1.4272981015146902	2.0936186783741424	6.7333168634338305	
0.09144652191868917	0.15006427696194838	0.6460959305493145	1.086892875633999	1.256844808690594	2.615150339621781	5.829731930973625	
0.12218750077685392	0.17934831200779056	0.6342538223658388	0.8249986093556779	0.9958770870638958	2.0084502121396692	5.5876355021360595	
0.07636622271944916	0.13650532469208018	0.5895352055516069	0.8618433136196872	1.3350550990939574	2.7959085515793203	6.148351422426	
0.09973661198685485	0.1271250355576501	0.5898851688766371	1.008717930528725	1.2889933315906168	1.8788129168961023	5.856223945505288	
0.08566812732459504	0.1749535284898717	0.4405058152017462	0.893132203685799	1.41744253939097	2.0081129783671265	6.265234424485632	
0.10339567692186502	0.15396720934366306	0.6062434949618364	0.9181182007187383	1.3827360681350547	1.7640477358774262	6.199103167037533	
0.10077708011588976	0.12474521448728335	0.5929145718907558	0.9639531331955684	1.5586565072613088	2.485081701302003	5.8155664924789034	
0.09844490801273402	0.1426251487225606	0.6146762715500952	0.9299094972220987	1.3046348619949975	2.17306394525007	7.1022594223315485	
0.0854572545886494	0.14408683325489513	0.5935741370814621	0.951884578074931	1.3204789284593674	2.043336803837995	4.994038375200848	
0.10627396946450506	0.16203874663540713	0.6626146492066587	1.0302985554371094	1.5640529906586766	2.422635446759319	5.567777156151322	
0.10596651341487369	0.1535124373247983	0.517407392148872	0.852574551915942	1.3607789744864445	2.2841610210042465	5.815865145168229	
0.11601343377157305	0.14120816945964396	0.5463386343245487	0.8707256570324292	1.7568933776921778	1.8715752130695529	5.027157833468701	
0.0975757317128634	0.14214284635248398	0.5108763370951458	0.807289354822163	1.7263372576981943	2.192976663670353	5.611177858154345	
0.09104891396749605	0.17049243985941623	0.47247702556565196	0.8971535977975652	1.2816542774268234	2.1867277108281047	4.872990134340149	
0.09412302137406253	0.1460353365703165	0.7230522556269974	0.8883483406816611	1.1992518952628892	1.7788057183867356	5.327450985065102	
0.10335191045318333	0.1366885492596222	0.6231582151462643	1.0440048387644305	1.4955017355573763	2.117151601119252	5.4179244538488405	
0.10526430331320143	0.14611989406177334	0.5060555735649055	0.9304280363666899	1.495413119942168	2.069060889066113	5.7473084823457725	
0.09999727683284043	0.16738935726489987	0.4923153621611947	0.7939594114692626	1.4371703430043237	2.126094076159425	5.771720012489917	
0.10165806447825076	0.1482112837641726	0.5915224659223925	0.9444985699473851	1.3039215653245233	2.5319008565811725	6.007344450425055	
0.09284337185541448	0.1421583467183072	0.6532937932033301	0.9221013839303354	1.4175696499109194	2.1959435086913666	4.627097488301078	
0.10037377998812197	0.14296659643559081	0.6734894772190271	0.7850660244067554	1.2518314705612825	2.1929813843435526	6.835106265680661	
0.09283581401411899	0.16305499557331637	0.6408194845541687	0.8718239940347812	1.767474396270096	2.1298270424364203	5.433571997260418	
0.09971241904441364	0.1422537019846828	0.5234678269729248	0.8989634203625548	1.326513210987907	2.137294949756055	5.877170715648493	
0.09078080776258789	0.11232033548728447	0.6136464789281825	0.8468402769309284	1.0989625844611093	2.4247714228597244	6.122303382803917	
0.08764100100925613	0.14147053312427843	0.6508826033612486	0.9078656605497601	1.477253042273391	2.035555565861218	5.3452715239489486	
0.11116733506276895	0.16878141539664354	0.48292268379943326	0.9624158327148001	1.4776417327702387	2.173408150833895	5.877046502115029	
0.09320074560171264	0.14818654251172672	0.5083140384642337	0.9249930171190782	1.590765650509763	1.7741434131234308	6.0487155408184705	
0.08127010659616313	0.16423633274320099	0.5067761661566984	0.9155907354738938	1.0808411843995207	2.2054877974275695	5.424522132745841	
0.1005079470767729	0.1575137120383702	0.5334392259657831	0.9983684017780473	1.2440152254088925	2.368908225361221	5.573960322884165	
0.10251549694821205	0.14442697184889633	0.5801953262793198	0.8939430537589023	1.2137712295334644	2.4311120227415595	6.138484635111428	
0.10167325298680951	0.16582256279960658	0.6506679639055822	0.9442134518821209	1.3965385797094119	1.917756996551015	5.345770753921183	
0.09472464099401821	0.14935027413964128	0.6151876563320998	1.0792584624772845	1.260350978931625	2.1626130534900936	5.677603438084032	
0.08519769236570673	0.13811512375033408	0.5118742547713951	0.8865784292164964	1.7472548434338133	2.158644115137862	6.04440248559153	
0.10908048526902325	0.12677453839265101	0.5226343484213182	0.9299287002433481	1.3030913043496148	2.202785218672637	6.7668749137094935	
0.11286028593981422	0.16349764557138957	0.701326010779504	0.868680988089385	1.4699135751827868	2.415502257452043	6.170273586738317	
0.09853010194478712	0.13116524919933856	0.5627108575190313	0.8198584693834617	1.5513998900017705	2.419105927882429	6.447558017801777	
0.09338480082904593	0.15924850949892314	0.6392426345155715	0.7792536056135951	1.448910778975952	2.0200043190816106	5.536646974617279	
0.0934864612453785	0.12986713797353677	0.5874529122367986	0.9312917338342862	1.6173063551433502	2.079454915112191	5.56719431960372	
0.09883850660899132	0.1440501671429405	0.539527830012467	0.9439670184249283	1.315055413503683	2.3484118580347393	5.449418933438736	
0.09871863063807113	0.12900438957104696	0.7046829557336075	0.8768487812599123	1.5204383446465135	2.072988484258652	6.234997164872051	
0.10215827047422561	0.15721368952132406	0.6029067352041751	1.0698544725489911	1.336645496399873	2.24924231949306	5.7419289965790075	
0.0909283454318302	0.14905949751305983	0.5864731887837643	0.7798193186125904	1.250622455476622	1.8119730357069517	5.2708238131784215	
0.09268075444025767	0.12290118661273575	0.6552234299745473	0.936754931820418	1.4145661970516183	2.038208263147946	6.610309005197088	
