3	35
0	0	1	0	0	0	1	1	0	0	
0.3867833979108636	1.871174810200512	3.1170832081700377	
0.37104824157747124	2.2509710769363234	3.3465658086984815	
0.3929661034668157	2.0779628203070524	3.2049886911026606	
0.3630328457086374	2.088809525938915	3.577487222113446	
0.31247171895442594	2.111729403713313	2.9657493796768635	
0.40090844332638886	2.2582688780988756	3.3626425612689856	
0.3702840509645255	2.1879457599870906	3.395105835824257	
0.41218478195420355	1.7189003548052821	3.012789633299309	
0.3984978936570533	2.0399022174357033	3.434283770915547	
0.3806859700005675	2.604590323418379	2.7921684659708212	
0.33882329977901904	2.382410167988066	3.790761957098366	
0.41547826178915714	2.2262146638634577	3.1672676496587453	
0.3440153960343572	2.2070063470953807	3.341854938974296	
0.3130706244739983	2.387612836388061	2.8643120192620346	
0.4550784277688766	1.8213556514285583	3.8388137581031536	
0.33424315625636325	2.0605085144507735	2.500026468988177	
0.306774063582273	1.9722702220276098	3.580916599175824	
0.32949946007970005	2.332241669682816	3.532859206283429	
0.4095446252716285	2.6546477287891004	3.0872011046940155	
0.40112572576694944	1.8315642530107843	3.1813691048891815	
0.3307542829069066	1.8726859196439782	3.62141332095703	
0.3810610109746688	2.3457443530387287	3.172530939992698	
0.3950752582301676	2.68475029304755	3.6681082528878624	
0.3413469819108529	2.321457267078497	3.045637410597139	
0.3780733631251361	2.5681613671742647	3.002419446718591	
0.3819608046967534	2.386117994914044	3.174536167652182	
0.38369236303262744	2.212962433262847	3.123003721237455	
0.40091402113015134	2.1073130805142037	3.8039963673194683	
0.3525739513990397	2.101761321266453	3.095258113992972	
0.3632933879835899	1.768235911602986	3.361466788425827	
0.41767635061064423	2.004925321498939	3.1132702055585897	
0.35445757860016786	2.12248090413866	3.3219255219557255	
0.3734584825256371	2.0790701511787684	3.440609187108556	
0.26783939623719666	2.165824443039438	2.8029157326408316	
0.33105082141415615	2.291735756044239	3.356466231300551	
