8	100
0	1	1	1	0	1	1	1	1	1	
0.15010855789368757	0.4119315440212851	0.5917518400258611	1.5764177069986829	2.580792736527199	3.830902119310966	4.089274244721472	6.287894643446785	
0.12549431783863713	0.4067824400087845	0.5710167761729443	1.2702451855426131	2.1424029440605126	2.9909832279169226	3.5567553278345594	5.4096647740850115	
0.169391091345385	0.3763406497078282	0.5588079902264355	1.4063872470830916	2.0626624527591804	3.761278415072804	5.4067954491372525	6.347111343921728	
0.13462959816645217	0.30198967297140455	0.6274525441299401	1.3976974890383649	2.632884354614598	2.581483482142279	3.9953718237838602	5.882756936113876	
0.1341553258942142	0.31804047234015187	0.5739596878921851	1.36021499814905	2.1678736590500094	3.5273928750114303	4.216115277204323	6.830307899095328	
0.1651545656537776	0.3904663372321214	0.7188724360798221	1.1841324044539945	2.3233497633815383	2.8161347955848557	4.833667926736066	6.665924602440344	
0.17680740490250332	0.42327307332394537	0.5003395632316306	1.5185999060085376	2.2628262472245155	2.510883800787759	4.09786963879427	5.991770913482586	
0.12735162679238637	0.3476671410250895	0.6791883142811596	1.4792498219900694	2.1543014070073743	2.8311966825481707	4.220593575747547	5.833367136263872	
0.1738151496204179	0.342173433102464	0.6869950330729135	1.4150005002483097	1.9418686484575902	4.030793402970086	4.869375221234016	5.474177449134224	
0.1580247072779278	0.3801685951557878	0.6198934579733492	1.6842001258004555	1.645437817777122	3.3035141598964985	4.539028334926019	6.550137342491375	
0.14786383115042284	0.33917830606793303	0.6623268815525695	1.245482512685463	1.8843603018312365	2.8905392467869984	4.209287914137479	5.94864576507087	
0.1576300986962157	0.38744293999204343	0.6462101858239336	1.5304016088054877	2.5729522510089846	3.1599155847207867	4.794369373734141	7.187434985023722	
0.16220966602586243	0.35739896364534957	0.5471872218676557	1.572431592014486	2.2722832166105196	3.188166188729654	5.76234191721181	5.3932712664581715	
0.1270206594313304	0.35822182013396875	0.6847360620380398	1.2123264271109253	1.9362742563382882	3.1473961500848033	4.816780270934713	6.027451648992369	
0.15087800066342008	0.48872412063686393	0.6069235519732468	1.3211282327716625	2.378945587129287	3.428178927958986	4.7550620969479915	5.892025299153182	
0.14139290968694496	0.36744308366565537	0.5465059854058291	1.5386699660161454	2.2169968448504385	3.44532701365136	4.1024639079764285	5.910365644998038	
0.17015847979120272	0.33445614975904225	0.6084227084677052	1.4007127199493765	2.1483965790416946	3.701855545984156	4.5993991718107	6.892446029976009	
0.1945729136889837	0.4134803424314347	0.6031086731981569	1.5429190385469236	2.183339206640596	3.3315395863690984	5.253926797780811	5.226299657274941	
0.15634395751952	0.39093370913949455	0.5870685768235491	1.433003163352385	2.4403289387747114	2.796115947078152	3.9492463499105797	5.726326943369247	
0.15691910324946087	0.4075054009573674	0.5619360657574809	1.3078913641891676	2.0750314938037784	3.015405003033473	4.935864358639471	6.401183991360233	
0.15234893799583013	0.3920708501046234	0.6061918442654916	1.50557467264974	2.459414313419136	3.2086580432682514	3.4366754920318288	5.653894275690593	
0.13648756333284298	0.4032548961171498	0.5566697815456204	1.5270017739165425	2.31903523425854	3.6588396713210836	4.844254110944929	6.4935275320814085	
0.1408697095372141	0.4347344379068148	0.6095941813395555	1.4089767960259578	2.544790486523469	3.3454108139102385	4.831144476116718	5.691110954833787	
0.15036744726255566	0.40638156870312964	0.6652751669052022	1.3712268391700069	2.351707165089381	3.004588819746682	4.580726889205115	6.37165263314947	
0.14927226239932795	0.4030534601386792	0.598443703385175	1.4426243118714497	2.3414537177566164	3.3876287515590526	4.326581430306263	6.808464965650962	
0.1343853835731052	0.40393511829212175	0.6131097841729329	1.4905646728391337	1.9460504667027776	2.8484527964424387	4.7649095974201465	6.076239893788216	
0.14182369145796228	0.3814639375220276	0.6342470836732677	1.3648577217382263	1.7781322591900157	3.364808941605596	3.966558310821191	6.177147329137696	
0.1411444958350748	0.40428756195083515	0.6319179216520078	1.4885280101327116	2.261497438292669	2.923211075511123	4.71018649310275	5.657069639687729	
0.14249563133786494	0.3725577185155877	0.5935130660052467	1.3959147521699675	2.4235155609503956	3.4314751544141826	4.7998131199007945	6.225722254356308	
0.14407324121001053	0.4333126053142682	0.7421805541444847	1.2889139906534484	2.4653301260629097	3.5833510887069604	4.790394896721969	6.037573433242693	
0.14431181417505032	0.361202233039873	0.6051190121363382	1.567657942970526	2.0053757624508584	3.1766435002543654	4.062007926593427	6.362640945159871	
0.1621942435343294	0.35052888904800644	0.3934959787698175	1.6667244019753404	2.04302146846693	3.5455421375385745	3.9886526123830257	5.86763927491346	
0.1562733950121538	0.36194344486285157	0.6841167427681185	1.2148648018007207	2.619850721305973	3.297605590761087	3.732817952210597	6.862351153585357	
0.10997868299332421	0.3587541983015123	0.5363324756286594	1.444781118785199	1.6721076055533406	2.6651136267866087	4.3869838145169995	6.018034519943238	
0.14803069466337546	0.4033173263576685	0.5448643415917005	1.36521001623207	2.20826877715213	3.339157336739145	4.287380882748969	6.186380542458295	
0.14997747201409423	0.3836443402057298	0.6820186936644674	1.2756170664338375	2.253410888987385	3.648068958161246	4.606775017496026	6.067190223908362	
0.1461732499729986	0.41774102893352544	0.636855000544717	1.5744144851536017	2.53674479523636	3.198671279478866	4.191061512844278	5.82819722401337	
0.16571705540465334	0.4363117032199964	0.574282431499285	1.4964876602598562	1.75261275982373	3.3686320259250837	5.399615165180778	6.056304162499201	
0.1556944435547838	0.3502333008103047	0.7101887166122958	1.3440539428473122	2.2023572839656684	3.235307735067511	4.016113354653255	5.442947063404593	
0.159540106518827	0.38744177528186957	0.6077374883283069	1.520493881740787	2.219112720555109	3.367579664774714	4.492007841161014	5.8757588198131065	
0.16821846555880515	0.3677494546078766	0.6973581971816996	1.3339247453928909	2.0768491344778512	3.366958002563519	4.097497186884521	5.9874736010850835	
0.14602607198249934	0.33729363207848734	0.5395750021095027	1.5076472029470773	2.0471448866680686	3.34349268876554	3.7704141372781335	5.561310444737882	
0.13139262119711084	0.4021297089233285	0.5264492968800353	1.371628223354376	2.3880562017224314	2.706803493064135	3.959308221189523	5.216411638385997	
0.14471128505316452	0.33604598484119225	0.5499611144729771	1.5965744070643375	2.2826339499527712	2.7483070226791346	4.4577198790919885	6.196733697562722	
0.1498125615150511	0.35615901210985373	0.5753941243377625	1.5341458689994563	1.9577349180316823	3.2793918483154987	4.994835328990223	5.942699813361929	
0.13920122111164768	0.33605139304801873	0.5887152272469812	1.5273420633941241	2.2112859206592534	3.523859410437062	3.6907538771689934	6.180970834367461	
0.15200086337464744	0.3223805533706723	0.5021269572917098	1.2600575057049495	2.2368704387446683	3.60621202073622	4.290810042418751	6.171317785533008	
0.15334184292276556	0.3961559047744178	0.6808251799590478	1.3485782609027477	1.7077479263270066	3.1474772291737914	3.9376053383839658	5.856812909621158	
0.1582105652854992	0.3462460303608249	0.5316719898963046	1.5396172886468125	2.0009747568539256	3.4322147661534954	3.686309782353337	6.3943221757646675	
0.15922608729523421	0.40343463418139985	0.7045796276845833	1.3775895252460855	1.8804913857200019	3.1133528178307377	4.250054104798605	5.941929076019443	
0.13385813238325636	0.44445076195006095	0.5674705894846607	1.5891056230618408	2.183072904914818	2.861473993967845	3.341690544043492	5.740227367040371	
0.136328200526566	0.3474186143829433	0.6833251721312364	1.4369320910935368	2.194391777494461	3.7001365897623413	4.066448964237073	6.755727401880549	
0.1457458651994901	0.3327671062801722	0.6504730607586608	1.3080299189062161	1.829588002989439	3.361590907068287	3.7818672563701816	6.218180191937137	
0.14303330288530366	0.34124073022176377	0.5491986155259971	1.4646753689006677	2.2478532244314833	2.7661050940638288	3.928654606398971	6.240860976209122	
0.14419358550916261	0.38648539940667825	0.6160511068686728	1.3789126745906182	1.9937265754791487	2.854944723654997	4.2908623429613355	6.61290954621396	
0.15203010236280914	0.3505470672754042	0.5960497697979164	1.557833160476514	2.0135197058510443	3.1144387212547824	4.205343314081188	5.80741281221348	
0.13481666648045745	0.367472641744835	0.6223920381144372	1.3294130357135432	1.7614240585624132	3.604730278593342	4.972213863434478	7.264326898563652	
0.14401956464096458	0.4023354918731111	0.5318259640546918	1.5987415431220175	2.110327766208217	3.1129290928801394	5.266499679453042	5.224036389971721	
0.1467859092257132	0.31958646727870715	0.6281314441463569	1.2669877336935471	1.7069776531958971	3.2119301290487123	5.35989234456974	6.307344782984733	
0.15690990455477297	0.3636664839014226	0.5875587417814528	1.4451872254497669	1.709550348951367	3.429555614163047	4.644912121020902	5.599327660252799	
0.1446535177722408	0.42123691234905214	0.44198944710761406	1.299049078964138	2.065393887949549	3.385159068767594	4.326256679158544	5.518164092608775	
0.15727193704366468	0.31313617892087736	0.6129551591328166	1.2546644407084269	1.8506885714503836	3.6682663215034026	4.253088006227648	5.725910460838441	
0.1661214700128307	0.3626305527634563	0.6016943157538858	1.502858352873019	2.1484706492803887	3.7961149818109328	3.783087021256829	6.909878502524563	
0.1294357946524566	0.4123291726130972	0.5650990665390438	1.421016717258348	1.9107634842785894	3.353726495913861	4.958463032577105	5.829488002115337	
0.141000032327678	0.381557163304644	0.6033576198993095	1.4836404760265107	2.0249141346916932	3.0980066505259454	5.169502395240425	6.1869666747085	
0.1878661320805917	0.3657381573146738	0.6287941397259985	1.477388937892408	2.022564772244142	3.257770909232289	4.8299461372416355	4.383188419344581	
0.13211566325436577	0.40157485617915684	0.4983563190163473	1.3372165924200283	1.9898296414445573	3.302631876647509	5.083808530387119	5.171286400616813	
0.1448218651273141	0.33788659191800197	0.6070612230867249	1.3607181726565807	2.185407264383911	3.2900044055673106	4.96949700597098	5.16172680130896	
0.16738325347615804	0.3939205814995918	0.5795585924669826	1.512111715371652	1.8904057056764259	3.847328912514571	4.026408531240927	4.539708186975291	
0.14695999364283788	0.37139948947715656	0.6030711796852607	1.595811787525582	2.1375884386193778	3.3556921689273986	5.024751783487348	6.477477118500138	
0.1869570011754256	0.40340074728344205	0.5616618883043487	1.2538169775468129	2.005645025023764	2.9367917618987764	4.206432612640065	4.91616370201735	
0.11590487621361915	0.32156126257450185	0.6048308000124277	1.4435445078132274	2.290143727896408	3.276274843020866	4.71740441134182	5.408162804666706	
0.1524342763054189	0.41035510224643545	0.6277312133537606	1.1626174412230852	2.3300649088763206	3.5048948150653247	4.471137638631482	5.8822423159319746	
0.15973536635237853	0.42442139820764213	0.7684404376317371	1.4210308216267737	2.606190730201263	3.587192430653482	4.424691722520744	5.8382444697286875	
0.1403214294423492	0.3308830056990618	0.5026875038223811	1.3345367272978732	1.746040356742223	2.870286683643783	5.343588474835416	6.4224490983803735	
0.14751344720334983	0.3688304857437359	0.6617378915849911	1.3344412675580384	2.328529754421767	2.5847231930811927	4.580148356872165	6.538451991401379	
0.15373746109847855	0.37253311102095815	0.6023652409481505	1.427119204689339	1.9690195886212403	3.6315491913727285	3.6195508433573576	5.286001950722061	
0.1388154210655094	0.39396050876645733	0.45469948361296014	1.4297720355689083	2.251319150171936	3.085582746972219	4.546455329172406	6.942515586713151	
0.1653837683586943	0.3881296930746908	0.6412489525063595	1.262916263558204	2.2517940383971795	3.272950917855118	4.188623476475211	5.851209011819751	
0.13894472205501948	0.4160830419163338	0.628425224836527	1.436653529039245	1.7610612484565937	3.374572030124873	4.391014717221173	7.121390917230882	
0.1360477920347226	0.34472655773894856	0.5818314428179249	1.1876479831735314	2.247655968083827	3.9505974512595854	4.2459293330908165	5.985202160345161	
0.15243551538948683	0.4073263723395241	0.5515901578223568	1.1735454972886157	2.3834752742530285	3.791408660731085	4.683072311973008	5.839585890409021	
0.13923831161526337	0.37842295820121546	0.5788739322443132	1.6618583683319226	2.1989953457746356	3.3387401428750016	4.388415345228094	5.619644289281366	
0.12320278045702475	0.3258121992495569	0.6374250897377784	1.2660481431819905	1.775034121411328	2.7710646389553024	3.3978780178220394	6.521840306420206	
0.14894572207365567	0.37854351822131554	0.55040881521785	1.4152150919445154	2.3161485260417107	3.33214577042951	3.9548951839403506	5.3807313159505945	
0.15103983480079802	0.371419761043185	0.610200143323154	1.4114820761245808	2.2874388255850633	2.872573609566356	3.9398438561722786	4.830975494425386	
0.15254636096320828	0.38336388536409854	0.5348829741511855	1.2705325073035059	2.4035614891273536	2.8362795728741195	4.920414724444443	5.138190519480747	
0.1462392566537474	0.3395302655822823	0.6554228382863727	1.546142632612404	1.8446544960294546	3.0025874303502227	4.577348158748594	5.990196171229637	
0.14396030714824426	0.3847299884715529	0.6185645999275103	1.302408234198536	2.01171123512966	3.005677088881677	3.932942714388327	6.497060239529951	
0.15413254873964471	0.40364593404979415	0.5660214970042364	1.1679130549093943	2.1836707554449952	3.0588654710321133	4.255571431049531	4.818434837480787	
0.14951592340409345	0.4141311986276262	0.5731074838062663	1.1964725860984298	1.887918518429651	2.8586033116335536	3.977210215976881	5.971202938873427	
0.17111116167832663	0.40243683499390337	0.6870868617990787	1.5976830048785013	1.9953578820282944	3.1368058213408223	4.609487960781219	6.032350242171099	
0.1432583110281076	0.422482570195627	0.5584516637871555	1.546763609801768	1.621687033728408	3.136517456758797	4.339133804094938	6.00046105046446	
0.12618665441681348	0.3901133719118205	0.5160026738048461	1.8185385738299267	2.032970966414069	3.5918117486775407	4.42461864703617	6.625779581525839	
0.12295379239070471	0.3769752610391782	0.5959068431818428	1.4401298133770393	1.6516810657615766	3.0492923527754776	4.515384409143168	6.355886226054068	
0.14709837025037495	0.3025889872563618	0.6473665812234132	1.4112682294907117	2.012420076907369	3.0943638608593935	4.204834612123506	5.943848788424317	
0.15527020056064486	0.44374578843409396	0.61346441733408	1.4816095249321917	2.23383862675645	3.2048309936551918	4.643278809792603	5.514997204671789	
0.13922355094928657	0.3865387417507994	0.6765927358807432	1.6337155365826546	2.4985670275997536	2.4900464174174415	4.432006572103693	6.0943095737777835	
0.14036045977574263	0.38851247209211565	0.597197364658923	1.5913602895259642	1.956243259092998	3.6149745307694783	4.397040929600443	5.79744712091213	
0.1210577583044549	0.42993412200694264	0.6907797963865802	1.4506396560563632	1.883120743834115	3.708295795326236	5.052120462073745	5.646900008699698	
