8	20
1	1	1	1	1	1	0	0	1	1	
0.111334496340446	0.1403429959846699	0.34938300950208917	0.5804741163469548	0.8288183779680339	1.6169561961366947	4.925967670837151	5.652043330834658	
0.1070253766164948	0.16044999112679884	0.37030224094236075	0.6129056120073256	1.2227528971438366	1.3720049849583587	4.209475604552044	5.911143043149829	
0.08718776197207469	0.15547690674361783	0.39997298262540565	0.5960406947599111	0.8926590591813721	1.4862408101828721	4.725922367778567	5.466242443407949	
0.09362397610818146	0.12204417456036565	0.3370370776466458	0.6514150637325401	0.9495504045114324	1.3584883264260077	3.842152621864993	6.516000112941336	
0.08592357815517376	0.14263950086474214	0.4331019615478682	0.6655061663626426	0.9084214896012037	1.4796187776261822	4.983530787357679	6.607492164254885	
0.09205399956077678	0.13699394972441475	0.3953191937525515	0.5539436434441583	0.8507992339245974	1.1820857897240855	4.1823738185371	6.149196561194823	
0.10034831292198237	0.1580482513902167	0.3776145018255051	0.6069834899095786	0.9948956972154026	1.4103927036167174	4.5330924891344635	6.416024001702753	
0.06942192597874978	0.15866441913333076	0.3340391533713101	0.6621928169268783	0.6992305180901378	1.3983631674814092	3.9301032465545847	5.1587998549092955	
0.10023832218693762	0.16181422947762655	0.39054288314851104	0.6395426146020913	0.8747781732805349	1.627020981659539	5.243702464968234	6.017186434244929	
0.10986527760432017	0.15231870581856755	0.36762128259046023	0.6558076924469626	1.0559592168232477	1.304416752120878	4.3393407126167265	6.204383460696869	
0.1104698793132801	0.13358121728280192	0.3777054311216575	0.5845595874081836	0.6919872422860637	1.6211138145055743	4.276878139682829	5.499977611727159	
0.09922156732862034	0.14532221759321734	0.39457987836941827	0.5419422206075062	0.9576251646760165	1.2821540609626256	4.544894262692157	6.627937859816173	
0.10439233141903444	0.1544766328972174	0.268993038129315	0.5453859664091518	0.8258649269270191	1.4946089968321932	4.036136939494253	6.9071988302133605	
0.09326075055441146	0.1506704747612573	0.34136390708288133	0.5692625833063429	0.9083066213143642	1.508605256545879	5.661146756343063	6.16520228729934	
0.11179034456824043	0.13480467517136105	0.3996959623270472	0.5820224138868361	0.9905512737079871	1.2627110426664274	4.326492812738515	5.868764471759807	
0.11448531294980924	0.17440838708429038	0.3496808065199239	0.5185707745475735	0.8867635329004462	1.650797393339225	4.7917166246467575	4.896707635205767	
0.09254301270568677	0.1277623708998766	0.3400161689773001	0.5066167309140887	1.0697358901530143	1.4253490174237717	4.692323847406971	6.2819599342135675	
0.10572728919342905	0.14647998400154963	0.45883061907715916	0.6463054558938096	0.8398729631851071	1.3370565484904042	4.8780668694017875	5.396096946818324	
0.10772669558238988	0.13369016247557966	0.4504191484140446	0.6338912707660558	0.8202246604662475	1.073707227696547	4.505654897933898	5.572281520706317	
0.10400641764625028	0.1591104675053451	0.37375437014810403	0.5568349353321711	0.781334816939985	1.4425937150998442	4.689099561063002	5.740889629456319	
