9	75
1	0	1	1	1	1	1	1	1	1	
0.12339996321932448	0.41085744673758406	0.6341085127049614	0.9687137452785576	1.3247345119021825	2.180633344707919	3.504564554761575	4.390580498078276	5.877250913237745	
0.09529774666914592	0.36917193447753	0.5536005992734977	0.9322386699280213	1.384200580358128	1.8330371844225797	4.095306256342333	4.033157330185759	5.919183679709606	
0.10061167902617496	0.3596750305503768	0.5946169302724646	0.8538753345493622	1.5339866421599089	2.145218710925455	3.483477808962887	5.161453052261816	5.831262753616739	
0.10773448946636671	0.438381115594336	0.5925919375245318	0.9942722302563866	1.3634647049236324	2.407400587547334	3.087565560752629	4.816378528294835	6.597070738551981	
0.08821022899789532	0.3546650241138192	0.5575691676564029	1.0304337581190803	1.261925288030344	2.220023184645965	3.4861052574564595	4.576225042424436	6.764839804594843	
0.08075406121368033	0.4031007908457689	0.5890948095884526	0.7900231073605957	1.2754030077449818	2.486496809730847	3.4554719447577873	4.8608585627076595	6.575378665968179	
0.08643175849446763	0.3893376788891485	0.6659051186322613	0.8925579631268643	1.6248298386141475	2.0182895938428564	3.2905473871851	4.678890312913676	6.452759054359197	
0.0971226353926641	0.4184602605112237	0.625680868545954	0.7775921936115756	1.6926298866661331	1.9440589399828339	3.8736751804733713	4.429041551463505	5.79365490469141	
0.10399238176251491	0.35345269635516813	0.4868450836205711	0.9198342912179883	1.4836325518793492	2.480620540085729	2.8628078859522024	4.761100462343576	5.937659920577911	
0.10033041739131453	0.41693770570989647	0.5693146296807803	0.9455799156900891	1.585861103712858	2.3713640830308234	2.853407315154624	4.224177898769481	5.913764182915174	
0.10813938574523825	0.37045429311134437	0.6049642753352927	1.046278754567469	1.3815717361461204	2.4667291328226093	2.7282340584408535	4.323261852920915	5.180913298592428	
0.10116698563225804	0.4085376816275642	0.5903270036644538	0.8858779719955725	1.2355744047401516	2.5114870058986667	3.24271614426699	4.296535642084238	6.937519448128686	
0.09647954644628316	0.34540623155753947	0.5573831666834035	0.8502766841307283	1.277557972159825	2.000911143304018	4.034858955956523	3.9825796656116372	5.104708825612013	
0.10278029467578936	0.3771132775955437	0.6396024573942497	0.8784701582191732	1.3058025856154725	2.509849750008769	2.7262008850194723	4.662269504668339	6.414181756855161	
0.1082170212251482	0.36847151181078436	0.525106686612575	1.0694548047335284	1.3662871717685126	2.478949565932472	3.3696240326356	4.2822341947023395	6.236065828370038	
0.1115080195705792	0.3831193535186407	0.5557450534465529	0.7637575715445778	1.3693312671756892	2.3236427248903806	2.921641498673157	4.806522929068274	6.016919445432141	
0.10745495337576826	0.2911091877845388	0.5147798920340716	0.8869783550459178	1.696877049906348	1.9878323453223352	3.2087954253424322	5.467828809823223	6.257182261656756	
0.10859630094362938	0.35559166073502174	0.670739204438078	1.0538197290029003	1.5017285494243269	2.131514957550749	3.4318138577338146	3.7684413654306077	6.6531803405949335	
0.09150878296799424	0.3694132686464844	0.6790532922339524	1.0320732892896805	1.1981787363479863	1.9463243677025468	3.4580368390073395	3.7172666404142483	6.851607739336508	
0.10117925076803319	0.4336908678040904	0.555306788475114	0.8689760367738941	1.5778838786742275	2.0862798747250144	2.8467005174344253	4.752662390042291	5.044576332683036	
0.11442134262708795	0.38699992082074336	0.5466206109872316	1.0365024892992856	1.5962783110300984	2.150802467997645	3.9895078352001887	5.513555158191641	6.1940091937820085	
0.11065406101794091	0.4297345985291063	0.5319045928695757	0.9566646126037098	1.3324974695094267	1.9730761652397695	3.289522214735076	4.588533567203671	5.0327942378450405	
0.10343715274253716	0.37046398381502865	0.6838751348755059	1.038132085205355	1.3075907865096945	2.4322365997947877	3.4241854862941294	4.4017735562333105	5.692692608696203	
0.08852353601134565	0.3337160820588586	0.490372263625552	0.9319420008454963	1.135412142106166	1.9636990791330893	3.463476095407137	5.171969169849382	5.310951195218083	
0.10609607727151388	0.3682319731815012	0.5690276321186122	0.9443840375169239	1.3363569715274675	2.131902300006595	3.27305421237528	5.0222615296071025	6.826497542681297	
0.0940145384810835	0.36974227135040083	0.6482526619001787	0.9131703922762859	1.5321491760554464	2.3439729367478757	3.581235077505035	4.539499538184539	5.301912642703741	
0.09832083940332231	0.36072320174267913	0.6466283368792164	1.0718687492174719	1.6521696231943852	2.340387918924709	2.94619594532666	5.131419682065511	6.25591373899346	
0.09175221973626006	0.41275324703667593	0.5867370790399093	0.748693305344226	1.2898188802444848	2.1359554427099265	3.2159531465893165	4.020770894610594	6.4506436317248745	
0.10519766561989229	0.32544102044402895	0.7580033979436985	0.8170433175448788	1.364542293830577	2.230711881064865	3.102270648290554	5.15442439414596	5.894826425323408	
0.0907828156395078	0.40335176173565934	0.4260353879604067	0.9796451680474404	1.6144592536835096	1.6540654740465945	3.1186991353071924	3.759219880327276	6.007877170906621	
0.12243520372996519	0.38871237225681654	0.5868842072209478	0.6673332841388434	1.271824491996129	2.121400933108513	3.2802764352628584	4.654401875867743	6.460856817709873	
0.09094331664340984	0.3815234147601884	0.5702215513672605	0.8427340414862761	1.3053241314902255	2.2662867157205615	2.416626249971432	3.6652184627746243	7.900314086408001	
0.09335493863230471	0.4358168449426558	0.596120457356449	0.8777736964880053	1.52397935444608	2.167327470485836	3.1918009524936424	4.48020284656386	6.236420102980482	
0.09311792540168741	0.36168930043048847	0.5413478583901511	0.8177066216263772	1.6945619183174447	1.9551557465810891	3.574543410568111	4.339876914498129	6.324285717611481	
0.09998083045870032	0.31193138633679474	0.6017368512587568	0.9863324213582803	1.2934375930985247	2.6491686717471743	3.513961992992381	4.869436249759392	6.5563030183207545	
0.07665961182711033	0.4067848425189473	0.73656474106966	1.000625481002629	1.3924202467965643	1.9102064728896204	2.856147369166487	3.900629287158583	5.759741279009761	
0.08931865767995806	0.37422499431353706	0.6122363213655933	0.7700546192421639	1.3205921602598065	2.0255043088065556	3.0526397735036332	4.508061785022208	6.074869358035587	
0.09575708720367543	0.35444653781499996	0.598763188444566	1.0641335882798075	1.2218698010302564	2.3933124535039054	2.7190591042158934	4.662825259579998	6.629767676982105	
0.08676495647365749	0.39332889360818524	0.5372250282071389	1.038839362480941	1.2011883496449056	1.9581182866897762	3.292698446348468	4.82016320432234	6.055630141463322	
0.10495140648467652	0.35912976765043764	0.5345336060341888	1.0662089795791172	1.5013233740490524	2.0451369759518268	2.712530491098085	5.050427902973436	6.75861261930188	
0.09782535546963635	0.35489671392803734	0.5844422178764402	0.910396760214193	1.540043778772742	1.9053601784533654	3.0603285169913566	4.417349218130152	6.1550343666002805	
0.10866379123475356	0.3918172615837493	0.7051262667711227	0.837786167519738	1.6390139034146132	1.9449169024700665	3.121526389943221	4.674250380563196	6.706722049705242	
0.09606345521588339	0.39491556688704094	0.5810625730196004	0.7165124508938934	1.4245036781194182	1.883071184510704	3.6632339460873418	5.075282832265808	5.498401386935062	
0.09010304760482349	0.35609874445021705	0.6319436833416147	0.9798815918450879	1.9173512509359771	2.0836338920413886	3.2796951409289328	5.369279852101392	6.171804712627992	
0.08911924327285634	0.3929947072370846	0.64228891877351	0.8982223452661482	1.5437249909961461	2.301852362061547	3.1010053526330386	5.198266346848996	5.529852416783029	
0.1043731177832472	0.357119671183313	0.49842553725331573	0.9633285939615203	1.7058939020440884	2.1384241692916808	2.7646368555387943	4.599926126337053	5.508790274903181	
0.11053792157336867	0.37131189217441024	0.4936462594767968	0.9772927305984207	1.4598695028703985	2.0855261595624257	2.9123891399466952	5.305111828542531	5.728854880855678	
0.10897098171396397	0.36239604805843745	0.6408494525503653	0.9349710514157393	1.4340061152498367	1.9723081506427926	3.4216469326737786	5.132305614633872	5.3793723707022405	
0.09167716573356394	0.49189402571403157	0.5399038895587924	0.8784243373429389	1.627869155373809	2.4539725880894645	2.460872999955162	4.844441661277821	5.882997141059461	
0.09850645078969511	0.42427469616948676	0.5791094443336572	0.8823886161356322	1.3840208156139695	2.074942928908479	3.3628910293084857	5.095498466854806	6.256531080665614	
0.09987135618033349	0.4007627730437519	0.6468117678719726	0.9837549630294389	1.3345753938836025	2.241289969315889	2.561145653417201	5.190264650020808	6.918648735970333	
0.10889401029844437	0.42734550941579386	0.5955502792268349	0.8602047485215998	1.2506919054452559	2.366749583873057	3.0060501496973426	4.331807032514504	6.134482860923422	
0.0996253011058497	0.3900613657536348	0.49151296077479556	0.9082848393359108	1.5478553543094762	2.0571592784223274	2.969796889831187	4.9296576599167565	5.745448971232749	
0.10184488883601979	0.37200313239128974	0.5999739822948834	1.072253757357307	1.5117868150529528	1.8873162225350952	3.129073282485515	4.314324220858427	6.1298228917075	
0.10908783329780132	0.3812098272452505	0.6001477071277818	0.7224654575037889	1.6193384084251856	2.113908581674061	3.3340583799907564	4.6153258322811475	5.538462840916749	
0.097560922575411	0.3504704601681715	0.6829997849129011	0.7231816651994752	1.293674745686674	2.080754987656466	3.736686107671872	4.818517344287168	5.017175827834267	
0.0988449056887484	0.4074105783139465	0.7336141883548681	0.8984034488171848	1.2606253563041585	2.2193091778413274	3.235932178414127	4.708488902034876	6.4142849609024	
0.10319931692137832	0.4000714754993579	0.6981410991817004	0.9029315659832718	1.254906380984143	2.21750478635409	2.8335667651896213	3.9952837112693476	5.50673988669119	
0.08749259299124948	0.42440547159633535	0.6029346658810482	0.995731361859038	1.5029678070443215	2.1048606356668182	3.562163752899957	4.282844396080015	5.899222355204124	
0.09292158814244755	0.43321162068022256	0.5935718875032158	0.9856165798507486	1.3468509850559247	2.3321092090862727	3.5011610042819394	3.768534142367243	6.0024750562297084	
0.1011690053329631	0.36861058700478155	0.6830826200568257	0.8167960176144088	1.3658955758430589	1.9673923626659873	3.584724480028954	4.037123735655585	4.900450640581321	
0.10431385118400523	0.37471147175127417	0.6624209772403943	1.0055479358020005	1.423924908281757	1.839716672136282	2.860616746391812	3.702064089519107	5.9170431036296804	
0.09341297294195607	0.37313266220697694	0.6104138505303381	1.106541966063694	1.5130640323973115	2.165337479731103	2.7414410462157313	4.511795195835718	6.529104895076799	
0.10390839308189409	0.3401812817853233	0.577413027225553	0.9368236826141243	1.3716398630664812	2.0173222248626983	2.5521594172566506	4.154318445898673	6.150685411990022	
0.10875115956544489	0.38289404238935754	0.6635669303655609	0.9226930506835423	1.304484991048825	2.048088009550805	3.4121794499367653	4.379363501001526	5.614501587084436	
0.08442461095183718	0.34605932032228265	0.576175233587431	0.8759385046183048	1.2906322993057726	2.4848360547343122	3.4451303085196097	5.486461069613485	5.036875729273762	
0.10313143725537688	0.36348486145593556	0.6011791801109124	1.1021219490791176	1.1812525200974233	2.026866454833482	3.006858114452902	4.2434802034123456	4.733591491446951	
0.11285370161037728	0.4303536501319832	0.6349128779745624	0.8055309822602736	1.4697027098374225	2.336186846586872	3.3762242074941886	4.47778769998057	6.846348239263935	
0.09290860123365706	0.37358437646917825	0.6375360197734784	0.9595592090498162	1.5100748863594418	2.264710377449509	3.420581648421817	4.335831717444435	5.581496677413429	
0.10137138786377586	0.4374251708698548	0.5985083578633703	0.9857440522161383	1.4460785376340417	2.5872509154665027	3.205177286655661	4.771276643675028	5.568666608273112	
0.08879560029875266	0.37973773435123215	0.6708658756323047	0.988923771524862	1.131644737990854	2.30756474574757	2.7523111190858387	4.8779964748666735	6.326645838514568	
0.09850194554158162	0.4076355990428986	0.5841520201493478	0.9438908237420736	1.2243330509213879	2.0949171547287926	3.5502553356267166	3.9009783066783115	6.4911742100942895	
0.07981280276720802	0.3347953581624558	0.5811127888028643	0.9442834050032205	1.3481020867841238	2.0209984652322506	3.6098271233165904	5.034910578778146	5.745362860914293	
0.09605887624950865	0.3690919365575191	0.7330647213929088	0.9315774799086148	1.6546553818721206	2.307383711952864	3.215918799905167	4.2086755543110375	6.467513832846544	
0.09213869363817394	0.3653125042818713	0.639530519062289	0.9076256304831525	1.3735217570270521	2.083792027890116	3.0268215233783007	4.702259093388516	6.021747436393957	
