7	46
1	1	1	0	1	1	1	0	1	0	
0.07731671991183735	0.1453112482864197	0.3935842991846142	1.0100605064594896	1.560741003216755	2.202569563047285	4.408403575109819	
0.11452787044656461	0.14033039348676207	0.4162411686383792	1.1371185981969743	1.4012016002880971	1.8321016268781902	4.235006720397749	
0.1127786548269517	0.12207925402943297	0.42396215226411543	0.7307442742493949	1.4182070737860109	2.0940970211229666	4.64661308808882	
0.11535040454484083	0.12027097457788599	0.37986064914136786	0.8368441463204503	1.2513609636731762	1.9163012638572159	4.602781904603806	
0.10109869181167175	0.15885459136539556	0.3636433922903811	0.8354784063032464	1.5523572386294655	2.114158511074666	4.313540438435392	
0.11207744830739363	0.1361104102861662	0.4005981517466874	1.0224277288259649	1.4069231747780169	2.2756442584929255	5.254072514281447	
0.11834453842335667	0.1516441522731213	0.3782806122665636	0.8586774060223833	1.4317823613467333	1.8918545040666561	4.4004679573738485	
0.10575644913849958	0.1641490301698208	0.34832587894659167	0.9409442870458751	1.4452306521240526	2.048780851400083	4.315337160997069	
0.09766093756512484	0.14904988699097202	0.335459954411701	0.9636775690329725	1.212077918027733	2.0289504352244374	4.877544657055088	
0.10065753105814337	0.14778468171522757	0.3460620487795657	0.7208907675011508	1.611671558837659	2.177930910555492	4.697057528424065	
0.0910295989881914	0.14367388281796076	0.39451490959874236	1.0443531359358516	1.5305559411243363	1.92826987936564	4.169452915651592	
0.1003816729039011	0.16441296769967514	0.33706529719681005	0.8666962056027936	1.4327762419839736	2.312961131960928	4.529497595450451	
0.10072182822105909	0.15882741718317908	0.3751747286165727	0.9524059038498833	1.3842781084938616	2.634865262347427	5.442909947136087	
0.09301072076764955	0.16373586555593284	0.4325619789316317	0.9790855757149414	1.136992030090159	2.248254631599557	4.607694817333787	
0.09568079274245556	0.11412920910122602	0.34715760117609684	0.8588808539139382	1.3533483626012899	2.076488521104728	4.108125496880703	
0.10147749902246606	0.15863687571983445	0.32145024493437285	0.9250667709571522	1.3400733712739152	2.2285314273947354	3.8459343621910045	
0.1010786907680643	0.1481076494737103	0.3491277519083596	0.8629998525756778	1.2760088879553968	2.226081391810644	3.8592923692972674	
0.09378868809171699	0.15512058440958135	0.4635868386676538	0.9939368617953295	1.5511254108482964	2.424955138947791	3.7794003748988674	
0.09748424819068809	0.1749594203891205	0.399706698027632	0.8684136222256996	1.4026324439585907	2.199901058736472	4.09492715379442	
0.0879861091944425	0.16302176757553682	0.3574246383596653	0.9096712415075542	1.4604074853721758	1.9599201865108886	3.932972035043465	
0.09874824844766826	0.15887967344553913	0.4682186580094215	0.8566293736056853	1.5477844832396253	2.0907079937700273	4.790108750682629	
0.11039976232305229	0.1399441358375911	0.38991041886944583	0.9044229195509793	1.460826781288028	2.1818539181550705	5.396660401839219	
0.08647954410498765	0.14803718425695098	0.4074513983821277	0.824791351334654	1.5560666998521295	2.2982902985982614	4.233741528484897	
0.09767028502287271	0.14945857395508017	0.43113991549066255	0.8881142455564418	1.283803295835369	2.0088593090213314	4.820997048194263	
0.10585022287507267	0.1585915220455871	0.29895118426825357	1.0930988674948263	1.5117379179566086	2.1843116789567407	5.159537399366791	
0.09646780598858772	0.1608039706527597	0.3681083209277752	1.0123456439607899	1.3486424430403	2.319698042147935	4.3533431744634505	
0.10670955851898284	0.17219082658801854	0.36988638871406027	0.8820770494069045	1.6063393161724977	2.1907399142744794	4.5493720680667	
0.10010420789441937	0.14792475940427482	0.38074364140481187	0.9820806685256489	1.4210426542454995	2.23255941934822	5.025296023435348	
0.0898978230485114	0.13377739625193905	0.3442741084983821	0.9958311219197394	1.5161864735705435	1.9342543609839438	4.5082264757897645	
0.09224857667347565	0.1349774916555167	0.4420070374103156	0.8812413415348739	1.437040525107392	1.980932844142154	4.536662631266931	
0.1054604561102886	0.1347307413725457	0.4119409648651367	1.1052758979516315	1.157621940631461	2.5747854983175174	4.644180961213467	
0.10149247987266133	0.1929673975828202	0.3905722584395471	0.888184271317113	1.5810674975962886	2.096878613266026	5.326149111194941	
0.10607252444751576	0.16145902664935735	0.4059714969933512	0.989641104573775	1.4933995456434923	2.3975134184984586	4.163407582596731	
0.09064623354790985	0.16722532349980387	0.4019615088936002	0.9396779801987702	1.4572379036962961	2.3456408829809896	4.952153022049808	
0.10024614022499606	0.14382168066923237	0.3485108993283196	1.059645360596195	1.2659951732577077	2.3100214471033937	4.412650190505102	
0.08358982651229135	0.16645924345402136	0.2972068573185058	1.0556306201180476	1.3623993323161245	2.283217600918155	5.422108912105953	
0.09511657862878349	0.13101589145135098	0.49380830231766715	0.8521581246875267	1.5447419237574336	2.419083999951991	4.231620012123069	
0.11087542252875907	0.15537647875150334	0.3386013208908289	0.8569467985856828	1.5238644662860157	2.3461764424596327	4.876540065166964	
0.08738383998471622	0.15988804741065407	0.4219252048385873	0.9122405501211643	1.3798820206547497	1.8872908087283098	4.808130962608511	
0.09174567883559911	0.1276667643830409	0.43791454844672356	0.8729818422795269	1.2427915801267155	2.256016481078109	4.548791499983319	
0.08585038872230737	0.13929962296067314	0.40495044883832954	1.0302229689151285	1.3456807382573845	2.093354580391574	5.033438786129951	
0.10312334729435435	0.16073335492734542	0.36090872408207747	1.039629949303951	1.516243664967346	1.8516003011820015	4.760028591544402	
0.09464150556617418	0.13326277262744757	0.38430394473595164	0.9491792658272272	1.5028932912248845	2.3336713754286516	4.028538044863687	
0.10458220040620735	0.1508679236130839	0.3675297538665072	0.9599786026239204	1.4882214487133145	2.235655570159145	3.8071449558465638	
0.11396654853406032	0.15358105733631985	0.3913556382827472	1.1126752479907247	1.507860470091397	2.136331520352092	4.418824793628367	
0.10881297007855568	0.12637963774995498	0.41099490486625356	0.9620812708443583	1.5443151972661924	2.079691984114722	4.489824451511226	
