9	82
1	1	1	1	0	1	1	1	1	1	
0.09348726954975817	0.142681726456494	0.42581537533600744	0.6902727299195944	1.3679684834415045	2.0622264129020214	3.391397395619459	4.098178477809703	5.632870856685927	
0.10921103897671586	0.14919187613665177	0.35522382430645927	0.6843231432951284	1.4742585290202403	1.9411768865185242	3.2062933251779113	4.395693222625182	7.436718837545445	
0.08436615358978607	0.16343043074270208	0.3786431656397469	0.5856552420602416	1.34256574743962	2.5122277382005094	3.2058162920218374	4.560561556335539	6.746503429645734	
0.09147323911618921	0.16657688000731422	0.3834406194043188	0.5218011099282077	1.3912144931514931	1.742216501888244	2.952163140712541	4.021603557810529	6.986980610217653	
0.09777864852526796	0.15709109200829377	0.43371653366681945	0.5998663347967537	1.4217785073854885	2.3557445918090427	3.2310848661302796	4.720499125053709	7.016679848636882	
0.10300901942335393	0.1872447357296679	0.36575546062769176	0.6141772101059417	1.2917089210591015	2.0714391984706686	3.085738604285036	5.082955459370259	6.133324041018158	
0.10017464541383313	0.11818396566137909	0.3545856277967205	0.6223968616430677	1.2105920512248642	2.337486154490957	3.1914464852474937	4.246590514682562	6.497429114419202	
0.09452574534967294	0.16453990361468798	0.3727444226693883	0.6743046089015353	1.287640202109205	2.117499440110711	2.985999652334451	4.776420550678495	5.718351555072098	
0.10454320157584336	0.15056437842643128	0.3481276628454066	0.595647583467858	1.3803828491178716	1.9368413645293385	3.5939781292195203	5.594010386816263	6.295871772224462	
0.0959568850595287	0.17407378327595763	0.3875788508295093	0.6660352669713135	1.2673701062847882	2.0757932351448516	3.2745220223091027	4.668366142150881	6.052976752453564	
0.11450770330849365	0.148551898174487	0.40393890289081796	0.5788943290815938	1.3652959601758683	2.5194314363378076	2.7294331207068554	4.594517696682445	6.300030576921985	
0.09288505414283696	0.14975913401824634	0.46672042207501185	0.5790936369653743	1.4256550661658642	2.082501756779249	3.291620682379633	4.12527426581043	6.333070343258743	
0.09743066389177504	0.1706341934656261	0.3455607130953288	0.5709711800090524	1.4665792329354834	2.126976452912208	3.0929015374753397	3.7739204936966075	5.0257875951596604	
0.10244564564730732	0.15120188933258985	0.4464258221796402	0.6689182752029047	1.5451573039168354	1.703839510526462	3.7390243765792914	3.592250132496449	5.965940132131269	
0.10193575031538463	0.17351385952800238	0.37547817333582173	0.6237749355824557	1.3061757682685717	1.9687165207974011	3.278923049082437	4.350860791221603	7.332297013698165	
0.12095198781983366	0.16734570257451498	0.3494198056095478	0.5898147380013056	1.524008266604064	1.9016493471601614	2.965611259345849	4.522573990211897	6.4521855629694524	
0.10245734576989246	0.12666751631072481	0.32504875501552855	0.5364162148713864	1.377008019908985	1.8488473261126592	3.668494200526631	4.632456334432037	6.260508324903389	
0.10245741234889912	0.14226825383928957	0.3826973194891855	0.6113336456548683	1.3276825226039488	2.2215473558820533	3.0337741400337945	4.585013450662851	5.681204230615206	
0.10543286450443477	0.13776520601768935	0.35099628546854816	0.5419218567767208	1.3969346449452325	2.2624486845029192	3.21421604074016	3.8865173200341916	6.475007045560332	
0.08609865378092246	0.16132183739297964	0.3696666521686252	0.7639805397510301	1.62668854806875	2.0833046223063527	3.204143638351055	3.844482944820752	6.70376967899085	
0.0866304447036238	0.15119384032704364	0.3667897772012172	0.525312368805249	1.523422614468754	2.0207928100210237	3.3655741709135993	3.8529725779432704	6.4268722339427775	
0.0943959647144435	0.14875784770479608	0.36674312894948724	0.5517287510041632	1.6248947478013158	2.249880543458659	3.5558317540091204	4.523200224643218	6.680231623009078	
0.10736774895124397	0.12839255587540413	0.3882799860331128	0.49182555896916663	1.3787688957429167	2.0641641655953036	3.4202805706992017	4.855408092337892	5.395626758822799	
0.09172022741406224	0.1614388813498665	0.39950051503758305	0.6092309140543811	1.3919672898274653	2.2287110831847348	2.70107156210497	4.6589025392443695	7.892697206837946	
0.1122705398476927	0.1621254845989235	0.454499296953564	0.4829007691438942	1.4086742786248443	2.3774781125875983	2.71847926638808	5.569507739318539	5.56751919873283	
0.09416306214122734	0.16968705764545156	0.4035267119481712	0.6433679725778874	1.3391408628562038	2.005376117924426	3.3210152494879788	4.965558709731247	6.12380632570054	
0.08920742387507961	0.17290985417044827	0.42405536174753694	0.4942240216900544	1.6039108742591774	2.604277782538655	2.749087711446659	4.69062654849258	6.061533328148769	
0.09800860949774011	0.1299660654929467	0.4087622878385842	0.6334007120146596	1.42793318897693	1.986517816142319	3.057892497806251	4.742796899422476	6.711807887073504	
0.10603700037022779	0.12796908523908002	0.3944497545846928	0.6164904918584135	1.4655775204517427	2.0071837328668076	3.12304827259093	4.786075035571208	5.573732788295493	
0.08762741339485594	0.16580722605558348	0.35063756399784696	0.6157420249164322	1.4160007896950972	2.174376046442324	2.798933915935597	4.479316885520116	5.670122380879348	
0.07776765494853476	0.15677908084862793	0.3729240861365459	0.7116169314311168	1.394561936229254	2.1165895297082877	3.322593003688636	4.901212169530253	5.777537134391742	
0.09918433773367244	0.1637370943675689	0.4247236333641558	0.5738179083849381	1.4734032986964352	2.042581176028904	3.0900060082419354	4.380131896915521	6.080623094134746	
0.08822568892058853	0.15151033127734298	0.3914035981921646	0.5800975267081828	1.245437589915451	2.3401130824017837	3.0911471763832554	4.551299944697804	6.603138255359585	
0.10093107426972636	0.14878969318391916	0.390269485771062	0.6583959244319358	1.5091713930246773	1.941174886904058	3.2849372229060148	4.519738427936761	6.124170951654975	
0.08122610111784326	0.14997655348322841	0.39259840511570027	0.6574444212468504	1.5853077393292825	2.132357137861342	2.8851817469303263	5.39896326129781	5.92805669860217	
0.10026815850438611	0.16396093676694287	0.3556003715693188	0.6420610508778469	1.6685394393841664	2.0698104379875018	2.808583397633178	3.7850321027281106	5.013483302064908	
0.10022730913322492	0.16138626623154725	0.4009684183937554	0.5165321052685414	1.765107396540869	2.2031389115900373	3.349236836682548	4.620079820422505	6.934791986861472	
0.10099828224992674	0.1732170866123015	0.41994819039162307	0.6746736266188043	1.3655414038033313	1.9428903567207503	3.577271575734584	4.1911939767650095	5.83109795058854	
0.11213181916820505	0.1466279857717163	0.3721106025384238	0.7412326249690663	1.3103911854523662	2.289529154856399	2.997575289978253	4.335932552378361	5.947601016308683	
0.10226126634940542	0.1753936341484774	0.39373773825360203	0.5141336903350663	1.489872096211123	1.9013261692553243	2.978986766611833	4.470607496122971	5.520074224694669	
0.10581777358757266	0.12585397511362456	0.3618864039788634	0.6832460742590876	1.6182023622738035	2.0799640127523977	2.943346992570292	3.9277466677993456	5.2193126269471515	
0.10463258750188974	0.12212198523307671	0.2750525043809485	0.6923165328818502	1.3431236672748847	2.458131011105239	3.2991904081107677	4.8532901995751505	6.253040351640522	
0.10651114572185492	0.1566064713273457	0.36419850113706526	0.5757082516986379	1.4241868124736576	2.114926503716262	3.625556361290195	5.062140330667561	5.778968869267491	
0.10503431023291446	0.1376183774405242	0.35390247324407303	0.45960616108390584	1.1557198760775413	2.316731349096419	2.4753516169370053	4.215632230772444	6.964725115751666	
0.10612685548984901	0.17137210236055955	0.32350285643200405	0.5460054079692845	1.4879493344638284	1.8127622348730195	3.8145505031085998	4.562504289445752	5.685263762189477	
0.0975489218463757	0.17825022097516657	0.38442422752868727	0.6071653426009345	1.431578964398664	2.033423547211489	2.9732476011444513	4.991277940529234	7.313044511267854	
0.09911169076367815	0.15258367803719772	0.4009289374634154	0.6462425070518197	1.5369268960299838	2.483655707571222	3.442628960004548	4.641831597306866	5.974093538619588	
0.0948289730753741	0.14471926206370161	0.37719875480605375	0.6145287994245264	1.3985322873565253	2.2563441091842846	3.4148862000328926	4.406347930554024	4.958618162152615	
0.09056933233491986	0.15688332057680066	0.3484224185892972	0.44413031210784654	1.3690891571996016	2.456960842291873	3.486060193722855	4.0988919307345615	5.817561075008808	
0.09317411942336583	0.15245022645059977	0.4552980018357012	0.4902086777549147	1.5562936667462877	2.261158400366936	3.856472730766892	4.1593131263245136	5.231377758704001	
0.0834211685399047	0.12704652153906046	0.3593436071613696	0.5454757763060307	1.2029178410638854	2.0064755373858287	3.202633978454227	4.733251235825833	5.763735736093098	
0.1034422607069083	0.12636638812394319	0.34055514954361144	0.6502316905278832	1.2958950304987602	2.2060750069211315	3.3166140437489355	4.583844221566283	5.426483298139732	
0.08502946897575536	0.13092153577822546	0.37605061124979144	0.558379953126619	1.3986861454000943	2.173787297476076	2.675951994014539	4.098364752174958	5.866961160155192	
0.09690686456044595	0.13434166470772704	0.36960818279226637	0.7202488206978119	1.4438963348322231	2.092293645595161	3.499654110522015	5.148362584343632	6.29529040758586	
0.09406778207862844	0.15247796091649632	0.48820556055806297	0.5345592653740001	1.2039806904264343	2.3404816030330102	3.3643772886400938	3.8483900280374086	5.415662138445005	
0.10888268226920661	0.1303956149927266	0.3663001186480585	0.6679681017035161	1.611698728722733	2.4532636582538068	3.1280024358454455	5.114917767453406	6.190931640395998	
0.1103498216964478	0.16245055047148405	0.4109391713333599	0.6203150644738159	1.345601621968745	2.049629254871393	3.414529419623826	4.47005873284819	6.281373657125362	
0.10225017192265387	0.16616374450440527	0.3831424807431685	0.6593754355138609	1.612374121705074	2.1304187163698165	2.9272617875708353	4.513470450284939	5.816404677175329	
0.10026783905865198	0.1656224804954756	0.41152033930524995	0.5398507788018801	1.2764278909629236	2.2220702267224532	3.3486552464608748	4.138532147394451	6.528733247338839	
0.10037051603118222	0.1656727272848767	0.3009622432259132	0.5920059875647271	1.5288705120161206	2.4411684022954065	3.439120619497107	4.031900567844005	6.190261834300157	
0.10953899063735534	0.16039226363783368	0.415494504136267	0.5408072095703084	1.4072602146972788	2.440720181632219	3.139096292620976	4.4808484057494375	6.776771121011077	
0.10145639589852132	0.13290728779173316	0.39478444329104084	0.6209429643500122	1.466557947269758	2.3028809727407316	2.7517159260567796	4.491578409839944	7.258747624396904	
0.10969000139996476	0.16740302023950404	0.39445349589602063	0.626129326734771	1.5072914880414403	1.9383589271888007	3.0042351555089075	3.7803602772549803	5.063458038882901	
0.08973027584734448	0.1492933873579094	0.3712856116490272	0.5355449438164375	1.5331542664010587	2.173057228254446	3.10983055843467	4.049422428308927	6.603545670410738	
0.09394020400909786	0.15107349064696177	0.40112671915573134	0.6322046746887425	1.3567279559359067	2.6736956668418776	2.931694226464477	4.104457703572427	6.484210493599971	
0.10295129605842963	0.18551837057708093	0.37530779488858745	0.6625416269533462	1.2730836295295676	2.0444034989772732	3.20791302709839	4.221643893825867	6.347282060710997	
0.09469247662556943	0.1536323343204579	0.35111625825397064	0.6595705986874008	1.55477625016848	2.224489289891509	3.8137495715905194	3.9134249443741567	5.875088039526094	
0.0963801923224966	0.13614511804696505	0.37700867686325257	0.5196610738049406	1.5182809931143826	2.0687235447523955	3.288106750342211	4.698779448207791	6.0143971991015945	
0.10050952414079442	0.16581532164429302	0.41171836484504165	0.5922789789768488	1.431180786254181	2.108478883011428	3.23295519522867	4.018122970901247	6.890951473552313	
0.10345312201179302	0.15097249961148315	0.3232154746292907	0.5863689860196427	1.3788636303795123	2.0223845385883625	2.9397283991846566	4.608033242910707	6.54060852257191	
0.09916864959570176	0.15803334621758244	0.4456732010587591	0.5258439887201817	1.350900649994734	2.0725218508180823	3.1407308782755203	4.02712740350693	5.462306266778652	
0.12079620478184938	0.18152025691361076	0.3827182570146284	0.6621102005304613	1.2268759599369043	1.9638814682495205	2.9515715427873452	5.271718063114153	5.184407702569423	
0.1075285378729592	0.16559296901293624	0.3400251705224357	0.5962495773388528	1.4068818926827602	2.242876323702654	3.4761814070812833	4.525376096082397	6.460183503851347	
0.1149012873376028	0.16661025825872985	0.3564087525216879	0.5844994778996433	1.2845004509838363	2.309376644074425	2.8949473848643423	4.779905567137297	6.229957132298079	
0.10381176690733279	0.13389679271819566	0.43975012610490344	0.6595100248882019	1.4076272408105646	2.4484472461618663	3.8161258752941216	4.893406396916233	6.190012737583121	
0.11181023028843302	0.14819027936349874	0.42390730118020536	0.6831266420120885	1.5604637583499077	2.6714099239762623	2.7432342252583646	4.307819416742905	5.775732879493614	
0.10542348140307436	0.15089532924562662	0.3977861861163823	0.6464340882247449	1.6665797762333017	2.2156403912434333	2.698440236534718	5.1326070898635745	7.197753412739901	
0.11996750305084997	0.16382006514466158	0.4317233892253546	0.5188566082214287	1.3112962315303627	2.196594263477537	3.292841812836536	4.714574695770762	6.015901304863817	
0.08552740529195593	0.14843140317941292	0.434344250855355	0.5892015339056054	1.0440101454980848	2.02770137666487	3.9320424669464518	3.8786184663262664	5.590699228868638	
0.11951616137420609	0.16752836898209475	0.3444974080470439	0.6242252928047923	1.7348532047132428	2.463827760083621	2.9881490900972443	4.701090577429736	6.724642689181648	
0.10728822622905043	0.1658292608380168	0.3746801127513205	0.4655952551834622	1.2487092667470745	2.099423391378641	2.9698513918393807	4.762638186817239	6.412040411443802	
0.10993279239456007	0.14996858319158274	0.358245805490799	0.5402134293382058	1.3835538259765527	2.419415994704761	2.832534856946253	4.395745528770069	5.683096750488294	
