8	49
0	1	0	1	1	1	1	1	1	1	
0.14422711454159542	0.5083186324769272	1.1193009980389617	1.1504923532245035	2.3605387263726945	3.3558526890646965	3.7954079250104296	5.770324865574681	
0.16618053485729892	0.5390617852521435	0.8646758569268328	1.5320075606495462	2.0133148386631126	3.268031537134512	4.956520555725026	5.48007284479406	
0.1396836436354786	0.5876166689142429	0.9934257274297796	1.3070465914505704	2.0353239537611523	3.4748699545509703	4.157691659130479	5.761766204707033	
0.14271604144283884	0.6648860660080181	1.0279665908582107	1.2672749310816922	1.9676780244086045	3.407934345495319	4.134535553628351	5.740592705125586	
0.17502442377794766	0.6738948264960605	0.9546736038132578	1.587733783214037	1.9766734043460368	2.9303059632278674	3.9674618023931862	5.744307551981393	
0.13639819175172083	0.6460494246332935	0.8731358246690815	1.3859898516877935	1.9983992175643621	3.788506363206645	3.522197880622363	6.615746936237029	
0.16627806230320738	0.5783809286428294	1.114937929557833	1.483346001743708	2.090326988310443	3.0588434336453987	3.799447318267627	6.248138950862748	
0.16230554438371517	0.5880904166393578	0.9128130538142372	1.3826204603743215	2.402778616694012	3.7227921644757815	4.062232985203087	6.691324040346507	
0.15444375932564658	0.6718097958117929	0.7912492159767951	1.5331563218595088	1.7732073017227648	3.1956200801038994	4.659587525596927	6.22016880380092	
0.15972198912635024	0.6484698363233088	1.0862333669023552	1.4184155342083131	2.3334902806164886	3.1757823181166573	5.008917645758563	5.094667941580909	
0.16731968808910794	0.6011794562502417	0.922066977469113	1.6362539015827318	2.5949174619297577	3.1860351022956217	4.084672078773193	6.729979894612892	
0.1487500644526311	0.6156553115317999	1.0370243715647802	1.552326262439479	1.9568716803757848	3.876899549790806	3.3901665611645915	7.095676793964353	
0.16263452065053324	0.57191569507265	0.8184172177906572	1.3000595265784014	2.2364770923732507	3.5420316593119665	4.434172182026762	6.575059573083212	
0.17636482710023885	0.6193462453083461	0.8575655155057007	1.4653878575977584	2.2807595823079154	2.7645244488678338	4.675459794779286	6.434257839115299	
0.1630791817716297	0.616567862732792	0.8842239467211658	1.494516634180728	2.017739703539308	3.436040083472676	4.631983672610007	5.810829225842278	
0.1704565221740138	0.6613282384967263	0.9479380711122928	1.1455205238543607	2.0334023300465587	3.463233118099395	4.380971173814681	5.272455257107574	
0.14609297255920545	0.6291289370929318	0.9322004267640339	1.3138878838499217	2.129636295557869	3.740808352989196	4.9395948118629995	5.704143559121029	
0.1378777345144331	0.6900428050612197	1.0043649213022798	1.4056228611949044	1.9894892841394984	3.0231549083036944	4.883646171961438	4.782823936856977	
0.17041715704459628	0.6230259075974863	0.9108314050815415	1.3532332170168917	2.1202454550893792	3.1160061837561024	4.409340441168299	5.387226554984702	
0.14638862058906274	0.4877417745263033	0.9650620524394247	1.4078052457256696	1.899300875728364	3.3670795543468217	5.709569055575411	5.3129988857693995	
0.15978946059716084	0.590159016606517	0.8708104540416727	1.4534455919695675	2.308548407854202	3.3079907519869542	3.930827260070182	6.830551137202249	
0.15872945153607956	0.5492983792733238	1.0190548658552603	1.285748986123362	2.1403624509173897	2.956494260996729	3.952207847265115	5.849739570874893	
0.16166048682850576	0.4811669897547554	0.9424643493603356	1.4897376108479592	2.1081283980771257	3.0662950882473403	4.1548595361881135	6.2023431978790855	
0.14892022389358237	0.5703566226806203	1.107279363720719	1.1148057582721767	2.1224032270867195	3.095163609579628	4.557389717668485	6.151984393301727	
0.13088863259362712	0.516289648427418	0.9531274826063001	1.6172630779989243	2.232064921462837	2.9296708490641006	4.412308048062394	5.812140395562207	
0.14684321277989038	0.5203055674973235	1.0675577973395123	1.7272327253511242	2.2126327319700665	3.0126528699796644	4.838731959678537	6.358342595152475	
0.1480642524146771	0.5505950329003625	0.6796354329210258	1.409125410988722	1.9295574467189727	3.3772604517419724	3.7787391318120074	6.060535809184531	
0.15848175070341547	0.6012667887804998	1.0128858035806532	1.3810074786979682	2.5173076293626075	3.485731068549237	4.273747449251028	5.9836059008683256	
0.16479836088475555	0.5852388435016282	1.0675337284005664	1.3877470388151294	2.114262276540375	3.440272594613863	5.325560334494237	6.112486440687742	
0.1557841999775989	0.6047794376768328	1.0543965252536602	1.4846929351092386	1.9975703897649062	3.093347876136782	4.320797365468307	4.969281328765289	
0.1493607266273631	0.5546795082416767	0.9967689855601146	1.5510217213099495	2.1366075719698125	3.4753994926445397	5.053981731491644	5.716149973395179	
0.13481502479221913	0.6458776439169008	0.9075491396174938	1.3053367144043038	2.486751530997441	3.725051147206558	3.785879047717726	5.280309710130947	
0.18433831506910134	0.5767882108220436	0.9306224954643568	1.1686395931539542	2.417216782193525	2.778359170681744	4.744605117408366	6.06333909928373	
0.14261477503681402	0.6549926428122047	0.8513191432780906	1.139454469227696	2.4194795984866744	3.2803920940735942	4.2581999277188025	6.2838871252564275	
0.18835146820981355	0.5550607232183535	0.9537362828737886	1.3700370429154847	2.017441557703649	3.282201140828721	4.514095393093584	6.0265691221869595	
0.14569624913886609	0.661763948676258	0.960612689691914	1.5131797540265697	2.0891294812751475	3.3521224215948013	4.4349957753145945	6.203477192617706	
0.17518268994893074	0.6201031395856205	0.9156152498931112	1.385700366223966	2.1590913986034246	3.1404363397875406	5.134813353777045	5.9957391924871875	
0.16291154183529422	0.5526237942127309	0.8590381253138786	1.2281661520587186	2.178362738649505	2.88197507533626	4.006839235023037	6.751607774093021	
0.14282064670439065	0.605341476571161	0.903464083711518	1.5767093919036068	1.971036486431027	3.1946624071005387	4.239165997011662	5.2407538008033745	
0.1558268244075197	0.6085188912610451	0.9696917815214618	1.3515231847595597	2.0098827388948277	3.7685883725322125	4.368588486415162	6.238519540094341	
0.1483107589509933	0.5619108058475077	1.0556670871817178	1.3512850503039915	2.4032594540851977	3.27134053343544	5.373984981793275	5.766832577965408	
0.13959879589988938	0.497088151257811	0.9037899191061614	1.190861312037519	1.9410566168482075	4.146991426301507	5.166228271910816	6.093316110949408	
0.15045561398247106	0.5527762439612938	1.017837613799654	1.4532177502135477	2.5368421780722747	3.300340389384566	4.221777793756505	7.235663282109768	
0.14777378429402452	0.6248028843531496	0.9631796760905649	1.5217190561752443	2.1701577175575273	3.561492993515574	4.287330346491881	6.008321222950748	
0.12439121079683661	0.6560329312496161	0.8899621990366534	1.5487501710699683	2.332870095228722	3.1914687268048603	4.162864907180469	5.5097030239179015	
0.14234386127636656	0.6172164193500591	1.1410750433874306	1.6910343725153312	1.7912377032412479	2.6384354284532856	3.6153800876960633	5.73802286918975	
0.14539369821300155	0.6006723090561233	0.7779540146463165	1.5658620545392243	1.8044800345923022	3.391814032675138	4.870544831244459	6.661019090679405	
0.16327373908654488	0.7143151889069267	0.8773502755610147	1.2021904169219297	2.1143704401080945	3.328803509881401	5.602282070829823	6.454020877451352	
0.1549286378761305	0.7581887094005798	0.9733851419066154	1.4362694972787384	2.112649226962667	3.010933692636679	4.836219636677986	4.773959566965493	
