9	28
1	0	1	1	1	1	1	1	1	1	
0.11694798791090043	0.3785441807626406	0.6108808091181864	0.9430954721479318	1.5100343496589457	1.9901226318223395	3.1644542978110244	4.521652321097109	5.577012007705042	
0.11013011190375624	0.4031177264613583	0.5391902919006285	0.9866507013744771	1.455298473454904	2.1000160550664475	2.7236601321638068	3.5754520838879977	5.906147040489932	
0.10016100267970247	0.42016423069433556	0.6136268738467753	0.8973159740011384	1.579216466188277	2.1496640684551442	3.623381708067211	4.103940843042885	6.031633948005566	
0.09574067809855594	0.3363553901356325	0.6049160246804653	0.9813458521067123	1.7028180127559251	2.018325825285207	3.265497206153878	5.165832652052062	6.885638012307879	
0.10881856429166342	0.47250011631913397	0.6740979832448962	0.9286312133000528	1.4604368066388005	2.3452663593266436	2.898425120672122	5.327045715528112	5.627145633469976	
0.1056184335796563	0.3527194361016057	0.6896273673578194	0.8698709017527917	1.3644812922100542	2.2965923728911313	2.807232919923081	4.487418483722068	6.503285789835391	
0.113444801195352	0.3062373197262265	0.657892313287389	1.0063857936777643	1.425147395203974	2.2165519252535346	2.5181433623412843	4.609646083209343	6.430186391498263	
0.11251288635932344	0.42074135825053227	0.5821658324163388	1.1341317408056204	1.5828469545749986	2.0111160864177218	3.6980453872102514	4.193442145251495	5.240730999015874	
0.09856183222923214	0.4279582540328701	0.6529800352459623	1.0699390482466067	1.4929673620704071	2.0748706250561875	2.8627343569129104	3.8377695168984003	6.984582814797308	
0.09533322958579736	0.3724923244607772	0.6601757026804208	0.9212973708008229	1.3435789253837676	2.2344269202058884	3.821053364424156	4.813433187765232	6.250270923594552	
0.09958013330086361	0.382860696074397	0.6501096651691989	0.8564947248699215	1.554159949360724	1.988571969299549	3.139436680199353	3.908623783142727	6.474223871464428	
0.1013274811536983	0.39794251686924687	0.5931198852742763	0.9228498509763827	1.354464196500164	2.036326469131604	3.506122084019994	4.646259169601729	6.1510546465985545	
0.08133419565337312	0.39868732827577386	0.7074228854987548	0.9660203461908833	1.213577656572236	2.1418467413550113	3.494186667926141	4.030287124400575	5.424120768529294	
0.1063841958501942	0.3740958492362486	0.6782840011497548	0.9074936461338097	1.5405058835162755	2.1188016787469404	3.2851467255349602	3.7560726459595073	6.712906257855938	
0.10859391606018223	0.3456411518846939	0.688282449474588	0.8597831420784476	1.5539965647401255	2.041714269366862	3.327791189626489	4.0555896005330565	5.762312040995498	
0.09745198782072231	0.3231664330454936	0.6152336108614265	1.0358470070138448	1.3400776697787455	1.8136048411030048	2.6427363228124134	4.079453785648107	5.890609773786241	
0.1013526824200009	0.4302665824918326	0.5566023764962347	1.0654617334074852	1.2907743203593482	2.534439639624932	3.4903958984108283	5.052351015936512	5.378642995289584	
0.09621758892825688	0.36876855425569255	0.42459439100527047	0.8560949040827992	1.1747542883549522	2.007492276058418	3.3360438811951956	4.5166865259895514	6.672485372240416	
0.09380252747390505	0.3286513597154763	0.5846900489850306	0.8225189151999569	1.297020178411518	2.370940041216481	2.674950264255	3.652899137955542	7.058298081030212	
0.11634164357784474	0.39839376334633647	0.6768119711427699	1.0857063227394672	1.4470922087688864	2.2130998535395605	3.466502590982526	4.890136933760834	4.584526762232684	
0.09801789760912796	0.3622390712427292	0.7234836603104128	0.9074500723103782	1.2362653150491305	2.1127455989070434	3.0052316990866683	4.234800906189537	6.263883824107786	
0.11764253239264455	0.448275306961659	0.6006702077918633	0.9279159038894319	1.5037764964464642	2.2837998959294987	3.7459006331075084	5.209204148853002	5.868143759097432	
0.12440737102912594	0.35948855220774206	0.6074383255224828	1.0937487352201953	1.6635346755250655	2.155389904600373	2.8362348918466966	5.23665959361322	4.960058811107562	
0.10345053836768013	0.4133445648351337	0.5850237327870219	0.8760161611953856	1.363138336865574	1.8432266945542137	3.383427083413337	5.02833811394479	6.488795400266435	
0.10185419766226078	0.40313721226687876	0.6188408477575703	0.7966756148221523	1.4843598987203572	2.40712152069223	3.3966959018722322	4.396385837888208	5.983326373374766	
0.10048036278499906	0.46071554116376495	0.6151659377406956	0.6666523522969491	1.6604445133216195	2.4630550646258356	2.997053570621076	4.302666050727811	6.2630743171367165	
0.11793332131096378	0.34367063159278616	0.5763201075462557	1.0119062010384112	1.0853465291785092	2.210079602995112	3.665243732350752	4.960858459340471	5.626340414192754	
0.09833504139166077	0.40859529751083445	0.5619432756313684	0.9498652560013577	1.5208353305584896	2.1924748030000893	3.8007762977367334	5.31667389613562	5.638681616222087	
