8	82
1	1	1	0	1	1	1	0	1	1	
0.10090050701155034	0.16211867651632353	0.44091247488787755	0.9287178369415611	1.3011681661297256	2.370290247318603	4.358723149978099	6.600338224235486	
0.10646121470220778	0.14596278856328532	0.3424150994711768	0.8657060303375455	1.453744776726092	2.340962975911665	5.062980792067393	6.186731375251546	
0.10617941525763915	0.14601429631867846	0.3725523376136928	0.878150319091896	1.5362151129440076	2.08086360888134	3.603748587656282	6.590012652401809	
0.10279923758629073	0.12296398734266518	0.3487422299707111	0.9676075960612307	1.544945378375515	2.058294225769151	4.2416826463563195	5.840242336996255	
0.10314637515928267	0.1517981006949467	0.4634505991300326	1.1056117543405624	1.437516746535702	2.0428828443606064	5.371163902715987	6.5122149115960815	
0.06452918903703615	0.1746605390069016	0.3907998584200844	0.893666619884002	1.3767637700973967	2.442374372170936	3.88175303145774	5.387645058556699	
0.10598440982589973	0.15756253743885074	0.36929720706079244	0.938832160992232	1.3867705068431897	2.3808230501680026	4.9576921689467355	5.844656620189253	
0.10727199472659453	0.14804467555826972	0.34941329350974454	1.04073973997214	1.4664414979601315	2.2000486020339793	5.250886937671033	5.484759335347852	
0.09793694441822398	0.1171942502985494	0.4015097617549564	0.989862816579679	1.7928743977595147	1.9872756526843927	4.558948106356418	5.529607188847315	
0.09829318081590055	0.14119257885229156	0.3576328773914717	0.8848731848780914	1.5520807982907745	2.209160342490463	4.147299580731458	6.205891187172642	
0.10323339764358622	0.15462628526415959	0.41512455391878333	0.9120650122403935	1.4164886574271573	1.8555151736274451	3.630673668434112	4.868011275539739	
0.11086382025942199	0.15735244743022883	0.29537001360545906	0.9626571794211927	1.3114147308081205	2.2154618320103063	4.138002342104338	6.30864386459401	
0.10015470879909186	0.1236222767433144	0.3112178776168638	0.7646591091818462	1.508316613208388	1.962770386441764	4.173770740130627	4.857508454047782	
0.08702658825497678	0.14334301462543253	0.3698299372842918	0.9326493939579843	1.155074541829458	2.338937992766561	4.7228260424650195	6.161032283651982	
0.127222043353592	0.1490389779121915	0.3450322969344656	0.8735798533448952	1.3362391324232357	2.53482918905676	4.6746585521074255	6.205452054443105	
0.09642165635089202	0.13544189629040787	0.40802765338906144	0.830899325278437	1.587910321811659	2.1525696728441743	4.704419315962703	6.574468223343527	
0.10624825743375099	0.14422843506238509	0.3185362473447671	0.902463884000589	1.1978375664905088	1.978890695707085	3.3770733167181763	6.095790830325601	
0.08352047974898225	0.15359320244704822	0.34069551325534025	0.9987999927630878	1.2274833038721147	2.2652673943730295	4.796145631644757	5.272465413681634	
0.09229080111297555	0.1707642097823054	0.3845860478207519	0.8712343744069678	1.6153591954595525	1.9490035741304614	4.205644260119736	6.169478495410591	
0.10552936514612113	0.14600722535083624	0.37671391181002145	0.8954635631191603	1.5574616830252945	1.7669964636893989	4.852939586149436	5.170574716210781	
0.09249137401083932	0.15777250911836507	0.4011646622725869	0.9138940423900148	1.5674860089204963	2.120876465284953	4.664279379047666	5.3697265303355	
0.08201338457929015	0.13144046879513796	0.31920071656430626	0.8890146430780107	1.5273818930654128	2.5939049301127093	4.749076450430155	5.079124941329935	
0.0844183481481749	0.15719653781489526	0.39180531161562915	1.1578847830805745	1.4931483888773571	2.448138300079022	4.726029817505472	5.737262005446992	
0.0823437338546988	0.15308802995889195	0.39778400374631573	1.0553959217425186	1.5906592170962943	2.017085991881551	4.5008023785726055	6.917441689880216	
0.0989374030407994	0.14444358588558895	0.395038566191614	0.7998363075424465	1.4035615769278444	1.9362020841277257	4.6855066536029675	4.990548449179048	
0.09227597665172732	0.16193607886341257	0.3484349676741816	0.9610494159261539	1.4275476928745179	2.0759743762616973	3.7790011772413994	6.558091047016978	
0.09931849014247994	0.14529049389546786	0.38651997024127327	0.8589909390745823	1.437595574650034	1.9293379403635247	4.160756619344838	4.906380310302302	
0.10858839941364136	0.14338889497106133	0.4133583852585099	0.8263652550154754	1.661417470804816	2.3259907268802436	3.7847591877528175	5.776983123172259	
0.09013172206628968	0.15420839405862505	0.3801776834723823	1.0078640808811545	1.3568249647499016	2.2402967726540743	4.324803320688047	6.7525126963524755	
0.1121954510166221	0.14555708535070444	0.33984333260375155	0.8634593960553897	1.4944223779188417	2.1842561518024306	4.384982048176866	5.462338506076962	
0.11112496891145374	0.15073316407409146	0.33389495579528694	0.9040062456518237	1.3871056029234787	2.085049633825892	4.961729552155228	6.268282577116805	
0.10365284109402118	0.15791488196244063	0.36660666781882256	0.9377965691255545	1.2229526973593874	2.283501033493146	4.751696989113793	5.656210294578528	
0.10125687736920429	0.13155482846051067	0.3454057389347631	1.0509804239054281	1.3548829321585962	2.219936954166379	4.209577726425201	5.674818759034839	
0.09389185338813616	0.13908196546470478	0.42667596548118797	0.9151420472962313	1.2599660910400754	2.165433456765021	3.0713960232825133	4.988437175944499	
0.11029959503587679	0.1731104793136777	0.3953026211502344	0.8416498746352454	1.4674476415214361	2.0967588901683807	4.566044946226069	5.821770781143488	
0.10272265659185079	0.16610893903326288	0.45423105588953494	0.9095056809735831	1.616450645288657	2.327041858347208	3.869563606963565	5.404587276043716	
0.10478179898709855	0.15182727498283363	0.4254390218185669	0.8121549585559318	1.475635696077442	1.8471783192939084	4.084009147866358	5.376616035140358	
0.09059451724021896	0.13802085580882947	0.3457125458349857	0.9899581979313163	1.5751984750068044	2.250713091820708	4.737019621687944	5.33929132088147	
0.10913321044195184	0.16156915343876854	0.37665367235852065	0.8887680478675589	1.4568967159872908	2.115286221707968	4.603529149838666	5.644470721893023	
0.09711880923638673	0.10841939633836174	0.44437928801134696	0.9366548811990472	1.2938032195340263	1.8388921155084703	4.85855177124306	6.633770704985227	
0.09272778385088327	0.14536596213114206	0.3613096606125189	0.9015670634251397	1.5961399933475222	2.0044539701109123	4.8207640459635925	6.303411492192522	
0.10359876859052314	0.1528787929517124	0.32633525872307556	0.6986238632271381	1.1508806937740161	1.8038500291209731	4.074548763020007	5.246378006692525	
0.10166687597586568	0.15152424476251372	0.40838268278759426	1.0197978594038455	1.6643420441331973	2.178093580517315	4.989720592860306	5.193023602604988	
0.09719145089650404	0.14473180696503354	0.42789793988598984	1.0455098622302432	1.5853598694203435	1.9436857959560805	4.700812532311519	6.474392033642291	
0.11448525232254846	0.15761584294898684	0.356936312894555	0.8629928021348765	1.4283715256571408	2.2918938389579084	4.021787796640459	6.214696331175839	
0.10043665618293061	0.1462739194881203	0.293366703588964	1.009798228772896	1.5984118614500744	2.2138677404119114	4.278395203524387	5.7017533041553525	
0.1062025524713039	0.15994818416921155	0.36185857999343757	0.8906763659940293	1.1968429125170506	2.048380394910901	4.435683562150238	5.606752290207735	
0.10714100979019191	0.1356604550547	0.4312996777823612	1.1077784878914054	1.613722366618537	2.2091326380969067	3.863965931110377	5.716621177985298	
0.09911209343159634	0.15528776040184222	0.3470657321445107	0.8439644648509946	1.5205650442345877	2.017924153596406	3.720686135325244	5.563113737991236	
0.10417402534866332	0.1322676479808577	0.3739101481063202	0.9010733435200512	1.2137160400065123	2.3646495449825937	5.096260436375433	7.178544076727995	
0.08637822836731451	0.13551246131080866	0.39523644787407747	0.7366463176639552	1.237926111500738	1.9227763563116775	4.480326776667248	5.818627548497151	
0.09920706884505162	0.17615429606928615	0.35764543876964544	0.822869570183	1.2295687781911497	2.250393687494427	4.452269897919152	6.418946770678067	
0.09555672462786613	0.1607687267755921	0.3450777421549254	0.9072763669984046	1.5108594686529313	2.3004430320138405	3.8786875265612704	6.99056840735053	
0.0947250285789402	0.12307249736891583	0.3132948977991954	0.9729428226996322	1.4880318425253878	2.114156664499492	4.554013337600871	5.825554639555439	
0.09322839296777191	0.12865351777684414	0.41816896685011684	0.8872720484654943	1.4252838672152968	2.1107280181405463	4.755683323451268	5.299051963905828	
0.09380722309038567	0.16096485816452713	0.4253747810687021	0.9447343968252019	1.5203679064717452	1.9864642241814594	3.1324066642128705	5.626804890875279	
0.09006571471040713	0.13893505664466502	0.3660023579614216	0.9781401926251542	1.4459952807185572	1.8939551505472576	4.920230938532363	6.61677237179475	
0.09800119333601207	0.13831864437878377	0.4125594135686174	0.9328224156601059	1.2869539313073262	2.4512193114978724	5.283373338090047	6.539237708181201	
0.08673527374231037	0.1352462687088813	0.4088422183028131	1.0029025264518767	1.1660080578480074	1.7320414450471529	4.660743751635062	4.612732035477142	
0.10991307667934501	0.1478744891349162	0.3796483993382146	0.8961499224669591	1.2297677500409678	2.3887405373673176	3.9738756698863966	6.208871789053391	
0.08165641746151311	0.1401760127169828	0.39411887164094217	1.1055634632371054	1.146011412603112	2.3796048050776366	4.413211955506181	5.212296992107779	
0.09820872845522448	0.15310427616527086	0.3922479160530587	0.8865637557227518	1.3184397291246766	2.3198762771485795	4.610115529365514	5.578343251442278	
0.10599449354549317	0.17486499773748201	0.3636353372320234	0.8014810598358699	1.1825440173100208	2.307536744191091	4.728287587550367	6.0350321819514665	
0.0902918083345271	0.1518565249648854	0.4272272274796473	0.9893693166661305	1.269839421519797	2.0245827794290974	4.3208130171915	6.59434440455238	
0.10284723272203514	0.1461782993357858	0.4070955727140231	0.9078207024160485	1.5997940433260012	2.129198083298464	4.3355681547818845	7.383562635567207	
0.0884067420515825	0.14193133590270016	0.4226542002159257	0.9426750664573192	1.3826092977493483	2.763626850947761	4.902258120239864	5.353945053951393	
0.09466751401944898	0.1416696483488153	0.3495225755722671	0.8955523667045587	1.4649664833422487	2.189210789433779	4.261827669249445	6.067630328047282	
0.08878354930249803	0.13853231870971733	0.41341858512516044	0.8365211209991891	1.2781194146431138	2.2727623319514714	4.643458744362075	6.219945832621789	
0.10310017746642593	0.15225054758545023	0.3930314939311392	0.9185843735079459	1.492186742488986	2.1090428654408435	4.409296998686514	6.25259092418843	
0.10054740387934424	0.12507736261305755	0.4594797491981647	0.9732018315317705	1.5008010382725328	2.0481454820808715	3.233506320200605	5.948120039802241	
0.09716280419657203	0.14733277008213452	0.40452669318206125	0.9896927985641109	1.3182274281692992	2.2832196323865936	4.831370230519219	5.89833725907078	
0.10224595439088391	0.16032454179373176	0.3982149015959765	0.7929230496045959	1.4018140061472422	2.077612640931612	5.574707343649311	6.157819876948375	
0.11435161876408491	0.13971484909265963	0.3272265994847021	1.105012218753815	1.4077926203619247	2.058536970092988	4.351778705257719	5.1354073312564275	
0.09578081066484614	0.14173393416091576	0.39447355585672317	0.9611545631800121	1.3046248854466218	2.027296695213769	3.956038215915098	5.395998709551628	
0.11562508541970862	0.15850481652390414	0.3842537883799872	0.8949287620397053	1.4342117350559054	2.0741967720199126	4.995046997342188	6.161571126610308	
0.10660127651921812	0.15083332857833637	0.3627141085464861	0.974940195664918	1.2541040757879078	1.9931010409613754	4.96737362996428	6.2820206817184	
0.09551891222250225	0.13820426163566743	0.3823563245551497	0.9435225594234983	1.3424092500588485	2.2517335603762874	3.308059398937371	6.57314157473885	
0.09177901526760568	0.14335027013161486	0.35780689174800023	0.9902891096164791	1.3132019079206392	2.1385020139513395	4.943081269044284	6.383093804530382	
0.07623945043787442	0.13100573379150712	0.360223670999686	1.1595890480316873	1.2953522820198604	2.4511516865097063	4.586726694216564	5.603118463331393	
0.09776142246408225	0.11996240750303294	0.33488657803240307	0.8545585734200523	1.4924969727190742	2.2784422551194146	4.597940983119625	6.22510349453869	
0.10283187027168206	0.15086077403159384	0.38050652039332616	1.0767624023933426	1.4555486588082025	2.1265381746671976	4.315877186564711	6.0659251235822556	
0.08931337725661337	0.1519477090914323	0.34824873321984173	1.0228367285839326	1.2255201621738674	2.249176643564626	4.590308064507966	6.132683119215278	
