10	54
1	1	1	1	1	1	1	1	1	1	
0.10752995185726458	0.14966735850452398	0.41557230014258284	0.6473691169488794	0.9809663593285262	1.5967249101292451	2.290381561577975	3.5431625790313865	4.55481795198582	5.82610955894333	
0.10739006089474093	0.1723048554757898	0.40164800371765885	0.6254108870668338	0.7858005948929697	1.4983654866860134	2.0931040444017674	3.3319296683846824	3.979912125232559	6.541691717625124	
0.0975695333849965	0.1365919837840278	0.3878411333108153	0.6777563250258588	0.8987893865537634	1.2125043365000159	2.4181550780929264	2.9561844379915816	3.7712372826791993	6.505104831740537	
0.09784424239822503	0.15655797147388764	0.38161415932303533	0.6508608530670226	1.0589951811890976	1.3434450106259952	2.0754287260948137	3.3148897208982726	3.7928898539158684	5.0038755252003595	
0.09433821523460514	0.14978518279305758	0.47006726507671054	0.4755002123085317	0.8551071318948692	1.2946885302351856	1.8198957311098367	3.575351793688439	4.659768993573645	6.411650868827039	
0.10856553602534694	0.12285288543651349	0.4162068639015411	0.5540795653972224	0.799139825381087	1.4833814470748694	2.2478010614550734	3.736243577996425	4.700924783442738	6.767374178132222	
0.10174206429600517	0.177290744990202	0.3721563723182607	0.49961045171179985	0.7860840095389243	1.323366336809156	1.958415630341462	3.2452462533456385	4.520831341117605	6.334420117998289	
0.09274085157156613	0.18052385867935428	0.3471327537746982	0.6655198964214336	0.9028170736873586	1.5072498038785311	2.0893657356457043	2.992025415137186	4.104237065986558	6.061337925820698	
0.09878527865532688	0.1536548668228684	0.41053246313420627	0.6060369948358275	0.9461329860383613	1.2220077389348076	2.127250733343598	2.6642962184322103	4.335318730306648	5.902473404312147	
0.09285998215249869	0.1492592228451418	0.3528684370524357	0.7001003357918224	0.950758613678974	1.53812788195272	2.150229328718159	2.9007694486168862	4.077420553242964	5.503122504401877	
0.09645254141042214	0.17701691840036796	0.36144607523984545	0.5237731586418668	0.9035793385493944	1.2274067815814316	2.16893124673992	3.452926894698088	4.021696294184204	5.162588228870974	
0.10325986571324888	0.16077893576066613	0.33173542485452806	0.6463490995495449	0.9549779357448661	1.2246801602111304	2.2253799298471817	2.9365507060384037	5.473252715234831	5.390002088395077	
0.10203732343054894	0.15567095249545398	0.35251129867276765	0.5908389300559694	1.056258152876494	1.270500991090908	1.7457111607260565	3.8858134019096853	4.568138160427547	6.09097896885331	
0.11178605205157584	0.1604087530429736	0.3418668473633053	0.5515267612474858	0.8012540831255712	1.4135121951166527	2.1132246478516334	3.156013285408294	4.6919572980071536	6.792993673589148	
0.10648446020108232	0.16463059459284823	0.3222133132008004	0.6066926437961911	1.0258066015105236	1.587088549570465	2.11631062804374	3.205530819840085	5.008913358361554	5.80584772288001	
0.08939717740039002	0.11230268633085816	0.38761258553417727	0.625896072435909	0.8916185204839043	1.2937418051967484	2.0040923292928343	3.028555890352124	4.731523047179944	6.295736962054818	
0.09086383240033158	0.1576051749877431	0.38703064366369594	0.6362966850304891	0.6654894180073998	1.3537102459575716	2.051588136395338	3.4173139219627386	4.696610065837077	6.545415125639913	
0.08279939780240954	0.16222184751411492	0.364967164893073	0.5603685557601981	0.8449409027053149	1.431758348439603	1.9971740206222102	3.0182022544162654	4.886226837841617	5.651019961946577	
0.11398781844197459	0.15819551583745148	0.3996532460203196	0.6020657156792113	1.0456135540665359	1.2561498687663988	2.004493930680712	3.554674168844772	4.3661155717185025	6.162295409574294	
0.08508554742724703	0.15439290020646573	0.337887162123801	0.5654169971438034	1.1471119698382064	1.3231299268106278	2.1511869621107964	3.3196172689615824	4.256339562398516	5.370160653172548	
0.10070397491336457	0.14578737236794093	0.4218030271395932	0.6474776312730636	0.9854080249324377	1.6211662974654044	2.1596253118194375	3.2642875704814394	4.48225628262077	5.869575414161427	
0.09866230174933859	0.1431709795368115	0.32824446680243596	0.7753514861579452	0.9696677371179139	1.0484073793773718	2.4333751794334884	2.926024315675527	4.693277319274026	6.0673675570770005	
0.10168082108436377	0.15825307797208119	0.3728720655815285	0.5846358576880843	0.8986417976889424	1.3888801229862018	1.9821019735124736	3.5347087523257597	4.534800353417616	5.339369317501279	
0.07713714905465394	0.15031796407191936	0.3800980013454318	0.553796725557976	0.9164798667694495	1.3911631071268231	2.029666978898623	3.525974314192161	4.651709085346368	5.104317058990519	
0.10352087688441565	0.15416978887069344	0.3856982790273648	0.6530047248202198	0.8584470476604067	1.3935042396172483	2.1621904379418937	3.1293329385948208	4.548748675575165	7.443405978525152	
0.10757616908926518	0.13353677126800204	0.45249891624246935	0.6104774748779781	0.9686647869141864	1.3558267822532704	1.9329250463149048	3.104496910374975	4.321963479700288	5.030028540818804	
0.09417066470647589	0.17766782203491596	0.3155164422375804	0.6443760203560861	1.0119376863637104	1.5434385901540097	1.9980106875125454	3.0456219671900153	5.116096503904461	5.769004862524058	
0.08725235238831859	0.15601805461967108	0.32231137696085677	0.5696310429919655	0.8318469192239102	1.4874816000419946	1.751579597241177	2.931393826170929	4.85856598420233	4.837316634651687	
0.10348733783565706	0.15414007603410962	0.34015746955192516	0.6350185671353489	0.9490925789233579	1.5607991173057216	1.9034394127527694	2.8120151884646134	4.4780678573708625	5.190614546645351	
0.09779691921482764	0.1339200292567371	0.33765564853305474	0.5843469739781924	0.9034980412297883	1.4975490938702791	1.6987427859518482	3.0845170728255904	4.3951063333658755	6.091932790338676	
0.1011532332105932	0.13130893514937925	0.37229966715026763	0.6605938756159268	0.9400151951532617	1.4614219985510388	2.5430437286118823	3.673392841559242	3.9296213038111425	6.219521630262644	
0.09653078046199294	0.1370936699157746	0.34243682894912203	0.5441418144110098	0.9135578654547845	1.54489321326583	1.8863096303718319	3.031986251740646	4.0834333896220185	7.312033343101679	
0.09784627179854316	0.1493310616123653	0.3848729635922432	0.6262157044004899	0.9712657607527535	1.415802050284049	1.6255322659209437	3.1709949436601677	4.333264509983367	5.500287576931252	
0.1021779584432394	0.14859290406493447	0.37249829087663655	0.5213603132904494	0.8335035338385179	1.4226638032079635	1.9445514670795063	3.6281837012323574	4.237403587558071	6.878848582963619	
0.11483073300732903	0.15148633800479858	0.33645016994580096	0.7225951638706154	0.8989621272220776	1.4440994628878356	2.3462315658428206	3.329308098312826	4.451835844091342	5.22032593775948	
0.1167119148063339	0.1583842133655914	0.31676891885527203	0.6730233191266655	0.7949250592010284	1.287140613755097	2.223195225071216	2.4854566469840007	4.803428209121799	6.277198587788102	
0.10410663906637035	0.1773444334893998	0.3880435292753012	0.6115990593651561	0.7948124352514758	1.244906080033928	2.235747995262881	3.5085670469052817	4.37234040238539	6.572099474062769	
0.10444945624465106	0.15497895758341956	0.310457106944749	0.536413283821163	0.9002757294250846	1.4147218922548739	2.0218605970823127	3.3326244387795043	4.548788265821741	6.023756760414465	
0.09298502382303908	0.13634354378830316	0.40086794332189524	0.675448189096196	0.8693658141032309	1.3524198295169936	1.931899510435217	2.7749858118989676	5.052649178034647	5.3159834677154665	
0.1141917209567852	0.15211417783622064	0.4031563745025668	0.6579307125967532	0.994022114847149	1.5452731551814372	1.6858289596990899	3.0702899949987255	4.491786154229435	6.526244752733694	
0.10088317660830903	0.15109948619300909	0.35654056068420953	0.5288944594258708	1.0511658926149616	1.1063472807328414	2.039793599052236	3.29658509727287	4.897195700049955	6.594438188346497	
0.09790857325964032	0.17179451814675972	0.3797540903231206	0.4983342140460413	0.9209765033400481	1.290131038918422	2.2164505857968178	3.86815397332925	4.163808483036369	6.089205328164215	
0.09354115440235085	0.16864343209298005	0.34093579553091036	0.55411236265412	1.0047511632097623	1.4006861332227907	2.214598781469724	2.881418879763662	3.9254608209419812	6.241580501886981	
0.09982858674461022	0.1308675386438537	0.37002783316413645	0.6226418483435932	1.1166668461969056	1.501877154451726	1.9364035470428766	2.605181711195296	4.768504580262336	5.715371881290131	
0.10698889955621234	0.14732923600177036	0.3974052473197707	0.5038147891834676	1.1113175733141558	1.604353873752956	2.521352948165946	3.5795515992782145	4.496636829279899	5.536666054220955	
0.1114394421579055	0.17309836196430917	0.38937381990649955	0.5644732490603226	0.9127724483092486	1.53867821058664	2.234802711252257	3.2545133229038274	5.261878685750956	6.602424550047792	
0.09986477672131479	0.13725123055112093	0.39640897107606304	0.6378672116832923	1.0091317793309476	1.3415464653070486	1.9450161964058992	3.6154845456494504	4.763712574962757	7.103420339942813	
0.12614767069544086	0.13577965535979045	0.37770268188853046	0.5264368239900015	1.0052056052399139	1.5392735187619968	2.1216108347450806	3.6943975300870604	4.9093786819444105	6.4676466470205245	
0.08859649123218781	0.160136171843589	0.40503000520739946	0.5979896864252189	0.894482541539233	1.3549928153173496	2.177720525080976	3.487749617791824	4.36426083336139	5.086784535405509	
0.09515941556410375	0.15727558367296285	0.38185083812555726	0.6222715470942881	0.9828001762402983	1.3365312495489425	2.003135062822358	3.4311688093036325	4.207167992437012	5.4812001685831095	
0.09191828437675051	0.14528088923523055	0.40895122341265283	0.6463196874335055	0.9784305654890737	1.6683291813926702	2.013277049898969	3.1282899252869756	4.503397696067451	6.207924918220648	
0.09817107033685604	0.16578454801880635	0.3480814004091496	0.5808897735745885	1.0581206744154308	1.2321813916491773	2.43990943364545	3.3486614935170973	3.8336074919369483	5.743911734783753	
0.10088122046869558	0.14359279028242347	0.341076485691757	0.5722015590967571	0.9899673773184197	1.2632964108807372	2.2232427452166545	3.2534852973790014	5.122931916303772	6.277829036975961	
0.10620626486088303	0.13220307419305938	0.3899094836994392	0.7253561562067201	0.7886538575228381	1.3257454756287317	2.0503795917598917	3.5489736231419857	4.82503532585133	5.62792396553815	
