3	21
0	0	0	0	0	0	1	1	1	0	
2.250001506330223	3.0489112627715573	4.073651059127137	
2.2148165670246627	3.5221119085134696	4.279485146635983	
2.2572323832403463	3.336157018793443	3.778456853482906	
1.9720199108025356	3.1753304648615104	4.416408511866905	
2.312440909528024	3.045974187260776	5.103865339329365	
1.8847113538878202	3.14486749931072	4.447575946063173	
2.651026972891827	2.9519730789115197	4.535885509841082	
2.1561220634761913	3.6176994038625185	4.296391554160173	
2.2901559332913997	3.4949254409076977	4.874389176522214	
2.1679794913804193	3.2768080878059584	3.9781819534227614	
2.214967337123648	3.137669218803663	4.08032179935756	
2.088261407811811	2.78205020230123	4.225578602114192	
1.999808810305428	3.723918722104317	4.345087561497291	
2.3240619068773265	3.7392337868351166	4.090808629695944	
2.2697590419651403	2.9815626810837044	4.317595845667672	
2.106662554680294	3.2670591960404476	4.925606562930982	
2.0205607399991083	3.3598885949986963	4.475966152835507	
1.7467157440341354	3.552699689489731	4.449215107305225	
2.0736473176711496	3.003198783988179	4.386905463432627	
2.4702521653651996	3.3728878290687825	4.349765847931293	
2.229804969881475	2.710217663921589	4.448487190569625	
