7	56
0	0	1	1	1	0	1	1	1	1	
0.4174710803051529	0.5362169726537466	0.8208291309766896	2.220679443690045	3.2829150167877077	5.283322058057807	6.048439769129457	
0.4565914096877167	0.6418379978342156	0.9556846618721708	2.3001295951061222	2.972882193159066	4.38184014787605	5.208478396562806	
0.3976701573752175	0.5848648918660507	0.830085194050669	1.641123246862495	2.787922654291857	4.7160028153748685	5.811099405714053	
0.3990133113348032	0.5068907570986521	0.8335199749781125	1.7702856325982381	3.7284841212950055	4.709268899266544	5.654214514763033	
0.3273841633998874	0.5964486224799227	0.752496512355588	2.265795273247333	3.1574846686666964	5.132807964033105	6.273236752101413	
0.36364847183868954	0.4481055041017801	1.0987121204928871	2.0881404725727353	3.441852324594881	4.486400863520629	6.166922906966714	
0.3463028888128376	0.5414345926987643	0.7804692861049961	2.29279908487516	3.63009140100106	5.402653926867436	5.5229515139001295	
0.3614991749172031	0.6379789257806284	0.9485057015199606	2.1487758117560176	3.244923687306371	4.251191992306608	6.0611813466078175	
0.4006891129823762	0.4230832670009049	0.8822934677021853	2.5128253014261777	3.476392113402538	4.146670782343689	6.111567477492053	
0.40431147442026893	0.5991873672512062	1.1165160492853206	1.8153555362657392	3.131014237005544	4.479248460040332	5.775037393331932	
0.35822869949481734	0.5496123362795946	1.1448931913428126	2.1623040003086538	3.561695521523859	4.477047945900001	6.616954763639289	
0.36285340324751303	0.7070624909620796	0.8049067365995367	2.0772788727924967	3.089830170620058	5.028705624957068	5.405906797012707	
0.3652978789400445	0.5966278543023399	0.9081103685949601	1.7957876482836583	3.134295473195447	4.860668055623206	5.702241346741736	
0.39556537620563287	0.6490092327105551	1.025077648962681	2.310093483877005	3.5564061968067766	4.7247858950544925	5.577913894787796	
0.39121812432114705	0.5750332341985621	0.9345395321971894	2.5774401786502823	3.851536725737615	3.917999613689751	5.760441680642174	
0.38179009995111873	0.6116666907907421	0.9232719362456272	2.4641081924118735	2.966259413727292	4.650144992488089	6.215482957796837	
0.4236839750601095	0.6383969494934082	0.9625161518688964	2.491140084585588	3.560312222480614	4.920523065242961	7.14338061077125	
0.355055781231156	0.6446415215603957	1.0175547838270775	2.0610243640037043	3.4048913640836926	4.429633651083416	5.342465319060466	
0.3893173286991054	0.6102554656314639	0.8818748673291279	1.876788584591328	3.447863743168612	3.9572532171357153	6.2312733465647945	
0.3768765099506481	0.5899667685701727	0.9762829320013092	2.3255864787198433	3.346145697207079	4.583074289371568	5.54622369522813	
0.38077282997422135	0.5964639712879004	0.8808311232225273	2.2428793370082443	3.590977733803437	3.95743530592481	6.7075784579527085	
0.399365168796662	0.6040986782378152	0.992268952851494	1.775042876660542	3.6481064598034236	3.933176753591946	6.263457819282859	
0.39248676739197047	0.6475628792554776	0.9626061067405196	2.475530276987152	3.9629315918364316	4.74381829522315	5.976904579347879	
0.39928416998145366	0.6103020935649244	0.947826883905698	2.185307391578513	3.06176115111583	4.391900013902684	5.973977740127253	
0.3466029435489236	0.6581652328461463	0.7890161130073063	2.428246055498293	3.1892705117444646	3.96320298605675	6.603835482812551	
0.4083428675367284	0.5961951713109973	1.104385787619531	2.376645474801589	3.1973848151021005	4.522852833848775	7.103499814191165	
0.4127345328896221	0.5081817239468098	1.1059336920252578	2.4683332954636024	3.3831819369586005	4.250271004923984	5.998709330524008	
0.327378524546902	0.5687248721022901	0.8318085130709155	2.5151204839281123	3.250507243651795	3.359499353709718	6.158012088217023	
0.3914601208385838	0.6186924711032373	1.0714704877868835	2.0203654145545373	3.4325509631364284	4.495200999106515	6.174195969692139	
0.36741403731975797	0.6308766545742058	0.9234120977578797	2.2300717011617155	3.3245065811690093	4.4419864873346	6.159010732413575	
0.3830895704422784	0.619967096807499	0.8906284466752754	2.1082334621429037	2.7582899329083723	4.1209523765144915	5.00047631627168	
0.3523488322291377	0.6793701426906981	0.8641172920330052	2.563450676998207	2.9870032232601607	3.9452742663088665	5.956113831665009	
0.3893007457579146	0.5351890853600688	0.9280591061809187	1.7545465295370324	3.2795735257136136	3.884176698389742	6.269894490319636	
0.35483388452444625	0.613390549726039	0.9482146837884687	1.988492213269233	2.5336399034977553	4.575746261579852	5.671905018061145	
0.3755159746120465	0.6534174106241843	0.9965263385921665	1.8759727523502252	3.3758922449174227	4.295270981133046	5.930514139481793	
0.37960684023324104	0.6528930241593491	1.100139907839066	2.015256492508324	3.563949386812436	4.534096679518703	7.261157759174765	
0.40255527113218464	0.6418502363078504	0.8961878841357027	1.9779258589180928	2.6683089763161867	4.564953720104084	6.339906321801642	
0.4639687915605821	0.6247057804498661	0.950561695024945	2.282658406914547	3.602020557010392	4.951309056903288	5.173724983776282	
0.3151174776602535	0.6466170956232963	0.9110174410408374	2.188275912452194	3.1364644111914126	4.542661359703872	5.141727514492908	
0.3996123544884082	0.5449391384855871	0.7967290515421391	2.062974618988544	3.0857925604995464	4.591175287412574	6.567701336848186	
0.3629575710314591	0.6398554758545378	0.9560717645210494	1.9902825229468968	3.49786434511467	4.015112556387937	6.926659248751051	
0.3818115241856603	0.7313151979704264	1.0175234842846665	2.0403751162742805	3.7420136755443285	4.633842603684858	6.215097006215922	
0.3787504109451303	0.7007090969738866	0.9593129403471903	2.4551625459782023	3.1749479259739406	4.763619409083978	6.910044202113209	
0.4511978094170345	0.6169767337864424	1.048318154513936	2.1735635092534014	3.6804407775078816	4.303984134630939	6.996278229749719	
0.38289513133899633	0.574304085417973	1.119600897582675	2.270882828679139	3.3107255433569933	4.26778221067532	6.441803543964629	
0.3863899544445911	0.524866747472912	0.9320396665418743	1.933930494551791	3.013234694369101	4.473153621805661	5.062555431475433	
0.32704631067699924	0.6285103211680362	1.0651838223309142	2.2078139193053015	3.4332925812080872	4.604841198834248	6.610327455059272	
0.37613143016809564	0.7376620970871411	0.9936924899233004	2.166322049403407	3.0600806998875587	4.275799165564269	6.068473258158779	
0.3617623176457027	0.526283444286401	0.9292072598670281	2.032983782557548	3.332044764518692	4.413491594224025	5.579157866747741	
0.3946565409622987	0.5857218347808895	1.0842611646056313	2.2546821420271415	3.109084224416746	4.026949700586939	5.553332747605338	
0.43789151305409446	0.5629366144999913	1.0839096342835717	2.0798091657485465	3.2684847522720113	4.21398978997937	6.193624354998519	
0.30128364901489835	0.5977462864079722	0.8192696828054662	1.905597239548622	3.2428339355165083	4.634782450811441	5.958943249202272	
0.36697605134899947	0.633775374318158	0.9971372311841281	2.4077805233223835	3.4983504216449597	4.4267897603435955	5.717029896524028	
0.39160079029859596	0.5695572502852687	1.0426823664725382	2.1746068488549763	3.3371539253335554	4.309919864761495	6.153410264268177	
0.38582347897754765	0.5940234349950156	1.0116670455397139	2.1323554913774028	2.8877631553995835	4.50624418889142	6.012136866530169	
0.4204953816559951	0.6465000486135889	0.9094457847920262	2.10209109718914	3.299918922936506	4.769945851850286	5.309940126608955	
