6	36
0	0	1	1	0	1	1	0	1	1	
0.4827472573183905	0.6831333349330185	1.627445307007391	1.9277547552464305	3.5862405246783564	5.796558363230837	
0.3911539831592429	0.5902824725213986	1.3542353087798098	1.7756876024452453	4.1975364269745965	5.854151898613635	
0.3611760472449414	0.5699364671704142	1.3158449350924397	2.5057945635223837	4.818801287226893	6.573605962577766	
0.3903653413581725	0.5198941292269347	1.5355956622703943	2.4398678519172545	5.172326512491325	6.374183053220406	
0.3800375310480425	0.599886506124251	1.5041862043177172	1.7971832378174468	4.787360801625189	5.708588733787739	
0.4639597380125123	0.5819701566386756	1.45781879930822	2.181114708555868	4.188538148564483	6.274381259767951	
0.39299942935829746	0.6613682900752944	1.5330239843855917	2.1902366952393773	4.131548970266542	5.526170650738505	
0.44296640788916636	0.6052287956254762	1.726947963068175	1.9740743840846333	5.487214933773887	5.433891978813627	
0.36334134056193695	0.6265286207525379	1.572648018794184	2.295787186967796	3.6391000774587003	5.656557812681203	
0.3364701176588557	0.5171212299363239	1.4276787843202436	1.6960120698341115	4.949958180224276	6.4468735873404235	
0.4415375717879666	0.5360012792945418	1.2915411036668762	2.3762151914755028	5.007507055732706	6.8091945825557865	
0.42385818565601535	0.6131487203194408	1.3642107923064253	2.308024784734787	4.30116700972456	6.063170128464982	
0.3654923511595977	0.6159979567477649	1.6076155608319713	2.074868414875479	4.274377330773079	5.936318364976551	
0.3351987621352025	0.6398472290080739	1.4466622032106242	2.142391409266232	4.647893675583518	5.115628844988852	
0.43322479305492034	0.5688210956922873	1.3764097534377984	2.3359830134771187	4.775055038237392	7.199317676010564	
0.34332342201741695	0.5437410754600334	1.2589906794289025	2.1787073392749026	4.378239256968219	5.582820925612493	
0.37750442887293867	0.5380714740025893	1.6510714837864282	1.9996651252163806	4.2429848968316515	4.567859975245826	
0.3174704667606469	0.564717525231045	1.38631417005987	2.3046669232502075	3.826978119926677	6.271302448374828	
0.4037190902605553	0.640616767463136	1.5780993486296169	1.9001871794592113	4.74355401930486	7.059096540743626	
0.4332102529894987	0.7135173427081583	1.4644634524985887	2.022751672316897	3.361317710132103	5.254357270074305	
0.36003476295996556	0.5792930915442267	1.3167792985246085	2.223007749262584	4.58766445408993	6.024571745805732	
0.4098411570673319	0.57182187070386	1.5867264922430873	1.8911861548679416	4.363389021628622	6.191125658198374	
0.30709030571013585	0.5697674735878218	1.531780055516455	2.0581215533804857	3.679824283543979	5.467594495371971	
0.32888546541781793	0.6297722339418446	1.4467720754966307	1.8142860403990526	3.762914298600034	5.565085994583699	
0.3811890763772095	0.5596879642804274	1.4800823956568363	2.2178480657549895	4.739536699577274	5.15199962015836	
0.36951884638559096	0.6645259630381425	1.3339233754103972	1.975086468928493	4.280252545439875	5.691953445326136	
0.38461597826254595	0.5651086632768777	1.1411673308506791	2.4048426554687286	4.727889425150113	6.089449105070949	
0.3764214434968928	0.5806376460078938	1.3156047695149773	1.7463195764609496	5.232347536152583	6.01253616428974	
0.3187779052203189	0.5384307889847819	1.47354071279039	2.211174308263377	4.163621821891117	5.353279144238213	
0.35825559598557677	0.48423500843940037	1.3619806070472773	2.050019864702945	5.186991134156843	5.729589029320147	
0.3896082335467752	0.6958972536290422	1.2773777568834128	2.0156915140746845	4.257268148502429	4.9952519809017275	
0.3700630371777786	0.6698034937634949	1.5509142736882393	2.4041885768918005	4.214789371734286	5.3224908384716665	
0.4657299330857251	0.612886363109511	1.199430417323574	2.7004850292104097	4.459509017397606	4.231580238935869	
0.4352720970211407	0.46137803470186384	1.471243555407168	2.3311256106786757	4.80662720104955	6.9336536920866605	
0.418650818099994	0.7113981633981022	1.4167028185275319	2.061072666311143	4.344006341739733	6.824188543020558	
0.3557036062276712	0.6508442525095524	1.3070335945556204	1.9690083123141018	5.032928068664654	6.2619995100975	
