9	78
1	1	1	1	1	1	1	1	0	1	
0.09118899020873722	0.1407720603042166	0.4084124312894459	0.5629761028652189	0.9095631442353583	1.5464795235792108	2.0310548457247752	3.050631566104264	5.543667474379907	
0.1007669124637949	0.13514815856556106	0.41957563547417404	0.5274352969154006	0.9125551768500354	1.2963378581283258	1.9405111780590785	2.9540074930878233	5.991143590834178	
0.09085416672194002	0.13759387508092555	0.43795725864561064	0.6884411075726956	0.9461259279273024	1.579478791803985	2.2501479486910223	3.422416792767598	7.203791402594044	
0.09534256149414415	0.1468176559210023	0.35134074718165814	0.6248363588848892	0.9799550021519465	1.4518283123699398	2.0740982431454595	3.801844992801305	6.148893881770908	
0.10057533869253776	0.13270954901722856	0.36133526305805297	0.6050887402889574	0.9137263886848841	1.3604612926427095	2.124734832243556	2.8739466469946575	6.383790929134664	
0.09795812031611748	0.14697111584317196	0.3467484586006345	0.7118959907736279	0.9446041382448845	1.3731852169767076	2.1133136825987457	2.9903139225691944	6.2242471406502045	
0.11256881255943921	0.1499419385814667	0.38240819156297623	0.602106165850951	0.8472124181133224	1.30861223386906	2.5282692289277957	3.242138017407131	6.230449758834854	
0.11617901787841317	0.160453788944635	0.41409497664884287	0.5611968490216608	0.9766025745810173	1.528458524117795	2.3788192177788803	3.1675098760827303	4.764767980972151	
0.0876664973359018	0.14139472455980714	0.440226202272654	0.5053970798183778	0.7855362655243555	1.5188798656947493	2.572172295618809	2.8426128006607474	6.383055978784272	
0.10800417633175018	0.1715475397163241	0.37967888569946523	0.5624760539108291	1.0542420664216017	1.3379148918413606	2.020455674658792	2.9329303380162335	6.23085271435144	
0.1026518495828742	0.16334549013293476	0.3814973553680518	0.662483297839738	0.9308140873805348	1.1976561049295027	2.3039870534567233	3.3143669538283076	6.733465339025071	
0.1133631122492598	0.15268165071701184	0.34956530374432904	0.5470366843610558	0.8901493559730945	1.5491707655740348	2.160386944680868	3.21459954473834	5.859324886584751	
0.10113302642523941	0.14292179777444833	0.4200500450674928	0.48841372716537396	0.9076999266231363	1.7300636844643587	2.035029049751005	3.272086041579598	5.945559930692417	
0.11600252862517098	0.1586770255353352	0.33144584106441805	0.6859977904744918	0.8645204006239503	1.3373088877433514	2.245140898904001	3.0960029376195988	6.421423954406925	
0.09426028211698965	0.12496308668778783	0.4004407181428729	0.6676165860413109	0.8087959445388374	1.7540033251603138	2.1739824411557964	3.2060778254240963	6.5042380086418525	
0.10269285183115316	0.14691649630858447	0.3335354422031122	0.5577678476881316	0.9582667845427103	1.4493572924985276	2.2392585688688706	3.552822814230191	6.168005510439956	
0.10386028186465515	0.15023515664869444	0.3793798912921137	0.7871739337266185	1.0040850357043933	1.2580923301064018	1.99788072529088	3.391287684208104	6.023294283839014	
0.09945958898755558	0.15604743339173294	0.42286913468173654	0.5716271617099664	1.0204816232216092	1.5191253812936483	2.1856408069496407	2.628932577403803	6.111401431097315	
0.11309621384435241	0.14371717439716183	0.46465974825111483	0.6191524376520988	0.927859885907437	1.6721333826503586	2.079059812804045	3.391898238053137	4.932645486573008	
0.08987405180355731	0.15562554726781325	0.35741832022603914	0.6050110144033108	0.9885502422443521	1.6302690847369485	1.9208115827370702	3.600015860153743	6.691410485138216	
0.10642344568032543	0.1618283050011506	0.36790455625834695	0.5794265925530087	0.9574233637495807	1.3683423144376425	2.1895851939969626	3.6739269636625282	5.206402834656407	
0.11994833403022523	0.15965197158473318	0.451609133252597	0.5600158112261834	0.9529884886595904	1.4854909090474455	2.4055270188281432	2.8017850056571425	5.6140739860526825	
0.0834299339805329	0.16041350921028727	0.3949641641530968	0.6167345424671289	0.8482916265476306	1.3722466182416233	2.2775144709279327	4.036990423005503	5.268811935606799	
0.08614588695039525	0.13285765537364078	0.44649620898310277	0.593569678848913	0.9982542923921113	1.5368127386762156	2.0372695807809507	3.2727999234541905	5.250025605076755	
0.0857363397940128	0.13699353125893568	0.41977117438252165	0.6343052830826184	0.9092306493858072	1.362625285797176	2.4356542456686636	2.914399799478953	6.2009297239056576	
0.09539872852370244	0.1453669385114152	0.37176768239869984	0.5954609755067122	0.9865600057391102	1.5816187539854616	2.118879683063413	3.3242882592285863	6.343256300598073	
0.10483068038183747	0.15542176985876008	0.4013925920454809	0.5888855556446042	1.145925849370691	1.245621815190484	2.0710854704721866	3.2124041252910764	5.594957145271245	
0.09781066701772995	0.1466856190447027	0.34383405099032266	0.6747080393898771	0.8516129673209449	1.3766163094492572	2.690838876554051	3.20155951389212	5.919380607105481	
0.11110982819885606	0.14079872767534019	0.32294115358260245	0.6062983524958535	0.9437400825820584	1.4150386849004153	1.8767925303511235	3.481325134559629	5.918892046763913	
0.09754454622358551	0.16622013789585038	0.4319712184984804	0.6445941310698278	0.9268371444992072	1.462759626214107	2.0759273138769556	3.4276435052737533	7.172601705895526	
0.11684510893114237	0.15009886399384623	0.41604529407367774	0.5325279968147357	0.8614820783031064	1.50800903385622	1.8873998927973288	2.5458999319424445	6.238081200691211	
0.08927153600230625	0.157747888847651	0.39067920807726314	0.5152877273652381	0.9619169592289273	1.5068932646420408	1.9693383128134418	2.7511459988103977	6.29744442449193	
0.10514389150742279	0.1496347635349459	0.47327534492501827	0.6250698583469151	1.0209671648650418	1.5219379620159303	2.0800769493203712	3.2869633565392746	5.369395750062284	
0.11111676503585291	0.149190400683685	0.35232053668166197	0.5162880923730294	0.8207476415533796	1.3273386635105848	2.136495232984423	2.9165280269573044	6.3682287344190645	
0.1049811225455968	0.14851043508551076	0.48332754348853263	0.7070975182147015	0.9453594480583472	1.4769617399622272	2.233316136308679	3.119115820822979	4.645881626946012	
0.11757072402764056	0.15419858385470722	0.37822005114860435	0.5350407427126509	1.0250273302364863	1.4344860367782628	2.516607976890912	3.121031500338263	5.946936457633165	
0.12061854104777792	0.16675089846830504	0.35039258648614374	0.5937257228071482	0.9683204333105576	1.448016438200345	1.8530291436591453	3.750056537652472	6.550621430726534	
0.0809897464698453	0.1494669088927789	0.4026472940037043	0.5895629502593274	1.0421421834140057	1.4094879333670158	1.9695499399037704	3.8060833840550603	5.689066007832987	
0.09593741862659985	0.13461452822235986	0.3884418941949862	0.6203351825524804	0.8381102341647143	1.4244793357717134	2.0633911424794	2.993956675449799	5.218524668762019	
0.11855132648017258	0.14869012590635164	0.3030213163821634	0.5116821440647039	0.7979759564753878	1.538594525124587	2.0170250019871725	3.22731881712943	6.210277605285977	
0.0788706051476703	0.15770723118461785	0.3677194947455645	0.5658092025321697	0.8468490229823136	1.3003734876162958	1.7608672384688049	3.3248123753153602	5.46445040621052	
0.08846824811886689	0.14955910396085925	0.3536390855688648	0.613183776641058	0.9533415590295863	1.709434643334249	1.9621626734708282	3.3335736245408656	6.135639839185105	
0.10744533428936794	0.10232425992647845	0.3355692710899589	0.6013935013634305	0.8346903027411557	1.5080576060111677	2.1484945939406184	2.781588536692946	6.161059092169852	
0.09649505386237173	0.1466241762128607	0.36475308015719243	0.5986471485924948	0.9779070407283126	1.4818645024635393	2.336174128822181	3.755773677071252	5.874730540867851	
0.09255032745588458	0.15306200616597584	0.454018486775251	0.5533552828233477	0.8672849670960092	1.4019689138745703	2.155694087074028	3.144179792883672	6.284124830627747	
0.11353559259860774	0.11799807970093262	0.44110774192277913	0.7072441618735373	0.7802673896873887	1.3502620965012402	2.194923493240777	3.422899353778158	5.618058940950963	
0.10322166003616527	0.16116025760262478	0.37316572068507387	0.5878158404912133	1.0486320484493703	1.0701092407929123	2.161224691597018	2.6759650358267133	7.057188681915649	
0.08578661733218045	0.1496593551898844	0.3715545351131755	0.6765966050926707	0.8124785966859474	1.4834947549776372	2.2777997250513367	3.1967498394706895	6.550638304204871	
0.09864868037491592	0.17242208287049995	0.43101175686653476	0.5384425490138331	0.7430989276134461	1.520730136815249	1.9932057954461684	3.0702827675498177	6.599680957033772	
0.10699764296858272	0.16571602658552292	0.34858963265004256	0.5651165323856591	1.0847622078172696	1.265093330058821	2.087492949258737	3.683436911489844	5.637480660101087	
0.08821805537046952	0.1378975680754495	0.3256767621425225	0.6077776557943745	1.051370004774899	1.4688981972953676	2.214505089384838	3.365664371126345	7.3106417316239725	
0.10677631017864285	0.16080405455302346	0.34954130419773316	0.5035733855226161	0.8837006863484989	1.6278484259395496	1.903993355666094	3.2658844285308626	5.456118543227759	
0.09591812508381005	0.1488685077682083	0.4449011699971674	0.6018689801880059	0.9213706310673767	1.6852001764411673	2.534856179006237	2.8347105990945054	5.90453164417982	
0.10059241804101016	0.1561851221701501	0.40233141935296185	0.6271284105833004	0.8817992278347068	1.5152085987256652	2.085040647229424	3.5640419890594894	5.382145572175297	
0.11250818442842639	0.1501087281438435	0.3987459295165755	0.6345621922549642	0.979007283444189	1.7030135844023062	2.039518175917933	3.621307924731186	7.041569587647878	
0.09877012584511408	0.16885053089667507	0.42282266316833594	0.6291371181562261	0.9537345046580686	1.7269852882423873	2.17390165451935	3.7346057511171895	6.378239116901424	
0.12530991826847046	0.1370055319466924	0.4574291009340518	0.5657591253771262	0.7885275513100881	1.3906375366578732	2.1984960274054646	3.6444949080894062	6.85107286073937	
0.09705144617827345	0.14312424197925622	0.35585425840286977	0.5806470918365	1.1014265840053725	1.4329170619076133	1.7923163401513944	3.0235590802180923	5.176960496165964	
0.12449726328929932	0.15167472468851287	0.4037922742442481	0.48496757547606256	0.9664155308812094	1.3177697088398062	2.2814991116581935	3.530987884745119	6.519164519743194	
0.08869936987187722	0.17049525390301468	0.40355067746489526	0.578070152854259	0.9637933780123069	1.4570342173081279	2.314299844709673	3.2462543782100974	6.259099540795803	
0.09788721399701376	0.16176328839514692	0.3797595245398425	0.6083693570836669	0.9972768711530356	1.548853882223541	1.7358445572160965	2.643204549918263	6.1319177901347075	
0.09479470890163098	0.15360619515175605	0.3773689511225823	0.5685205583672536	0.988741071831677	1.1744967810447617	2.131175428720905	2.828945172168032	6.493802902412767	
0.10528758916215933	0.12786483764858067	0.36397072218618026	0.5271067553910351	0.9880197010212557	1.4017853536626443	2.02129462337564	2.96666926170639	5.390875631079888	
0.09899183047532814	0.14220326037206663	0.330187615947371	0.5643262008474343	0.9907404700189332	1.1546271099810042	2.4207727511516826	3.2910180732922707	6.00956943040165	
0.1205513488762823	0.1331232803872067	0.3764025705510063	0.5796854196704523	0.810432259603125	1.6974019760371402	2.4759919163450856	3.206326521045758	6.670419247005028	
0.10826606747591568	0.14237919790873885	0.3877081137465347	0.5908764441779011	0.9921025167394759	1.5028187265056452	2.37353182935031	3.2935935276038535	4.875808563046991	
0.10515826229306278	0.1693899745780665	0.4095637458487797	0.6022903935204078	1.1241418477848508	1.180379532934947	2.3884900572806953	3.219425836979752	5.561255556305211	
0.11169096075798664	0.16834536325786617	0.39882199104856747	0.7853424945886621	1.0666237373591203	1.4325483115377746	1.6237827095940547	3.9247962123753126	5.137555653287641	
0.10563420074901833	0.13521160423072834	0.4146478583205778	0.7268676624543626	0.9226879879430503	1.3547895303766264	2.119964251149528	3.27222159879191	6.663505355775765	
0.09406926688284316	0.14002854864511846	0.3537214548907979	0.6512486966618579	0.8052245895088201	1.6857109353563058	1.6571626457229955	3.6830145801872294	5.243444817625282	
0.09539681064618755	0.1687328791418737	0.4309612260871453	0.5730400892865724	0.7854292798970185	1.3852266019987578	1.9432080372718865	3.0220900169631437	6.613631691844528	
0.10196395417938205	0.14012086656922845	0.35654061022569233	0.6066090796009524	1.0822218954209941	1.4475017030696202	2.110077921851651	3.1898797387739326	4.509047066686333	
0.10747720257886624	0.13944575969411896	0.3944276058360857	0.5979759843640845	1.012208905887922	1.3091208882117047	2.163922857434389	4.017906010856419	6.371625048182333	
0.1053905304545335	0.14370251502007214	0.4187371704163463	0.5978452770320754	1.0008259669711428	1.6549197975706025	2.4289058038966833	3.5509067785782276	6.129404524503487	
0.10211142791593103	0.15166355754624924	0.41494242047113017	0.5493814913531895	0.9867812123842467	1.7307172348996425	1.9698421930327297	2.86916585094579	6.630458529329524	
0.10762860241361911	0.15893671102823953	0.4143616748710376	0.5680259911449681	1.0406596373254713	1.5887365922279182	1.9556028933743033	3.120884777978952	5.9550255792645945	
0.09698889510527908	0.1497640237792162	0.4181247810057469	0.49692132106643333	0.9436946708368811	1.3883740308905457	2.17855604041015	3.1320426857533414	5.964522933953559	
0.08066015528764975	0.1225966540973906	0.4010955707056061	0.5748223910805547	1.07756354336361	1.6831061365185425	1.9253057563395959	3.5648227613357615	6.377877646815003	
