9	38
1	1	0	1	1	1	1	1	1	1	
0.11195222688547112	0.15823166350213186	0.503226252538474	0.9544083425215946	1.5416535934823532	1.7699127250440063	3.170866171444143	3.835973537655498	6.347925623065516	
0.10172237943637019	0.1637110834861519	0.6181352425975098	1.0030435901775439	1.658564207568084	2.0477180458650714	2.8459464977888933	4.821103302446687	6.404658901114306	
0.09221298316460524	0.1464583442378592	0.6829855371202029	0.9982579109592606	1.6793161714726088	1.7339499069882254	3.302491395222792	3.891770822633307	7.303378546772281	
0.12606909449009202	0.1318950186238931	0.6072138644493363	0.9707625458000779	1.3158653943960197	2.406951785439228	2.953698783417944	4.487290604338238	6.0921351643839365	
0.09241326154320667	0.1400770322301811	0.4801341464103052	0.8773300823821905	1.3220713018942643	1.9969907302730883	3.0084120200165545	4.294859356563075	5.437335854992629	
0.10901270863521809	0.14462279356019664	0.6785186070684138	1.020438330932296	1.7026206628827427	2.227752912619899	3.224826261987966	4.077644074443367	6.057063827063963	
0.09124052323821796	0.12040086176936157	0.6356966703912706	0.9859040118643362	1.5598815932595709	1.7844685517848156	3.710219935941188	4.355331956440157	6.034596135903241	
0.09410167216958751	0.14089903963072298	0.5875855485175179	0.8942600164562148	1.3509752668497101	2.5434517288089014	3.237600153584581	4.146825829666156	5.489723005204976	
0.08738611853579423	0.15553451946395713	0.48432699976587484	1.05064929233069	1.2332700918754353	1.7582987809863622	3.2994456048908773	4.614293869238537	5.810029082701162	
0.07160456742131747	0.13707164550005077	0.6723391465504038	1.0427868423947586	1.2723236653146777	2.159948439111323	3.0983742288866805	4.196884086945831	5.968343858493158	
0.09319157957020514	0.15498506717503022	0.7176231467836444	0.9392388405160699	1.4050276298903492	1.9231960234212486	3.9833497215384144	5.2761786239146256	6.479283073700687	
0.08248771022957756	0.15246769679464106	0.5949554583988915	0.7388448742544991	1.2493259984522476	2.303995869793099	3.391133254303379	4.296923834124133	6.332075203559762	
0.10214006990556485	0.1413427546158168	0.4949302847783169	0.9018526811914382	1.5596869597006104	2.2134629730829536	3.0637844417264493	5.2918441187963925	6.489970945295534	
0.10315410975085802	0.13873645778725394	0.6914746164448881	0.909070177085136	1.5452806449905783	2.336184062372622	3.1802112900663975	5.1445738837393025	6.960576114698042	
0.09626416352304941	0.15682674635230429	0.5192460827536847	1.0189023394361643	1.8349875869433296	2.314551544041429	3.148116566360994	4.427414797664207	4.364354816958064	
0.11194678603223898	0.15902398313735946	0.6385516312986417	0.9384338574320642	1.2029579206143945	2.1779861493242896	3.291093480173838	4.419438384926036	5.456591196353423	
0.10894991495113455	0.15263105057375673	0.6059400134650389	1.0750583478005533	1.3293117100515617	1.8587120486551099	3.388707994282683	3.8295044919211945	6.367419495930365	
0.10262911861877588	0.15631397170669792	0.6679098952015868	0.7750805190979514	1.4089093155838408	2.130319570188663	2.8585948560666656	4.47983115870587	6.445220211808548	
0.09600746735664434	0.17801811269292858	0.5080880196989623	0.885255335580755	1.2924307468586422	2.277174131459685	3.490858495454171	3.9406460605717477	6.122255916516621	
0.09751140471748644	0.14928242737805006	0.5682984123749252	0.9826281172189169	1.2821714670649222	1.8054539498978663	3.5530012099606094	3.863062297777775	7.315545148915008	
0.10739585505582372	0.1476642107546797	0.485349534976218	0.9189083775509084	1.4893982713769012	2.0865283525833718	3.1245854953294354	4.2436923608820285	5.751585889567134	
0.09287405266547062	0.14435607342152368	0.5388857325271184	0.9160572348856767	1.5703279743960723	2.0911727426846043	3.153655729941215	4.692687715327885	6.0346249491969	
0.0991649014899839	0.16109616508844232	0.6291770625566105	0.9066890885797055	1.4858436518772555	2.3579953069315676	3.449157599954726	4.56976649481659	6.0256633064914205	
0.09817941949828274	0.14986098307998538	0.5702541212092888	0.8437299983007026	1.3890934260189791	1.6030403801788662	3.3706906251014868	4.250129423846255	8.02588445777732	
0.08708616803899893	0.1546146164905189	0.7815398658941349	1.000708553601026	1.4411581210815836	1.9631410075619296	3.7332024503829784	5.198790192649153	6.965617588020239	
0.10818553451688105	0.16405217751383408	0.6664967671270512	0.9535860493660001	1.4251542077094383	2.1246193059369998	3.9120800566734992	4.019714691887823	5.160801742233446	
0.1066772203456259	0.15399455679538357	0.6552322418824054	0.925447750618661	1.5891273967194206	1.8926691853570252	3.112467104386928	5.24327387337706	6.603850550902779	
0.10479027627096174	0.1442383944075698	0.5627215723172336	0.8887795330471382	1.3696442300402154	1.8516141214956432	3.3840972260605384	5.513946198698916	5.5760021080873825	
0.09654125656878228	0.1562634486656441	0.5116728000912204	1.0033582124060307	1.6818043461972403	2.184973041892302	3.2238631536254285	5.038015553070007	5.048384926264424	
0.10458983803246975	0.15060941248031098	0.508035121892042	0.7957743647237276	1.4743465596676917	2.045127728396639	3.30984862279687	4.516797132158651	5.851309369807833	
0.1018924870925072	0.155780825682185	0.5860756805767672	1.0895596363750917	1.5662574768597288	2.1728056047172526	2.8795085556214097	4.540418684035204	5.183639792165982	
0.08952277907866493	0.14225401996004616	0.47053128450694337	0.9547614187036273	1.5634894651202869	1.8644616774688243	3.3167431908143303	4.077191030932079	5.950686255873393	
0.10973404393994257	0.1564493455940765	0.524645782574933	0.9441211191065066	1.0599824744650606	1.9183543693666447	2.6709466117932332	4.598338137157694	6.241121423950563	
0.10932111967890346	0.10978520648402464	0.6832537254089982	1.04951365008834	1.4385923317579783	2.2993864165470814	2.690167510839484	3.879985267413658	4.978765488135394	
0.10473220950151514	0.16018517664950666	0.5247801404589173	0.9944897415531211	1.2652557116691001	2.1794658844751607	3.5276764693348284	3.924725669132478	6.111693270958208	
0.0996518663120019	0.17565019707621773	0.5811677591268083	1.0859811240634838	1.176539827118805	2.5920183139202178	3.3488101989348094	4.38287408006914	6.234298160194477	
0.11862449991969304	0.11887820868752508	0.5346604891280714	0.8062893817252362	1.3329696563106204	2.4913069310976033	3.6026149116321613	3.9822696192684903	6.350024314298163	
0.09844334316495058	0.16205164253551255	0.6041182226477896	0.9160109128658881	1.337658792633533	2.0587421728883673	3.423578779336458	4.0931317187672125	7.051885660502368	
