7	97
1	0	0	1	1	1	0	1	1	1	
0.0937658815374463	0.6019694715490267	0.7064461761836215	1.2179419758313044	3.3849512147795435	4.933585322307259	6.516965633881723	
0.09642425104277116	0.6358797214220905	0.9603501959707917	1.3504394070664885	3.768053855921048	4.975853540677281	5.505603876908542	
0.11333434385941668	0.6194713351576542	0.9698327008141704	1.197016804464299	3.07790051639287	4.323662413629492	5.554974252005424	
0.08976123493095693	0.6971609461388472	0.8309245663805662	1.4585207682676204	2.6144228691660656	4.247639283140303	7.087116706115804	
0.11102235839195168	0.5330248796472326	0.8555354697190727	1.6316522684455435	3.4495830532768594	4.908058874898073	6.516156829966415	
0.10330549040013498	0.5438956665118156	0.9974869202644481	1.361561453760486	2.999021037895722	4.878236596087529	6.352363687446864	
0.10329809889424582	0.7069561191866298	0.9175776642969286	1.5036829588246288	3.354521192383017	4.523017233943509	7.028790491737576	
0.11564913072963803	0.5248343627681236	1.0922058659678147	1.3877266821348089	2.8300074239799407	4.319687911498459	5.880352223048446	
0.08996307951868082	0.6301916264174827	0.765044147194352	1.3450303621746882	3.434812543885048	4.17105492857997	5.704996579801317	
0.09702498669631911	0.5745538871253242	1.0278204040992798	1.1425404312512877	3.3208446508081395	4.258803490267147	6.086527785907177	
0.09409917790088647	0.6138726021079555	1.0502671120955518	1.4217609531493127	3.3316345138794308	4.140904617080713	6.229402073590146	
0.09473686383558937	0.6189077410872564	0.9698545067731288	1.660634432915022	3.2249207142076193	4.630254590793268	6.383029619448527	
0.11361141601143654	0.6875220626015971	0.8179461684140705	1.5280547347899731	3.6670399015026245	5.2081453643489475	5.814158372130821	
0.09970421655663479	0.6579367688509498	0.8961066138427548	1.536379323369459	3.7454564800557897	3.95559392287816	6.149709435918037	
0.10172247835387682	0.5641888852488032	1.0285120904546878	1.182194463944924	3.5028464266081314	4.185429063161955	6.098170739481947	
0.08384942638387152	0.5710864818396816	0.9508048717891949	1.4256735905347864	3.615678322542237	4.48122034520913	6.068003380304735	
0.08552804957348012	0.6333709008589493	0.7438778724312476	1.3951307281849756	3.360623312649924	3.6689899046408585	6.672738775476243	
0.08686601746615227	0.5031461602033315	0.8419510181378985	1.5166086230273212	3.0683533097579994	4.170042791199836	6.127030575003295	
0.10276275922734167	0.6580143211685151	0.9683012492426424	1.1631543641059807	2.6813800357676754	3.607983522624862	5.950120952729417	
0.11133620575390371	0.7283094820269603	0.7461278016772519	1.517907040886406	3.423556187913912	3.663539108694584	6.437206756581854	
0.11690942854324943	0.6742494023840299	0.9318067221777508	1.552519705147771	2.379286909824346	4.349041765190446	6.329224816302225	
0.11138124253284878	0.6066194518727976	0.6988169445049964	1.6046387641899915	2.7895665493621875	4.479252976731484	5.859984463893521	
0.10055753480725747	0.6027645891008923	0.9779508721510407	1.6108309605711213	3.68523606949409	5.519805711035189	6.544977587747196	
0.10413261493701019	0.5983901634122134	0.8855195034737132	1.2496083090782701	3.3563600495489525	4.647421017965312	5.805097023774664	
0.0923810796059943	0.7896092569840738	0.9368140232457763	1.616400711057063	2.915471952026931	4.595147435717452	5.498957045918005	
0.08955240235594636	0.641771691602558	0.924955193630714	1.3914230915150203	3.460898108034561	4.4819931907540855	5.84467009344272	
0.10239149378908086	0.579975887589256	0.965464707069136	1.1170526967620162	2.584481653279316	4.10500580452786	7.101105122423723	
0.10509396843973005	0.5959302865463384	0.8680462389203483	1.2119324846025665	3.303611196184736	4.339566322895232	6.066713542756178	
0.09866416939208372	0.6339773149066352	0.9340859872539574	1.389227087346736	3.5673437933668426	4.533475935635297	5.99585506540391	
0.10318376989996768	0.6831501263572973	1.1442950022167462	1.3570447065957674	3.6129389398383682	4.646906868628664	5.69131010357596	
0.08896112454660249	0.6246146446563103	0.9700223707838695	1.4794263652821267	2.5006003387829816	4.7158550883458865	6.642508886376893	
0.09556838067916396	0.5636003309863724	0.9253388409632324	1.6651271162516519	3.1600232004100133	4.5257574618815655	5.974834350161849	
0.09387104817894375	0.5581279963817021	0.8140565565269154	1.5880449652672062	3.481553446978142	5.043637046580597	6.250547403607591	
0.09047174211407476	0.6746124173659759	0.9523191376402307	1.520591989817704	3.33695089287671	4.339942618882312	5.820760349267627	
0.10827406430545901	0.6623083543573285	1.004689139821682	1.460561950463334	3.0481465095066955	5.019114544994949	6.365900106721458	
0.09366633024599387	0.6360905916055706	0.8832042818439818	1.5579276204579546	4.117934213193169	5.12816793920521	6.911851167763588	
0.09830357109133224	0.6053237637217838	1.248059149232596	1.3019493855721678	2.9017664925677846	3.8164967467161177	6.828108376683611	
0.08857653160768669	0.5050248103747942	0.8721077956255124	1.483072842593301	3.0403226122157734	5.001132968509952	6.2571721776284654	
0.0972093866613124	0.5753400735499935	0.9998473212222662	1.5187006954416193	2.6816359075296745	3.9531466529257546	5.292939371908352	
0.10892578181833922	0.6169227157325516	0.9084359908812734	1.5846761568880465	3.2466573025417946	4.694241007472397	5.385950575835356	
0.08391207526999969	0.716010684914952	0.9038897741747167	1.5222503526015683	3.0928713454181054	4.824375730713951	5.820527540788662	
0.10195642884193497	0.6515636000597474	1.0072067556608848	1.5320660237471755	3.4950691758263246	4.300846186735808	6.541510522961408	
0.10246659750120198	0.5703235961538323	0.9721804574510978	1.4129447654577372	3.1874088249049697	4.538905376222537	6.106893959172348	
0.07965218633109838	0.6452360829327113	1.0434964427941351	1.4392739197354416	3.4435214715710356	4.3063959909259175	6.451917762040651	
0.09900870382418933	0.7587568884062227	1.0395604349824137	1.4621906993259595	3.1556680873756178	4.404442364711474	4.829173787790423	
0.10477281625789868	0.7618886601696588	0.9666701718623155	1.368450133737287	2.9944365888756344	4.360474550181021	6.0861125612667895	
0.08778538254924394	0.6074591838388061	0.9120956099151689	1.5590054301948177	4.084151184895546	4.717701369297598	6.614301547288544	
0.10885347244867905	0.6091165390191168	0.9473010508971206	1.266810203535466	3.3675653965886565	4.49047006689998	7.080020800850664	
0.10808639435902097	0.720032570274643	1.0223287377547559	1.1915618309564804	3.746859501647134	3.988676447278538	6.564560818459356	
0.09440577782124926	0.6431427165470501	0.9824946139041318	1.4249961631106416	3.726911539234596	3.90590021161112	6.3402941054955	
0.09255549092539657	0.5826681901854619	0.968549886746143	1.5841959267131016	3.2503264105977374	4.530099375333487	5.699762223391623	
0.09753536773136699	0.5780450817121312	0.8983010505094388	1.4450507611286032	3.1415212689638876	4.746207292340021	6.887574001527984	
0.10323582471456126	0.5667494918799072	0.7120535934309666	1.459766276129838	3.282903865577971	4.905840360090852	6.135199514605596	
0.0999844926848095	0.5212574775972452	0.851136063923195	1.2518533620937378	3.333442934990508	4.866909214015788	5.918488977677489	
0.11353743732479143	0.6555320626290538	0.9159184341077905	1.701325433689675	3.0131662163686532	4.815610881793674	6.261817836326719	
0.09672709976045461	0.6273537268692758	0.9814918360583574	1.6145726706902297	3.262854961334554	3.8846155111753427	6.2181147337780285	
0.1088620389924136	0.6095652912882489	0.8712126428251907	1.1404108266066433	3.3877943793192298	4.684926247150992	6.27427655696537	
0.08931368528631628	0.6037087755732229	0.9167528135611961	1.4164246743167463	2.8307989671244336	4.756210795232384	7.592315888322929	
0.09458133966714334	0.6196857293495159	1.00063320491621	1.1354922675399945	2.7737619794662325	5.4378382522314865	5.493070919859126	
0.10574397328179158	0.5938383546544423	1.0342705613520817	1.3386949265868873	3.05621689313203	4.196593390838453	4.868414474519666	
0.09965179988101153	0.6055303448885637	1.049237017033493	1.294738376163883	3.106645728729669	4.926611852580744	6.184565192466502	
0.10199201026818945	0.593191490216849	0.9958166776377668	1.456652602548435	3.426303123013512	3.7324560786617584	5.973036543269516	
0.08575520970163389	0.5275969010694287	0.9110353443532702	1.5163641338714244	3.286686573657413	3.9141115996518807	5.679300841003937	
0.09836114586297305	0.6402139790750331	0.9444145717727722	1.5263670865508459	3.5157191982606406	5.025298967435049	6.234331426381891	
0.10874351525043507	0.5974824451581067	0.883311566833417	1.5930685094202248	3.2467333762714827	5.003747748708002	5.27382026911609	
0.09686022793648347	0.5342791195506996	0.9495735607625387	1.5052415554500531	2.928439149302451	4.6140753204018505	5.753080995989494	
0.09153154475564984	0.5470151624290779	0.8819828696002574	1.1802624991947879	3.119802258079293	3.9844035898794457	6.017462628605097	
0.10513900481493084	0.5793284894106009	0.9005478307685936	1.6701825481643866	2.712944668066475	4.76854454809033	6.804177223430896	
0.10207377504988586	0.6580715400605767	0.8705410415170673	1.5108492945027459	3.153321358306741	4.5977660566498955	6.4914359395728916	
0.0942514066335505	0.7202822253974808	0.7378690870576323	1.4174150680821864	3.2615383005703333	4.883872319488985	6.335310954853288	
0.11212150967103132	0.5823880223556865	0.7686521527706281	1.6257817473021021	3.21288484371067	3.9407404328924103	5.54390186215773	
0.09776480564199679	0.5948158489395253	0.9039024943935652	1.1405911904457733	3.2064784038946392	4.54664238492998	5.907849245211561	
0.09567243988104919	0.5729046663017076	0.829326271196797	1.2993588721601481	3.5758533061590523	4.436895040678456	7.404011204140339	
0.09598112989690959	0.6580601098383617	0.9223394225183881	1.7672267033663356	3.1788458352311944	4.20853112437612	5.789442502201898	
0.08714800039374848	0.5526084754558797	0.9534430012009708	1.502968485310065	3.5477740173497843	3.5749670636284643	6.242134440349938	
0.1084318938765244	0.5922131620033931	0.9280993576842627	1.3974914420115199	3.644879341949208	4.862463631057069	7.1761650128054315	
0.10796910835561283	0.490042630795638	1.090617821732469	1.4850431861356943	3.686091924280082	4.3783973322909056	5.802856242632057	
0.0936958273418638	0.6671807527736764	1.0687457523146269	1.289393438688908	3.715145110414422	3.944796999828184	5.0083557153712235	
0.08369152680891666	0.4699511545954852	0.9897086579617135	1.1557645839598945	3.0570979132452276	4.7019091180164585	5.509993954646183	
0.09551357224265705	0.6821665829834066	0.9654301685668756	1.5460155437273422	2.7282573373208563	4.916416668195902	6.578860826159541	
0.09128079512468493	0.5317458764709099	0.8165552083087237	1.3874980071546141	3.3623651493922337	3.802566997879968	5.874500134596683	
0.09709983380056363	0.542836866784392	0.8363639970226381	1.2431936886803072	3.125905138515691	4.43375364796357	5.906644200379964	
0.12306698101467933	0.6958177700141497	0.864210511771897	1.1985165552955772	3.2135462007460935	4.218634816603274	5.6980498997089395	
0.08566753115242431	0.6252639630422449	1.018872061599286	1.5400823976976805	3.5105249620358228	5.094264250933447	5.3612558183769305	
0.10283361453626282	0.5692375520045131	0.9425117983790557	1.510315544996139	2.7706442422596247	4.331969679681594	6.085279427947169	
0.09645165066244957	0.6578579452639262	1.0698765909531955	1.4423532869400637	3.630840883827735	4.030129639197588	5.393148013257868	
0.09871425764278256	0.6067627711279846	0.8734470398981041	1.6164332047575796	3.4563203867775205	4.128695839467216	6.350850714357213	
0.07913055367012432	0.6056272497023774	0.8758450168307	1.3593982365517954	3.056640158484538	4.631116144235071	5.975405180993092	
0.10746926898092653	0.6042850147599546	0.8613284799258183	1.6366455546712748	2.8840182756723327	4.2248928538723405	5.152190962119625	
0.10698757475114251	0.5905676542888024	1.0114852055020858	1.4782431265247329	3.2447552728746536	4.487459508996119	5.701287293368035	
0.09787383107212508	0.5663060405305834	0.8238320062852398	1.636841416110649	3.667627605966441	3.644877999243959	7.132522318707812	
0.11357306301687072	0.601714467893607	0.9407125080596526	1.5966619238699753	3.7078916782806455	4.538517232595555	6.132313159041484	
0.10300518092217721	0.6560736084543571	0.928712075989461	1.374997373612252	3.373827396854071	3.856783925846835	6.533300939250232	
0.08859760597765765	0.5095754752798425	0.9457426604654356	1.3697749107323018	3.114931505456841	4.941097379683456	7.383420234942991	
0.09061327966607842	0.5470038896221662	1.0339514229067956	1.5073846284860084	3.379468505436598	4.487814055923535	7.102709348663819	
0.0978796786859707	0.6337921849504119	0.9293282312671871	1.4700178484170476	3.4737205799994078	4.226664215686713	6.462957868915501	
0.09604930834231655	0.6023886832478337	1.0233822872402683	1.3650967409854762	3.519402136664217	5.005152743854781	5.9864696268580255	
