5	44
1	0	1	0	0	0	1	0	1	1	
0.10791070764535529	0.45596388837632496	1.5916567409987117	4.091314977453876	5.872499341750728	
0.10536226113321188	0.36928139694712014	2.136206157464337	4.410562541734212	5.751089126531308	
0.10290224604918008	0.41094927365204675	1.9489255168567812	5.009321747862322	5.278423585855332	
0.11470026556792068	0.40657058785894984	1.8476687640130596	4.275291148728392	6.868457910756023	
0.10319239498667827	0.3133643436664168	2.2282972145678426	4.015935340514812	6.537842979394599	
0.10727019142579751	0.39611868655120475	2.1912689413707964	4.002749481655756	6.106937876994511	
0.10472114311780517	0.40657035554702364	2.3760029923559083	4.315270008275744	5.895777852571491	
0.09249003332835187	0.3524104284741177	2.146006536207143	5.338222223908763	6.003596556150383	
0.11934472277728728	0.37127702885138175	1.8268336341722125	4.03678949945205	4.772114667136268	
0.09192442983439204	0.38961916141479214	2.3023707348199998	4.893981313199324	5.932791171385642	
0.1161403030826921	0.36349410884645555	2.1358269061714554	4.587782686281206	5.200359317498104	
0.10222794104168041	0.3779900771969102	2.196675687137529	4.486035577770804	6.796078504505907	
0.08625645149602612	0.4040216997184824	2.081506197060356	4.512765322034723	5.096208488300679	
0.10006463257013408	0.37720797496436587	1.6976894225518837	4.54459509017266	6.148876389601276	
0.0697735037777276	0.41312177618695534	2.0860322505919298	4.828112059036332	6.044510527287307	
0.12087327265716481	0.3787044316388559	2.279209891077604	4.7896826972319495	5.049293595120403	
0.09646000956800996	0.3240060579930529	1.9541076650540483	4.785688698627782	6.995228948025097	
0.10858175810785403	0.3592686642888512	2.095896558994968	4.463572765165363	5.619837423757036	
0.11326297937304888	0.32644355323577734	2.5010807921619027	4.648485232797139	5.904585658337699	
0.10287413861702738	0.37564787937905375	2.0896232251307936	4.742572616766432	5.647396297511779	
0.09993652939668478	0.3523093157122202	2.299012908762426	4.970127555030577	5.690293912817607	
0.09291516788358997	0.3875893116019471	2.2933914160069437	4.791459133238275	6.484554019093315	
0.11094512754097173	0.3811440004088487	1.9789425865453167	4.4713642268611045	6.372667417335469	
0.11084535319867878	0.33637979235529314	2.2775630958073108	3.9518309739524216	6.222684931185016	
0.11112405344569534	0.3932443983174185	2.214026241152944	3.8581884763203567	6.130941752921579	
0.08047328835032527	0.3413833086732953	2.1436312458008984	5.117000588890275	5.8411809851745735	
0.09260354178556247	0.34606740947174874	2.049139333315872	5.291606019730154	5.702680193798784	
0.09858321167580197	0.3778159488476825	1.9028151414499301	4.738166922910542	6.078873391138751	
0.09577573180342334	0.4125108241565168	1.8612229189329663	4.16664917185851	6.006314800909793	
0.0839671375724211	0.34273491287989566	2.1968748405733267	4.872425021382109	4.424442240191524	
0.08525110935890697	0.3854020744006852	2.1877314626419757	4.017745704982291	7.303320788154174	
0.11321718275963095	0.3750654955089272	2.1280338540355976	4.646899472937891	6.551442930181465	
0.0938495733404453	0.41712167198444594	2.062680479882242	3.4619118450317026	6.567413315028153	
0.10510844006698966	0.39729788403067007	2.0372352995502436	4.490770071912571	5.230550688117325	
0.10941841037532984	0.362480671874175	2.0488286124914405	4.195827381919844	6.00066694904187	
0.11029962692684009	0.3176293794711516	2.0518640845689124	6.201984532048489	5.4867858772491385	
0.10663502266924628	0.40681940575478315	2.0848307000376978	4.737533855916997	5.2587473145654515	
0.11374877289424404	0.3828308056817679	2.0196668329074057	5.027026749105912	5.145402634090603	
0.09513688714072052	0.4949104755951437	1.8903606640870452	4.18030168088806	6.289277394533661	
0.08448020730190196	0.36132218265305266	2.069631930468144	4.921345464043771	6.142332276000911	
0.11713354283513729	0.4095509170457181	2.038861102372714	4.814342003345297	6.016980639690782	
0.10676596867804028	0.37734449283375343	1.7197920981634314	4.570335020923659	6.280349026526862	
0.09596127873848243	0.3512819758297188	2.2610960432280245	4.1425846585543376	5.895365440369881	
0.11215506290195587	0.3687359665359163	2.247776187491734	4.931653126867319	4.8210653025325705	
