4	23
1	0	0	1	0	1	0	0	0	1	
0.10188450468330082	0.5975410205131166	1.6615743274009127	6.242195724032582	
0.08781704498804528	0.7041636980057346	1.5373312864233484	5.430912382762887	
0.10741565755139093	0.6728952962834328	1.45784900332589	5.264308479568441	
0.09767884848650635	0.5922020105369628	1.3330294009506956	4.944875611671608	
0.08776221003847048	0.6338129667075112	1.3450496765576434	5.231580032453703	
0.12318676604059907	0.579380444113596	1.4599555687753791	6.351189532487789	
0.09601696736998161	0.5564206144052035	1.2470576124989818	6.751108225679449	
0.11232575191572898	0.618812145157804	1.4377069394318154	4.658805954299018	
0.10411347355275147	0.5139546535719807	1.410882405372306	6.355241301684279	
0.09208503913797114	0.599365266301283	1.270273183435642	6.599755576711678	
0.10648675523336087	0.6150378147063686	1.4100511871923131	6.565110012901529	
0.10794963163680645	0.6134141676013766	1.2660652312531258	5.529722357149021	
0.09126807388050101	0.6657459374717914	1.7256269211736994	5.902416077425419	
0.10104586324807606	0.6477448894875064	1.4016002807463834	6.113159435673293	
0.09070545910165269	0.5431345244168154	1.3663322891305107	6.847859394746325	
0.11214496518321813	0.579294322122399	1.6600464698737034	6.738433843779455	
0.08529468512933386	0.651661376447255	1.3981154276568248	6.3088979427577865	
0.11520112425839364	0.5679872292326936	1.2951121212842998	5.354023035744418	
0.08861040871360744	0.5937767184156658	1.384505364458871	6.607343042069523	
0.0766975441137935	0.6772649827678774	1.7140651617135014	5.986797080927409	
0.11739321359310272	0.5974624423692321	1.6476444058960265	5.441659967129247	
0.10125215303751645	0.6211025922427468	1.2514626815320318	7.278950310616871	
0.1001165532342962	0.5800772504515249	1.3167947887220608	5.996295663186874	
