3	23
0	1	0	0	0	1	0	1	0	0	
0.14741508404971937	1.2270006396274173	3.5946819012404254	
0.15092560947175843	1.5480285059502272	3.113183966976721	
0.15114612200051972	1.4484404447930253	3.2949356935767447	
0.1717542034784516	1.446532590186001	3.3279659919972167	
0.13153271406447886	1.7660394875583505	3.269169678874699	
0.14567509311308505	1.4992177639179398	3.9711270848125695	
0.14740619831560225	1.5576638654794304	2.773462382010999	
0.13936474843308927	1.509055255959206	3.392504180064251	
0.14937221286610686	1.0726872134497853	3.301669663184772	
0.12148676636061015	1.2621192917780777	3.072245264446837	
0.1522318367088959	1.5351448584252272	3.122587977798377	
0.15583112404944222	1.3154727925898342	3.506633051580584	
0.1591478652302106	1.4626622815184782	3.275548624064981	
0.15814366538926178	1.4292579076188945	3.5992046395951296	
0.14263812112067367	1.3531759214864778	3.4775782750956408	
0.1506213892165377	1.5704741794748363	3.30481554876704	
0.142886866711843	1.3261883718485743	2.987701235980686	
0.15161282019488984	1.5824414272661316	3.3444269443749732	
0.15669116146244474	1.0701218903739773	3.674008737402147	
0.16150415678998375	1.4617452687996966	3.247869756422434	
0.1276587576058806	1.4340047211890892	3.3292317721203983	
0.1470800678682908	1.6345067591562843	3.475262076299919	
0.13724953711792062	1.4072219592608273	3.408365993520697	
