4	43
0	0	1	0	1	0	0	1	0	1	
0.41968097128700865	0.9337071303627161	3.4743695492941113	6.298540484797791	
0.37379422712578025	0.9734413458758108	3.59500581074939	5.9536676091635705	
0.37167752041864566	0.8952007088970506	3.808093467146533	4.7188950283508815	
0.3621566859671449	0.9397066585876578	2.665089375265076	6.714001308877705	
0.36114008640986744	0.8756544094220013	3.218367219083263	5.355590806971979	
0.32902355860353716	0.9922920701040153	2.4758444777285553	6.816139188113225	
0.3602070385105573	0.9465335462538428	3.0812180746923317	6.33560324847379	
0.36188170997231545	1.1428154398608639	3.698873663873245	5.902262217851857	
0.4005789375517093	0.8261449522848948	3.3052436486520076	5.427187053215066	
0.35245665308831164	0.9986367412503183	3.155466452051697	6.795593436147039	
0.373120371173015	0.9661934695312812	3.6788157839167774	6.013541142810039	
0.329207054184081	0.9377301244182321	3.175253084261611	5.801663309542979	
0.3800375470476336	0.8595688449892548	3.086636858832792	4.932016162699375	
0.4426338553595161	1.1412137297949565	3.698666645997777	6.3525685777163545	
0.3527328438856383	0.7058265429502848	3.6482140788364337	5.52260430185255	
0.37480688278845115	0.8664559397342267	2.5200614718146968	6.396064338440091	
0.36173996138622305	0.889045009994003	3.1466464912619507	5.467529628086803	
0.39336635622890437	1.0181021184876244	3.1549048162144766	6.115192929901383	
0.3531446207991375	1.0033251172181303	3.1879047928748907	5.71561969114395	
0.3680123865138539	0.9758178950210951	3.3693026328303617	5.4750112193039495	
0.4436473004043954	0.8642110449738141	3.4591442878474203	6.607809359649965	
0.4076497126952678	0.8331559477506063	3.064838473648413	5.911432248137339	
0.357095153000868	0.8502408752422944	3.0623921403331105	6.602697007718739	
0.3783173985565071	0.8311340286560143	3.6777372289272288	6.833098288479027	
0.37290901335523036	0.9694233384732797	3.7816166977072947	5.763462443403821	
0.3963266267812879	0.9976386972064983	3.901082165681548	6.239977510603911	
0.40241709878793985	0.8533696242588281	3.76990080734334	5.89185910138221	
0.28584205695056547	0.9632399346513325	2.799400205220549	5.284844424423077	
0.3873600238976757	0.7977853005814783	3.872893637845938	5.886009774938863	
0.3785362894360078	0.9151409390134082	2.7336253925259335	5.615947915871807	
0.4597541304415758	0.8297009097390625	3.115671947132058	5.734103310545682	
0.43125090073330624	0.9559972416856936	3.144783938601103	6.0131200906345885	
0.37124721357846063	1.1719354736274095	3.0118516122872787	5.388493381684488	
0.3421950031332885	0.811081435383139	3.2511632262248025	6.077193486682693	
0.4451897862027458	0.7945837655623648	3.0570147551451288	5.806343158660538	
0.3899032896668881	0.8748715129595405	2.535090069861388	6.547470925768834	
0.37284828994451746	0.8045674061003618	2.944848617001625	6.843046967586428	
0.3723149921747193	0.9495394775299932	3.591017458752433	6.042091223950729	
0.4396494608553708	0.9241278429491461	2.956278056592222	5.359637574697926	
0.34843576304472107	0.9536110727712538	3.0586523598887956	5.700069778146128	
0.37687334143100076	1.0206240639535074	3.3039601848953577	4.4265093314357085	
0.3370079816411276	0.9997937809742873	2.9912316440521054	7.3373498003672815	
0.3735469213629752	0.9945972952242038	3.3211945334020956	5.657932649827073	
