5	32
1	0	1	1	0	1	1	0	0	0	
0.1074299234330858	0.3488064044925981	0.6102629311245565	1.347492440059633	2.2940934000978146	
0.08892035925118451	0.4047209689850786	0.6125133181252833	1.2491468926966138	2.525415774511246	
0.10557839502018723	0.3387445045948681	0.6094047735940434	1.1955761078206513	1.7813948677592735	
0.11196248436249877	0.3343964702397486	0.64724029802631	1.5969176312598834	1.9384341849539413	
0.12079976256795154	0.3835233973663225	0.6029014682193462	1.2872550759847787	1.9392701762723026	
0.07806046978660128	0.3504795502989456	0.6699757494434968	1.2843944582725653	1.9497828824247763	
0.08713771911169006	0.32827196512645734	0.6532545219548032	1.2562762278587725	2.1216753322500765	
0.09644710199983991	0.4163514651081546	0.5498224121560856	1.3683762725489956	1.9151290272437673	
0.09359764524383996	0.3457482045921196	0.5913174283435213	1.6589230961633983	2.106242293587621	
0.11174739857033511	0.41591033823953605	0.5974437479028001	1.5675002462975918	2.199594454769146	
0.08571150080274983	0.3785224978469405	0.612357246110526	1.6821044803710454	1.9496932842981567	
0.10457825055795111	0.3332298507699926	0.6925749562251063	1.604990529029409	1.8922314814786523	
0.11741149123296944	0.4209294023018445	0.6759123414988714	1.6544947537798238	2.3921263154649677	
0.09663715632501005	0.4370881246058301	0.5464048257845778	1.3191208199412081	2.05210100422106	
0.1033358473119733	0.34512156981140873	0.5281341010600203	1.2990026501973968	2.0719171397490608	
0.10070486223436577	0.3510739630702281	0.5273103808752023	1.4857432035852516	2.538072145819137	
0.09585346672201156	0.41389405757303555	0.6001263150823903	1.5211371171726036	2.3252911790996045	
0.10004859687543609	0.34263512801596446	0.5261781935640799	1.594467925737294	2.285569568703119	
0.10979696103940982	0.40569989576002075	0.6643311606571739	1.4617392902639461	1.823336230038097	
0.10281277828661824	0.44814318513170315	0.6210703066773895	1.2541774602887659	2.3079769264246983	
0.12167789086325649	0.35878568404860345	0.6195612695749562	1.497976338177277	2.1937766239443284	
0.10797709301727594	0.3646033590621092	0.6376066665405133	1.5969452900282308	2.0993026895213283	
0.10805559394408631	0.36561584895596966	0.5173839977826367	1.2326954638261938	2.2491566930325244	
0.08123837379219506	0.38352320099765325	0.5525582099451656	1.1162679462852843	2.2967271145149524	
0.08596803136589298	0.46772802450433637	0.6982313517192696	1.4204963558155208	1.7179446131897926	
0.10295838431495181	0.4497122822208794	0.6637000678958344	1.59088170951311	2.481855338297265	
0.08746517034555093	0.4212855134990317	0.7164611751379989	1.3413761896482057	2.06355593630001	
0.11553026276789291	0.43299897955211647	0.5477989665966866	1.2449498662335916	2.1254390700264407	
0.08526728560373709	0.34735933424060583	0.5590060734835252	1.5906788838073096	2.449839144156504	
0.11128075578366599	0.3486905914692476	0.5948612829812724	1.3653365061618965	2.195852849177662	
0.10751573505548927	0.3618952489092776	0.5391213546536302	1.6550265636734642	2.3808314854934265	
0.10339561517175176	0.33958197436600723	0.651994007151267	1.4057692221971285	1.672551843839015	
