10	67
1	1	1	1	1	1	1	1	1	1	
0.07760674243871041	0.13888139936377905	0.3642266198234931	0.641809033974274	0.9169043183175124	1.4397193805274007	2.1679625996702203	3.132801630785453	5.123126406234874	6.558617769936121	
0.10206188128311522	0.15481422150879978	0.3899108023296251	0.6197422404581602	1.0342067219903133	1.4297707135934292	2.394835878278542	3.6968736962506297	4.707990213858533	6.587555102230256	
0.09129568304270096	0.15455182588333558	0.3368366756182832	0.6362371667212074	0.9669247133909812	1.5993485712724937	1.9381862458078747	2.886536389322069	4.140688047999132	6.437676199811927	
0.09850651584474708	0.15984852064104857	0.3640884995196537	0.5569439002418255	0.918535435724595	1.5947919889950033	2.442326231277614	3.2884895663905818	4.403957437710864	6.685018097193446	
0.1054599489381432	0.14054845327215448	0.3865574373699102	0.5835029642830311	1.0751278588166098	1.2867801713257556	1.9382869813787422	2.4471943163599263	4.229628071165707	5.852000722801812	
0.086232635791289	0.13375928558330108	0.41605162587227806	0.5290700308980997	0.9243838204922024	1.4486844613432985	2.4054548877989297	3.2626414081817923	4.994752784443923	6.598330469943227	
0.09448299213530191	0.14737721867698042	0.4242169150636932	0.5171507298502784	0.9192608027866471	1.4002909294631054	2.096905277945308	3.057399403716346	4.361167407448729	5.708220673369052	
0.10461311142572148	0.13292369223333586	0.34569905948619667	0.6096666850651922	1.0946875794288113	1.4363055858235667	1.7467400034878189	3.007564480725633	3.772555794568145	5.665788987016072	
0.09977907964672614	0.14014743848323127	0.3008779212929712	0.5272724317570269	0.9553202315616092	1.4495831087742634	1.787118643606049	3.184286857295506	5.175425058838794	5.794848197534787	
0.09964362030860208	0.15420369502575004	0.395124492736991	0.6478656609088002	1.0562020746046017	1.3408113142491207	2.027483707023867	2.61152466800486	4.079469219428449	6.999489605326146	
0.10716830883218183	0.152147766124486	0.3774375348916969	0.7006225753727566	0.981587042901616	1.4110716583776994	2.4065706623345537	3.1916914437217585	4.289310086750545	6.30764474872759	
0.09735768506668167	0.13608864127391546	0.43117427192043445	0.5997835860422273	0.9730623107147415	1.4248410621938803	2.459475425031228	3.709266140546285	3.981829229493801	7.093067791556412	
0.10510085741787548	0.13712415069661002	0.3299334537046827	0.5659443161033348	0.9327175087954451	1.2533183910477619	1.9145498710352595	3.692089114559815	4.892992694243738	5.55619949339558	
0.0902503965979135	0.16347957484166828	0.44656589634452504	0.5288666381892342	0.9468257574398785	1.4380772968935842	2.1920339108893123	3.32106204476543	4.100919758773955	5.553241874916525	
0.08791161943188651	0.15595746803674052	0.3656827076741836	0.6340308205018204	0.801995611116261	1.4274355799527014	2.335776311609972	3.8945823085254156	3.7146904076340905	5.638631682499545	
0.09770238326991333	0.13981075877323693	0.36840287995948834	0.5695309665404896	0.9348884639753334	1.4818110477171935	2.0306921724500926	3.305238216490061	4.883465947964353	7.092926703474786	
0.1018071930429783	0.1584677593857682	0.40919278763026645	0.619477249801284	0.8486228047798489	1.3081897651473071	2.144124954125699	3.405288020663434	4.23100908551281	6.26900808206179	
0.09822065110088106	0.15873607231288236	0.38759086100873186	0.6040651356521523	0.7444948341590867	1.531909701478141	2.3264026966651166	3.031887078576924	4.932595827872292	5.735923154772968	
0.09117021950829651	0.15065800349155098	0.4367419798438725	0.6485630631011439	0.7533170636622171	1.40771621154619	1.8258276686979944	3.778586336389732	4.923171530340152	6.919607028233065	
0.10525791064172388	0.1670136812268521	0.3352813477390093	0.610545688863638	0.8629089638447548	1.1942987394139384	1.9749516008298786	3.6213671118585866	4.957626560075409	6.009628089172334	
0.09204273163294009	0.15596319784028098	0.38264603381756296	0.6720258787732805	1.0569211131160094	1.725333138185129	2.068319845755917	3.0840972416925463	3.743481061234088	6.846968109132279	
0.09977824611762602	0.1664996700291508	0.4476763431664098	0.6953032481225724	0.8534157812263614	1.6375286075999216	1.9413582854480245	2.939273745761765	3.659991425766869	6.231397599035591	
0.1001188459675308	0.13706018310500404	0.36811205878394015	0.6025176724848653	0.8536653598253726	1.5326899744719649	2.3099210109972916	2.6865597035796482	4.946450078061099	6.111902653525211	
0.1054134188455171	0.15351007854359425	0.3188501261073727	0.6851687173012885	0.8652981014181735	1.384087867180731	2.0058509848522945	2.6991833968419234	4.8824708530099725	5.795934097612613	
0.10187839393676401	0.13339220607796365	0.3553501153989004	0.6484285144722889	0.8363672991657302	1.316126529717494	2.0172660945679315	3.3977566056995157	4.854399931985401	4.982259651333252	
0.10801891716667728	0.16542069659218198	0.42188438129756495	0.5194253348919632	1.0516806719070324	1.2742062566646497	2.051339364339109	3.896451432950645	4.947562740095178	6.5073610083152715	
0.10514000010041324	0.14785873428831114	0.35787140418314844	0.6045382222848864	1.0844625189825827	1.4842992467821579	2.0982896730387095	2.993575835681566	4.3588375181221775	5.715199139648913	
0.10066709494656059	0.14379994165366441	0.4295041000941512	0.6193429391379713	0.8813071683758539	1.3074059937574773	2.404771692102535	3.491786837376013	5.351245995432646	5.234913797784294	
0.1175053167028518	0.14065388780449817	0.3567441156136564	0.5881446652660591	0.9392582770238016	1.4897196232856285	2.2708040419087747	2.396372156454869	4.335076068635484	7.0165686596608285	
0.09878134592626363	0.14193440552028463	0.3833552950226618	0.6133580727847423	0.9264329128564623	1.3636737867515156	2.343244596751632	3.5309509634746505	4.548153087538843	5.120059436881066	
0.11435936934435316	0.13320149055834077	0.33959967116465667	0.482924139566674	0.96787995007384	1.2615810038339712	1.7972688749869992	3.5459457891372845	4.45712202599157	7.367942492420701	
0.11758715433986339	0.13937023564958279	0.3988641069814115	0.7156650595853961	0.8478218711921178	1.4923418737300493	2.299208870048656	3.452059228736945	4.063094037572497	6.020023403927857	
0.10402846188528043	0.15006944513272177	0.3738827462044557	0.6022136754354884	0.9201946987737375	1.5107022617858537	2.4031276038255935	3.156850368881444	4.592333533147001	6.5287919271602135	
0.11069584591340272	0.1367156589648831	0.34919175885137294	0.6194159649018831	0.8439763235815637	1.4114458352704877	2.1395387078950465	3.569540072804361	4.24914041584243	6.755454979995112	
0.10216588989827513	0.17058942782553355	0.34235840463813255	0.5967948171746176	0.7050294438704011	1.4431043546610336	2.3895464038849457	2.4913192146637844	4.208218682287274	5.239699538622719	
0.10022060048201756	0.14594582543367063	0.3493022854325432	0.5783413396061897	0.7963110126022883	1.3271725182746834	2.3905325858478164	3.547663465647794	4.3016596052984735	5.509875478801007	
0.11196344908990273	0.14589936114471916	0.4126694909808045	0.626945431598784	0.7611515160037436	1.592190290606304	2.4829123341665063	3.4899234446783964	4.818275692047279	5.299292814949331	
0.09624155702958008	0.15565280814903856	0.378216848983686	0.653192164802939	1.1067623208735946	1.4652046019341565	1.9696027927355972	3.2283568849647133	5.480412530409824	5.296528814398758	
0.11176480852384468	0.134796146895356	0.3810883197840144	0.6627709299387364	0.9569671781669701	1.5476894744390748	2.4874490239829505	3.273799985425919	4.108969775740055	6.33612886561578	
0.09959218619730588	0.14652763392933832	0.3875357521232686	0.5287209137819359	0.9420352912403965	1.4376441472643966	2.1413821164593867	3.3748531650211167	3.9816197965521334	5.346963315509742	
0.1125462294229258	0.13431961347917906	0.3963702333910698	0.7464980815968003	0.9282500289400463	1.4372057182890903	2.193231966683501	3.901453111238728	4.676964737671521	6.233708832409116	
0.10067428418896394	0.12399305762723348	0.3741527259288481	0.6089695907655404	1.0932843103855894	1.6533513543029608	1.9271425971813005	3.4732306352757103	4.442841066817406	6.787109710385454	
0.09920571119968101	0.14481952858046981	0.349991207979248	0.5706856894053118	0.9239509129749621	1.2521739079665497	2.1187108858775634	2.8474572269482303	4.761037888761415	6.804809218988975	
0.10461500921216178	0.1467091417346727	0.38863215907807436	0.5699064992215929	1.0119322095863592	1.5790725010229982	2.2931202610616372	3.8041939554423623	4.880814314329048	6.9484176169921845	
0.09934766531282402	0.13947435859016488	0.3898546698470851	0.769643154276438	0.970718613738124	1.1495463854178394	2.5566004314969963	3.246126637849206	3.9847595583714512	5.866928326303605	
0.09889611434210498	0.15959786815351376	0.36273257162810646	0.5822402561891117	0.9295147675806286	1.3694539123743665	2.4224321256827124	2.81648774552599	4.501369750429998	5.401595044922338	
0.09726808472564274	0.15939515934494505	0.3714378313061828	0.5122372525721509	0.8752813965763694	1.600703179036985	2.5741629567699182	2.7963476378975645	4.977468672887349	4.839263721485068	
0.11900408469946162	0.1661200773165967	0.405974002871333	0.5433677334100139	0.7912746807396938	1.2941752019029764	1.7686097805756364	2.959423571819581	4.330516662390182	6.456938318169257	
0.109532290075939	0.17110779072468602	0.38652692300350594	0.5748215020032329	0.9115066671471119	1.535386898643412	2.132741545110473	2.737930357430564	4.36472592717934	5.802656306822261	
0.10117157819169649	0.1327997750092207	0.3634502979831517	0.5728366483379217	1.0665856190563618	1.439316241784681	2.0960231620945047	3.5435790128070854	5.247870771211619	8.12656862842967	
0.10329372006163864	0.13160670635937086	0.3442769450928767	0.5661868434922872	0.8498268449277476	1.2642515670459948	2.62662326544384	2.4818448482588	5.170955415656785	5.069797545383885	
0.11915117655383689	0.1645967775326621	0.36245141290872895	0.5784618163072502	0.944033647830759	1.4018146519716854	1.8345746677799664	3.5770788722993765	4.520673232379492	5.650541543239136	
0.09708646031152716	0.14216675659254527	0.3966702326733323	0.6420288563982012	0.7571149081942826	1.5296531209866737	2.122538280627394	3.0608420664207525	4.780251887704219	6.015436440290699	
0.08581933468285713	0.14610570746474036	0.3769553955188357	0.5929241429000831	0.8959708020275613	1.4433170372278368	1.9262794958562552	2.6761403845655605	4.627542834930999	5.15033523896258	
0.11149890544671764	0.18121909714871015	0.3916900293274589	0.6443071646051457	0.7653444522182643	1.4768005116420264	2.063006016044152	3.118999136559856	4.460698838257895	7.136827460208538	
0.10595064989835326	0.18119959345102435	0.32447800568363616	0.601970204634067	1.0849147535189017	1.4261187427299382	2.1576893538199577	3.7596823113143016	5.319419705164579	6.755637087736127	
0.10923973106881087	0.16039440747205208	0.4104733841201508	0.5666518380138549	0.8277159041111763	1.366716371686412	2.030603689865727	3.450519534466656	3.855134010160106	5.065007710501437	
0.10259363589069506	0.14328922923196022	0.4285688566873014	0.523722230416213	0.8779860604063121	1.6224200103929893	2.36303103616412	3.108220512334755	5.274109087536456	5.91527186452383	
0.10653526271999486	0.14348570020095086	0.3420628494017217	0.6783755756702593	0.8141886345720702	1.440997621524655	1.95443138350818	3.260636195044059	4.63128390172511	6.523641772000827	
0.10247967854473444	0.1381163453390964	0.32474720653549843	0.5857871161212135	0.918440977743691	1.4646457880164816	2.0830510536827997	3.0397077946186264	4.1865670445588	5.333718732434045	
0.10121816941722682	0.1386105864973174	0.34183013724743394	0.6329461677540607	0.7944761374638725	1.2300220813871965	2.0452213942262563	2.8496836288214134	3.6088312533230478	5.6094078737342326	
0.1004195333657308	0.13383529312604628	0.4106544483672432	0.6762359900825962	1.0023571220950935	1.4643201393128833	1.9693439070672887	3.040585922587455	4.181953366984141	5.650054931022121	
0.10090512748119439	0.17397405352003165	0.32734999871305587	0.5846008544048967	0.925913853509335	1.4459927923603755	2.2588508636367726	3.188185074610853	4.857588532577622	6.711057782599285	
0.1170089719609893	0.13005566039161132	0.3659025375284654	0.5932129762845585	0.8779772193703512	1.4102091161049282	2.1139111826477253	3.3478682243951243	4.659609208491944	6.8773320096621635	
0.0984859482458358	0.15749579035894026	0.3782263212016142	0.6260283975153863	0.8988270177744688	1.6054407960307107	2.119855475711058	3.6295961537191896	4.8177402419282	5.52073199276167	
0.10940158011310284	0.1558670187943185	0.3354423503747844	0.5395359098272857	0.8777817532223142	1.411687153764375	2.145904171160141	3.131288989146021	5.20264445461243	6.006045232802482	
0.10387055164582115	0.14622689487318666	0.3953239497978294	0.5649553241448466	0.9752094483960639	1.2328065078266408	2.0875145456128843	3.2826382920172854	4.516563278857077	5.456332706342087	
