3	89
0	1	1	0	0	0	0	0	0	1	
0.14765420571638513	0.368671244471723	4.910501606692496	
0.1517032335638152	0.39734529529670826	4.992080482794467	
0.15391046766076594	0.3779035292219111	6.501260915265704	
0.14245426418074286	0.4032607606284481	5.264040959204225	
0.14933189752220968	0.4096126937065428	5.833259394045712	
0.13116596316353096	0.36061358193035786	6.472851350570409	
0.13699711132311354	0.3303304185819426	6.81658309048437	
0.1543923708513619	0.4258558679173541	5.767537089876052	
0.14526345756799913	0.4317344087083071	6.1950438583152145	
0.14856269252072882	0.40645157977590485	6.628287291917182	
0.15644737785491686	0.35825476778611914	5.280846674098107	
0.11923503277271053	0.34835580458818344	6.336199331662896	
0.13268578613922696	0.3815214632451597	6.3818172501838415	
0.14630321610734232	0.4319950666049457	5.754065134917699	
0.14710912330930034	0.4259057616933874	5.561025413252826	
0.16595089675560917	0.3986953951332972	6.233842346786083	
0.14812635446211553	0.4118882561536965	6.6368836516361736	
0.13734022843395724	0.33919319011145416	6.388914021026319	
0.15391376741633023	0.4104543484257303	6.310745833591582	
0.1729808640526079	0.4162902508619408	5.667428825811507	
0.14751462815570465	0.38030769256682145	5.487935497256771	
0.16894513634765881	0.37826646151134075	6.396845434390926	
0.13532397378280894	0.36147329291016334	6.2677814726575	
0.09261163399110652	0.34804403564316166	5.655951157946559	
0.1340337326430329	0.36687887482784676	6.580912026312905	
0.16748048780131233	0.3340105542712876	5.018764097118253	
0.14586471773730236	0.40072841807379156	5.691864293600137	
0.14129551592611866	0.3956918822478026	5.673608374631602	
0.13530225348744954	0.4301876667587739	6.384900576241577	
0.1433538558341757	0.3306967095168197	5.906086523752998	
0.1624762905114935	0.33002408990870524	6.991317459228253	
0.1520250148480544	0.38314166546309125	6.347146161851721	
0.1636818401999778	0.41195958348286854	5.937469070632628	
0.15977920416972408	0.3710426651635241	5.822120132309958	
0.15704855858360783	0.39065406128508384	5.129544274371053	
0.15723005429430117	0.4061811164019443	6.698923696013836	
0.16487602496155243	0.39014367070028305	5.988535662543422	
0.14537193572538232	0.4389858555144572	6.4944832239471655	
0.14738121143878838	0.43781414176318123	4.875479252172205	
0.168835097894366	0.32666880219780203	5.1055501965074335	
0.12029790086476758	0.43986158837713046	5.4523705468932855	
0.161439248274013	0.3567547181052577	6.740744966479516	
0.15233337396044874	0.4036804577603321	4.8649967314999945	
0.13044581519536685	0.3312795830486028	6.090999414269067	
0.14674419487521884	0.3368350262299012	6.348324522526829	
0.16235446321706262	0.40477450906705176	6.152575122523373	
0.1412677552973193	0.36151691042367895	6.243248983984435	
0.15268226834376217	0.4167683625396928	6.908214499144595	
0.13417117517164487	0.3713146440119183	6.293344056097723	
0.17031151363922928	0.4116652335107605	5.610140156483367	
0.1564805207144765	0.3679788104887574	6.270064639492444	
0.13639963273335615	0.36247623119714456	6.121696703994455	
0.14966673505371286	0.44986690003011304	6.404575179312268	
0.14919953700322863	0.3675896365663464	5.369316639865265	
0.12766854678403547	0.42003051987508583	6.221922777352342	
0.1343343794939526	0.3490451605395134	5.373683741798342	
0.14221418496798385	0.3972201159349693	6.182380222760369	
0.16442996554034878	0.32856255412178215	6.275284509974644	
0.14529436395401799	0.3829978279005501	5.899305860144059	
0.145483906659542	0.37691752063448697	6.783285370062815	
0.14400103150258436	0.36507524328657276	7.2232550196616545	
0.13654352578150936	0.40943883523488717	6.2545904813769235	
0.17101562044702287	0.35094237086737223	5.9687087846338756	
0.1429577826003927	0.39664576384475647	6.266107912045348	
0.16494496931682615	0.3918456052171914	6.127536316474059	
0.17934080263717506	0.4230050930718892	6.2227146781071045	
0.13171434987851285	0.4529591671187013	6.136502126143128	
0.17113631056532172	0.4511875981164033	7.205244807399588	
0.1641757682527692	0.30123660291974175	5.807422338731761	
0.14433473097100213	0.44991896707166124	6.377718070810893	
0.13442022653852584	0.3765710237263556	7.24680877692069	
0.1446841099003815	0.3821961543005184	5.632959512839892	
0.16984728195699814	0.4132137628050743	6.56311855238256	
0.12371736193085214	0.37168984955284506	6.011922101811656	
0.15548670492276404	0.35190823545182637	6.040598106180562	
0.14700721005555972	0.36133995758306325	3.9779591242531676	
0.15266835348471175	0.3559436783303291	6.088203447298793	
0.16131910313665032	0.3101801671017843	6.219749799833644	
0.14581132677192823	0.3709432947873825	5.890703396719127	
0.1665164272651111	0.39388293239342753	7.2130417309594215	
0.15797505392312503	0.28723477181866386	6.658856316875941	
0.13778233944463217	0.35875985972571145	6.041917860232145	
0.1665468360199762	0.39223905100803974	6.947074851124112	
0.14520067212273177	0.3480251841439984	6.207199675220341	
0.14832994585979278	0.3949133561743568	6.954859660298133	
0.14077529721055548	0.35239377456667076	6.8889965867287835	
0.17059235243445173	0.3448922504841651	5.173782051144472	
0.14044000431799517	0.32083137500590453	5.303542101074006	
0.1583616381765381	0.38240670656634795	5.768432155162678	
