7	71
1	1	1	0	1	0	0	1	1	1	
0.12108182205358214	0.11796532459558254	0.45765740324924364	1.0128122810379598	2.817862600125838	4.66904788947217	6.023390729014646	
0.09539188219112649	0.13157153833556323	0.3244857206125841	1.068294014639477	2.9307179682336946	4.370000400323422	6.025783651222898	
0.10070402318631196	0.15538061188715288	0.3620934009705073	0.9342495014538924	3.6353062659409376	4.249995823018827	6.643913221236954	
0.10031450916134797	0.16021820342788254	0.30410360523752167	0.8579479640536277	3.296390483968203	3.825511727035696	5.879752285348639	
0.09996193660935636	0.16597053791406166	0.35109576896651223	0.9010195394169401	3.058049450538445	4.358719123793941	6.499246421061196	
0.10076521818240387	0.17765047713872897	0.4595218344237418	0.937184357874419	3.2900548578625832	4.901289769581597	5.736139558766913	
0.0935557943287142	0.14911192426502562	0.4050974838048807	0.8065882442116706	3.1792064021724475	4.978784719834244	6.210445164942303	
0.09345681159517306	0.17553090739057942	0.35253035230643154	1.033421424938981	3.005511578804547	5.762607895273064	5.995526762997461	
0.08264905107846121	0.16036471795659643	0.3492912001749291	0.9224331546004086	3.289533163168745	4.329810399683932	5.668613935506599	
0.07481370529684213	0.16090575450120403	0.3475510978510903	0.9337688757666446	3.065206746780488	4.401716411332218	5.785013564455854	
0.10199818678171808	0.12056630607739843	0.354363778329768	1.086673756704535	3.2842020670626155	4.365979491342246	5.436727981798175	
0.11889739838376379	0.17706938780294315	0.3824715202995	0.951358792032737	3.523480529347698	4.872664702438485	6.549833899626521	
0.08745840628024758	0.15472971269017555	0.3848686250612371	0.8056980098357396	3.2537286990846206	4.998390595108543	5.494618524200967	
0.08201715901285922	0.1669191481345506	0.3840641763614026	1.1375465338937951	3.4587562228534714	4.61904828813005	5.7383244454617035	
0.10540583687864409	0.14359548174854392	0.38795600002081143	0.9444835246957498	2.9293160285824196	4.994807104765468	5.579888912545082	
0.0964589106086804	0.14880532368330207	0.3484642666412336	0.9319442340720082	2.938507214590419	4.819569447150392	6.333118380238947	
0.11543679615440311	0.1726569735958411	0.4259009940526281	1.0546373646707463	3.675550462129755	5.323492205627947	5.665537083696454	
0.09774432661176163	0.1431603469198135	0.359306882777134	0.9256981387685882	3.2823468745650155	4.903203493213363	5.4076277544152065	
0.10218062878184611	0.15517492442126027	0.3844949509974597	0.799558636465297	3.066178321555235	4.986787157256075	6.26420317392374	
0.09817789697563845	0.12679857921127194	0.34432802460750705	1.0121907435010007	3.416676855579735	4.839542768842756	5.735345055743528	
0.10764170211375566	0.15512361985148762	0.3760690664770465	1.1590345361477854	3.355663004266271	4.912787416341951	6.5647908919487765	
0.10853739146191799	0.15102991956345704	0.36347164955696476	1.0593908469159161	3.0643178377864646	5.103264517222908	6.033607841710673	
0.09074637834444022	0.16277865103552552	0.33929180605841264	0.8392367685297079	3.4538010595440642	3.8171136308502636	6.147360989847456	
0.08965027065405405	0.1635537722476003	0.3840715831014384	1.0595488022571686	3.3588400379625374	4.809748411325374	6.069022483474324	
0.08893733278401006	0.16478371920108084	0.38763558690381406	1.1192237738546622	2.6639048953200195	4.075324926169795	6.338614005725557	
0.10022218573401381	0.15075157236907552	0.36215834461135843	0.9409988799508421	3.534256810445247	4.647250635832633	5.562408364634115	
0.11800653630022649	0.14850013877530727	0.38754916856418875	0.8498089943577111	3.1134022436248934	3.317932703617149	4.932550214170332	
0.13312351784191578	0.12454435324734328	0.4508822350400486	1.0203755957300282	2.82656379462625	4.315546971601336	5.2259264512769725	
0.11016635076238697	0.14230558278344876	0.39457706403782455	0.865668208297844	3.014351897792581	4.595218314852001	5.138664292342012	
0.09224909153417234	0.15483679900034006	0.4224321858417339	0.906665415722148	3.7946539498225045	4.564134203637582	5.41359391797919	
0.08952880369922564	0.1384258580819726	0.34878037162003084	0.9393044323287485	3.2048734325007677	4.8547307577662675	5.90884382907781	
0.08086905953014001	0.1579745128917457	0.2998288395240514	0.9543458311285755	3.276441927988623	5.084790789201985	5.952456794260485	
0.1127934219595363	0.17091353095100956	0.3082216097060937	0.8903073090630532	3.1705979748416957	4.607856103955289	5.291694265387783	
0.08080991609202196	0.13138109871985287	0.3863396171825474	0.9526537580913178	3.3856626312695246	4.91851076044404	5.8713823839171795	
0.10897017108947658	0.15125411228321797	0.31990546459587377	0.8300448357452658	2.4366944383196327	3.8695383801743737	6.338505449759588	
0.11648486194332662	0.1412489523296029	0.3913641778510507	0.9033610266436011	3.0023288198147977	4.943999647884695	6.318414809225949	
0.09380033347272067	0.16781379869730734	0.4376668943804457	1.110111910831852	3.351637704825512	5.349689413352565	6.612092169517095	
0.09943866325917118	0.14207104232754617	0.33575457264928477	0.7924985554341244	3.194397104778742	4.620940760563615	6.0252943043899	
0.09195711749244018	0.13679670754469778	0.39265075821955925	0.893905185809582	3.182737099214609	4.2096839734148785	5.682267644393234	
0.10197899452379605	0.1865403321099073	0.3251828358393134	0.9447723633362544	3.850749895091346	4.566899026320792	6.146377470428631	
0.08663898891285379	0.14508079969716095	0.32534958650584334	0.8897202121025543	3.9593967054343926	5.033993309338565	6.850659479917985	
0.08962084854524621	0.1707529178642452	0.3370794799087962	0.9199697644577545	3.327349654345433	4.469994573168769	6.093193630237737	
0.09115783446277446	0.14353523586555164	0.44653865958434474	0.8953145113262853	2.999269470117988	4.3632812074823075	5.767101468472169	
0.09973005926389694	0.155309832347007	0.32788564027447936	0.9233929706555173	2.8265873543978848	4.486293683186664	6.006626852335662	
0.10372484300253278	0.1798068978843034	0.3336272373012387	1.044631824134051	3.556026056837388	4.51130385101619	5.260509730976933	
0.09427338389127139	0.13830785749205485	0.3605139843040441	0.9021105177931652	3.394800668678276	4.6287053360389745	4.884738468007396	
0.09748980044915821	0.13931489354632742	0.39272010770778637	0.9136352845618023	3.524768850454044	4.832650902004785	6.233039674007354	
0.10498834536653752	0.16649069653368156	0.37588482262672407	1.0112542323272393	3.2921439496012392	4.50200807588418	6.674877451559342	
0.09753158169003703	0.17194584239720836	0.37126213683319065	0.9293662918222517	2.9397892589500754	3.755701675585221	6.222321799492058	
0.09479911709432436	0.12849138166008883	0.39396563124447836	0.9114424284996272	2.9101597292773453	4.785464869112081	6.562955079280675	
0.09885259289030496	0.1359877930412654	0.37819293922318215	0.8965046803455802	3.199721142329965	3.565814612908317	6.938514595631582	
0.10038073516451006	0.18694127692633117	0.4192271586459829	0.9388097858159306	2.9536208071669585	5.003917134959068	5.3430729701670066	
0.08882899338451158	0.14853994854593272	0.34331147558081926	1.1108322678423816	3.279651567021915	4.125635039918359	5.870276589982185	
0.07603159144211702	0.14328939768468132	0.42051250304961085	0.8679476317412906	3.8662394770722788	4.0297258633612	5.729778351019856	
0.09082851129134044	0.14704366143914654	0.3935304076259533	0.9465545860857915	3.1956732552896363	4.0873443254341835	5.370323349207335	
0.08604517693878128	0.1308326803232379	0.42360667234629795	0.9351663159492474	2.9948955363124004	4.922058582869179	6.116915857676931	
0.09666089523211736	0.16358993433778432	0.42222382613531323	0.8645477589939661	3.274322848830829	4.673654707440844	6.062837449988245	
0.10923699556682338	0.1858923562882188	0.40384639378095244	1.0282013175732938	3.29676732792785	5.215943793729011	5.544112219643585	
0.11037900236492203	0.13361624902916389	0.3328008999639737	0.7456945015570046	2.402543598794352	4.467193672038377	5.813230757822396	
0.1046281923013524	0.15383421935658903	0.3518900234243749	0.8942286769805547	3.157044990533431	4.904893318970355	6.374421343183782	
0.10785328606851433	0.15772135269786539	0.4077437126060999	0.8341247834981872	2.939576638498871	4.897905907240027	4.854640433926805	
0.11759533493535144	0.12585336927957919	0.4259774711281725	1.0079148663433182	3.134283751341693	3.4742599863647565	6.071004113086067	
0.11352335975863515	0.15999894416122964	0.3251818027364601	0.8597532879149412	3.0670133559063926	4.7465510767673305	5.1677052682836475	
0.10954458451480878	0.13197380574001086	0.4108927112510863	0.9129864025686648	3.214520976949916	4.93074413361014	5.315186772534704	
0.10190397199273644	0.1500702442037611	0.38000928660375366	0.8355622308291982	2.7104268562241796	4.622703175321391	6.894123723451257	
0.09632836003669892	0.13727647042756622	0.39012954170799363	0.98832895401249	3.5040408194541763	4.361929359228777	5.679250572249538	
0.10322436738949146	0.14069533689582003	0.2905537780680308	1.1714036297888468	3.100650338649454	4.251725507474551	5.7535347957914285	
0.12077326163665006	0.13530221028690098	0.3763329533942101	1.0357179588371843	3.06959075450828	3.94446230747687	5.914463031490469	
0.09959666836156866	0.13862936931598063	0.3572449673890304	0.9580055407668271	3.3240040744500114	4.864779011729808	6.160798435748825	
0.08664110042628176	0.1473183859053287	0.4463039864684689	0.891265858296088	3.734764854568141	4.775724209826456	5.9163604739111655	
0.1019818554513819	0.12913358248101248	0.4253841451407819	1.076769001102655	3.821449638766984	4.5525336302183455	5.588965998272164	
