8	81
1	1	1	1	0	1	1	0	1	1	
0.10557891755072116	0.14290987373544556	0.38566542705035545	0.5322059683136605	1.3662560032421593	1.9374901254904797	4.339888883104377	6.615401788200305	
0.09680730929352752	0.12468643497693743	0.42916832674740857	0.6490899033138148	1.4032599811677842	2.24196490394419	4.234675591785114	6.421968234248343	
0.10695064089294565	0.1396873202651255	0.36195635159267414	0.5937527871772075	1.4581398912831358	2.352359871933904	4.382662511451696	6.014708166172767	
0.08140421273102459	0.1812647229475378	0.3789991651009525	0.5690916084727734	1.4260935815206577	2.1406771130942963	5.12731585676602	5.579675884274957	
0.10191704751009115	0.1515085830239859	0.40916822740881786	0.5463860943888069	1.2930253697488279	2.5433273799427707	4.763445469080887	6.414391609914556	
0.08983988925449019	0.15098575044098592	0.4075333442674347	0.7173403423319215	1.6137085154896382	2.390551269837914	4.690493024419522	5.610038501286299	
0.10623561596551356	0.17124238239208303	0.39753465193323057	0.6575919760492791	1.7653519971182485	2.1983419683507632	4.206090825855674	5.918396118746426	
0.10645367643878481	0.15947732495224812	0.341132900791916	0.609034981470178	1.559854373899011	2.1751188249038096	4.160895651980656	5.676844364926646	
0.09358046729720998	0.14797774338548733	0.42292258765269397	0.6398703933258062	1.282421446090471	1.6508408407506396	3.6010080481576328	5.682393536904965	
0.09892828282874243	0.14470009687766994	0.42501919619344886	0.6567460955114094	1.8753011000843967	2.289032004898324	5.405764458666178	6.332938438872208	
0.09730601974208637	0.11932528329191831	0.39221257208131527	0.6112953936832828	1.428675879419027	1.912369708240627	4.438685967302195	6.206000040345778	
0.09309543839434485	0.1378029870378358	0.33190569911960965	0.5496558702432401	1.457995237273313	2.449532546650794	4.579342433800012	5.167725247196639	
0.09778748781489521	0.13420679616034026	0.33237892572183475	0.6222979305907655	1.4040225639786397	2.1431309376573027	3.70911480491984	6.39431732449217	
0.10705462995787932	0.1195644223530017	0.4473044276079755	0.6167967931733701	1.4598603965221046	2.4347245632507133	5.353133310995204	5.522275177086799	
0.10438544725424137	0.15904679329387547	0.3668598002179964	0.5430315029792947	1.399702976288448	2.230197988386741	3.8501242316582105	6.204954416109169	
0.12146965256601212	0.16614266165006122	0.3835949090982291	0.5497528243322122	1.5553213519058757	2.098759489673285	4.8711945541549495	5.713954685839253	
0.07592293871373582	0.1396381599684378	0.387847253396125	0.5093455255047105	1.4447532531279994	2.422544782297885	4.246519666614589	6.349614898525545	
0.0931475177396696	0.13670873258047134	0.4701603278653981	0.4565596534422421	1.322652941369954	2.5195729744695727	4.4155922798657565	4.79848032674869	
0.0927657451239817	0.14651449302092787	0.4241174038086287	0.5584555589396833	1.5434739530827422	2.408519254167376	4.1115803345199184	5.907979140550063	
0.10362439510160544	0.14768330532405985	0.3664662772319119	0.5752832998963422	1.402167445474364	1.6354290499218225	4.322131075292024	5.497209287466454	
0.08930096908980675	0.15617165625975882	0.3856381586379059	0.5555339724350241	1.8530193786642322	2.4911431692667647	4.508015500181294	5.585008892392125	
0.106416634889353	0.1375437293726632	0.36247903068239584	0.5719923361636362	1.3734811487542058	2.311214521328587	4.647852322997002	5.698656385799447	
0.08860624104080816	0.13742475435962423	0.3385181842716679	0.5597161771545605	1.764913213595362	1.7092744852258621	4.676161621212381	6.961254983969583	
0.12308590177692705	0.12961562710497876	0.33972491543553524	0.5653438189083169	1.5237785046528265	1.879037773126162	5.402277829283442	5.172760949102608	
0.10328648949294239	0.1402157918623266	0.3528817263582399	0.6467460581183286	1.6189429657920273	2.0898076580395117	4.79907952447766	6.3794748548976346	
0.09100208840288784	0.1575449429179309	0.33351127558869126	0.658374756865548	1.4302541629477032	2.2714883313502963	4.205314602989564	5.888169777578475	
0.10481882517065727	0.13834536152720311	0.3708490105662238	0.6420747861944025	1.4251154501796637	2.157021288256427	4.083587978166967	5.984369383759377	
0.11464847065488704	0.14832756632100805	0.3524344330866879	0.5059978566966005	1.4838636876713858	2.2501547503214674	4.483436867382633	6.110604285924241	
0.08263820935598341	0.1547041721063824	0.43139633989248755	0.4966412187229017	1.5465963159378366	2.0767802082559497	5.335105316795642	5.610685439016796	
0.10688608799277984	0.16270657396158583	0.4039526165794262	0.6235088779664526	1.2206624716455294	1.930685216289794	4.761706799077331	6.377602155212897	
0.10008794951637051	0.1555429874733629	0.4920686734879926	0.5881735641344655	1.529607376424114	2.180887200124134	4.354677529476564	6.947816721249391	
0.10726544676836261	0.12481163807015538	0.37422050270319457	0.5907958344985115	1.4956239736724393	1.9759103534516491	4.217281609978887	4.918145419422854	
0.10507942654988854	0.13268621560452906	0.36881437644508036	0.6675313795356649	1.4791616842073338	1.824852407032749	4.9704036130472895	5.087317515440639	
0.10610622103900764	0.15511193146902905	0.4318381566435419	0.5042554660250437	1.5080696633434465	2.2064286602975676	4.403315034049758	5.488685566807874	
0.09240290747348098	0.15859498522167062	0.4096488529392587	0.6767083321577645	1.3073592387118935	2.3253123828321667	5.100933134351261	5.7635992255958985	
0.09998091120581827	0.18619514596376488	0.33908182372101553	0.5333379016697305	1.5274754249481053	2.3492264632931543	4.251262455209486	6.720920831409618	
0.10578612121401965	0.15445028447843095	0.41800153819897023	0.6090848374913386	1.4904617859204095	1.8719411956251433	4.75936926880055	5.00139897826973	
0.0863512458833991	0.1488409445273184	0.3570697229054095	0.7217239487767861	1.3658130636872776	2.4786003056971033	4.003606628529102	5.009679457333516	
0.10393190062729155	0.15752620466521303	0.3496773090410984	0.6078039357615366	1.4746323594623083	2.925712666058982	4.347156385763364	6.386506310225416	
0.08567148662870532	0.1396620581187867	0.41694384572930276	0.6654856482661182	1.2651691098364266	2.1485356109559532	4.748741481968372	6.3901223630708	
0.08451014291171766	0.15955784852479207	0.38241270695895824	0.642537157351297	1.3423660547753156	2.2746749982729773	4.472357875252044	6.082005998018717	
0.09792288323115894	0.17073898146024283	0.31028366843974037	0.6362542865235525	1.368555104307484	2.5858523501501987	4.295114026043296	6.376953109421608	
0.09423186819759964	0.14206393965220457	0.45679798934008436	0.585019867344545	1.5202530883275776	1.9195283784178807	5.254013419598856	5.64334441463948	
0.08950657820982642	0.12384551367838464	0.4090677956702369	0.7222814939589135	1.452110075263386	2.1197022989043153	5.051429747535922	5.47082128961569	
0.11272870355346942	0.127180001667978	0.41122027311355963	0.5270600232387911	1.5731747716562305	2.151590809913505	4.60411833746372	6.872652327375009	
0.1128696546462211	0.1506297239866253	0.3896942464921678	0.5783613129459066	1.5934302462887355	2.6203706462307745	4.144046152370708	5.454053051299749	
0.08584798805621256	0.13539625923681212	0.43136110154158896	0.555709307064728	1.396225788590937	2.3035657462481174	4.656932395012779	7.0166018380470945	
0.09661920562339812	0.15007686600150083	0.36630911404508015	0.6488065411990125	1.4990931228409627	2.0302943268714224	3.0698149491425086	6.1051219307557405	
0.09461276909802231	0.14050488311989595	0.34111778465087944	0.6171971966524804	1.3522479000608458	2.1829843675089564	4.803984954992667	6.3276963021448775	
0.11261054613198991	0.13233103529091392	0.3704790109495477	0.5141237119301284	1.4515877333126253	2.3288637583411527	4.227077150626225	6.143304812791481	
0.1246663391898376	0.14018860855102105	0.37986578693307593	0.4748371035498869	1.497504458272668	1.9814861659058478	4.678660996144653	6.124896154654819	
0.08900448718897705	0.1673599658150423	0.4459561802137778	0.6190463640352156	1.59609573844369	2.109163460369626	4.269461751959458	7.068056552954988	
0.08478747266449715	0.15228481956865916	0.39219779188651743	0.5540423000842778	1.4736781260751406	2.7010568988609442	4.366558189139821	5.627777452323814	
0.11459559603573687	0.16178347826413028	0.41718314993722244	0.616582798906141	1.42930178937182	2.052381438083793	4.521259582096349	5.739070740134228	
0.09424510431178253	0.14009563803642883	0.42501767875087376	0.5523365722472883	1.2582756338516279	1.9224307474974516	4.533109930157092	6.443610678948599	
0.09914643111389054	0.17242061751821522	0.38863957822863604	0.6102957068836485	1.4463146853878752	2.4137129417847154	4.742405299832728	5.110862167997912	
0.11638040699576342	0.12678325921492384	0.46475982768205976	0.5945715536041088	1.3516852441188463	2.279554375514166	3.9591153384664453	5.762468467257569	
0.10005612588411397	0.15353752155202458	0.3700003011713121	0.5151654262328705	1.3335399858049979	2.0989162995742348	4.637364102844389	6.160702631542296	
0.10706620766921099	0.17815492341426628	0.35278242396007	0.530148102493814	1.3424768260742757	2.0941447634519057	4.517151473402548	5.3686084769788	
0.1030399483129903	0.12475101616229876	0.37378010431531505	0.6086024173223773	1.3435667002368876	1.9303392043155163	5.495527293250014	5.654930786366691	
0.0868320733832036	0.17956610073292326	0.39145795217443513	0.60878935119001	1.6875073864098404	2.1959530528538758	4.099278914978156	5.484636513825409	
0.1069737813457905	0.1489415135783931	0.34824099911760437	0.6485304784949877	1.357736159087931	1.8097200190136526	4.340970589091999	4.415832977260756	
0.10163860254647693	0.16912893244299085	0.3718460912597561	0.6172128535489337	1.3889166907515502	2.432212258477974	4.999085111026197	6.304792306720866	
0.09301509007085938	0.15122697759225365	0.3692891456533097	0.5549531465900842	1.3388940835608822	2.4366333847669583	3.569082552022569	6.43776710038231	
0.10496079700422062	0.14038257296362464	0.3373544632252113	0.5893161041252017	1.4486619807860472	2.269893110914791	4.56501329853133	5.660821508350703	
0.1024570278530838	0.14545016378440712	0.3579950080611981	0.6738714697687876	1.584005709612137	2.2212295991146593	4.15014306550714	6.143048467962632	
0.10154554168034802	0.16744794709888394	0.4066735203728853	0.5959408761265723	1.5394758785136817	2.428436901762166	4.792877671833588	5.3856826629342205	
0.09866124944328836	0.17150611109025146	0.4312788525552858	0.5298838541746432	1.2131630393596895	2.0972187299044336	3.921637379319755	6.676658162952917	
0.10111863276942622	0.1985533290368349	0.2932334652304793	0.6288036751795892	1.319722379969808	2.2546554841893833	4.725121276064616	5.573751123985552	
0.10642194249546442	0.12399366747808475	0.4020086753953392	0.5997834582057425	1.4354326661584556	2.2047574497954887	4.114786026559588	6.254460364110498	
0.11709643195897355	0.12938029802779036	0.3942957516924477	0.5627377947598367	1.1970306290945323	1.8953762322819097	4.453626345812724	6.033519498446886	
0.10153125813518125	0.1383668289746772	0.39557373009541913	0.6244723211028671	1.7034133947082672	1.8918632475830812	5.145752721812917	5.185665318949411	
0.1037140498805878	0.18189369103533023	0.3362433186674109	0.6504052151137114	1.1315473747345302	1.9998557177102525	3.7451214424358916	6.292454262815835	
0.11164833163694927	0.1440262085543211	0.4143030866565632	0.6250703648500345	1.3878067531467093	1.8526283742305243	4.701106837447236	6.026918922360423	
0.09461456499008968	0.17479109835182863	0.39371294411153096	0.6788061869664693	1.5919847572011872	2.3705353011891654	4.279738425139481	6.092338370048283	
0.09375593962069488	0.1616421217895169	0.3888385533158037	0.521572185478088	1.312814486388407	2.399215024861879	4.493700300263958	5.948815421122661	
0.11834383719641389	0.1466515623940434	0.41512674063398414	0.6265622610250547	1.713402996609874	2.4022330287204277	5.0021963389539215	5.330470692911828	
0.10216829287138757	0.1362518399053831	0.40255706896869636	0.6343155402210443	1.5504954307274268	2.4511554787057745	4.762196235397397	5.380759456898816	
0.1025101517232838	0.14581761675164318	0.39591702797222844	0.576434241979021	1.4350138963256613	2.324413299040453	4.392413869153409	6.407639592559917	
0.10912501493424454	0.1523237542409879	0.3504176165229928	0.647544871336867	1.4342856486570956	2.051008759271446	4.826378096647862	6.729439355386322	
0.10699575564205602	0.14165834079071138	0.4205302681630431	0.6015282058149982	1.4452622158960082	2.3563600310486517	4.768882895262182	6.389090717044747	
