5	73
1	0	0	1	0	0	1	0	1	1	
0.108006963408285	0.6853167368294987	2.2624357830049338	4.927223487646527	6.138682428576704	
0.08967017117605569	0.5914152938578849	1.9308620083891366	5.263693575011388	6.357585585557921	
0.09580287799648662	0.5964525249815681	1.8648937594035728	4.978386966002721	7.112123136388574	
0.1006429946807794	0.6589685774784475	2.059648045904974	4.707738886478381	5.0327984378424855	
0.10916571679205596	0.6784937779880995	2.1883646284628298	4.435282424514993	5.262970698878783	
0.10479072683539169	0.6754295011422355	1.822716786384675	4.284261560910392	5.339502921894216	
0.10671521008410761	0.5896123370956033	2.2692897080258794	4.827832662095775	6.00597372939041	
0.09687319034375957	0.5865345409074378	1.9617599060422566	5.68053201996566	5.940992511674213	
0.11218614143811662	0.6647467188735325	2.5353262057349593	4.739086032488509	5.6737670012876205	
0.10598117426610967	0.6350645503035026	1.962198126234708	4.380828173387793	6.445819377289368	
0.10066335017254864	0.6191034054957611	2.6528119494366043	4.768138482309734	6.003422135433894	
0.10129107901148411	0.5705618678060292	1.9159268259319293	4.350332663622294	6.221401236436252	
0.09976938912888234	0.4468228047061141	2.393524001421595	5.5545386914423	5.023872978059193	
0.09403858729171309	0.6263599876908569	2.164854228136892	4.20147006080124	5.964056307561669	
0.10274020775821933	0.5901864654760237	2.06852848988828	5.369946984999423	6.041688130954803	
0.10074096901862356	0.5724625836260457	2.1413508126601224	4.970734205769412	5.616769201790591	
0.10342604260307092	0.5024913281634596	2.137989369106557	4.615990377264435	5.050068861034205	
0.10041065270378645	0.6164835337168937	2.0555834797034045	3.9675172829644514	6.76507861180947	
0.10234156854777599	0.6185505439019799	2.249290112916187	4.503099387101115	5.017047395930108	
0.0949612147189505	0.5443646526282887	2.08923223703681	4.315804959123553	5.934935489786232	
0.09831777772225936	0.5379453874621937	2.188281565444234	4.416768056948985	5.79532537367329	
0.09865461920281776	0.5513812347253185	2.1853827032565474	4.577964295139772	6.212659423234271	
0.10868145494480104	0.6606262737556555	2.4249032631268594	4.6598731888312335	6.296004746172561	
0.08277849334873533	0.5630847087200078	1.7997399940465535	3.892925491243459	5.260722869050584	
0.10332494668149422	0.5306206768952944	1.7785691569413566	4.750571751399215	5.576378910264213	
0.09650144856296002	0.5394809478124718	2.0239383324353044	4.455024284147714	6.416272348047519	
0.0983867786540601	0.6768387591245685	1.9132529342106683	4.759101077901952	6.931984221022486	
0.09016185879642356	0.5030907699259733	1.8862774666295796	3.363774035164359	6.236621898369577	
0.09593872727165507	0.576983941152004	2.30712262461431	3.9781971495289725	7.030223570992332	
0.11154369997889142	0.5718048849515578	2.40364977555833	4.468594311282486	4.928855506902197	
0.11390022268779712	0.6975172895315584	2.448083754478151	4.641324992798138	6.660651977476263	
0.10024664978809716	0.565034307909621	1.8768705078719443	4.437545760970109	6.654643532437235	
0.09734736431809493	0.5410443738674688	2.020566914016163	3.8219266537280587	6.65588546833087	
0.10446134863115103	0.5886437095105456	2.1423091877424385	4.432807450613107	6.3944288921345755	
0.0972790437829706	0.5679064440509318	2.0420702873442838	3.954025606124572	6.020121798598177	
0.09829569134287007	0.6117150605680001	2.022405356480332	4.509915753398733	5.78066417901608	
0.09734147859166442	0.5850986129332527	2.168677467098367	4.05828623298659	6.016642892146889	
0.09055410029491999	0.6284735873621465	2.491931800190445	5.4000952691319295	6.315796782989538	
0.1028080185834726	0.5961533308192513	2.4380956806221827	4.078053807203705	5.411291623666807	
0.10106214509098449	0.5520449178159446	2.234501600885224	4.606550835477308	6.634873713002101	
0.09386804552245213	0.49487948537260434	1.9794635484484202	4.555936472484562	6.207116009044972	
0.10768609619058028	0.5115934309880019	2.250865362699569	4.4485166877959506	6.576492422069554	
0.0904791609294227	0.6018702788615768	2.160324923622209	3.7234262955070614	6.728927829548695	
0.09929172846620077	0.59518962387676	1.5118948159810106	4.826162422509867	5.420963928143606	
0.09453447761600514	0.5407579186282018	2.320779657274569	4.536398287514718	6.657150366022946	
0.08697690692036829	0.6014230682880115	2.1438997909512336	5.1942727931432735	6.173025189293964	
0.0764219729127598	0.566661670967493	1.929866020937358	5.407373345110766	6.029975710199572	
0.1054307660618163	0.7276241088519921	2.4131780227447646	4.683760568964534	6.199973028313458	
0.1038135740572362	0.6391122219175911	1.717087041910645	4.540699586411031	6.443101589767213	
0.08696003646340933	0.5117240397704618	2.0823899059123647	5.055946172911142	6.529471710711866	
0.09845097944585195	0.5560324703953439	2.397460946590498	4.487468398201201	5.116988775370919	
0.09562285312617858	0.5581977851302957	2.106795972732141	4.751385421343539	5.706146355744142	
0.09885890691373318	0.6263533933824937	2.5539523891895026	4.6335184069610085	6.2179930221864605	
0.1014411476632722	0.6212994355053638	2.106886383271364	4.9342730251129145	5.75928927734882	
0.09617372022481861	0.49455597003311236	1.9243234033966756	4.215859547515114	6.264276248436058	
0.10634397013858801	0.4894865317738259	2.0039634576394034	4.606182287798424	6.539425209454745	
0.09180796635428246	0.4545706324622556	2.4703012230236956	3.9890595631638277	4.463985129284244	
0.08962989617970012	0.6463994992244407	1.976196065959024	4.661607732096513	6.651485541736181	
0.08630319192540992	0.5944571406385335	2.1972347152958904	4.383431885584949	4.85141023058001	
0.09381161575337785	0.5762719829587151	1.8290767279829794	4.549542046386504	6.56648987761957	
0.09677106495217275	0.6494294230674379	2.101367975354825	4.284924303152703	5.133312648793918	
0.09406425708553272	0.5841177998637402	1.872744284365453	5.018763811254639	5.805432529087957	
0.09917170874706631	0.6046241685932391	2.202885927717083	5.404271829033289	5.224959118247861	
0.10599900491404031	0.6825086445673627	2.238699677600884	4.159791973474612	5.285191562033726	
0.08579039235574881	0.5730102252998899	2.3783074444846193	4.418926903172397	6.117664061071322	
0.09035187956126861	0.586092170681456	2.3366291558691503	4.8889878857136	5.569323376555485	
0.10645253432106075	0.6086567366774928	2.450722328133737	4.4972406486307035	6.753494203788398	
0.09027993752160106	0.5376869384373838	1.9620757443082986	4.36083477791859	5.119923507445399	
0.09918903813308758	0.6344082177517435	2.3617581848467277	4.93132954577085	5.863211340169662	
0.10918698565738223	0.6676825133612376	2.137326764577469	4.8393856804213735	5.910642375016866	
0.11575633440460252	0.5065231815159695	2.248068708023273	4.533135827908894	6.241592163867036	
0.11917343322448011	0.5336283992425618	2.2135598694404477	4.107979378074518	6.049235713759246	
0.11154051488080563	0.6180090603443822	2.0530675873751463	4.814803829845612	6.15779293176925	
