10	37
1	1	1	1	1	1	1	1	1	1	
0.09783848270987938	0.1576408984872597	0.3977276783958352	0.5344009114829376	0.9936170127688199	1.5408613303125276	2.1434404662847424	3.254824809852009	4.50453234617184	6.907637982520328	
0.10382582124858018	0.15187449284932414	0.39786619357337827	0.626935334031865	0.9208065185481904	1.2390628209545684	2.1733737827746844	3.4420025080310666	4.630800602799857	5.701021012495661	
0.09804562033719189	0.16489407281223828	0.3159458046963952	0.5553751403575923	0.9422569809047234	1.5786684649027463	2.5401787928042783	3.5390895776682743	4.233254104490895	4.942922176360925	
0.11867958972020015	0.13737588377063534	0.3855460983719718	0.5929854210594895	0.9235742455456659	1.263243521769985	2.53615830118433	2.9656697230307483	4.5713954750977175	5.732914851852874	
0.10613688358447426	0.14686165674273427	0.36810021188358877	0.6652308474644996	0.8999206441359504	1.631766061802831	1.884811783981791	3.1689498844709227	4.113133191422212	6.018482393615941	
0.08626711677532345	0.15929304313178974	0.4073279361117251	0.6903720793384364	1.008809175823386	1.5495604934492875	2.2963553206015606	3.1791327588378864	5.228497953359289	6.332595117827614	
0.12473810453710249	0.17630645376031046	0.39317129337572754	0.6237357503511614	1.007376208280816	1.6564837442199538	1.8199903421046648	3.676533951608981	4.667950421563985	6.648185008923647	
0.09280719856871306	0.13853417429563106	0.3928954689037242	0.6585700354110987	0.8154692305469792	1.3729884952848945	1.8924921204327798	3.3859000640482337	5.397109616777769	5.7989719817249705	
0.10784360074036146	0.15182335703793837	0.3940190100608906	0.5642260140072616	0.9908903784855173	1.4012266274229392	2.5352155128258222	3.0839597037477517	4.940445996099516	7.184161686833986	
0.11188681455034007	0.13646372781103533	0.3421007384597873	0.6271973531784815	0.9357508173830169	1.5037125858501612	2.406976937753591	3.278402086693848	4.217032945290253	6.124498122867745	
0.11519337377134294	0.15053518925636925	0.46176042192372424	0.6531080693722734	1.0034587028953836	1.3520105425598918	2.1230805265347055	3.4197553436260377	4.4866287668267315	6.756605394475107	
0.10213328301355451	0.14115285347492576	0.3934121544186252	0.5807337725773777	0.997456487126364	1.3625894071528284	2.5582629403619572	2.7826052543341517	4.376577214197798	6.1462625833737645	
0.09578932711648992	0.11714677328080042	0.45609612183197223	0.6499100019304479	0.8229283766691888	1.2858690503380144	1.8558887852025494	3.236458001867049	5.207886993384474	5.886460182895625	
0.0964445098364322	0.16604055808887275	0.3960704150392944	0.6026884751914975	1.0080087529847974	1.1924020638186428	2.2740399371932787	3.701458799383792	3.9911341087493044	5.840837960798503	
0.08157617971533584	0.1451117874959534	0.35956490880786585	0.7088285799159898	0.8970996955740643	1.4877151498279122	2.462128143649882	2.574903214950315	4.605715516196877	5.400356173829339	
0.09024297176852712	0.13868613945567385	0.36522418606180684	0.5443484354212879	0.9010330000919466	1.5828196185854455	2.2760608474617103	4.166200224778581	4.628976683032385	6.42001348713221	
0.11357505723023165	0.13375996559643968	0.43071477601830344	0.5471828814762427	0.9789304211464624	1.5749761508654487	1.7524239608636958	3.147440607764808	4.491866974240885	5.358400689091546	
0.10383653299716196	0.17619535281171553	0.34503631505662313	0.6742023685350504	0.9803725945640512	1.2433150855663253	2.071162178644787	3.3504838500192715	5.2366520274760715	6.510849354136004	
0.09363693389102179	0.15667844257631142	0.2753717145163264	0.6571725241882587	0.8634037305436818	1.2861545933217065	2.0931030801538073	2.8614261000279466	4.4339947588779545	6.662158581236027	
0.08075716688761628	0.14966860122282513	0.3759210432692945	0.6341519309566689	0.9173591829094654	1.5738157710563792	2.4549903322085425	3.6030666764697443	4.195525475900975	7.196850055935796	
0.089043104343767	0.161601905335235	0.4260367265011883	0.7284632183681481	1.0294287478033863	1.330405958538169	2.360661314441522	3.22654795852166	5.024500860090308	6.1536590518712	
0.1149200723983513	0.15137748817957666	0.41810916761028605	0.5667382543342119	1.045931935826473	1.1321045917752002	2.3154520723405834	3.390405868669468	4.596981831367346	4.738397854236222	
0.09570703121537791	0.16903811930582496	0.3504767791018253	0.5158640860253213	0.8360870251037124	1.6095173192661885	2.2627149017417207	3.733642077464753	4.842953863968999	5.518764599208751	
0.11891739833007156	0.1418387161536946	0.3510715212119089	0.6190348669240974	0.9746916343808876	1.5587419190745402	2.0910722532483645	3.728494753354405	4.234909383780737	5.379803861645184	
0.08103750971450031	0.14743650089686589	0.41405975550577706	0.6465643849034948	0.9643257711506225	1.3698606927777441	2.4287908755951864	3.2925431119159208	4.699113903863998	5.325790192097951	
0.08186752035244273	0.1636609133941327	0.4775337509374605	0.6295473921197173	1.015235111734602	1.5579836842755124	2.1764546090020223	2.7612063180579884	4.852835185316702	6.9472334443819115	
0.10595251872169907	0.1476696398848134	0.3988691483195995	0.6008868565099726	1.0597863282323672	1.4734492190902828	2.3253198416602796	3.64882515558298	4.869240673012851	6.097421631407797	
0.08589758547051694	0.1581040913574169	0.41914223102469816	0.5097828235496243	0.9783327334283625	1.4458280774471737	1.6846608810366719	3.391108636618905	5.167342053304639	6.0776926970071745	
0.08023109681281293	0.156880941659056	0.4254956514010998	0.5548591828584437	0.9169607937616869	1.391408600059301	2.1907483562432475	3.152206424795715	5.138293125419424	6.835813110112617	
0.09464488140352806	0.17126449131833582	0.3199664571238349	0.5554719616515474	0.9943949524522118	1.4525190532337806	2.196137289238007	3.3956913375782456	4.313969385897234	6.794192421796746	
0.10766618082669153	0.14955270129423148	0.418001725785667	0.6318089799320245	0.9143571941732529	1.399834630103866	1.9189883866835402	3.075384914265331	4.4502413924939	6.0952523739608555	
0.09164116440957151	0.15172956360747233	0.36224641843479544	0.5617075256115702	0.9851382892390366	1.4653489813639364	2.1371955029441954	3.4401951887753484	3.9562106253245153	5.323526997365597	
0.09669795168922707	0.14844965227921955	0.4090434102206294	0.5623356813756752	0.8735919384632443	1.5857207107831777	1.9171035588407712	3.5801495817697964	4.503909658127236	5.533102359190093	
0.08903927490908736	0.14719779275172332	0.4047998547292484	0.599176837485284	1.015309411010207	1.5570675674941263	2.3231537118484584	3.5255644106970903	4.259937714664946	6.468774837318218	
0.12131081280911271	0.16466020437721357	0.3652669979694384	0.565200593882576	0.9405946291794574	1.5402154621786046	2.1884120790368584	2.8901622895582744	4.841103076575062	6.562926658956044	
0.09122224131798089	0.164412362603837	0.384615370213608	0.62924282887889	0.9769094084447874	1.4711920516988588	2.0641861900923786	3.412496844471494	4.520730811959394	6.197698307365904	
0.09727170120574573	0.15592695689736952	0.3799820751942326	0.5398647814430083	0.9799332647734732	1.5844896541368014	2.238295150615587	3.1945748573638633	4.6837913434726195	5.604078505359412	
