7	78
1	0	1	1	1	1	1	1	0	0	
0.1138862082901218	0.34119397470821977	0.5848352079416697	0.8942609839864188	1.371462094187251	2.450872488334867	2.936023608703714	
0.10654101700101769	0.3813907787345494	0.6303658977057759	0.875179347726666	1.3531164294202638	2.4454509866025513	2.927573781729518	
0.10816046113587806	0.2615457177848247	0.5904812371509136	1.1361030862938015	1.1347959310746079	2.233915484880215	3.452823931843853	
0.10312093666377958	0.37291555685861	0.5102623801273076	0.9146675341502003	1.2976601686092568	2.1864353316894887	3.0008011519317135	
0.09586168019949663	0.33699699170828157	0.5314557449046844	1.0675304515118906	1.5271987574898185	2.5057633029091324	3.251118724539607	
0.09277377148028589	0.33728488228106746	0.6836842415990518	0.8889177877961729	1.4394551248893928	1.711934111375652	3.3905383390842654	
0.09941786825387354	0.41208264035702824	0.6064113003553085	1.0114790521828274	1.3881009504142467	2.403036023418002	3.2730488610520436	
0.09058516821957503	0.39387852798515643	0.6878471859486652	0.9897561898956595	1.4941562432794577	2.1816766787616393	3.720573973333074	
0.10857617672064855	0.3638573743555471	0.5624819689316467	0.9171356467524623	1.3646325561243706	2.390312564076805	3.4963092797632234	
0.12259945322630075	0.3698445654012544	0.5903215549289541	0.8385569949604664	1.4995110390036714	2.2021921798743906	3.2924265563199255	
0.1108854108258006	0.4030240434146393	0.6835022120580062	0.8976742282163875	1.4826309435202436	2.2311060234108075	3.60543488128981	
0.10738201609604979	0.4208697789857101	0.6075274828523906	0.9722857959924539	1.5831909391013492	2.1709538500927925	3.2287125160527625	
0.08407543726475902	0.3886251356701714	0.5409326830669227	0.8521654578842144	1.3535657796807887	1.906785192242649	3.4188183537226187	
0.08968139897181282	0.38813073495304073	0.6542863122160322	1.012194517084831	1.480958997535121	2.6612840829765423	3.2775620483585164	
0.07722860125739649	0.3797328341701377	0.479986870609871	0.8752419814127369	1.3740939566149202	2.2118818428018625	2.769074889510106	
0.10339707239143417	0.34326763817300787	0.5926114445205857	1.0220934116520886	1.5142374656678637	2.2339689492288595	3.1319978224857556	
0.11372706933068394	0.4149581706404839	0.5583818767542634	1.1634174712870518	1.5963558920121845	1.6271603099692022	2.9354914185122682	
0.09454786994891068	0.38493397474165764	0.5747989676161911	1.0143282084387293	1.4861837847956025	2.277379258465664	3.6568259297038	
0.09939435647365275	0.3897746344720739	0.6579942348594671	0.9032794145975115	1.67916237814489	2.3246743224390083	3.539113782844765	
0.08461964188700816	0.36359349947324465	0.568036879041515	0.8545653933603259	1.5260964398811963	2.3341512888017264	3.321524206462324	
0.10739008606655515	0.3933573758206646	0.5049428014853969	0.8180878280565613	1.5487438319922548	1.8970538007995905	3.4311254997148617	
0.10373103628649075	0.3248729898302022	0.5878849709714503	1.0304403153519102	1.3470439099038256	2.294500524232399	3.367620816833947	
0.10321083819683577	0.3088702515574987	0.5761729498596677	0.7644099332915083	1.661688957477401	2.2716729200821955	3.1932855512985543	
0.09220892354310958	0.3924039830830388	0.5104972338708201	0.7847741879777351	1.4143233094347298	2.2114345137074407	3.216091376951519	
0.09971038956473594	0.4003713363230867	0.5442904679860705	1.0529328571575403	1.2854623491812656	1.8035378582293438	3.79243124281518	
0.10806306202469614	0.3817735100639939	0.7235381352751765	0.775139122719462	1.0673580845298554	2.180287289131453	3.0862667472653635	
0.0840229263555296	0.31074647742555184	0.5991554197250181	0.945562827606922	1.8877812585933151	1.9209800692225643	2.853005486881408	
0.09717466503634398	0.35766889471317614	0.598636353403209	1.137507470268426	1.4363109159206087	2.028389702235513	3.048427039925362	
0.09028325017158012	0.3769714788954869	0.645642143206913	1.0079727416324085	1.4736715508685094	2.3943399508772814	3.144043174136365	
0.10831142088432483	0.3745363847107552	0.6227800161313404	0.7856079843093641	1.5539888835335418	2.213305842811248	3.634581402993532	
0.10306825338915988	0.4034651128885755	0.6097002432525765	0.7694332721461803	1.3242186337702548	2.154006269767753	3.3774310291473926	
0.10341955134346209	0.28327149521636613	0.721680691795587	0.8268530535936168	1.4448143265575477	1.9348961741717532	3.284970180783252	
0.1161878535614762	0.42239398262721173	0.5783877631390136	1.0015369377399825	1.3357368730513035	2.133219837944053	2.7031711353319117	
0.109237169532011	0.39844361954063356	0.5488912264248461	1.0750990992205887	1.3616175693458097	2.3094725741000026	2.96165186619721	
0.09613059128158549	0.4273136105264232	0.5943617596602673	0.8441616827627668	1.5268839747507386	1.9244887563888864	3.665935036002894	
0.10438369135184827	0.3355359564743235	0.5265911187190263	1.1310050562707752	1.241260790926771	2.460600366954117	3.092160690806917	
0.10949856833348968	0.3524441054549702	0.7068617032810274	0.8340270594448997	1.1955616014027144	1.944157756527848	3.4859215368630996	
0.10274748023983493	0.3656133388583809	0.5331131368012964	0.8747091676400414	1.3002692288075688	1.9925434664870407	3.2592138829832185	
0.1005908049086352	0.4036619955163011	0.6605158507886364	0.7911062184426999	1.3994808935192948	2.2273421892913183	2.979929596774238	
0.09242000378256687	0.3826569644241041	0.5970598446289872	0.8415666994338433	1.3132641398522669	2.1893586552565814	2.845717227107084	
0.09854381268979523	0.41935189441527765	0.48749669363386905	0.8686814813126319	1.3785071901356112	2.5152096333166196	3.1276275361902286	
0.10353095746733168	0.4059239344123596	0.6036600685730892	0.8732790733462579	1.5170971018200543	2.3958160032005007	2.748999042196673	
0.1161962880426175	0.43858147859610414	0.5985281624023102	1.0060920764255623	1.5350614939397933	2.3436294219750815	3.7479854356270095	
0.08360837216524246	0.3958945068472576	0.7118373503401023	1.000435547806357	1.5148648140667034	2.224546710886829	3.5708065818533408	
0.10815174887517663	0.36488897871961495	0.49976058716769994	0.9178071283283188	1.3613924994894313	2.12023580510674	3.508259671482855	
0.09436521255130159	0.34388893881361	0.7204777124858663	0.8266767198402074	1.6529929147957951	2.4307737132007023	3.414815635597403	
0.08166075122371326	0.382822450278337	0.5353438772549176	0.9576588579962598	1.3010662151193328	2.40710947017353	3.4493124680799987	
0.10347165343036105	0.3918641391516849	0.5430958008046043	0.9865089235510575	1.4407794248200652	2.2579682083095136	3.216416399264473	
0.09509444840544282	0.3801604528493862	0.5294154233599424	0.9747715155116006	1.5554051736587362	2.417479114057456	3.7922397268840355	
0.08707797117898182	0.3871843626069654	0.5563583712991693	0.8902868147604281	1.6963974650929505	2.390577661395236	3.286299608298856	
0.09685518014689093	0.4017080541469369	0.6817463004811201	1.149756023591846	1.144522029551503	2.2678961499943826	3.229183640603303	
0.10549959014100757	0.3987682485470469	0.5255894913138375	0.894637974958654	1.527625065003887	2.4305597841083997	3.1822192545945573	
0.09619287212575497	0.3527740230023324	0.6028260363777023	1.000011534393225	1.4382170053664494	2.1581777611725133	2.959438120239815	
0.10033379731407316	0.42977978459442406	0.6323237675470977	1.0977228814192805	1.5754837647862006	2.4539681346537723	3.723671931122754	
0.09846665294122439	0.34193733013217315	0.6286483316055653	0.9100846931377209	1.2449436865476105	2.1087528664734068	3.3491719105146784	
0.1166530227456632	0.42237452808158105	0.6595264902204127	0.8971783127251297	1.4298665245250572	2.2048655734422145	3.539529803838324	
0.10491731917205754	0.42132987094498553	0.5938317127586705	1.1343600170976584	1.6254717434541606	2.262204062651982	3.1747487656783404	
0.11370225203556326	0.3831471694070758	0.5858603959680505	1.0425137435828549	1.4250365015835529	2.293112912704763	3.0343018956601986	
0.10760053164418644	0.41450200843780205	0.49082894987541903	1.1093157051051854	1.3081088458311845	2.0541703057886807	3.4004154422150017	
0.09262065858350621	0.39501730578078936	0.570423117521697	0.9297235797446065	1.542497376022981	2.20741006557848	3.7362983698787597	
0.08797946754237541	0.3278644156108437	0.53864210794944	1.002143498433308	1.488351012207683	2.4007065648477957	3.0189453445727468	
0.09215675078975273	0.3675375840970952	0.717445367905912	0.9582483694074827	1.3984637815584506	2.348020803979779	3.050707191333466	
0.09324452532005825	0.39512193310323357	0.5978360150238033	0.9681155657247894	1.5392522123195318	2.46971069161525	3.4634388522442254	
0.10302854149452707	0.32315125159263886	0.5996212038566913	1.0402690941393387	1.214829640017888	1.905372143380491	3.818390797271391	
0.10626850023044575	0.3894199766059059	0.5690681597862057	0.7728946580360987	1.325400785900572	2.1634520808002393	3.575324795156593	
0.08707499421782586	0.3335041851097596	0.5140277977349245	0.8662833416408395	1.240358391725685	2.1834008009403405	3.46585560250318	
0.10032477230252308	0.3860788126108158	0.5830966763164993	0.9297915581747724	1.5012932445022793	2.355391867085773	3.899100644951639	
0.09666764823802071	0.3600851788523957	0.6425797217028693	0.9788348170244938	1.1029635785063459	2.0111499518748706	3.586428674619781	
0.10479092413047696	0.32595518189156514	0.649573551683272	0.8236041778765922	1.53237217438399	1.9556889526039647	2.759302272603737	
0.0836722598489579	0.30716965709905497	0.6342914354781396	0.8916504254418774	1.365173392723585	2.0545579574480892	3.0548072806115676	
0.09447924638654978	0.3914544360851425	0.6783386493675185	0.9328894195629467	1.652347322727053	1.8143444181142099	3.488054180432005	
0.08238939020378697	0.40197545510643806	0.5673891736076546	0.9763959181545186	1.617874955222555	2.243703123156874	3.4524339963627795	
0.0994967513374081	0.34269987558327614	0.5213671051635097	0.9770114619334873	1.3478866032668089	1.8516826473342158	3.4974468392860545	
0.09798652762911803	0.36168268674065285	0.6308052001100906	0.9262240277165767	1.7654197198625403	2.182436160955607	3.6761680313548433	
0.08570743858318657	0.42326917367508876	0.5342913922333875	0.7144825449346794	1.3495909392809298	2.4921187345104774	3.3845107838671544	
0.09919907479055737	0.31242149061383023	0.5790121157594437	0.9313215504447094	1.371813854673994	1.8467508448813004	3.7060061673910454	
0.11022906163153666	0.4212414197199569	0.5277255263910049	0.9199481992991432	1.2865402169768714	2.145891866517029	3.0342406082750784	
0.08940884976074169	0.41756280019307174	0.5727180270828927	0.8453730629450233	1.4342914242277243	2.345231270923063	3.400396993348261	
