6	48
0	0	0	0	1	1	1	1	1	1	
0.981020247257499	1.5984463386409684	2.2834599287549633	3.401752386444521	4.470582581198488	6.968177177672493	
0.9858065927065993	1.263314797092675	2.326431061965355	3.3696836035098294	4.477561081118634	6.312452056095182	
0.7740074698348504	1.3405943884166842	2.3845783489453374	3.3518317052010955	4.550916482999041	6.173828043113773	
0.9104525818879009	1.4156251685651442	2.23900242748004	2.972077390010156	3.9675229496910713	6.887003935053307	
0.8261237234048938	1.602324615716805	1.8974737414717766	3.5633926511166285	4.465341967769613	5.923529686411815	
0.916413350351262	1.1781908158567866	2.0516143498978385	3.365162567912841	4.720447165693295	5.308934586072004	
0.8578672107626536	1.2781013848771487	2.0579169035685636	3.132932307450209	5.116840048801664	5.582564391881985	
1.0200645504490768	1.5512264065328443	2.180931628142159	3.3434428233916442	4.110429691109594	6.335700571992614	
0.5840475842192125	1.4442906920992848	2.185840173008423	2.930908461151298	4.9216076216630915	6.256475137556986	
0.9072561391956185	1.2205863798982564	2.044267660579022	3.318005271942683	4.340452727717235	6.783329088987781	
0.7977286837923341	1.4628655936451058	1.835578139469932	3.3131654755830837	4.750683036715507	6.61072496776297	
0.8891205184065724	1.5118572019699672	2.157658303776904	3.255259819399917	5.11171381073667	6.711115760944758	
0.971614680287809	1.327422842445809	2.044070603326232	3.311367276558394	4.185933566520108	7.155145674560918	
0.8265638003580856	1.6849970777468235	1.9668393999989053	3.208873351258295	4.314347405681901	6.068603155640228	
0.8147616750727	1.7600485708611724	1.6955855937194426	2.6798357171418763	4.379410257634862	5.993442481042221	
0.8638409380651523	1.6594696067122952	2.1251884093358653	3.5403230782247803	4.871328399688844	5.171392648363219	
0.9240319545413928	1.3056540146095177	1.795202781374422	3.1446892362019607	4.067938520928725	7.0643869709807845	
1.0533401099115476	1.256147950786598	2.209313679436817	3.5673978524275665	4.6807596269153855	5.307258393574008	
1.003400472421511	1.3331472083363973	2.0602104320510306	3.3347078491738893	4.5679682687725505	5.696321648415482	
0.984094588093041	1.5812641722048615	2.277392830332505	3.5740209772697202	5.134257476997172	5.554511269167579	
0.9563779957435785	1.367604365613511	2.054212081493336	3.0088125149420266	4.7831586515282085	5.663149861420036	
0.8300113906085181	1.4689357079067387	1.853192032034238	3.0025201765847562	4.416229184790226	5.911761216471206	
0.7857262428986862	1.3587235916206768	2.4940237653722632	3.1088876967168684	4.309435996418233	6.151879877852163	
0.9123274804043082	1.3160884246289597	2.4862061516616913	3.082312739086642	4.851244273640411	4.782524162587256	
0.8014576688160432	1.5571767305332402	2.2967301619982523	3.1893617882657477	4.866145121166491	5.151474732322903	
0.8568480543249999	1.5884703104863342	2.158591656849549	3.4296302052937238	4.601826022230803	5.664271161595243	
0.941707159101657	1.4351519213223187	2.1119548205570817	3.314174427925599	4.924124449837202	6.634277172671855	
0.8379170990302102	1.4066850465250385	1.9830145686268426	2.8987806234567053	4.848630642159928	5.1375047173480475	
0.9251695016473707	1.5164616081868123	2.2359854064390934	3.527647395660193	5.0764509211443345	5.764105993049848	
0.8684418594081587	1.5686713290860763	2.0324266365641477	2.95504814185431	4.525200526212087	6.242046515594579	
0.8520069300780228	1.4255042209210722	2.016265366166707	3.4364758164551534	3.2991791783855193	6.172185214493438	
0.8661712287585082	1.4857831905557426	2.3018744220959393	3.2866953027133734	4.794660003824685	5.956494219752101	
1.0467704262408304	1.2432010833668377	2.019653151515062	2.8637273398321863	4.543990799400686	5.798436618824562	
1.0575622404607714	1.5165515019396787	1.8918190728135365	3.758333068701973	4.114425338216843	6.170724974610151	
0.8246098340591739	1.1354572468769142	2.3487644049277585	3.914301552767815	3.9552027030770676	5.989921970385668	
0.9329743535090618	1.3187200186374137	2.323558419613773	2.975144430060187	4.67840357689144	5.132070863388571	
0.9433529010694727	1.406295578586232	2.110462201286918	3.56630670933991	4.52390571938118	4.673436713091902	
0.9730726328752054	1.703842293832056	2.0729934895054543	3.022105315292696	4.581638093957377	6.425860080261007	
0.9808735995613028	1.3357944220985725	2.5632000258508896	2.753898871303889	4.532864465734372	6.524523618022778	
0.9516399725540242	1.3935337397545577	1.962332108902751	3.390532170028032	5.030525247319387	5.930599723328696	
0.9591067927440473	1.5957541388119312	2.442705058110447	3.697131344096469	3.944736226521182	6.694857391784334	
0.928753765221809	1.5543443288911127	2.604870770627095	3.1178774710554094	4.5991962133566355	5.458643674097096	
0.9580517871512398	1.5200905080891376	1.8357905676759854	2.949593760214607	4.526204888646537	6.121999963129671	
0.7941530289369237	1.4424459380093966	2.2895756287669973	3.34435819579077	4.491651082941724	5.821475393853585	
0.9868269650252492	1.652172898268012	2.2953900670023017	3.1502867676476423	4.507910695326684	5.070177889592779	
1.0533583774940527	1.363109734193704	2.0755564219398743	3.644646860993489	4.068066697108844	5.680777070564941	
0.7505492933966282	1.3609439320538528	2.1135581399701615	3.304084191312855	5.427533760663157	5.867188079009763	
0.9737545040254211	1.3165639133692717	2.3676381229797836	3.0346648632002333	5.418703883931154	6.720981109793144	
