4	29
1	0	0	0	0	1	1	0	0	1	
0.0977665434709078	1.4006078359017882	2.5814051740084194	6.3366587730708375	
0.1080035874421018	1.407625151390585	2.0134077390305523	5.8628996094898005	
0.09424980649224071	1.4010190675753926	2.330954217402571	6.414999678555038	
0.1191735389732698	1.484587544764381	2.0337232215996743	5.793790431684085	
0.0971038539157993	1.3707596314197008	2.4246528579173225	6.751200991157527	
0.0995157399443383	1.3468667093476114	1.9439896484963757	6.207540491880737	
0.11849002339118586	1.3982196388467436	2.6048626578188356	6.41487057996129	
0.10042067152152452	1.2839615536243207	2.235877830074349	5.337034143489885	
0.10678295908060026	1.11807234245682	2.0243969487030338	5.5837814083921415	
0.11083933479151481	1.618313602407209	2.540205161825132	6.933515646740432	
0.10196862430612369	1.509554157609712	1.8617734459891315	6.136652901897591	
0.0852369514116595	1.3828892469415657	2.3502310773686497	5.222686136468759	
0.1000822108978829	1.393383397396156	2.2736603011402625	7.249595433498214	
0.10773845764518773	1.4529782228214263	2.1950533838820077	6.334915442196399	
0.10790393616940847	1.4807236649672741	2.3361180884790325	6.474784741650685	
0.10461721622956797	1.5246030023565382	2.072150728648126	5.171311307897845	
0.08420322419296973	1.6334217348517432	2.6176809733286936	5.241708901756851	
0.12299504117317282	1.4395839218663238	1.9658785896851232	6.018870073145704	
0.10669269955165431	1.4505040558272526	2.1988765502352714	7.023711949753819	
0.11235358981293991	1.3806895362999603	2.219222023859052	6.742905783829613	
0.09571636177739112	1.4786307855908116	2.200028399432579	5.269768772557582	
0.0872075828380297	1.2641966148408579	2.4112613137480854	5.146750381942127	
0.09420864580591143	1.3276076834586965	2.456240012594247	5.817889367742275	
0.09317897983395687	1.3468434531417577	2.190843698849292	4.717773369591464	
0.09266252879136605	1.4763166453515966	2.00284351748917	6.402749133105498	
0.1033702197308125	1.1660446156263982	1.5322947150088653	6.793058563235915	
0.09011378466533025	1.474876283497819	2.290617255636307	4.661176123573762	
0.09978714208285384	1.2887416724442347	2.3942237008463914	6.169145749546409	
0.09362579152087488	1.701927852884552	2.288182064091107	5.472413613506511	
