5	75
0	1	0	1	1	1	0	1	0	0	
0.12629458097681762	0.5902692461161607	0.7041391123713759	1.556054730366337	3.1908342198874	
0.16093734156288064	0.6464105235040256	0.9112772689048639	1.4788766048704898	3.168820487613577	
0.13004760443438176	0.6021497489418125	0.9275988476559087	1.2205781214899531	3.585693393097997	
0.15060517173512644	0.5519863136089515	1.0189835354305792	1.5330622426762972	3.1493967559484584	
0.1527971212670202	0.49998115025450574	0.9507610733534012	1.2696465808522015	3.312948488477486	
0.15036851003970314	0.6463768973680322	0.8310348310720835	1.3877854698831837	2.7741330773073494	
0.1514687093144032	0.5591200661357983	0.8801284192647266	1.4440740107798835	2.8012072524032807	
0.1516311473085405	0.5178167102935275	0.8977332970175447	1.2180155615169987	3.466562437178249	
0.15968625984857893	0.580685909088636	0.9619942360557524	1.5608061398696753	3.5104986348724534	
0.13191253417869087	0.644422163868991	0.8209116292541879	1.4681949185984589	3.7134273949649708	
0.14995991219384122	0.6240188226426511	0.9791643200268249	1.5534188106668858	3.1907687096507575	
0.15094269455999357	0.6697541908665484	1.0157160744391096	1.4403950857161214	2.9165781683877285	
0.16156565120670677	0.5379032525252355	0.9874910993772051	1.6018649812675765	3.4173073004762498	
0.1513486074999426	0.5770139211994367	1.028908344388312	1.5140358241046674	4.1595330305279745	
0.14599051590201684	0.5758408888152248	0.8572578924681266	1.446768230023327	3.532852638923522	
0.1424402928983765	0.4863327709625404	0.8578796692488546	1.390018208049423	3.7602509706854406	
0.15352934928862907	0.5457871380779499	0.8540014412193399	1.4506066206918942	3.46724288457687	
0.13725730250234472	0.5737982479064009	0.8336768128371668	1.448234174403482	2.8266138518745882	
0.1806997497212829	0.529520828474365	0.9032358679505669	1.6795803700376724	3.93107561846732	
0.18060087185943133	0.5719193380068954	1.061683561126949	1.3540981894309494	3.1625439402167634	
0.14980939198127707	0.6990564611057923	0.8618609250156316	1.2697285211545386	3.093356179368374	
0.14228004672233774	0.7093093050530308	0.9842285117693388	1.377424772829095	3.949051783517178	
0.14653806704392305	0.7500818941759686	1.0588183834335312	1.6172393422250109	3.261068005794471	
0.16374743520037807	0.5432257434398983	1.0244054958849016	1.2881902694343115	2.8443270107346903	
0.1250406139044529	0.6073876520003212	0.895817706193311	1.5558449384428104	2.8845347716656082	
0.14198312750373196	0.6121859327970907	0.885838095035405	1.2101276161481358	3.7753829805410857	
0.17779456716676395	0.6917192933320814	0.7568534560825533	1.4024227755679748	3.2626692576155887	
0.1521049146826513	0.558140696694465	1.006785644171478	1.4670402904652033	2.8036416185780526	
0.133147068394724	0.6424397330913861	0.9231718838713288	1.5852869323901118	3.651205514686245	
0.16107291408995372	0.6565035310582313	0.9285895438657618	1.3603754550739064	3.3415452641762555	
0.11243389350316195	0.6481857457121222	0.8981914986224638	1.6415225530950999	3.197841485069322	
0.17217163980371247	0.5267426710494701	0.8058478987667912	1.4952973256727131	3.542382109491843	
0.16501977535199616	0.5661126679652972	0.9629969344224658	1.261372961072788	3.4949996406084956	
0.14356393870490322	0.6484828142390718	1.0451252594761324	1.309838037384914	3.8463139533673516	
0.1600633454508318	0.6036702860983384	0.9236754264993985	1.513881884014429	3.211900288275273	
0.147950798021389	0.5308663044091212	0.8622447418877535	1.3915044545755182	2.3021635660779594	
0.1266743742741403	0.5504627491441831	0.8838081107676291	1.2553968248553178	2.949120703264814	
0.16044627286489943	0.5154094374833048	0.8070051126026458	1.2415894675677523	3.6073936777893763	
0.1451702891231014	0.5192065161944336	0.7568999162918911	1.3969934034887803	2.8277315784507935	
0.14938160959867613	0.518162810207044	0.8074848597665506	1.2699643570439794	3.120708401910786	
0.16895948107085626	0.6817611334119503	0.9226068593457609	1.0134535703863412	3.2508258127684067	
0.15300642689320695	0.7803398187143279	1.031750028330086	1.2970314583104527	2.532007771775655	
0.16539856007104775	0.5632212679899963	0.8162733031558163	1.4163071074511269	3.3156513432919947	
0.17522086721191543	0.6942911964857362	0.8718002636391736	1.2880537282932532	3.4724425260680567	
0.1458053281874566	0.5102712384522673	1.009987564041137	1.4990735638744563	3.2225492080644615	
0.14974280077871402	0.656390846798301	0.8854331642101696	1.2186785203198547	2.84962514498209	
0.16509246603184427	0.6000524125851135	0.9589654116268597	1.3848743202158584	2.8220825529833284	
0.14178860253268802	0.6828849453367446	0.9277469589827206	1.376154119913628	3.8963332074736927	
0.13769627446162752	0.5708416581151593	0.7989542666388779	1.4826916874544886	2.799613844489493	
0.17659395060952157	0.5301264103454602	0.921602568590967	1.418814075938102	3.3066280745732355	
0.18220153415951176	0.5730331028373555	0.8223108386475962	1.3327871915545226	3.363732092990601	
0.14747272098962888	0.6412288322512797	1.1401297088859428	1.4209369703793966	3.6564107978858127	
0.15755634236409685	0.6051244550027414	1.0124313746038722	1.3025676071148748	3.3722105181068063	
0.19022279999244293	0.4577235009453764	1.065994373863014	1.2546292436128625	3.1998211320215537	
0.14896920282168943	0.5012464764725426	0.8644213738911803	1.2818954454555953	3.0356312014147653	
0.15782286926739683	0.6192883512014533	0.9643074930911434	1.4387549286243813	3.8125443973869872	
0.1461895396429945	0.5905114943866315	0.8643814201521972	1.4010807467904567	2.824339802346502	
0.10962368823050019	0.6601141549775327	0.8957231700518689	1.5333400037097586	3.2021997838521465	
0.16302508961110343	0.6194622911833957	0.9011316291132117	1.6603794541017907	3.2928469586742373	
0.17133947421778262	0.6085479576828541	0.7859593509822029	1.5655063943645289	2.801640491092411	
0.14199074761797723	0.7290382245329167	1.082378801282724	1.680590579483925	3.3806303305066603	
0.1491464593743436	0.5539393292816694	0.7839239698680243	1.5678992961473732	3.4087893634808926	
0.1483426568906823	0.5695114131735567	0.8633997705587346	1.3201656017137293	2.932394333190807	
0.19727010119450175	0.5363279101952888	0.7478626193653323	1.3826865599967229	3.1397190715395604	
0.1473664667503854	0.6331049028500754	1.1099859120000537	1.5827278882520668	4.180637113341152	
0.14850674719266557	0.6780298223966436	0.8220980183010668	1.7146302706804681	3.8280229705391267	
0.13715048281974643	0.6166460471034299	0.7838379188054914	1.2567143877765339	3.512632880760163	
0.150735278833023	0.5367637498443932	0.9114420458338536	1.2980822224686837	3.0615990631650845	
0.15916948049835375	0.622802046385403	0.8180600477778731	1.4313029320783663	3.8265980990090256	
0.16754227524028004	0.6294393907746242	0.9404734952284958	1.4350536977994135	3.3363511508429	
0.1703346968372362	0.6079183845257935	0.8993999802244768	1.5204170061512374	3.8770176944445014	
0.14858906826072463	0.5459669680533815	0.9103448449067679	1.5608503610931983	2.8306864685126	
0.15676357671566327	0.6064345354347448	0.8128223790692531	1.2772850499642672	3.048769361987935	
0.15019869528682195	0.6706191881250778	0.8419129175463967	1.2945969365074699	3.6918330438170184	
0.1392461422714645	0.6159977843681088	1.0470614686156203	1.6247149651607313	2.4818503286310345	
