10	76
1	1	1	1	1	1	1	1	1	1	
0.09845976500122007	0.1566973342650328	0.39288263464322676	0.6012158591406465	0.9220443287637593	1.387705181520073	2.505616233040848	2.970316095338645	4.458388066525581	6.53405625088212	
0.09382337282225911	0.17437436775891305	0.37038544201225126	0.5254224090635538	0.9521995530072507	1.231892422898524	1.9506491670301933	2.871536848031006	4.070416251753701	5.606199857159124	
0.09431409615828408	0.12866002743823066	0.3781086896307188	0.6663431735040579	1.0192613766977672	1.5611502482569624	2.321986949005636	3.251057006819553	4.765534588127265	6.074125289870455	
0.09858672925903013	0.15162315458507075	0.24090038558946655	0.6408002965865284	0.8598608504133631	1.609310118582134	2.243327501419138	2.9347757709825353	3.8996217183944064	5.6000724137762745	
0.0845111378595074	0.14831513517009212	0.37458754012317497	0.5968278168793605	0.8596462520571001	1.4683313238996172	2.1090112843038336	3.7364333363278153	4.88519341001375	6.3711825809557965	
0.08633250814644235	0.13059020849393432	0.33686953033325046	0.6288526959374937	0.8275068217628297	1.3523666218752366	2.1490041362459245	3.901183532245237	4.485152890993928	4.609626305579024	
0.09418589143212733	0.13446001553611966	0.3477247099182508	0.5668056656146973	0.8914543981174915	1.417512184441598	2.2710803474839936	2.631480024685036	4.707064401091958	6.731934299169884	
0.10681907711339034	0.16208347983063984	0.3632477795193522	0.6502999747400117	1.1010397614401577	1.4951562658092004	2.03001875360076	3.2131770882087363	4.367150476997572	6.642369928754896	
0.09356644363558182	0.14348188033501683	0.43056406260642194	0.5628513073067648	0.9847158325202167	1.3666113912271058	2.1778809567465864	3.604384595050237	5.458536399590868	5.443992678792445	
0.11051654662747319	0.15898546283406093	0.33521018745942066	0.7023905856067542	0.861889813281015	1.3039603334002525	2.2260513898619787	3.481114332677025	3.8164702798202423	5.535772601693573	
0.11058438468907056	0.14977151585688664	0.380642120433676	0.5595475208365184	0.9249682948948812	1.5505850207145384	2.0323083105835944	3.4722348065175157	4.817248328062977	5.929596122523888	
0.09074522832752002	0.13902722423708352	0.4426668346816624	0.6388436250019197	1.0576833739912646	1.519060561621009	2.141969866523726	3.509085141461058	3.1674578659039394	5.960723977105857	
0.09613551185227426	0.17535119532448878	0.3935559498201855	0.5194608755504528	1.0500844724180427	1.5447046733607424	2.322296422297607	3.3854592682929137	4.228969303953296	4.990346197006331	
0.09995345436074382	0.13187947512155174	0.3801592646520584	0.5421803075138097	0.9961393890446208	1.5512626192521006	1.9920606321677838	2.9733666235688228	4.352288434057271	6.227325796834512	
0.10359942327368687	0.1621615217219743	0.41432142986208664	0.6153080523083295	0.9828464841938543	1.6714848201649806	1.7712360156158753	3.0178541616097796	4.6283556591783075	4.9603457781594615	
0.12209578315483555	0.1500677250395356	0.42514013593059286	0.6751294118448422	0.9116374916383061	1.5627028876173064	2.0999803308090046	3.660111167311714	4.654239306947383	7.3082729403362015	
0.09558188868358952	0.13229800349607554	0.36007258662012653	0.5586258425307556	0.9413198592487863	1.449466860197554	2.4096819161077763	3.258009111596921	4.833253687802525	6.28201711971375	
0.10098981347696352	0.13269740703185548	0.3997745329610664	0.6252476220784858	0.8738802545717606	1.6021994687592649	2.117497661793812	3.481999836340097	4.330309474634678	6.632276506422641	
0.11555916356094541	0.16319943976399168	0.38523001265700746	0.7207144932670959	0.7380933948299498	1.2123899728299767	1.8042880991072179	3.2273482621529026	4.22825694768551	6.383584482769814	
0.0774354378497581	0.16798232667281665	0.4133865299039708	0.7097111599173795	0.9132162915443395	1.6629320218698158	2.0790081114813592	2.7005798046771865	4.477060101497642	5.915574710483279	
0.10300114939281478	0.169597552863559	0.38389545781108	0.5524890695070775	0.9112298161626436	1.4395837901605577	2.5375956933228982	3.6650559276995525	4.990608996807522	6.1925997506808645	
0.11682385640220656	0.15057934751117313	0.3598736802695455	0.6621124046828838	0.9929141977886938	1.4296966980578465	2.1559350506879023	3.3793777812891204	4.0587687267713175	6.945562970542521	
0.09277227398457007	0.1385089417831647	0.40386547230602665	0.6246130874946019	0.8450694640217222	1.4895644630382363	2.122884956682965	2.750924390055575	4.909215047802893	5.686908867663485	
0.10252509152470098	0.1413399252005965	0.37119754370311164	0.6054992211500262	0.7222723336399935	1.6598963333865202	2.2644264693833063	3.385853566246942	4.964475668532511	6.517983307172553	
0.11318382429586551	0.15060116443710103	0.3663090143326055	0.5657003453045638	0.7359242252375233	1.4461683247216293	2.1693534353348123	3.1391541800004052	4.97988146951649	5.415980477608245	
0.09220715309082467	0.15163731242521247	0.4230039684412176	0.6180773189811556	0.9507109274623863	1.4389834875307577	2.2057135513334036	3.1292459767942473	4.4925829324509365	5.493748250073871	
0.0970389938877247	0.15620537319612365	0.3872445142238143	0.5785655227099107	0.9781498794831757	1.4496814017829838	2.08344019757275	3.453244341222095	4.474215221285059	6.756528716715315	
0.07927351903189031	0.1557917324813522	0.3645489730651846	0.6155488348318153	1.002465054326391	1.5487431394944902	2.4483531254395574	2.4918836661266637	3.624797380446145	5.628106477022167	
0.09206758379691798	0.14339764685968082	0.4306086224454889	0.4524903630188605	1.0888385102071527	1.3862081467169571	2.496105838121559	3.4052501914976365	4.4209233351797	5.283829762991929	
0.08946820848909118	0.15723625836894928	0.4240834287799439	0.6572271734703935	0.9254851852538083	1.3678664635613365	1.7958446096342207	2.3324295900008014	3.8446142105540844	5.659632478160658	
0.1148754622635456	0.1255443755619007	0.3873366926404189	0.6381126647828856	1.0158335769994133	1.2188921297639286	2.096187221356293	2.354427272707828	3.4121305302429756	5.641844628387293	
0.08694018178766835	0.16826246517436208	0.44867174059069354	0.6380958390125734	0.8889291717846879	1.3318670883650772	2.3348877943579915	3.2420705004711445	5.3168860889911445	6.1291328672203385	
0.10032443145278201	0.15227542878345302	0.4270360649283285	0.5536066551243075	1.084535756788834	1.3390511693767921	2.5226938763240985	3.393524225825523	4.459746095208488	6.18029853173536	
0.11649256196883727	0.15142659111613024	0.4195370503384451	0.6585474930368573	0.9432638789100097	1.307143753032594	2.186812887581152	3.7349751014502095	3.3254750724330426	4.946456204844947	
0.0963467925075073	0.13888940488986953	0.3376386878753388	0.5416894680948771	0.838147435969974	1.399144195140789	1.8792823059441004	3.137227265934042	4.777596189964864	5.586222476724245	
0.10773459921580884	0.1417433297788629	0.3890070990055513	0.6096365490297764	1.0227752396350116	1.4276397021456226	2.387853739851542	3.0517455431969185	4.74209088927219	6.652494087329746	
0.12375314150144341	0.16391634535812033	0.3746305111608323	0.6694563502637642	0.8118875681319575	1.633791168749316	2.1806425215677554	2.7014511592171604	3.694217846076291	5.689833416345526	
0.09017956229476559	0.1421054520211682	0.32412367237838396	0.6485749291273014	0.8996670543028078	1.3154612141997797	2.1138271679553102	3.9064093495656054	4.43447556846602	5.586325843809249	
0.1005980207327554	0.12623602404914655	0.3768389022525517	0.7200679652117309	0.884666520781964	1.4691702824246848	2.3101339136124506	3.3190552705179766	4.927760844179466	6.1133093722746	
0.09993661109259704	0.14270822961932242	0.3803529921449822	0.608584028756943	0.8928905594246634	1.5246908150904888	2.172754796756343	3.478506951166679	4.702616769033723	6.504057536138671	
0.09447392089039103	0.16473600260448668	0.4058023580185714	0.5909981303897901	0.9518393699438068	1.3961024145946876	1.9708725004670746	3.6460993658055347	4.777426671632896	6.320872374350102	
0.09397165402421348	0.14362869937743794	0.42610498058633645	0.540906327583632	0.880165267644566	1.4860036227318987	2.275161437159955	3.1857339116531898	4.575899405283308	6.162930601479966	
0.10656575426256465	0.15608252088574984	0.3808977479453962	0.5549339426007363	0.7339589840349756	1.435322104607156	2.1785012494572737	3.075901122869729	4.574264368312136	5.187182581491666	
0.10770281797102506	0.15029941482156192	0.37462057907152985	0.6631210976762768	1.0345572323018166	1.5248781713328838	2.120230910069359	2.698387384582735	4.713086744559102	5.596588574070917	
0.11528192938991928	0.15930350753631398	0.36973906074804713	0.6094514318780628	0.9700489904529433	1.507699463090986	2.123644955953105	2.6785969537785714	4.770925626702845	5.921434589164807	
0.1026887354413832	0.16472830932455593	0.4182892707882524	0.6184229829120689	0.7705995097831957	1.8415839169115575	2.0165241936484177	2.913102191023489	4.417084839439058	6.4159666541046	
0.09038325896341184	0.14877720080008602	0.2962605278918765	0.6670307180695608	1.023718489393114	1.3741232497291846	1.887407509852739	3.0605367489179067	4.8588295787044204	5.918697533012836	
0.08184057061602276	0.16051110464344776	0.3125046721020575	0.5839518767340031	0.9032873521007353	1.3398719427851733	1.9322315796777665	3.3978019689813914	4.956160908303101	6.018551153843433	
0.10307740874485785	0.15415759538020962	0.43390988822643933	0.6366029798782334	0.9143836441933586	1.2078311096419752	1.822232802565363	3.295959735072974	4.290331836114824	6.801231404219771	
0.10255657859630905	0.14206068262421725	0.3375333539200321	0.6414348725944116	1.0343991294273993	1.2856797907134343	2.094691421528621	3.9491670683240576	4.771561685308121	6.563722648728239	
0.10137134120474263	0.1446928159293357	0.3722751500319871	0.5907802516442622	0.8184525279276769	1.409748595245061	2.0838337339895543	3.4566953634434707	4.9834729270136355	6.154854951953395	
0.10508972969907115	0.16194432752811666	0.37666999186361116	0.5059529825980088	0.9450280848810793	1.5990484078741842	2.088345240085984	3.085664793947355	4.4310211373073125	5.594307243937042	
0.09069406649807245	0.14154405374384135	0.37774494780449414	0.6540277395800943	0.7897444618201208	1.4272758101107	2.226812045463126	1.9923900451353322	4.512710020782974	5.302963651152962	
0.10060997572282152	0.14185833615380275	0.37633356112086264	0.5090334657824034	0.8414907184431123	1.3147672993038788	2.166068371409004	2.9893058551062204	4.687226375551113	5.9090461265689145	
0.10437284514228479	0.11957984156247062	0.4306451765842957	0.6046041176273281	1.1122617331588924	1.245178843293244	1.8102358645652166	3.222855310874596	4.410757666909674	5.385699676407693	
0.09407447313117263	0.17798506476276457	0.42822535824840924	0.613688671840679	0.9145715924877477	1.3180429282601582	2.330827547979384	3.143041213044101	4.815985171834861	6.3176899881987865	
0.082012430664029	0.1727403597238923	0.38383747669921797	0.5209104603736214	0.9701927482979874	1.411345320837205	1.6578677409149962	3.066996518872659	4.824125733738792	6.340001416274479	
0.11293118407313558	0.11570954793522323	0.36939064257764337	0.6716909675991457	0.8681130039414009	1.212652876084016	1.6414864488864813	2.963290716649608	4.495840972147107	4.114756734137764	
0.09539719011499577	0.1319091866273563	0.3759648459650396	0.5761517485571184	1.0577442886076034	1.3562531013790733	1.8124562685645664	3.8626844823912974	4.429964873753973	5.3006891346378975	
0.1148675845891388	0.17608327417293498	0.3850731669102773	0.5646374182843339	0.8539693169930819	1.3168160733690775	2.5922287787160117	3.244058601621568	4.2909524253225095	6.043567180850566	
0.09119303446422694	0.16495399976230227	0.41526509108209025	0.6113761594569069	0.8134522829443608	1.5247802737413607	2.053871688073863	3.3173644836321414	4.126199642187097	5.692009316440994	
0.12367835387120248	0.11420765944499993	0.379276343450313	0.5575223412826311	0.7335178703068203	1.4837172520896675	1.8366395613633166	3.2375550467257996	4.855063770250806	6.545630171990262	
0.08188652530440683	0.1447102812849088	0.4123533455589118	0.5540206013421983	0.9663789123582166	1.2908216521669107	2.1638026752799924	3.1109199524737314	5.231118680294711	5.680813200829064	
0.09109847702052387	0.15922035035413185	0.35415956178427505	0.6149488303679513	0.9040224919290601	1.2724083204105843	1.988763563379015	3.4809244289826315	4.220927534842165	5.727166146504901	
0.10805295242705618	0.15060320059489124	0.3965965348911057	0.5938595034308105	0.8927582347424307	1.607485081925271	1.8640759201651436	2.571977353828482	3.382010084987969	6.169562521518785	
0.10048259802188197	0.14973978697969953	0.3677233544264727	0.47915234359686026	0.8615638279431665	1.386124196508349	2.268471262016838	3.748406792337512	4.65922650373153	5.167005680925734	
0.10622146572269103	0.1817387535952389	0.387866336919515	0.5296806816613588	1.006219770620623	1.3835102570012199	2.1830384585745204	3.166774752999653	4.632244050375585	6.591842219127528	
0.10088664116041413	0.14998076883522385	0.3770243754301909	0.68758162130191	0.9753268845146128	1.3940729373729632	1.9165092147395344	3.2169180173747844	4.852481124498172	5.975180685556239	
0.10010150961600246	0.14841969203645142	0.4151402565362261	0.5634733675917581	0.9120178693417078	1.4718664734517055	1.7342818484804743	3.4909908233223756	4.818468541064359	6.219104510710286	
0.09991681163227518	0.1439504373994258	0.36698501418128776	0.509739393128	0.8780781779159301	1.2330866187089642	1.9754402841145289	2.91313236104912	4.227030721359138	5.369652471081049	
0.09468661359670039	0.14500580014487813	0.3659440562413106	0.6161281866620014	0.7836721557855143	1.5773566416221203	2.2828312276376144	3.1950273297162246	4.442265271173813	5.440066835042808	
0.12290942541159451	0.16947612615752136	0.3648985563073537	0.52232629430292	1.035750539666745	1.1768615096122554	1.7989647001968636	3.0629329099527416	4.156610227391998	6.1710231704897005	
0.11430480470389387	0.1497249913894551	0.4131088276430179	0.5564335070114274	0.9935555854148206	1.58272580841945	2.3201867042386164	3.166997897918308	4.508362167893038	4.5969072492584	
0.09645891281046036	0.1748192989011309	0.3771153296086327	0.634563671245864	0.8885231540051939	1.5824556977286541	2.0584714281119227	3.029792143497803	3.6870484816375355	6.388406781915309	
0.09095547008913692	0.1225188752820173	0.39064143319563366	0.6803972435458528	1.009948367443529	1.3237228698201027	2.279577257917842	2.984757051553962	4.835972820845386	5.476906505684977	
0.101890756812717	0.16259927111450154	0.3737936682506414	0.5625754891247942	0.6811050771454675	1.4378926509849423	2.2956884059286926	3.6349239261293644	5.101272490278567	5.900082884464677	
