3	20
0	0	1	1	1	0	0	0	0	0	
0.3900653776500226	0.6484166131767944	0.83394093528451	
0.39294531189205534	0.6602326376450665	0.907946682637513	
0.4232867727669348	0.5619965151094787	0.990356746952399	
0.2777701036596008	0.6276015433806791	0.9167857210689804	
0.389101248307395	0.689861906251795	0.8130838451020227	
0.3712120549621564	0.6374057407596394	0.9470346805308273	
0.4326548023846997	0.5614989176571712	1.0156271719743455	
0.37448836281953124	0.6492922266597608	0.9188755346005668	
0.34507727859355486	0.6368953636850687	0.9454891726876595	
0.4202068595358423	0.6746837643477078	0.9779297912494178	
0.41501955081952036	0.6649793531988512	0.8856807357511141	
0.390485495899717	0.6947423946889476	1.0187708826884672	
0.41285185410707653	0.5947736218051214	0.8801724969394213	
0.31061956574211247	0.6380062265272811	0.9020505927501351	
0.40750873054933145	0.5867123052181273	1.0602812707139504	
0.3814339857012794	0.6219584237261769	0.9106368363426262	
0.3450915104988854	0.47239937424995637	0.9481505538401261	
0.37810161834630507	0.5924373375149841	0.8445660979727326	
0.44103740156047017	0.6134267115261255	0.8881231607931017	
0.36382466301023453	0.6108551961787518	0.9249599449729587	
