8	87
1	1	1	1	0	1	0	1	1	1	
0.1046451452648606	0.1812916229655914	0.42206738272155186	0.6716289625890496	1.3510103543403844	3.362188200154819	4.974597088026458	6.709752796291672	
0.10945675291836443	0.13536683080626086	0.35288221656974306	0.5531180664423191	1.2591516320613314	3.267446637267543	4.890659549071569	7.776722116069968	
0.08564839916357836	0.13605534284104523	0.33986452916905724	0.6427118344109434	1.4922689886961102	3.895729777991641	4.747827370459427	5.643290433037346	
0.10584420943828815	0.1501115098573789	0.4169396889881701	0.5861802060971426	1.1979403784382654	2.785283669024819	4.526657675632195	7.124810615312329	
0.11653091233956503	0.1657561756133701	0.39261870102393726	0.5974723435742908	1.3078549858463207	3.026549781079838	3.85724600194969	5.704699227765754	
0.10448201768129227	0.1299342985172221	0.3644398724222109	0.632951103494663	1.4701026564982165	3.2313123156102717	5.1228297464897645	7.308242681468438	
0.105348340033054	0.14757659696866104	0.40086827618807724	0.6662009428776352	1.1914283862055752	3.1757936646313425	4.456976116083668	6.594216447233279	
0.1034959738062842	0.1635181236243693	0.36152191984140825	0.5327560379496384	1.4700810846667005	3.4081275464169636	5.127592937192921	5.757333648202341	
0.10732590350793854	0.14229328109318856	0.3629954970655697	0.5415407026244093	1.5642041650657612	3.3591909333300785	4.63784474716987	6.356569772339872	
0.0861604471470328	0.15389839420737284	0.3574731859776975	0.6050811854933787	1.380223280460544	2.891276470459543	4.460260055033842	5.8528428935943895	
0.08459799917495234	0.14140529587739412	0.37376975612124325	0.6141621455192879	1.2233999430434206	3.10142193260393	4.567713817413524	4.736813998720265	
0.09101548261353345	0.14354955173951142	0.43203378800840014	0.6786604114164625	1.3661245236494093	3.5410011829585875	4.502927023167226	5.847769992331741	
0.09952982163260243	0.13158350200413155	0.3749878171494719	0.6097008299040059	1.4895686686745213	3.456749476697823	4.626991458935088	4.862349325342989	
0.10369382461192189	0.16711278263307552	0.35402546998999895	0.5090839538121815	1.3780958563986625	3.372094182485316	4.599999391822002	6.418106032438997	
0.1032886827872013	0.1422303630734739	0.35660333890167706	0.5262560312024948	1.4842955917467082	2.7228701459286966	3.9765870769260983	6.52224437733316	
0.10229463548051239	0.14270317891473755	0.3959613215904203	0.6297625448954763	1.409076675838728	3.8039684798168945	5.117694199695785	5.45038333973512	
0.10484276450337181	0.1614072073990208	0.40206827100675546	0.6427992504427639	1.4675302433213187	3.3172034356646565	5.722967516132001	4.153728971292038	
0.11067546980347297	0.139321522786886	0.3590283749360157	0.6665232067233137	1.197817277376454	3.1470227190970452	4.054410150114483	6.263360376338047	
0.11065153796011096	0.15605053842066008	0.33479583346094977	0.5603322443293964	1.5646126846069168	2.7123054678317806	4.152651562572931	6.654441974308842	
0.09640954311272965	0.14819949599937418	0.40967041566287193	0.5266172028797266	1.3532349106169135	2.5925159215128035	4.805745290416205	5.551801736433634	
0.109195444698985	0.1493968663624066	0.4214180578501424	0.6987281400941409	1.7732734925815257	3.359149202302345	5.199557852383771	6.134378711526505	
0.10376602387968055	0.1628098790284265	0.35147245963738144	0.5991312116490785	1.2811776886926554	3.429970316542947	4.211996773382652	5.512865064189766	
0.09466022807427885	0.1435299053059343	0.40108913957225273	0.5854525563639891	1.6038797535780238	3.1786056566584673	4.3341773622974324	6.213493924371762	
0.09463482763425513	0.13048213557236923	0.3128849135743399	0.5525033126297306	1.5477191684739853	2.6270388549173336	4.591387046850313	6.639080693929464	
0.09152990514425438	0.1435891376189219	0.3045721758344099	0.586455340271824	1.2245754191782425	3.4999900543619047	4.208290919100829	6.613691190825129	
0.09946113032031415	0.18011506739939784	0.391183885385841	0.49936343016840007	1.6114860349152085	3.338292083959903	4.223864787120814	7.123369739942644	
0.09383493797001334	0.14316631893449733	0.3905206019105366	0.7370180004911134	1.4591166350504132	3.34428964580325	4.0220008439264	6.3024128139461775	
0.08593014875715754	0.17137628162018068	0.3725528542532075	0.4838119687349809	1.3729786534472703	2.989763056952286	3.9457070153555955	5.454179951995556	
0.09824055337174153	0.1590883941046052	0.3098288169824061	0.6603185109365103	1.3004866046336947	3.217792617363243	4.779153707333696	4.533198565180178	
0.11121716292298048	0.15068150833559205	0.37934171612061013	0.5387559280353343	1.3699757140260325	3.110147313174187	4.818187892247666	5.737178564881809	
0.10984189229153243	0.1611070636483685	0.35303378283268544	0.6233817797901008	1.1475374791842599	3.5982290139183033	5.480554480530202	6.026361453847464	
0.10991980660095575	0.13651022040010036	0.34798545147418114	0.5915416499089398	1.2907931786684077	3.457219614770969	4.434423138444328	4.859278371381797	
0.07329694601602253	0.16294858173069834	0.36964894522520714	0.5510992773468589	1.39651569548694	3.4668744346810545	4.6331368833480715	5.491702723134612	
0.1145236846665258	0.15170867195308277	0.35990897825098067	0.6008641278087172	1.500754671538991	3.722915557533277	4.719432776227522	5.566874308397562	
0.09407546324680666	0.1494574113324322	0.4185794314458123	0.6117070944352646	1.4694812241097255	2.9541758453114246	4.11863882950937	5.240906869719415	
0.10203988502138411	0.14292962989608599	0.34852026379082435	0.5727987420589438	1.39054145694391	3.7593838077910022	4.620851421407436	6.629278912634497	
0.08418453839042789	0.1385928705235978	0.42979324415549797	0.5886431951241906	1.8458923749759073	3.6299912838214454	4.661195181903868	5.847156140010215	
0.110474443814898	0.16219238536308692	0.41811974461679824	0.6565679008387811	1.212380011042638	3.2655240794943765	3.933657888564917	5.78362638928115	
0.0846538710087707	0.1442003270246642	0.3295555613457896	0.5975105206763501	1.3960868522710117	3.5650776471478216	4.571865932202782	6.912706429826277	
0.10456369705108295	0.14718893372722405	0.4371206538552582	0.49124092534891894	1.44811991677584	2.839753762620065	5.067952464122139	6.0520467742575565	
0.10694736518519428	0.15706521001064766	0.386651792892228	0.6139167372949703	1.1120446912735285	2.942344233426316	4.673448052094933	4.693304918489764	
0.10094043436031233	0.15972804503695417	0.400455418796935	0.6220522424201613	1.2752178252637323	3.385556213799508	4.579940778748689	4.976384626790653	
0.08687286075612403	0.1502656757416932	0.3760708068784059	0.6572015565364074	1.6057839481306102	3.1747221240847345	3.8134213573760936	6.361146493088435	
0.10615560580955362	0.13664936646169898	0.3277252742583708	0.49827411541858413	1.5290414868026119	3.374551951130667	4.495229158591192	5.050226505488556	
0.11334607077068913	0.15924700884634901	0.4413982114855668	0.5877880781872344	1.4221030972355349	3.240253770340307	4.855234028855776	6.460597977667606	
0.09334186041485737	0.13456679459607143	0.3400686306939058	0.6338256875297476	1.3741496456784807	3.5576278387090934	4.810556302220093	6.941686386885248	
0.10066377847574566	0.12786391357875573	0.34813715957057034	0.5725788266365254	1.2046075658325495	2.7721070363003415	4.791446797949432	5.5485773428657	
0.12179757951500414	0.15040949122112132	0.37852087585210226	0.587117058749871	1.457733886834419	3.4781058760359524	5.162132122526302	6.637301775516238	
0.09842615475260501	0.14678679307576517	0.39070677192099257	0.6905963074507374	1.4343383449782754	3.4637441645495173	4.767140327888752	6.5397444644950316	
0.1125604609161443	0.14969224691440663	0.3590304143608728	0.5666262725910098	1.6037277625619173	2.850272501963753	3.340016624129447	5.382324107418927	
0.07077155861129766	0.16429767184498886	0.41507353409232306	0.5390279744278635	1.4655671182099494	3.1009109936500803	4.984545131938972	5.142087747364008	
0.09033049550797217	0.1347024020755092	0.42397879113493087	0.627742455502959	1.4418369529502566	3.6102293958698524	4.5374860299373845	5.452844848380211	
0.10304179661252211	0.1585598114572062	0.3639445025334556	0.6524031733787226	1.5983031973902984	2.950734204112087	3.998311585064563	7.186756687179495	
0.10102690498588358	0.1267505485916523	0.3202348347750627	0.6062438075058724	1.4339107807374216	3.563618867884678	5.200417334018081	6.577272963610829	
0.1045128352316353	0.13903151208213474	0.37371559716840025	0.5022030160012413	1.5347778992200465	3.1094748823274703	4.918015904226546	6.496416703103561	
0.09323448873962978	0.1536335637456106	0.43391390496997806	0.5990991931010778	1.4301847104247172	3.1490295547966882	5.173611955031854	6.02436947876218	
0.09433088571338284	0.18060113503806996	0.3588276909814927	0.6071041569096796	1.3992004479025582	3.1703823815355827	3.6841410274258912	7.170050264270004	
0.11355867718645865	0.1413190937808186	0.41994539336419434	0.6124903420618067	1.4187011910194396	2.4412327536639884	5.185730827406714	5.335884297920705	
0.08679494700993085	0.1619058579100347	0.3595220155704939	0.5685704114505891	1.8405260822247584	3.110622113726577	4.920772807779881	6.471915342807774	
0.10428018913219127	0.1552470669126184	0.3873191050822936	0.5332011878290713	1.3489101051684276	3.9861278623442264	5.003766003715327	5.859529911670789	
0.09579137244600266	0.13615197901298962	0.3756159418072932	0.6188630464290688	1.5151188673579694	3.3356633999853993	4.760855071342692	5.792823582848081	
0.09010470928715907	0.11762464535042724	0.3998874221104791	0.6236858045335368	1.6646314418243762	3.447777588254761	5.237527094098526	5.696279590201605	
0.09634599908894713	0.16365363419081047	0.3962515385314912	0.5937059756399141	1.3494786057137957	3.4604679680892256	4.679905533393744	6.560955870708324	
0.09565494616621152	0.13980496823116975	0.35327927130948467	0.7163432783340801	1.3135240264487043	3.6208997096973343	4.262487164729266	4.114052163500159	
0.1073549560249091	0.14376355944097507	0.37392337755475513	0.6135517927225327	1.534925740413496	3.338700670328818	4.787751347272072	5.5582393293043415	
0.09537602590521424	0.12387330048003695	0.3828142752316079	0.5917610359430681	1.5879666449298717	3.2140279680484602	4.637638561532729	6.865917628907837	
0.09481642866037072	0.1286688084629178	0.3627144414975269	0.7046344861552681	1.3811198082348375	3.1187425019602033	4.1204123772703385	6.753929153664258	
0.10510208657928272	0.16397889196392215	0.4088568251861421	0.6536568800047489	1.3753125903675565	3.236066390369456	5.030996605704363	4.808259840664102	
0.09778319207191244	0.15862725645929449	0.43391742783788173	0.5215209938454294	1.635036521493898	2.7275708764807947	4.173205883398391	5.558155361775729	
0.11801148891915836	0.1617455706825967	0.3967769390925333	0.634518450371125	1.467203473579455	2.9987622711574202	4.049055322164164	6.313081604111222	
0.09936731230928608	0.16950479974126484	0.38079237225082463	0.6623131711388214	1.4632177424861468	3.222786305906515	5.4189595070535574	5.822439872575273	
0.0935278636869378	0.1711044029972238	0.3734797273200186	0.6789255791441001	1.4265206135635404	3.4570421955017454	4.381106393476111	6.012308096788121	
0.09765861340795498	0.16733897213992244	0.383535350444507	0.6426221104180748	1.360790465603703	3.659672109448782	4.6531942112231945	6.4825413992592	
0.10773960094962712	0.15625616491102737	0.3992260210240078	0.716247431436389	1.37692155268336	3.3630133367343054	4.6302989429902945	4.664460162789821	
0.09546799004841829	0.1392970289920408	0.3667192203166747	0.5780766513320208	1.453109273270256	2.9482359720354543	5.096554075391635	6.131125030929384	
0.09936030934668873	0.17740038492867255	0.3473170128449703	0.6094715063902006	1.206877882715373	2.6423199308379157	4.61613880167908	5.981401267758505	
0.09396864487888147	0.14111386715285323	0.4281928057566492	0.5359945799516188	1.2507239730127149	3.0675437946943247	4.955205523863521	4.862452642314663	
0.08516781347436295	0.11903944728864264	0.3997105529619915	0.6631984813467068	1.5296225430054389	3.0914757852057417	4.186859046072824	5.95243482720312	
0.10464449289219523	0.15284954114748375	0.3791305435421063	0.605002024345089	1.3940094029009136	2.845750872573883	4.37153936513466	6.920052607521707	
0.09688331729200889	0.12184806626154035	0.4001411172263885	0.5718644428666962	1.334899877673888	3.067955274629507	3.8911162623267925	5.200377458927692	
0.08917388444256752	0.15110962667761374	0.37616803300618334	0.5192073473207358	1.5622907311803438	3.545918665627316	4.474052095137359	6.427652941984563	
0.08354116996102527	0.13422712579023655	0.38517847325650184	0.5969420016041103	1.3222342184670228	3.3322525320642895	4.3244366939420615	6.025343650893129	
0.0923846491215691	0.1639709516696953	0.3621671320284403	0.5449588956730863	1.7815165605118206	3.1276457302446756	4.275741833336862	5.588670764533495	
0.10367886406828891	0.16707273451847837	0.3822712853729459	0.6649425395041068	1.2904362821767794	3.603987622785381	3.9686563204907066	6.3243019127697755	
0.0885382574029191	0.16434154552520938	0.37853551514171735	0.5750270686360925	1.3267955870415764	3.4888041132638317	4.823143096115845	6.834365922748363	
0.08907728374484858	0.19464584125412973	0.37100635967234113	0.4532382804726622	1.39308189874214	3.215533188204914	4.767794486475925	6.350791505854136	
0.0880199370367496	0.14064385659573295	0.391753352642452	0.561754702628905	1.4365153490980953	3.2133799246472607	4.683371539272941	5.698323685776564	
