4	60
0	1	0	0	0	1	0	1	0	1	
0.13519259642549644	1.4964255304105674	3.0664906011467217	6.216520538131817	
0.14276993762467763	1.510169496659399	2.8776473684884873	5.831056382584857	
0.14835022060840763	1.797705983435653	3.395749017016202	5.934415245025211	
0.15698343032911313	1.3426792062170307	3.6422989736332836	6.274032896573027	
0.1616877163588623	1.46271046449402	3.439878548939034	6.222695956417219	
0.14546357957247097	1.6909176575364921	3.1704956184043276	6.353821070791021	
0.14385934357234018	1.3693466284595563	2.8808407931349045	6.324674111083076	
0.13038794410738033	1.3713243203002015	2.9193958330199186	6.988034466066439	
0.15628720515764957	1.6341490889454267	3.364720006868266	5.953385300322782	
0.17092862306833698	1.5183583252017383	3.4019596595128396	5.445922642709855	
0.16093756153254357	1.3773596435342086	2.7726228874220666	6.786782808884374	
0.13349553364264663	1.3575153684248642	3.1932736450751844	4.882011824268334	
0.1472541564270326	1.596151968073707	3.3197134530069334	6.2434538743092585	
0.11330310937738694	1.3428086098411007	2.699597694669383	4.543478889872754	
0.15409736669926144	1.4382937962187108	3.1703932523703573	5.056680628047934	
0.14571198843807717	1.3208716669579768	3.244056261248601	6.083940211439039	
0.14327233900769737	1.5354108807285902	3.2805265784861497	6.634920859960424	
0.12168601516538563	1.348278553496706	3.6894430693769924	5.622397270706946	
0.1543158508082109	1.5836972653193275	3.4568788221713005	6.226127875485115	
0.16386896385305275	1.3233624293888673	2.6522471087575377	6.039741140417913	
0.14331156441045298	1.4260235307219822	2.991031721527649	7.203730947931591	
0.12385908103365793	1.3639704411231077	2.7593183205625027	7.289319964489829	
0.14182287823229778	1.6680601063400675	3.735075005459543	5.880530300399699	
0.1651947224054726	1.537496546598451	3.4984727075795687	5.865888785658906	
0.15303650228584947	1.6549054337794995	3.160829815181863	6.051191986027823	
0.14379219785972913	1.262787242359707	3.3918760113278634	4.697893024664515	
0.16788086618005954	1.2459763988149357	3.0437938139270804	6.062772016421238	
0.1442190585767235	1.4915595875458727	3.4292378056546364	5.198019763631651	
0.14946010700769063	1.3122576502697374	3.55793976535165	7.10690325947332	
0.1545338262238438	1.1340211306129402	3.290316294146125	5.185382653002057	
0.1485867053857853	1.566990015088792	2.806471135591932	6.304275199701948	
0.16096628536223914	1.3064457873693427	2.2262876178367272	6.515054117502845	
0.14284974929714947	1.4254569520067903	3.470271029976049	6.458475536973647	
0.13080019180450903	1.4352295676119304	2.985880316448629	6.281412634078487	
0.16373490102405494	1.4842469358180541	3.4004342961416256	5.551321942734869	
0.14381127113698935	1.6538868684143804	3.309718230152194	6.3101827642303885	
0.15683789515565436	1.4684163297895725	3.0681053812058714	5.802265385061601	
0.15360852947816764	1.1957972580706326	3.3022082770256382	5.584176231975706	
0.1601873864416629	1.5847486148722805	3.889813463134309	7.612672113518287	
0.16354102005765184	1.3376011634228016	3.3582046170547777	4.72336417351751	
0.16240442697306645	1.243115741286652	3.5991528152754695	6.6197704338217775	
0.13116831277989519	1.4480755178365075	2.6213968603549995	5.143807120952675	
0.153682831898223	1.6689033580778303	2.826355646819004	7.0392846244917	
0.15951714629074198	1.4265666894626816	2.7086702648188137	5.19257988820523	
0.15283340391006348	1.2925913900417716	2.942230773906417	5.688138447146456	
0.12451610447238518	1.3726615107261193	2.911303752702488	6.487505600283152	
0.15395844745835824	1.3115158091814259	3.617794395962115	6.45274159507552	
0.1449811923663305	1.1646611411279177	3.175150423040803	6.36656243582664	
0.1625982925524945	1.3546828092492649	3.276978129561668	6.565770219410021	
0.1450279899907702	1.3158548747462144	3.458209668248164	6.238554846874427	
0.14578919625525508	1.5289502166616644	2.9321410735963327	5.956603041906777	
0.1378379544373153	1.521533820383296	3.2352918389222696	4.958320950591024	
0.17160861853871978	1.5331239836835908	3.4345883861728934	6.20747445609903	
0.1704695693537854	1.4812527173044776	2.815294309251918	6.061674927280613	
0.14595763699441675	1.352808463605855	3.669617721564047	7.186295299747623	
0.15961500621565206	1.3388279926998574	3.7597687475777333	4.838422648145563	
0.14646207858369625	1.4751143652791523	2.7923461582735816	5.500732334669856	
0.1414857398347643	1.542078398045569	3.2805032381776926	5.98529665101564	
0.14313391810323056	1.4943658927064642	3.611881643222058	5.881254500902569	
0.16242693301571182	1.5624233230148898	3.1264750120780196	6.147695115797948	
