3	32
0	0	0	0	1	0	1	0	0	1	
1.2049287211590138	2.1279033086761188	6.011205685368332	
0.9701505980787996	1.6964441438198115	6.213559313212244	
1.094559241696975	2.3611609399262767	6.519666503135015	
0.844654128951573	2.0170225812143374	6.515757250918827	
0.9459094338162485	2.081553719077791	5.992964697094189	
1.0679562178699042	1.9515244869770625	5.394919121187588	
0.7018273882820159	1.9846876844363202	6.1285749758112384	
1.01078145091849	2.2494933041802865	6.540220054871537	
0.9910744599508591	1.921271792810109	5.928981352721328	
0.8166003975231569	1.9476828131977344	6.12505501966195	
0.8863587974527799	2.3306583622814894	5.967657127199352	
0.9296028788951328	1.8629464596667482	7.089688733834912	
0.8682583005249107	2.3839448541684694	5.5687311138850095	
0.9115688331765626	1.7935546930035011	6.604350179015928	
0.9537311544381545	1.6959261548685318	6.3228927303582685	
0.8972976046192646	2.554826662688127	5.563560567237408	
0.8432419759549933	2.292361833452843	6.0581865674066435	
0.9127805424560309	2.0881065333501447	6.015522954484322	
0.87219694086004	1.7070335608255776	5.61106028888138	
0.8972536749605832	2.229917370268663	5.779343765059629	
0.9195364898509123	2.453058897405863	6.018596633981269	
0.9441029199543913	2.347748794097556	5.809262768972713	
0.873693106446796	1.8689874955002626	6.417915409898353	
0.8547029367170142	2.3114987135315355	6.804933524142158	
0.861728361070418	2.0241813751909725	6.178204569029259	
1.0502122794504252	2.148426140648712	6.582787548927059	
0.9674912445560504	1.9458597292486246	5.464539874481076	
1.0827774091969267	2.3904076212181433	6.040709104183783	
0.9346622377769903	2.2514405246252367	6.2547986639130935	
0.9551499279665435	1.9288726409624968	6.45540236873428	
0.8682617023683369	2.416730835579417	6.575974250397742	
1.0166316821861205	2.408003707343622	5.09213947777725	
