6	33
1	0	0	1	0	1	1	0	1	1	
0.10171631345872051	0.6217582899360742	1.6457514837277887	1.6291506625501535	4.693686567941927	5.10673178904989	
0.09523430009608719	0.5140206713772878	1.4670474976497376	1.8280754458767146	4.372549492987955	6.4417879790157855	
0.10232468196835526	0.5930266545415328	1.4241687140532386	2.2678610008553384	5.035489452418905	5.295656478725852	
0.1227220936305242	0.6140565707512683	1.287044208037524	2.091805183684717	4.5445201277732465	4.490162346293269	
0.09589787579691719	0.6592853572543552	1.413763327981118	2.519269931010877	3.8696531773270615	5.705178254958158	
0.09643478539381908	0.6390884454268456	1.5397167377887218	2.0829207632136164	5.615620840192318	5.748002461159103	
0.07428165418936317	0.6468754569456338	1.3492929326194707	2.419038729102534	3.615381597243742	5.359325060552979	
0.10417483866974238	0.5952712954025433	1.451654459443699	1.8550231849866896	4.159013740859678	5.726320144060213	
0.10607142976153879	0.7438628438739296	1.694853399609453	2.5089323183759626	4.559040316672374	6.357697860953379	
0.11002579639947063	0.7326397077676625	1.3652160838981404	2.1274178962517185	4.730756701367628	6.716026906074828	
0.09738795238516534	0.5294743703138839	1.390193529983329	2.3313068591055295	4.265138624318387	5.813668876419569	
0.10943285894115456	0.61228513698044	1.4500916273781532	1.794753791280686	4.823419028118602	5.7269713245910205	
0.0959183618857245	0.5769083845676773	1.5082604132672457	1.9256138218873877	5.096201224934895	6.062862486251641	
0.09826552604505578	0.6666479580256331	1.4088015272433652	2.4982463383789826	4.4303727361445295	6.239855116040314	
0.09367764221838859	0.6248127154674521	1.5505885793328908	2.196331911179167	5.173978567869849	6.147685302187385	
0.10155502707909059	0.6984981061417891	1.4530243821674336	2.202345038155587	5.511692744226566	6.506692033530626	
0.09700164106030178	0.5632924539581744	1.6241159948107735	2.30937300424778	3.297890467405009	5.879729047845975	
0.09980978685552802	0.5238777313497512	1.3984977944590675	2.0947214483201	4.452131955726177	6.165705857147128	
0.09750204473770754	0.726633701269827	1.3810480065672177	2.0755798035936572	4.528789800440707	5.561142219950175	
0.10514727159198943	0.6100221454208052	1.369966739440621	2.1720501173454307	5.305481990428537	6.477688546267183	
0.08580747148735146	0.6186697209713983	1.3959110401984378	2.152591783356133	4.9592428889120415	5.837169860038221	
0.10141152354404191	0.6025556085049443	1.4626445269531045	1.9292592014162475	3.358447186635314	5.421777739694587	
0.11015688470642587	0.5091166313076871	1.4636653303124063	2.6666130716523244	4.565592422604112	5.643219583093957	
0.09858701615093704	0.6950156421873458	1.517915810513846	2.298104054725842	4.480222966982196	5.729109474959698	
0.11949629075203161	0.6056275885560585	1.3337169075517252	2.1519477540188885	3.9464720646657843	7.148725134903955	
0.10663423442841265	0.4953260237522945	1.1661211905729993	2.0311935092814566	4.512244841128317	5.446786363546863	
0.10673203716970661	0.5536484704139863	1.4483851020682554	2.1630135044142444	5.235356139459169	6.137082034996166	
0.10157637451165674	0.5907131921914717	1.0806147467169396	2.4466560145747662	4.168603523856062	6.556305474745278	
0.09739358979758218	0.5577362706568398	1.3528431262670155	2.431330638943876	4.851320767798625	6.069699632130888	
0.10911953068243548	0.6893175101001116	1.4077296574705915	1.938833987420422	4.6949061824556475	5.771728589214744	
0.11149559983529295	0.5543109638626202	1.2434509885343994	2.221526095482902	4.988860912892199	5.7736838004263245	
0.09254803111419722	0.5562773790065247	1.3252601282433794	2.000790327145396	4.353756918531241	5.53525184547722	
0.10055093417319723	0.6416717388182711	1.564899756746009	2.3871098329573166	4.32424841866744	4.65160834528003	
