9	76
1	1	1	1	1	1	0	1	1	1	
0.09739076128439213	0.13263678887832658	0.3645067080458926	0.5977835101688651	0.8110332166100105	1.4620735909589335	3.655243380213918	4.584073780921538	6.405420923734457	
0.08241306647019128	0.15800225821841124	0.33369692375200105	0.5563244028804823	0.7785858144762718	1.309191970487762	3.1841967130254885	4.4598128823905	5.851943679225887	
0.09909622561181004	0.13076169715241442	0.4000110811770316	0.49622944499111665	0.9052369362025631	1.2471437629596633	2.7048037900698687	4.311601290512211	5.212003998944141	
0.09328823060384818	0.14705725035588993	0.39351368707154705	0.6062692509439097	0.9638087175203964	1.4674501615875142	3.6605134000264403	4.882058050967209	6.065737955806018	
0.09795431980866322	0.14942122202660066	0.33394831663377783	0.6150312889935377	0.8345170001857575	1.62631142386136	2.351674686256879	4.7976599254745596	6.104064774628463	
0.0854356316146931	0.1538887907269245	0.3712660883312106	0.6682324724689671	0.8315290599975795	1.3384396968132295	3.255470080564407	4.201512452159409	5.081178518807842	
0.09940252615042054	0.1276048830866678	0.34752188179188026	0.6751992220522106	0.8934988419136768	1.441896850555561	3.1729599809735434	3.984267888618524	6.433575344990645	
0.10233660989204739	0.14233436509587835	0.4339315113394715	0.5843292360178534	0.7470994410494395	1.648575039674918	3.3657721816846267	3.5794883879863666	6.5961462208976895	
0.09284878114158963	0.12436857734900131	0.3962866597524152	0.6870062916846397	0.7934189303133429	1.3665783187425713	3.2635424218816502	3.776905931907317	5.81049934560751	
0.09769944781353102	0.16470956379336746	0.426896420757259	0.6739925081989405	0.8834058637028667	1.2936750453405745	2.704191627498746	4.300359700739746	5.374828792985079	
0.09271095539860956	0.16076370058261655	0.40555816970291714	0.5842750066646746	1.0407804918610146	1.3727219438533387	3.184261597438191	4.363470969257007	5.640106425264506	
0.0881439133535349	0.14127431044475255	0.3526762031450399	0.6036882378242833	0.9827677136711582	1.3908616714140782	3.1919635509966193	4.898624678197519	7.067736093357993	
0.08433735532387382	0.14670574959469385	0.35150724965712055	0.6333897040071953	0.9309597426120926	1.3459119928321364	3.3957250721370498	4.424733160588786	6.864798119258574	
0.10469649914640287	0.18912463977715913	0.3662785941650203	0.7094828292186944	0.9695317846204738	1.2569694676540994	3.3080660917738327	3.5119574834674725	7.2776685331670095	
0.10352909579428766	0.1767949593467172	0.32658574914027877	0.5457176334194831	0.8217538391012903	1.279360166430449	2.865719519421107	4.796300877565824	5.202319759539405	
0.09282845923288749	0.17850472970741277	0.36661904709288085	0.6668586194360989	0.9474507209779544	1.2898978855249068	2.914708114433754	4.213345074824232	5.732057471373956	
0.12110270156247743	0.16586421316357977	0.3844156744287281	0.5424144343964266	0.9190190584960177	1.4334325389579519	3.5112333952088663	4.23554467050958	6.468716498243716	
0.11496892372259726	0.15288362108769776	0.3945207329864466	0.5478969467241929	1.0292391053752474	1.7068286687269432	3.250967336130422	5.0416153407256274	6.1794671622221085	
0.11697321871334723	0.1429745815665501	0.36648817993530636	0.6747446162085593	0.7666845599110117	1.4022628125207013	3.9754393715732257	4.2341078078856125	6.111876334051699	
0.09087898174744885	0.14492278373858827	0.3677566472636296	0.6907308761409922	0.8631325952605386	1.6186587018243157	2.9475672108143947	4.401351384430361	5.992231080575984	
0.09585570863570313	0.16257068039599265	0.4450911372706112	0.503779331366354	0.8697383431008753	1.4767939928843274	3.1590768528009945	3.7674931312429574	5.488845751441002	
0.08506199279939046	0.1392119328799294	0.44310562645304213	0.46912296132549697	1.0362257296143618	1.5602308916693646	3.233492290085377	4.734641099212055	6.389272994740912	
0.089415246496161	0.14831333873872649	0.3482397090818027	0.6254019617587714	0.8511617722059186	1.6753921633919266	3.6382402799454425	4.477361919940277	5.3356150623947185	
0.09662817364089188	0.157883195443789	0.4575140374956722	0.5731867768512472	0.9871031655928926	1.5192774294627747	3.198660032659744	4.85535424233019	6.767758089027102	
0.10761188045459569	0.14320184012954992	0.409631229390102	0.6103740822581821	0.8433109434328293	1.390989193409047	2.8474538097345268	3.6934170350138005	5.648756356851532	
0.10585421540084072	0.1656717083029374	0.40366453835998556	0.5711543638943032	0.9552258424994159	1.7645168993971807	3.7421767647375104	4.522207895226611	6.055697281376175	
0.09129403284470401	0.13549938685592375	0.3750637639897676	0.6056157499183331	1.0173789275628145	1.465621630759446	3.392317065069942	4.8831213819352115	6.227390084626656	
0.09480727312167536	0.1607429729873404	0.39547334865334294	0.6700376436259926	0.8541577744178211	1.665208941390562	3.128409877970765	4.164150472305692	6.29618148568135	
0.11185629943979612	0.13766226825944733	0.39990747026666446	0.5656603543056772	0.9491071071148905	1.6540548644770001	2.9174764956199457	4.2315807745994105	6.258147415478217	
0.1038290690741327	0.18098122575818254	0.3576228434689775	0.6557736930872236	1.1152596060917264	1.4539356494666769	3.2045608631337066	4.327829787892201	5.652223541917957	
0.0951150094450342	0.18410328224481912	0.41953817248431496	0.5646262203704179	0.9479224521932129	1.4299897087177302	3.205501164991896	4.955841834033948	5.999335236921327	
0.0934156355896015	0.1741977153001956	0.3674890626472518	0.5926094293955292	0.9409996645872165	1.458629218269401	3.035407668315721	4.426038486581267	6.6676947730261045	
0.10861876241439519	0.12079392515722609	0.31939086085773793	0.5425104620509569	0.758749002064443	1.244718619832512	3.3553012686281543	3.9787915137025527	6.242918131750653	
0.10227889648886557	0.12984713544940688	0.40315650444752865	0.5361602463254905	1.0116135568658564	1.4597867015793853	3.3982162324510647	4.450919878658292	6.3202072579873825	
0.09270331875505701	0.15609816615326297	0.433522879660099	0.5888788199038484	0.9303549899773608	1.3460630350985638	3.7117526498098146	3.775145406248777	5.670948131968553	
0.11697606260472349	0.16782021233826017	0.3811100224718185	0.5252536054752377	1.0360097270081854	1.4047860874917797	3.4386468241443993	5.168689114149531	6.913618669451187	
0.10376588070204407	0.14697214421074495	0.41499391212461245	0.5457688408217549	0.7824305872489884	1.603485591859201	3.4009646140854928	3.9139851040464593	5.580120259798936	
0.09085085617775929	0.16456648568364593	0.39127419532355107	0.7073662856612571	1.1075802110681472	1.7124373161027262	3.659011448673619	4.8877562303397495	6.490694834119209	
0.1037797348916353	0.16760061266764986	0.4069935132307016	0.6224805653453346	0.9200358132098152	1.2769860633025254	3.4812914680258484	4.135495416052534	5.581181484116556	
0.08623322000291711	0.1475171278296793	0.37113183527980165	0.5924259057824449	0.7851819586824912	1.6071106079938127	2.972479917270348	3.5773279206150095	5.804806047932068	
0.10364116893833684	0.15506934886239176	0.3855928016002167	0.591917353098762	0.8673955368107492	1.5366876605257347	4.022599238009364	4.550248480188416	5.529683369654115	
0.1122893238502438	0.1348877114856007	0.3015277052695658	0.7134960391812847	0.9573859431700253	1.6561701312492085	3.1809876393656613	4.493084825363846	6.453174332617101	
0.10445575694027157	0.1347162163639403	0.34609681626489774	0.6203647625487242	1.0018102972261897	1.2726170743168979	3.1556322149574405	4.164625884996404	5.242928282901606	
0.10051692547536784	0.13859882210666957	0.4080921613358379	0.6657439233030916	1.0155881866347338	1.5278007146813086	2.7194360402386537	4.881150042498299	6.708229235877138	
0.11292322934594952	0.13392248655254257	0.3832950732545095	0.6081573206647616	1.0744513093374446	1.6432652082621464	2.902627226874783	4.478063512068393	5.335099066755211	
0.09489309529427671	0.13325248391401784	0.38798574828971616	0.5473291742072061	1.0306547836208777	1.178882130605042	3.4014280988005154	4.774579468243836	5.2382183447721395	
0.09705882663385577	0.11257465737322198	0.4361229025730144	0.5544148509473336	1.01816910616968	1.4818088024616602	3.705968938420548	4.632041623140349	5.781791169634602	
0.07695700961334527	0.15366910049104401	0.3593702380750693	0.562982024502781	1.0423038017151407	1.523271153388833	2.9426198557230667	4.485015847428518	6.010895135279253	
0.10977189019192346	0.16881946197492043	0.3679969222114919	0.5659934530932536	0.9445910977188999	1.2869664990471872	3.45716246394275	4.254349211392164	5.931254362729432	
0.08871711634247481	0.1314026867049709	0.39105471745077536	0.6750527537260075	0.8337076346696177	1.7052596418470087	3.470408115155037	4.62409021538189	5.973152861042728	
0.09359666422092378	0.1629939080490291	0.3833803315608536	0.5625215638429057	0.8142295357262873	1.8166759310661615	3.8296665891701873	4.515931866094209	5.841913987961972	
0.0983686410065965	0.17935806254489153	0.38234987559237316	0.5228885272554014	0.7851797599044783	1.3273409765827509	3.301037114928763	4.367066324007361	6.24611090616367	
0.08141777569465232	0.12820886590478456	0.40239475146704545	0.6775023952779902	0.7528226812811606	1.3371474143078177	3.4496848538583778	4.396152946768231	5.805708507432045	
0.0979417904118441	0.15201203747442946	0.4080263734598439	0.5782830806345469	0.9867012880318945	1.4672811571642852	3.4168171757740526	4.741884870365387	5.964508394027774	
0.0987161219806316	0.13249649295701696	0.4096312773041346	0.5766119218882206	0.8338140521540803	1.412215525108635	3.3786324288809824	3.8606464658214734	6.004796402285236	
0.10320775909919103	0.13527239976420527	0.3618250809552679	0.5762907318182341	0.9821775963832853	1.3147510465871577	3.093540828361238	4.4490288824997934	5.9917588470270395	
0.11011520497210162	0.1553885491111644	0.3895815499553703	0.5030711351111075	0.9803238688290647	0.9396640257572932	3.144545956680476	3.8276247176081357	6.209123040520441	
0.09325543779590842	0.14575044504489695	0.3963365493899961	0.6517650858056775	0.7191409222366374	1.4371857118591664	3.4155475651913525	4.28436120904073	6.055302066918631	
0.07575198411303535	0.15395361286347214	0.34203471704006555	0.600937459122304	0.9101415883019129	1.402873920066061	3.308218230825728	4.611193032296809	5.209985329266692	
0.09728558903392029	0.15233667803497464	0.3576991185408153	0.6036714705660341	0.7959959693793232	1.1278543269391466	3.1293136319737163	4.487133860645073	5.712607306155621	
0.10175528921808175	0.12263656210631321	0.35225475994498073	0.6783465956351635	0.9886872210158172	1.5102313838749921	2.9356655561122937	4.26087739147123	6.285794039219421	
0.08239033018862948	0.1575790859585392	0.38989607573338947	0.6014192332353643	0.953999813772245	1.470267375786455	2.952757834112396	4.694282441977565	7.035725553492715	
0.11439841159312095	0.16656294085431725	0.36532950138816517	0.5913956935903657	0.7496384481844419	1.0122472698334937	3.585927242290815	4.526645105286461	5.43554356114163	
0.10171548732278542	0.13751887657915035	0.3608504304584653	0.7011289583438968	0.9199632391182241	1.41915296342386	3.3444970340119338	4.190226547029763	6.036030024820937	
0.1025148543704747	0.14570595719967175	0.334489612099301	0.6507732379412174	0.8922351875272825	1.4431656290711712	2.9097272175033186	3.895390948020534	5.500705256793754	
0.10424176266681451	0.14990039133357685	0.37911053150836904	0.6535322763286044	0.842779328742106	1.549396822824275	3.7507555530671426	5.157982514074234	5.679087211411629	
0.09555373505335224	0.17063592127169716	0.3926809961900583	0.6034911328349907	0.9357732136398708	1.4442202975105651	3.292177860526294	4.014453477857672	5.893079897494377	
0.10111700837461923	0.1315288314138048	0.44448160721842245	0.6405575942582089	0.8442974951068817	1.7810610324750424	3.1888717343964945	4.6086544053461616	5.827651805350358	
0.11887988943103495	0.15528212931496163	0.35572378662266124	0.4395959614507548	0.990918945081588	1.589931718533256	3.0492491910381174	5.242110313080342	6.297438305628205	
0.09153069081088658	0.13940874230614506	0.3518659661869951	0.5156782794847887	1.0129976151423798	1.23695194067145	3.214585632559087	4.505488071722981	5.880908075940149	
0.08835698850488888	0.17062656414739594	0.3611319506939295	0.5964667567936278	0.8017638561426023	1.4028905028947725	3.0865372736525845	5.293295923106884	6.41847350727304	
0.11718570439280894	0.16549318708182373	0.37373563240859714	0.6679082950747558	0.8934493920528683	1.3681502177110951	3.584912230277345	4.17148745159994	5.921577364785825	
0.08407881088803655	0.15155653615718276	0.4038057061299617	0.4939751760085701	0.8634316403474065	1.3960325433764273	3.540015865060502	4.532076765891389	6.121428847704293	
0.091980453043401	0.16989028512270454	0.2800012637427877	0.5921824488897113	0.9604924117538565	1.245709052541043	3.416630390838277	4.856618590089464	6.197339306544739	
0.0980691824832624	0.1635090155729718	0.42043717661151025	0.6766969091656131	1.0282874458596512	1.7152429824624842	3.7323767495292426	5.048057219364923	6.82720966914531	
0.10287631216766907	0.10066264373670099	0.39282537450275873	0.6172505857119616	0.9485012786085628	1.6347137624718167	3.211436520568633	4.758471650509725	7.011847486411753	
