7	54
1	1	1	1	1	0	1	0	1	0	
0.11049474740807469	0.1431555010385538	0.4104080908455709	0.653486388667564	0.9164943942105847	2.21084440109997	3.7408738479505756	
0.09342082131843868	0.17357894592881432	0.453361938503848	0.5170744423892202	1.0303187227439583	1.9840346919435923	4.326241274833391	
0.08476480824084986	0.14763725816310613	0.30328569282114015	0.5558939154139511	0.8334600767004338	2.437762068235748	4.174429056645927	
0.09651464005115049	0.1516308325385511	0.39515194912474394	0.5254361931374874	0.9399327942834412	1.9532236695782048	5.059662941301041	
0.10989238788244966	0.15816588559405417	0.3074721925267507	0.559807578304356	1.0043364665378578	2.083598145350443	4.534202570010878	
0.10760144162307646	0.1645911626623329	0.3683092142823343	0.5985030342037688	0.9915500669214712	1.7622620956381674	4.802968817436847	
0.09443693767147937	0.12684677079627873	0.38986201755622724	0.6469144939333574	0.9061049297930635	2.037226355871773	4.232867191801422	
0.08373428966645978	0.13070438456326716	0.378279219789075	0.6077958570309926	1.1193428487031676	2.2184735271527605	5.19426317575899	
0.09629710915763383	0.16164210634463938	0.37552442345631004	0.5829412947131265	1.0181731721691143	1.9509404184581756	4.8572315945549125	
0.1136573111252391	0.13562935968180728	0.37656857646017117	0.6439837929587789	0.9333547481090123	2.172116995977369	5.059047581668833	
0.08595503607587923	0.1276735876681491	0.3841854125942561	0.5549793682121359	0.8817929607450004	1.6874893497544734	5.664235775578341	
0.09136953785651451	0.11876919417895945	0.4190618283676151	0.604905712446962	1.0247489733761572	2.148263532876794	3.872950378717584	
0.10260259623694623	0.15873495587977832	0.3640531345365735	0.6975015115916103	0.9065877278239489	2.180407268979729	5.275737170448255	
0.11298285052921549	0.15886578096316556	0.45414369072749766	0.5535549234584851	0.9402034099506463	1.8777317018974042	4.892769581627041	
0.10402538917392641	0.1459436352640597	0.34462852609691025	0.6284851686459286	0.9520265617730169	2.2950599140665466	3.7998434984069602	
0.089844221451114	0.14737106232068756	0.3715547160198199	0.6612840017153278	1.0300968891486493	2.165443529860146	4.835564140038383	
0.10047976269181032	0.17346489117400277	0.3837161388321886	0.5753678386641786	1.1554252297031113	2.011164305215733	4.16442411488762	
0.10100872375294423	0.1802157401205788	0.417735989021136	0.5982361944512622	1.0317422306293103	2.1266797314390042	4.244568733483916	
0.10298534569613832	0.1542673090540368	0.3115891140530495	0.5617084168088636	0.8904037225818591	1.9139292324706492	4.194284117631663	
0.0979573780564513	0.14246490764509165	0.33504445213882506	0.4898586654234146	0.9985854693790381	1.8956978992405185	4.257843760577058	
0.11067810705719727	0.14145271245942728	0.34801907819338695	0.6519236600227044	0.9568165646349887	2.1851570245426255	4.69684988228226	
0.1117061710756421	0.11802705787195689	0.3681179625050092	0.6529137383664477	0.9332756339326561	2.033634414656248	5.2803481592658486	
0.10308895305459867	0.14597011076976127	0.3682326033983863	0.6384814204536717	1.0346709525089608	2.1074027493940437	5.234246200520067	
0.0920903771608083	0.16249648558604207	0.384130982902163	0.5859620950016957	0.9083200185024012	2.068457030037672	4.4782807253180055	
0.11216409499923462	0.16172689613237345	0.377752528544517	0.5905112975437146	0.9557184809529295	2.142472309482693	4.494608454491437	
0.09607817870155104	0.1593579366982331	0.35008601174023257	0.5850403407576428	1.0261863654943095	1.9939548111228087	5.407182901143864	
0.10289744778765918	0.14096342488561597	0.40719283132929734	0.6223416140165884	1.011254729889713	2.0858579402613135	5.276794330665993	
0.08048422405902116	0.16329708319135797	0.3982871748857406	0.6696468863122438	0.9532115528607366	2.116216586074462	4.58673352822624	
0.09758673424583429	0.1559717506554966	0.36725494645707707	0.5034443661585918	0.9487381379166778	1.8750779047526533	3.782078925642284	
0.10143651919414959	0.14616652891091117	0.39588468056970183	0.5542097971225222	0.9738033281080289	2.0097629506555643	4.270100346365575	
0.12599148420033088	0.1467339774376927	0.44497655146923426	0.6783404109703082	0.9036875092989676	1.7278868704652128	4.907549625315378	
0.09271577371691665	0.15240468941672633	0.3811734825397436	0.6497115948619986	0.7751923443332561	2.040301729538232	3.9545508446978723	
0.09960891508025224	0.1360265356016331	0.3717994636691839	0.6266374313216445	0.9398638407312984	2.009363598410328	4.73343100875058	
0.10244749306993084	0.16112069542722027	0.4192623515147935	0.6053600679101726	0.9000838911513231	2.15443746944723	4.396921047999589	
0.11576354219039571	0.13144498722287426	0.3763210906992292	0.589365793252039	0.8269492751598968	2.2193720208915115	3.9742605244483444	
0.09274909626384353	0.176852257056789	0.5048167549084277	0.5947703454928542	0.8533975103293701	1.8002938282951209	4.714354671620283	
0.10951426018496846	0.13687523722512276	0.40160826007342393	0.5752464913463107	0.9034436942341693	2.094994137208059	4.475140933025021	
0.10328198330447531	0.14089525487871488	0.40980503515268907	0.5089946895387542	0.9638647022076391	2.331598602812953	4.431237724182356	
0.09444136128171596	0.15372079726548912	0.41500330959257864	0.6041837776119333	1.0087390949118475	2.0144213789321235	4.9029776323873815	
0.08321319064800063	0.17110150217300785	0.4052391588427552	0.6527120101732526	0.9025790816566222	1.9276173808040495	4.1119926853659114	
0.11331887902310181	0.14132038973195526	0.4070607070214561	0.5646952303287408	0.8834552417847927	1.9060876776864835	5.3619627178574865	
0.10134952818116016	0.14807569629100076	0.4074416469825858	0.6374497088829271	1.0109041850244473	2.067563768661578	4.313800136805462	
0.08304787093177607	0.12114796983406928	0.41712995578773104	0.6037549486241235	0.9161471006045552	1.9268131109786577	4.416668832846922	
0.1025916217631297	0.13883180225661904	0.40702205484779364	0.6053490427199505	0.8743205860250779	1.9430472087244188	5.106925497218185	
0.09893534134690213	0.1209692926278095	0.3254306843117695	0.6195195224124252	0.8354599153143676	2.331597670444361	4.290137470745221	
0.09446939182107685	0.14668869005803487	0.3613795546325527	0.6108049794434784	1.0592718748809298	1.9789397903313635	5.277145454786575	
0.08826795441463997	0.14686604130590092	0.385204158768553	0.631875853382199	1.0054930063792114	2.025125243940439	5.0686140654860665	
0.10736592451424021	0.17580048302023812	0.3637351133857953	0.5684073333121888	0.9668047076280634	1.9534768182127147	4.196896773851297	
0.0960948411065287	0.16006581958847188	0.3299709225517339	0.630382942396771	1.0177727626577773	2.193109711857424	4.5917115863947275	
0.11110659771269299	0.14724470688318508	0.28790232702586044	0.5708389984255157	0.7704162604684568	1.9781219792435045	4.973413774200818	
0.10147360669757693	0.14976214966620316	0.38382875146312073	0.49375839209982586	0.8561821000951905	2.018066254406893	5.470211680005448	
0.09583870226453663	0.12937721165673607	0.3222313086060328	0.5988724234344464	0.9717978814952721	2.278982519241741	5.339448875600389	
0.1013600460592709	0.12585652503619787	0.35837014679341406	0.6048850075957235	0.8794434323302162	2.169021043065871	3.7107915530683044	
0.09357792392556351	0.14056165756714928	0.3946131775536853	0.5707625654952314	0.886843406143116	2.3144490197036554	4.568188318341783	
