5	31
0	0	1	0	1	1	1	0	0	1	
0.37585267942691053	0.9778923616709344	1.4148080739267268	1.9681080781338012	5.817421726465746	
0.37201875658850764	1.0272178872216282	1.4666194736653686	2.017280222804041	6.630258858711362	
0.45870115548864543	0.8301992372027226	1.58729317596267	2.0950893626233587	6.239948630907479	
0.3775118596617832	1.0267383128053513	1.719500254270014	2.3799767173898467	5.266758576442667	
0.36588496707981755	0.9332444549082389	1.4499621121886226	2.0531350834428825	5.996571452794933	
0.376120174749516	0.928340719404074	1.4403315978182936	2.2858346679367907	5.637675739249872	
0.3431977928846214	0.9441974015801191	1.4087283376638813	2.517585003338755	5.67765859280018	
0.3601533720568195	0.9231659742642917	1.5830211366015552	1.966572763652047	6.032959930938567	
0.3094748279767591	0.8780896988281662	1.6399283568576983	2.1210866915307003	5.310203800812415	
0.3690745843743061	1.094187357634371	1.3615892953734274	2.0723121023117566	7.304846091128573	
0.4629209694110289	0.8465532052616519	1.3470501228801208	2.1836492594163284	6.581365258397915	
0.4191987827399684	0.8637787103742023	1.336180808542431	1.9934388458744707	5.379433324445716	
0.39739736126687525	0.9257897959425018	1.4817814234657998	1.8419761766629208	6.361004378162946	
0.39775437660898144	0.9327301858048724	1.3580789060454577	2.1805219588814713	6.62777964644067	
0.3551544667126193	0.9465758420220922	1.4387585105535696	2.1318163415382614	5.951761680249721	
0.39603911568455563	0.8865013267987957	1.2722057198465242	1.7454896595980425	6.615295720631783	
0.36998641347854894	0.9300280645814993	1.3167840945343992	1.8338597470851974	6.629304066793028	
0.37529717396862006	0.9901337560553073	1.3941070963527673	2.324929315802082	5.952987952342301	
0.386329833364658	1.0125920167030515	1.5362743245843433	2.329034728434714	5.7715649986219475	
0.3847875448109076	1.0071154510223483	1.4546160509353256	1.8849972404475321	6.540981195301146	
0.39959112993372575	0.8613455946340993	1.6247794136580915	2.196652385513563	6.678912897004761	
0.3479556904595574	1.0407450751189138	1.4551451163187261	1.8488200565224666	7.018272368206442	
0.4060467255397274	0.9461295422585115	1.237211461111169	1.7993019147057583	6.533680103224368	
0.358048779750833	0.9480918783824195	1.2678946216546356	2.0263177923738875	5.835590767170975	
0.4154385572215221	0.8526174170493219	1.5686455891191484	1.925636290771534	5.606574944326533	
0.37802793420451497	0.8287436428213317	1.2634002108010474	2.165734918234121	5.793194799747837	
0.40361192647686006	0.9784865170002216	1.588398485206994	2.0800164569297173	6.502863866436236	
0.421730628611479	1.0420472042010216	1.5344340150769227	2.0904885513912768	4.641485726515732	
0.36495875940721817	1.020449860935849	1.3484714668356348	2.477041031111382	6.932445176032703	
0.4613962109075002	1.0511863133816508	1.3493515856919762	1.902544843145198	5.7201161333151465	
0.4339256132096186	0.8881223297927653	1.4370264018966683	2.53751634064384	6.543496709872766	
