9	20
1	1	1	0	1	1	1	1	1	1	
0.09834641091392739	0.13607727808143272	0.36993854612964117	1.086732875252825	1.5427775612150982	2.578929464314103	3.4579966745339736	3.899365284055831	4.853434705474129	
0.1024020528500175	0.14965762931886348	0.38021450128187134	0.925257682084374	1.445299437066249	2.1040890565881076	3.4041048095230604	4.66930816360175	5.781625874998808	
0.08868521282646157	0.14675954445144318	0.39285053346994225	0.9783279904585327	1.724995619041879	2.3499628212832366	3.3439266867563484	5.048907133946321	6.312756015692028	
0.1117657491649682	0.1486625929101375	0.3684729760457836	0.8009848996192346	1.607568043312848	2.1146888247719056	3.1115568182060853	5.26224274740088	4.908222626258912	
0.09701002974429077	0.15094588748992052	0.39197512025546916	0.9934651444335596	1.4773020538629265	2.0986342902634014	2.576310167331552	4.170046653105879	6.343067644163632	
0.09865806475817308	0.1359005567821374	0.3800212108133587	0.8275640349225136	1.3374100396748556	2.5502037581047996	3.3419753934882706	4.469198055851165	6.389935025646934	
0.10096717748659285	0.16107569937507235	0.3476470086287566	0.9785411385129078	1.4457254911320725	2.352780531366256	3.356190781665335	4.455832506978486	6.037705394937912	
0.0944116888131112	0.16585973758799186	0.38597858778841987	1.0168160296812156	1.40594928528005	2.0760058143142364	3.396849898418724	4.644034123469393	5.283885342323108	
0.09989729032205105	0.15712577888160295	0.4560437969184887	0.9472603741305837	1.504982827251155	2.3442426322666234	3.4655336720920467	4.570121617148944	5.723193018616121	
0.0978316315274575	0.14996014467721244	0.35370806079697903	1.1205421268968296	1.200762733923082	1.7962796189168904	2.8936451451486285	5.669066895904354	6.7970548893680665	
0.09455846156765225	0.16066141168977366	0.3630005062656971	0.9163931796369729	1.46205910769659	1.9489882683219932	3.3489729302041678	4.414137627267612	6.3357238877243205	
0.11414073551512215	0.16783358934914683	0.4214786625645481	0.9585758068191386	1.3607910384510082	2.0425785380026102	2.911345150125287	4.3077075377075	6.548565819529806	
0.09127409645109263	0.15483039181968897	0.35691333054667923	1.025627810096049	1.4350762617812447	2.3644830773289645	3.772321746600211	4.162426581494009	6.363306648301289	
0.08887014381850118	0.15254583503659358	0.40610451670951503	0.8163765033965014	1.2465349237557575	2.189099141434018	2.8373259808093896	3.6420705416880645	5.663726219332206	
0.11131193281792716	0.17571540932446644	0.43248990575019414	0.9321920685058631	1.5622962205176976	1.799094586159662	3.226803034797729	4.64808642576012	5.6972431283583145	
0.09299987789686984	0.1694867887047297	0.4007552113580898	0.9954135650897686	1.4133692974818395	2.222216707545484	3.1392075940262347	5.121970574282161	7.344862729527067	
0.11234845105612085	0.16953831728689686	0.4286987509149895	0.9387210997283172	1.540684568895519	1.9571185539531033	2.8115161095821137	4.3373174546520215	5.375313673023264	
0.10000805822164544	0.15188718907956247	0.3302717807461276	0.8022495857650116	1.1777956599199129	2.4155884660006213	2.645962725762748	4.395442591525811	6.352034462816448	
0.06258841419500792	0.14504635461766108	0.4051202969120677	0.876073986588048	1.4349901443314923	2.2868961421129357	3.29894182640446	4.6623472625033795	5.821989213446296	
0.09393654306695821	0.16740404415538762	0.3681436995741311	1.0136385629579492	1.4553136682623466	1.8993003837592657	3.140243448428564	4.8306869964314725	5.9547607114882695	
