7	84
1	1	1	0	1	0	1	1	0	1	
0.10464354261170586	0.14695518677384745	0.34934815089410576	0.9499017313802618	1.9400075153395855	3.29166465109133	6.028984460306373	
0.1086535820243641	0.15352389690109822	0.3072138998880808	0.9718627589280597	2.106873339810019	3.327277491496671	6.1599400691369866	
0.11108863188742886	0.15630119598430636	0.372504874239978	0.92703529257321	1.9834509546886405	3.2766800722112785	6.291481633644294	
0.09514391007849754	0.13368048617782738	0.37238293457414523	0.9376114333035422	2.2384672822412823	3.001484773315565	5.800505824031232	
0.08010611639044056	0.120044154886292	0.4286644963301049	1.0282826422550777	2.1027653573755227	3.4612699404129463	6.115326973767367	
0.09055453303623681	0.149629891660059	0.3769872667147043	0.9705956767494031	2.3406239841992393	3.175448914996019	6.270022413836951	
0.09113903813877482	0.13096540404011103	0.46030429886745955	0.9297786783635815	2.4429908245790872	3.0090510464316274	5.085092597780033	
0.10765209758684376	0.13086033132295505	0.3125647625059379	1.039683849898795	2.809593082166017	3.2358462850114686	6.059222634548341	
0.10889724142980897	0.16162301187326047	0.4299498524272628	1.0627832752358946	2.2058382055792545	3.472150265930941	5.758015997894432	
0.11155889385970662	0.1420837206365353	0.376576398616366	1.0131959770931882	1.864213525552394	2.8046122221929206	6.761190912193065	
0.09542041968393253	0.1400037095450097	0.37450139037109953	0.9801331114336043	2.3282910321200316	3.207969932706531	5.93575063279739	
0.07403705692228464	0.1748498533629114	0.4016280873817934	1.0515111700456132	1.9066653662200104	2.9508538731834686	5.569610157024649	
0.1172831517425958	0.14188475804123657	0.4149082597980307	0.8275449139381726	2.2701454854244014	3.1040983452945605	5.06695895119852	
0.09993225314083243	0.16312292614769544	0.37223547439539295	0.8197544862458924	1.9057790447023157	3.13111045511704	5.957382593848576	
0.10691165370829742	0.14452742662943127	0.38381419899273633	1.037498333414234	1.9387426132508323	2.958622862791773	6.648061574801749	
0.10362315900109198	0.1340694889328063	0.4212117616380957	0.9895310716538342	2.124350828505326	3.50163493316432	5.955407944792885	
0.09133070315751868	0.13913149481470846	0.34931257744891125	0.9663452091940549	2.0354387282843183	3.0860848469809854	6.5370685988054245	
0.09744927932072439	0.12200223782237306	0.36196697321330096	0.9230588930831988	2.004231439366892	2.982135584127205	6.648540068314821	
0.08718605580718664	0.1483962810939027	0.3763610565161921	0.7974678179712819	2.089614765325607	2.9747769761712393	7.194131575513817	
0.11406596474308904	0.1459803622077688	0.42991206133279547	0.885261959209496	2.252183986847394	3.1365304180282454	5.870792964968703	
0.09082198867384646	0.15787324086184698	0.42706075931010296	0.9106646404587531	2.1231649782431834	3.778100752479343	5.676644581578128	
0.1087104894129948	0.18580450995547101	0.34000498686558334	1.1226851221762915	2.229172884302105	3.153981866284053	6.389828563333886	
0.10214881860198566	0.14900802380476563	0.38334577086344557	0.9523287150415958	2.0182837822340494	3.4141214168666045	6.549282127571722	
0.08922544849525411	0.19100899246969555	0.4187788933785655	0.8916464548621156	2.0270310397658338	3.7468236902178758	6.604648282516445	
0.10114872317492203	0.16797472441814065	0.3929759410709671	0.9915710377796287	2.190936468544375	2.568280667900634	4.659343509027998	
0.11212191710857651	0.15568729465028538	0.414132993171536	1.0952780703949134	2.205732735045297	3.866381706076884	5.887146100362286	
0.08752844235426765	0.15767319928065485	0.37667658489756645	0.992965220427397	2.2114985832628102	3.8060597082064502	5.569565621243748	
0.09973894106433084	0.16102627239046846	0.3903410571979935	0.8604081922788447	2.2047620454496912	3.5946626703394196	6.67877907872524	
0.10717021907103458	0.13638591373255227	0.35359117980440574	1.0298967360416516	2.3851619801777892	2.62718928604073	4.831965896780478	
0.09688014790852938	0.17125536940798605	0.42717574565224986	0.8048926339662967	2.3488840624657628	2.9669689928435794	6.887996585832749	
0.09438793831751922	0.15107334508874082	0.3482636223485289	0.9368125145558595	2.1978318226537503	2.921633960991139	6.32624572114811	
0.1033125392923105	0.14457215497773218	0.4136027591858259	0.891491912537017	2.0986012995401553	3.0848917463388785	6.008074049391428	
0.09656928632378953	0.15094082256165314	0.4127042281556715	1.0361158685167753	2.0292783534763545	3.221659982788583	6.534920910264438	
0.09801858574923805	0.14161218213488036	0.3978716212528903	0.8287986837909804	2.6678924338146306	3.2190754409676963	6.022636499926954	
0.07481047408736015	0.13465104522998647	0.3414579951561929	0.8716057820968318	1.9474638310233638	3.1239713294509714	5.721110255940731	
0.09946377659981	0.1805200081312979	0.3927105555239059	0.8533537500265588	2.2373026575544506	3.3434177900979614	6.332050501857285	
0.10095557457956035	0.16653414169139308	0.4136678296524163	0.8763857483802958	2.3890821560811455	4.056587778136359	5.3095881958983835	
0.09681169296028899	0.1718105633242508	0.39387976393296786	0.8604792237039052	2.1744776090670763	2.7660429577181995	5.780140373748375	
0.11074596854191172	0.14967920476967017	0.3951956826263365	0.7689302758355188	2.2438981652403784	3.0974322678913357	6.1883941205737045	
0.10269832652698976	0.12444157426803112	0.3940663019966949	1.0297965920319805	2.3093283605388617	3.9170573842954743	7.044768098878041	
0.10129614227108644	0.15733059099183366	0.4137652079039732	1.041193556133127	2.018032883271693	3.1457891858832157	5.580798079296988	
0.09029888542865708	0.14794481261822404	0.3832757895154275	1.0375138119992784	2.0971536678048017	3.653660268135203	5.783364234911231	
0.11170874556126958	0.15896446856412175	0.30914256007035107	0.9271091675064685	2.312770202930411	3.3503949715688175	5.543819400583988	
0.08700039884879912	0.12418286993707409	0.3682553208051734	0.8398911563814009	2.041304669997525	3.2658769251685817	5.490433647434018	
0.11706862796774364	0.1106398606236488	0.37726487243453	0.8012660513163149	2.2294651888367603	3.2413713983015837	5.928873332606473	
0.10915834759671594	0.14570242804037353	0.37517495275343515	0.9588680430160506	2.095582178174675	2.6553404908483635	5.34898786922216	
0.11712934189778618	0.15059809320046189	0.35299518189193685	0.7197917277096499	2.4775764940838667	3.1063021174414978	5.056268521208656	
0.11175130147686872	0.14045818632023926	0.33292566830729275	0.9070370861550522	2.324113192857328	2.9389752456633493	6.097203603741773	
0.09115586057026845	0.14513341792791903	0.3381811593013232	1.0201713145348985	2.432339693864766	3.341241124004152	5.252288352333152	
0.10685868934524351	0.14223138962656115	0.34251934189881517	0.9141910170522846	2.099837473570934	3.131051308018394	4.678882811055365	
0.08352773047073288	0.1262498288093992	0.41707496667891075	1.1240713321701699	2.0843058183375103	3.40026910306009	5.756540960312254	
0.10502121841016501	0.15290200913289723	0.3843591669948643	0.9708992093759385	2.056410183640493	3.3831209322032194	6.957018005557581	
0.09619222390790283	0.15097455861584214	0.42703579567745664	1.035327161977354	1.8278339955603538	3.5092428296255864	6.0949859975265035	
0.09129736157864901	0.13932141098421058	0.4024531616931656	0.9186896049355365	2.1277632456792297	4.171888656305207	5.881200812205471	
0.11011014141443587	0.13467124190316235	0.40675471266288105	0.9290841775879137	2.428039592243406	2.894826332809444	4.673100279282048	
0.10009792768873829	0.14237669222529092	0.37081618745295497	0.7686363070826939	2.2456471185330327	2.847882091538025	5.424371835619299	
0.09189389873558716	0.145350485583023	0.34928003228070514	0.9681687957943856	2.1821446305523713	3.6622509480027645	6.556640989899568	
0.10486338918628879	0.18403108800288606	0.3511062812168768	1.0656266383941901	1.8707910806345343	3.1108900334576965	7.404690468382876	
0.09503067026770866	0.12773451499081148	0.3704639574801456	0.9051372708013041	2.1802482654144435	3.3723597153826486	5.927222079356076	
0.10216033175036277	0.13065464814845898	0.37101743418266936	0.8665260446860634	2.085103747404006	3.564120642899345	6.979194687364169	
0.1060634276642249	0.17242962751243887	0.3571162720347987	0.9388125605076026	2.4014291532040937	3.441449844571313	5.791365477632226	
0.11441241895622206	0.16735373690715558	0.3657543301763146	0.9957172511943027	2.231278919338417	3.2511109107873724	6.710076215456361	
0.1002120521894539	0.15285939982828475	0.27304397062172353	1.1082949938875442	2.310182582956001	3.9589892773186404	6.845387088040695	
0.09574999206289825	0.14608253743147734	0.3366350822208538	0.9726114511519349	2.2414894253646604	3.1526313812314672	6.599860999368261	
0.09565064061419377	0.14940019595769144	0.3119323718315716	0.710296213269481	1.7873908372179428	3.079576843965624	6.291466590502838	
0.09499154323353266	0.16051173503731866	0.33136653036850827	0.9928217427955848	2.1641190913647987	3.651555536927942	5.625349723629422	
0.09574201230982804	0.17114556610283205	0.3870342507935846	0.8612796938993396	2.1468433392947066	2.6967221014725737	5.56238127207055	
0.10191289338696113	0.17182748222491567	0.33002229963872365	1.0909734664290542	1.8818817518319033	3.546323443299313	6.530578606603233	
0.09315678154612927	0.17239480554653053	0.4254145587401941	0.8408064607729501	1.8013947984611798	3.3264781078230388	6.508587519600299	
0.09852172014329359	0.16615421810429476	0.43408076904245624	0.8875167527467097	1.54438152038183	3.693810516098439	4.818007422069325	
0.09184667407422131	0.13645128865512587	0.3732208220586217	0.8546735149640902	2.401630688525502	3.2590516220696224	7.306557836670741	
0.09538266994064169	0.13192641503145372	0.3981478649363705	1.0540086084132254	1.9701353371916872	3.6915841743115503	5.471458864156492	
0.09993229910171285	0.15587986784493493	0.37879611890294457	0.974246115443004	2.1613648573792696	3.232148506096398	6.014864170008208	
0.09206009701144909	0.15374560137175866	0.3532071033253446	1.0272153738437688	2.326118494903391	3.0506034452710202	6.596393224125206	
0.08463749125886647	0.12973623385601338	0.4321614425935674	1.0288031917716152	2.2640853338961646	3.242280609951001	5.651783608542647	
0.09279714051316067	0.1606915506077007	0.3277414427255956	0.8391556427490429	2.2418102353816405	2.9244863024024963	6.242009457581182	
0.08437703003450775	0.1655604302088447	0.3383317525833924	0.9625910457923287	2.0245705714231326	3.493359167442234	4.286648778237612	
0.09291108774052667	0.1423163769289415	0.39149314388585754	0.9328880398054069	2.2934200566966556	3.331873012001876	6.922633166364141	
0.11238713922396869	0.15675123626421147	0.4022882386029369	0.8747546460309277	2.439158014260911	2.496433031183607	6.005995873889518	
0.09869686496994079	0.16691382895077517	0.4556858617984567	0.8595937365702084	1.8113593459606427	4.136580105690835	6.2160394924624764	
0.10375110296055218	0.17053482597711686	0.3771881341255918	0.9742627508577383	2.0187962654316873	2.9603934716984766	5.799548220548438	
0.10175914897358479	0.14365541757731168	0.3133654793555979	0.9971647149271002	1.9929208728159704	3.1888911638678064	6.131790256517054	
0.10388819938449145	0.15464083149402122	0.37621667743653797	0.5218738384680107	2.3346171374491096	2.6170486922405125	7.095728568282082	
0.09693952392318357	0.175515243054814	0.3671999969647582	0.8513063588400114	2.3038140052367124	3.638998688924552	5.9897667321068795	
