10	23
1	1	1	1	1	1	1	1	1	1	
0.10608520552403444	0.15176744487482655	0.38306618901309486	0.6019755330424866	1.0606806268786455	1.4621521831428848	2.4007263645623187	3.268369927164566	3.9438219740988387	5.076203601504698	
0.11004234402960973	0.15094740288459826	0.4069285052333045	0.5846600674815831	1.053110561435181	1.393726536976993	2.36661924149985	3.4365763815454113	4.476671255798628	6.37798801762565	
0.09050805188442358	0.1415355729480376	0.3587078049389835	0.6025360336439802	0.8794014353939525	1.361131657765481	1.9840228318520112	3.511986958850274	4.918010883823416	6.262768350736922	
0.0937207702917553	0.14954186387121735	0.3749891911631463	0.6596006956622358	0.9361865373387751	1.4472542817981504	2.059098166808425	3.245226078202889	3.4477416447783984	6.914319902623256	
0.10684172041958584	0.13874962447835834	0.37111038489922515	0.5841205830870365	0.9896439844727821	1.5573506951064444	1.96949338540933	3.0908455972323137	4.367055518406799	5.76912493996374	
0.1019762729183992	0.15179160566694014	0.4150775574917737	0.5341617431479637	0.7705753916033724	1.2618413392865802	2.472998643458733	3.2456465381233617	4.967532216408099	5.527467532278102	
0.11104450540355844	0.15674088368661718	0.36618817712533147	0.595702351412236	0.9089769052350211	1.4389342829129892	1.8197722405179577	3.265524237265261	4.31401246346965	5.136531651064454	
0.08288429451304835	0.1440408173089177	0.4404235694910298	0.6690506100069641	0.9131716055432251	1.3314756403583194	1.9966778693098821	2.932698488421403	5.328852274971609	5.9412787066843915	
0.1049677847113973	0.14267477863644962	0.3606670042895606	0.6334232062398792	1.0590858645251426	1.43531944001662	2.3284894682245896	3.2047341179418143	5.0011575740417005	6.194247281245737	
0.10183468852137803	0.15239644104362016	0.36416609869704103	0.5449065343925285	0.9571428540886917	1.445334734929373	2.1363938044483097	2.743816289248926	4.830141929033977	6.378262035352932	
0.09335475887133891	0.13090948291326837	0.4064696767569216	0.5779856250656676	0.8854506199094457	1.5476436866572423	2.3961295282927124	3.24120696143962	4.81522608328968	7.410568931817912	
0.10814667761546413	0.157530443594064	0.4158423770217048	0.5541330700750949	0.8425125934229339	1.4005121728788235	2.1612989275034296	2.883871310774992	4.93729998632127	5.825371124853156	
0.09783391937889317	0.15403258393206673	0.3978455532448185	0.6896185798305511	0.9084121770875401	1.4323171378544366	2.1955239525279198	3.8001249823460252	4.871197146383185	6.222193216157299	
0.09946294616138497	0.1427581827779027	0.3766790504159725	0.6676947928676666	0.9415487681993463	1.2886257299769728	2.236617276056963	2.83242499274866	4.076845732838195	6.042518048893981	
0.095273289258199	0.11562724357104016	0.27953504272294016	0.5823893199266388	0.8151602177896502	1.3561179176301628	2.004075371064334	3.0035160202620625	3.638627460176632	5.780208657371112	
0.1022451153582855	0.1189635821748598	0.39186561305344275	0.5507191841006437	1.0094559621419288	1.4411858264982071	2.3441759926419614	3.2086523629455215	3.9842336422304387	5.636933893639684	
0.10600529419659024	0.13493376626303002	0.3672681560699195	0.4876279084266624	1.087880778908004	1.3867604892926058	2.236861763467222	3.445205566775164	4.472039450493726	6.193783566849031	
0.09024470697530224	0.15254511865751622	0.3608776878019723	0.5292495096397533	0.8513745328554547	1.271537712682806	2.0834180711175327	3.7084749940876254	4.849578145819476	6.0878452947734445	
0.10009666885598421	0.1705050861084019	0.4057233197917388	0.647503580922813	0.8971024504269387	1.3954828254373102	2.2056770803192105	3.350273345254748	5.08193481807664	5.135653256775472	
0.10136930345147364	0.15954704922965343	0.37534149686036594	0.5465791827766561	0.9174822572247834	1.2610202455628674	2.054463060906282	3.457153924726449	4.94526287183644	4.9052212971206	
0.08975785860120106	0.16742509970669342	0.36787356762226686	0.4598297420471766	0.9699213065676415	1.3404089014381844	1.9715601462945087	3.499282298482894	4.346236237191386	6.455293527511557	
0.0739536079343253	0.14757653098990622	0.32733132732204506	0.5307521333745661	0.9343336514523517	1.4331436142255094	1.9502265933991982	3.2430294363752674	3.9124930970333507	6.356126663308544	
0.10514585807083998	0.14820716217218288	0.42136066268461575	0.6527558897500836	0.9629061262675692	1.5307762944786905	2.1974545913860317	3.254954713120783	4.740492494514865	6.068921761533022	
