10	39
1	1	1	1	1	1	1	1	1	1	
0.08524131523786987	0.14228769194814514	0.32946565787148946	0.5907536584140682	0.8769646170657813	1.4922186272083606	2.216344237180125	2.967448702167019	3.5749621373630007	6.351400075569206	
0.10488714075719603	0.12085557998963539	0.39609818325983914	0.5795526654095638	1.0708693029750402	1.610734401660063	2.2756433318896785	3.8708615144736385	4.240905720606996	6.411275296775164	
0.11843405147765551	0.1534753201557664	0.31348663918108366	0.7020672979518842	0.98184529029809	1.4985325523413362	2.082567324259975	3.3328480487032	4.250102936501286	6.745182219510523	
0.09548341236471745	0.15982964655396167	0.39714064634966983	0.684535288257131	0.833776971393523	1.3474097225659176	2.3404592046321824	3.2465420652614845	3.8260641725885294	6.147072988608951	
0.10831336310189765	0.16824098590330086	0.36095295721457776	0.6340843825741999	0.8831940734249321	1.5911697745512337	2.057489409230207	3.38976950234523	4.533906977610988	5.441959020727247	
0.10093950852175244	0.15703814920071493	0.2826730543773073	0.5798790986304762	0.8747165364933269	1.2133959064249669	2.137243233635873	3.514632752019762	4.671948850332427	6.050303891311131	
0.09715332998514428	0.13755419184179649	0.3959334110186982	0.6028565560731698	0.7633230437633964	1.5852727373809066	2.5353209823516827	2.5420461249871398	4.226499273289036	5.782639278162823	
0.10353397435368115	0.13208537105534962	0.4410495104546735	0.6227334723521301	0.9158761554208042	1.6409525703808463	2.134312253625259	3.3997685071857964	4.6801470452784555	6.950904075954867	
0.0938326459558784	0.17580437974455088	0.35788759236678047	0.6078414196249716	0.9925861777792536	1.3653759671501045	2.0472634643060843	3.441358887624968	4.484185505442022	6.3128922354563075	
0.10916520318710099	0.16255429109551353	0.35515294757762356	0.6286013717180774	1.0097780775155627	1.2804425593683382	2.057355613392614	3.5218100288563163	4.734015311014656	5.609971363647791	
0.10736310772819853	0.15056916223709657	0.4325914304736314	0.6916409860448791	1.0045852601157812	1.375988940848264	2.2346484757262006	3.00973913793371	4.118407044375426	7.280007117852248	
0.09803077788313276	0.15916166625152559	0.40297536694927405	0.5989415855714543	0.9440434910413046	1.7573117737910942	2.5456552467787614	3.13280191803258	4.621459585540336	5.887116686552995	
0.09119971506886003	0.14045012633298226	0.3852100462912987	0.5478967497837448	0.9286191198214832	1.3224049036830354	1.92835103087434	2.8563657173055765	4.551772349924153	5.578632316757263	
0.0977393987136781	0.1401380017925561	0.37233527700074104	0.660232612481869	0.8851756400860031	1.2117260504511058	2.2969253002245176	2.6887417944004484	4.735660722503067	7.45041970983295	
0.09867905642344754	0.1170452653854075	0.3780661571243122	0.620332667640932	0.9082592754549068	1.1629575647965302	1.9336217402398814	3.7348518147366767	4.6323586493173	7.3754032140093635	
0.0862171702002133	0.12434418656213933	0.36316009924105824	0.668976166275315	0.8260873126751223	1.5849291889335353	2.2111476676774084	3.0685268466552937	4.439325946858671	6.412558869492756	
0.10427174918929161	0.1615927130874455	0.3753186374472737	0.6084916809263305	0.908280882074696	1.2083650621968804	1.8460792970774547	2.685110749999625	4.773201430598645	5.490210080316241	
0.11390073904114462	0.13657764812854847	0.38368447220764546	0.6047908601685231	1.1189208081773785	1.4032272263675039	1.993880280998281	3.99949776254076	3.8268935109161237	5.891380288733803	
0.08972626733694973	0.1526204063871956	0.38341100028388175	0.5106081062779311	0.9956850268772572	1.4789155584471907	2.2142589823523515	3.1415427371680877	5.094000393443585	5.393196986727349	
0.0998480540325368	0.14892349713951178	0.38044092902182186	0.6555305655573489	1.0049933384656256	1.4472017860559248	2.468709225559306	3.2413336310031067	3.7173624064872355	5.941344634151585	
0.1114741684409783	0.15866406480750736	0.3788398287375974	0.5156585191271915	0.9463232913749555	1.3032025406910608	2.152312700592031	3.1729276226338623	4.6062921094675495	5.724036660082452	
0.11798089148126521	0.14926275471349404	0.3979624095414446	0.6331222720270212	1.0809265553723242	1.431986711315152	1.7242235829140549	2.9145758421975643	4.914580797236713	6.254231393821206	
0.1175024861112916	0.15371794876481024	0.3982009079382097	0.6563935169145793	0.816404121472546	1.6304792323443627	2.501231082790562	2.7429668874133326	5.203197095593846	6.208880436528009	
0.09783051701681908	0.11981343129384962	0.377892755205756	0.5451997294147287	0.8458397100982337	1.5017445785402832	2.355966485052096	2.7886199765702973	4.65755696595549	5.855021566505241	
0.10492012196245026	0.15867190640082218	0.3374420329642784	0.5188122405052562	0.7935319470229956	1.3767814994308576	2.380050673273759	3.278007298940062	4.469942666077625	5.5198153733548265	
0.10395536961401058	0.13448720528522248	0.33854457268599303	0.5915713233952615	0.9108703654508329	1.4635300902023036	2.344819103702097	3.134973880714122	5.34899523637454	6.194893158160935	
0.10141832090051739	0.13809868942109213	0.3997896804426218	0.5816731348958	0.8326577976131491	1.5055516886178406	1.9976210693483067	3.223849929831274	4.421925302724372	6.933020497518182	
0.09875441136529092	0.14384187856016933	0.38981047891057924	0.5180807047338869	0.9944176348669658	1.4600085052489875	2.0819362285493916	2.6387275225026747	3.9355247281827506	5.399211464979823	
0.1066021349300743	0.15044765010483277	0.3979243447722448	0.7020038338326948	0.8662152491412173	1.2341278438030632	2.382178411081959	3.2908987671546455	5.225605720831791	5.715205064410787	
0.1008361433971322	0.18432496490771685	0.40053288772973134	0.695799352914076	0.9347837015711647	1.5640188410629645	2.1941319170401434	3.095294647756297	4.609171189243806	4.984610780589197	
0.09313361827207713	0.13184032639157922	0.3662424688620835	0.6145475167178536	1.0296318746397595	1.7143052033637625	2.1768909295719907	3.016813792889155	4.241283516847795	5.498849080640538	
0.1255680714891964	0.156772606639249	0.41165769011010733	0.5207116256810734	0.9098213227697857	1.1945035128690855	2.1449878647888485	3.5909494440685314	4.678109253937705	6.677211963598088	
0.11581930997178556	0.1468293141620681	0.3157972851007625	0.5945348346596269	1.047865414593972	1.355625169762345	2.2480251942024165	4.033279291351142	5.062498750663173	5.566156731448302	
0.106781853325099	0.17434409403891682	0.38825188989422144	0.6635008499252946	1.0817751602469838	1.4784235223730762	2.256424061318927	3.1390027797827957	4.164570389193712	5.3604782885145195	
0.10789718772529494	0.15272048599936647	0.3056272547988082	0.6811258340333225	0.836557309465337	1.5209607731358283	2.092330023325274	3.2215507775896617	4.656674310140703	6.416475432796608	
0.10400372554391808	0.11222211635682465	0.3903221142187588	0.6976025964824671	1.0430364718372875	1.3464151765935355	2.3252095467128098	3.259733879632252	5.0288821599008156	4.983092705011525	
0.11392333682112661	0.1463424754735828	0.3714384058030825	0.5497387914282202	1.0710390496382454	1.5436116447431176	2.497274341650341	3.6322303232568642	4.391984212011489	6.004234127776133	
0.08679664791400182	0.15138514665981834	0.37618335583878215	0.6137411435761493	0.8915305785213379	1.4386914340892207	2.0784727364639086	3.099591698557586	4.38980762051013	5.587966236215072	
0.08309136498243846	0.16440046536417158	0.357677414615824	0.4978099888008814	1.0266619154632433	1.555093719633673	2.099706404967401	3.118065185893816	4.845740787258971	6.883692391389282	
