9	79
1	1	1	1	1	0	1	1	1	1	
0.11364250260276976	0.15783845036334912	0.3436501773725246	0.5550858063719795	0.8253947180391088	2.2158132570233984	3.21933825005121	4.3892372681305885	6.751864795707069	
0.12593792974996648	0.15136706519185933	0.3532772164893175	0.6462602393854342	1.0432241298363023	2.4098720326937797	3.2416664880103534	4.201173725636498	6.009479492527145	
0.10890074760995164	0.146637482456375	0.37075823167988464	0.49873273762945813	0.9948304069620655	2.1407266884800373	2.8505054317627954	4.195288763316867	6.482926964581026	
0.09348523850437772	0.1306469901853987	0.3570504286943703	0.566327419748516	0.9609457256166727	2.0752836289550682	2.8668458732458264	4.961724968574274	6.807205922767899	
0.09812962247747531	0.14526033766624918	0.40036918468389404	0.6862263246199504	0.8618383664911135	2.5389894249336438	2.9594558277940473	4.816397843488961	7.212266424314029	
0.08317247602383199	0.14446814859037613	0.45169847190337464	0.549707928083184	0.7686924308329014	2.7966896932060483	3.1745909359309117	5.366900351644575	6.663427338557847	
0.09063036856727742	0.13425542004228927	0.4095408977327041	0.6893288304493804	0.936803985317974	1.8349096192585088	3.574478851049697	4.059264140532676	6.481243137168038	
0.09878514791436245	0.15113463193708393	0.434685687860842	0.6583463023687286	0.9218112277745936	1.7428446818985337	3.1552201450114237	4.418041646922058	5.835311353862988	
0.10735434889750556	0.12411662040828274	0.37857628164957796	0.5211181594333633	1.0187659431375697	2.2898790581440265	3.116614155543742	4.612232245780507	5.340425692625853	
0.08791375851548051	0.1415266500375172	0.4148514313592063	0.6167769912041481	0.761876779408776	2.1951779020398092	3.5160615295263953	4.571798224694268	5.7286171279188	
0.09413999149590746	0.12772139034947969	0.3900416557473975	0.6638106505936198	1.0190101545178147	2.1959794538832407	3.2290569962376625	3.917126130346304	5.1853580979542055	
0.11031601816181072	0.13962070953698366	0.36828763304534845	0.5716105310734595	1.0109657382169495	2.0343310089742306	3.316124394211106	4.049702297336308	5.617418668275334	
0.09711886225208467	0.16447419053706044	0.3839002213726492	0.5944936131580523	0.9489189909093014	2.2421920510111386	3.3102007182327773	4.4019295970747265	6.0847597666154485	
0.09367142478800311	0.16144668984401986	0.43790228597475733	0.575289725603793	0.9067488133220414	1.8863051163829574	3.029228016758775	4.536773296027759	4.72959103246726	
0.10922346643404211	0.16839588531660282	0.3863041337539992	0.47921372767208625	0.8404927983914565	2.191574716085757	3.9075089286104667	4.161252312070048	5.6210868028304795	
0.10397820362946182	0.16586617983484767	0.35670732864468335	0.7009317948936932	0.9034752545498846	2.1792977731398206	3.4295532409667406	4.796831144779655	5.595961374319781	
0.11671899141073104	0.1355076292028308	0.3428176200593504	0.5719143580390283	0.9025321287875513	2.2582945446969513	2.7145406322367687	4.727250757462446	5.725004232036525	
0.0934069840747584	0.15711434783773665	0.37344600410971246	0.7033480269373525	1.0120048910730517	2.431963938877112	2.780796020790205	4.985418949939571	5.72232798178325	
0.11006031933258098	0.13857530475180102	0.326387236786116	0.5756394403368021	0.9062676602496347	1.8520311138355798	3.3843266245498933	4.408284318081852	5.921743023703792	
0.09697648214884419	0.12887128982280496	0.3327374368193374	0.5585612914661683	1.0002104095287034	1.9253470745643255	3.1929994724404818	4.183375475623078	6.311661804750209	
0.1193484686926311	0.13609623260585837	0.4362658989197484	0.6627456635603508	0.854169366279376	2.6214397891269328	2.893751993998752	3.0221866865851306	7.188135585558259	
0.10105203787673828	0.14818634725179622	0.42564434736621337	0.6124180740094626	0.9762241589783552	2.2102767290000345	2.9773167626978703	4.184679789801681	5.8697973515658495	
0.12099672060406474	0.16129131910019026	0.3108472908259545	0.5851785614914073	1.117665837563221	2.0682467883561864	3.3376245250492214	4.071500582887755	5.472792139427391	
0.11162902630268595	0.1413017679919485	0.37183950529109694	0.5786386134487792	1.018638437426717	2.11467645577854	2.281259340941088	4.7703038424471504	6.203508187824792	
0.08734479862277704	0.1707860297475382	0.3697216934158982	0.5640547089711185	1.049314678333253	2.02790331261952	3.3485328567625126	4.903103715354312	4.830954549993223	
0.11905533338254026	0.15523289198318127	0.41391110668729786	0.5854314379034004	0.8578732171252705	1.9111019633891708	3.1849424632606755	4.096211208201707	5.245641882754748	
0.10883638894828296	0.16690994782833668	0.33523800054744535	0.6353058128277521	1.004125246216643	2.596603738402065	3.722334921699048	3.812188687695702	6.4990909253934905	
0.10567643234075144	0.14036335087257745	0.37580028499874785	0.5875408031200368	0.8680488166660566	1.857815844600294	3.518132723538897	5.415421629874626	5.612906649786699	
0.08744192114636506	0.1343009365470843	0.428667838377113	0.5454181000121079	0.9557559527524963	2.317785292354588	3.2026636351919016	4.553514787054763	5.649043447941094	
0.09125404783742559	0.14710071510835757	0.41602757852630745	0.5934625914487227	0.8948671351055731	2.3228034070037142	3.5044582817326764	4.975664116424071	6.766233244382033	
0.09949343098280387	0.18441738353580872	0.28531733129812537	0.6687142427924059	0.8370273189593923	2.197117718666871	3.3676809434106794	4.824936055395642	6.2047468706148425	
0.09216416500811658	0.16373976752039884	0.27838944212162575	0.6299073608144224	0.9876587402233696	2.0382925152599	2.7639495037258377	3.848001720880056	4.865153403409156	
0.1233730655479179	0.11843564814614746	0.4496415375697646	0.5117849677762519	0.9138139482486995	2.095324864413072	3.2120758605172455	4.149215209972052	5.757578977090265	
0.11081644673400604	0.15041144680326807	0.34573455035991474	0.5102647974095457	0.8140890228377732	1.9047455204032104	3.620059152570345	4.679451292498456	7.078596571996799	
0.08097933029773302	0.13942794763577215	0.4022440975533679	0.6985502892662756	0.8495637314825474	2.287904698266044	3.37249456433407	4.643519404094404	5.725309763634283	
0.11069935975672363	0.1334219545430291	0.3520276839334525	0.5453495459069135	0.8449858279391251	2.1801844738095233	3.299281306027618	4.512478612940007	6.366093519860013	
0.11037118832918054	0.15197906281237514	0.37687666345081305	0.5648567579913648	0.75792615322248	2.0909351045995415	3.5080147794924605	4.16984464913925	5.87655174321949	
0.10004848259985921	0.16506496708676657	0.3720272896635787	0.64734435032317	0.9673206612830481	2.2890575779868705	3.2414002566254885	4.606385478982708	6.94612516827612	
0.10621643563362976	0.14513493014044035	0.388050717792547	0.5406842545877919	0.9525203556405434	1.8963199774592872	3.32179737763645	4.469648994778659	6.187597064671127	
0.1074237957707545	0.16149001608228378	0.32838319860766796	0.5966001751544995	0.9365745416024333	1.9835645504069528	3.0341998790848	4.205633907488307	6.49088278159109	
0.10337781238650533	0.15535099795454754	0.3913292624077209	0.6875586626147442	0.9158523463865083	2.0475332940840563	2.7337937388508977	5.057409273045409	5.723990790594469	
0.12525830813738023	0.13141520486540342	0.3671908870651733	0.6214392352400894	0.9594164711380454	2.581922016023175	3.3476996629021114	4.836582403350174	6.191221971940406	
0.10386031973029125	0.14857980691196437	0.3954014227151277	0.5663835795716498	1.1490218375747077	1.880232670707283	4.0075412901484215	5.285046798099907	6.322822364150944	
0.09616796820495473	0.15458735379736144	0.41831956373936957	0.6488681989583411	1.025147553908171	2.0761839779534985	3.290488990744218	4.43635978808659	6.248665203929894	
0.07808389879361227	0.13073319112157133	0.3213754269318945	0.5497161354473187	0.9961712893324629	1.7520420358145212	3.7590262832797388	3.8012947362044516	6.140552584806839	
0.09940572159491577	0.1573068777886931	0.3864533433566764	0.6146630606799951	1.0461348843837888	2.105210409273878	3.3205058300585746	5.1699497809521135	6.614985512333214	
0.09715740713318884	0.1592683517356872	0.3419410102277898	0.5971512259085741	0.860187584033003	2.1482923893273718	3.65123209575628	3.8842708827443797	6.4144886930410046	
0.11505829227011713	0.14936444429503176	0.40851774953677245	0.6347123242119043	0.880724969188073	2.437538402365821	3.7443457649334557	4.818280130370616	6.456165486070441	
0.1013678589742078	0.1581606888607992	0.43023341541703186	0.532652776727658	0.9426545457016747	2.310230111698637	3.222523511899384	4.956930625755601	6.001810999360744	
0.12172303446602989	0.13302066513706023	0.44040442839148947	0.6584518273097668	0.9639184959981341	2.302990964345205	3.0482127596661055	4.298882061144644	6.180323173780733	
0.11472951645735692	0.18304050857393372	0.39050102012695376	0.5742932273233274	0.8992877849405219	1.9427989535757242	3.297674578417974	4.04876735286668	6.667883459121973	
0.10439425106338002	0.17546941149450845	0.4352909126746496	0.5082585095235532	0.9550590913958475	2.462923754332785	3.337314884364236	4.56819085737105	6.909748992152412	
0.11235932729662362	0.1563896937569815	0.3105485196390401	0.6597843679157739	0.881721232311348	2.234510236475144	3.1676664718226397	4.298038038774184	6.43177220465375	
0.10088577864217507	0.14953490667080635	0.3876550386961248	0.41984098135014697	0.8776962933270571	1.983565478595421	3.2259770096931537	5.090968937718204	5.744821591762186	
0.09049751785068517	0.1295636176063844	0.4526220713942517	0.587170777965189	1.0610918839431653	2.080558183105324	2.9633837010893167	4.35862795877035	6.007563351832405	
0.09539359248467288	0.1337343110932087	0.4037173879962292	0.6703561870872975	0.7985016648945022	2.379732694094321	2.904784387115231	3.929062097141258	4.95223179360916	
0.10771844264470075	0.16702293105687824	0.43175925643513463	0.5880184110185442	0.6941471583739705	2.3223018584308193	3.160652042912119	5.028287338632405	5.890572624365339	
0.09808449472187408	0.16324171055665246	0.4369902499198956	0.6615533106865839	0.7345672958119362	2.093964005162445	2.805359270630377	4.3530729319907655	5.891740771040703	
0.0890849350897127	0.13015892126771023	0.4965182905130974	0.6470817699804677	1.1870241117675142	2.214474326102842	3.457317006149136	3.77507115582219	5.866754439017181	
0.0883705320536032	0.1417899187396074	0.3692181139578453	0.5833350014301343	1.1154428725672194	2.3217254670047507	2.8154076771713497	3.5446160614437527	5.778006370494027	
0.10623635799480287	0.18072335087450542	0.3211256124016986	0.5666920564320471	1.0901037961793802	2.1658313856820053	3.2160955569970757	4.433651395199578	5.850687649987273	
0.1003757051823908	0.14366465353894742	0.41621880024123564	0.5671770357451686	0.8617961641075955	1.8309146366641738	3.3702547152615745	4.287751750332545	6.166955653636551	
0.09563455130987082	0.14863540782932633	0.35878353951489	0.6030751356494657	0.9761735213589331	2.141401176535477	3.548333036200382	4.156036246701984	5.617470182015981	
0.09285524317637661	0.17792937847422963	0.3141274980742783	0.6249215041503314	0.9177687755828885	1.6968913185229682	3.003780162752277	4.285724099649573	6.753186483117872	
0.09114039799679452	0.14545152463319608	0.4404851218851381	0.5228552702086571	0.7270267609420782	2.1666165970897477	3.1726750960008707	4.635276576835584	5.882739907879928	
0.11051856195995685	0.1708773474529904	0.3645313325716696	0.6167574926558901	0.8030874681198444	2.139593996004003	3.7103097267360474	4.818096769903586	6.843848329217203	
0.08557249739132003	0.1362166004894678	0.36230887211341717	0.53396456371556	0.8807082625632274	2.140085270345697	3.6001651634548977	4.526742414137384	6.5269663199307555	
0.0833396266654635	0.15781775986104363	0.3324700812646587	0.5167493265637425	0.9219654207303332	2.192387763430718	3.35492866935128	4.380479718480425	6.664447298945021	
0.09774079601705721	0.14227796926235592	0.3522254643298092	0.6062919040743494	1.0451549735460157	2.42896553754784	2.9663328187229396	4.369088334886005	4.953544783755575	
0.09452302742763165	0.15538740463781303	0.3632525521715713	0.46194898789851024	1.016113392346606	1.9869597202300187	3.128536358749461	4.6738295400289145	6.416052615043873	
0.11018272718556908	0.15905153994224341	0.4148563419603436	0.6021319684577732	0.9445073174843671	1.869718082725653	2.5727118239481457	5.323651854802853	6.630110989688789	
0.10242919510286828	0.14251837231457115	0.4031951790777798	0.6016229215327046	1.156793760333682	2.239588738281647	3.0583040363382348	4.138990242112972	6.074089598750133	
0.10629773938391751	0.1546811916552831	0.2951694560202686	0.579382465310582	0.8407189142929646	2.075152137574467	3.2288804103553153	4.2528121952748945	5.84559561204387	
0.10160691349678329	0.12841832272235423	0.4213132562103591	0.654686029214582	1.0314146807689588	2.02988500974982	3.0788455653760085	4.892621062953885	6.370570490162914	
0.10535586225470908	0.14195657511262244	0.37064408082368844	0.6628057270191215	1.0689554492384439	1.707194115565569	2.9435429700250513	4.849713708780504	5.696750286865024	
0.10469878506609037	0.1392027900215921	0.3552057314721672	0.6517105495311678	0.8738173843054751	1.8601499386642906	3.123600112593226	4.7248592400032186	6.2634651562667685	
0.10873876953678091	0.16523145684572704	0.3561570765467826	0.6823204930924552	1.1137688437246398	2.260564710269922	3.709834245151565	4.584023702196315	5.291925849419468	
0.10135440245982463	0.15829422888338399	0.4003920121262086	0.5790456449516371	0.8295850034028454	2.1357669016525986	3.330097388360609	3.7094894644038288	6.260881685214887	
0.09307853785641583	0.15897680208602163	0.366806843911529	0.5540753149204618	0.9725163696609194	2.2512757748905012	3.469435884285542	4.774479751089156	5.908990288387379	
