4	78
0	1	0	0	1	0	1	1	0	0	
0.14023167239269366	0.8607000893329997	1.8424227368871877	3.3414592197625854	
0.15987404614345002	0.9450755763647869	2.1226149625401627	2.814830140349932	
0.15412997767455755	0.8033233112488172	2.1647033736319545	3.1917892436592323	
0.15172567071048662	0.9617713062760027	2.4073807794786344	3.446181681439558	
0.15413524664784006	0.8092216563964917	2.0744638980768406	3.2046567128610497	
0.16232012178931493	0.9572213895111281	1.9050757351564298	3.1392856455221723	
0.12297207579954833	0.9519876447629894	1.950696860401217	3.7014235453205973	
0.15740291234353782	0.9239462797533372	2.186523560331251	3.720499212485868	
0.14978759449942444	0.9608264110552546	2.298219812067889	2.891157186570006	
0.16960795034618392	1.0415807318980146	2.0805317630595304	3.095424284663381	
0.12587660434372003	0.9449328824513082	2.211072389598744	2.974831644517354	
0.12612729148174243	0.8784036933484324	1.8093801108328975	3.2101702837367507	
0.14917545182168201	0.9608638849288608	2.234718311270814	3.2486627762190246	
0.16623969192653987	0.823309361698082	2.1380402406276215	2.5487948883920795	
0.1450191021367364	0.8596428396460764	1.950110955628653	3.3828649487259286	
0.1309680579087565	1.1616120272707018	2.1415258105373023	3.5183491926637043	
0.17198406153451568	0.8781694976280016	1.8710688917667695	3.6625395120892286	
0.13894819088966057	1.0672341947106696	2.172026917373602	3.460705819481552	
0.1649301619625488	0.8566635075613289	2.6920711664053143	2.741004138607771	
0.1658599356531989	0.9337798957081592	2.51142236373177	3.465601439562414	
0.15516824200728196	0.9592815046195123	1.9240388002659095	2.8867019787795076	
0.1547897904272337	0.9135632771512688	2.130512409879403	2.866656679916461	
0.13577668477866503	0.9916843084403064	2.390570851965237	3.074004593429229	
0.1384372566894034	1.0082886526334225	2.304339287467177	3.5930238194347472	
0.1735653885317191	0.9115660146430431	1.9467128242304206	3.1057905312512437	
0.1245105080045385	0.7715471221937715	2.2749256158929367	2.813607179856903	
0.15518800548012288	1.0229306568080905	2.11817323172407	3.221393560608131	
0.16343606357470078	1.0715126473953116	2.184680147560134	3.1011426982566284	
0.16340049685860997	0.8623598222472154	1.852265861405628	2.909218550396551	
0.13507994087815695	0.7598911896890989	2.460719094081197	3.9365429087884314	
0.16666859226685862	0.9257899991195505	1.8741758481947486	3.3339685151810534	
0.15043200736951026	0.8533527423871582	2.0069177387994523	3.252835653770661	
0.13583406859809546	0.8999657033404533	2.228111262881929	3.170083501119817	
0.1530586673220582	1.0409958342048138	2.3985095046237386	3.163360337403091	
0.16201981865878357	0.9770323321491908	2.5222391295087556	3.4856684754704825	
0.14475566776558263	0.8900978247129708	2.212626764095128	3.157487017248815	
0.1732294467334217	0.8939837442460535	2.2751492929865895	3.161610404065268	
0.16533902678747917	0.9351202727675265	2.143488211853461	3.099374508770027	
0.14270535546626045	0.9143624019069577	2.2305029729258283	2.861817875272738	
0.16112637854450365	1.0429674526056991	2.1588829192573957	3.0290745428002754	
0.16283018099064986	0.8755505202873655	2.372430855458156	3.1818324733754295	
0.13853104686446063	0.7698630840038444	2.4965378308380046	3.5744211325288977	
0.15548696945432708	0.9595834693846382	2.236305942946074	3.016551542801827	
0.15061393731448455	0.9169241575790454	2.2331933556282073	3.566013630323682	
0.1594442398606961	1.002126722240648	2.1385571780048855	3.0440159496432093	
0.1734704344489197	0.9682781864017224	2.2651968290156472	3.544842191439912	
0.15569024667853743	0.8465924919559158	2.3756355107584284	3.3649335355656795	
0.13801689246496082	1.034971538619505	2.2150875474995	3.5078429829894695	
0.1570548403322575	1.0353220215018044	2.00133926007092	3.188771650748961	
0.16131763937609975	0.8366445997094837	2.069395238072299	3.266307421156419	
0.15556598889634535	0.9460633357112245	1.9985618639693914	2.528882925834518	
0.14393506033708914	0.9999579220706932	2.523763622032548	2.826923445390173	
0.1373827108465631	0.9973570726273934	2.0572913872222727	3.6300804303786447	
0.17701900861364975	1.078318414934597	1.867153836235619	3.7634126026350425	
0.15005561343202492	0.8646111326593217	2.0951359062520987	3.4807438154721537	
0.1540025289270925	0.7973264986378625	2.052647499172439	3.517765958838043	
0.13441486948904835	0.9127712041262334	2.2167094363577093	3.154157970523302	
0.12027131238608632	1.0136989642352197	2.085966867693952	2.891994889980248	
0.14411883365992614	0.9645604153237881	1.9989278576431349	3.0907986343838503	
0.15297927057768543	0.7344968329274439	2.0342188416516427	3.084641528933127	
0.1534449869076006	0.9167753149803575	2.252351009900217	3.0101910410312165	
0.1450050882672554	1.034846395364218	2.001704324977695	2.718957972046975	
0.1428111303562653	0.8353635025196811	1.7962728650077215	3.629399385225124	
0.13999848990324182	0.9301533892217605	1.9204121537411525	3.907233556162363	
0.1465944245490986	0.9484839913125271	1.9050051374338322	3.5145321321306837	
0.1257400340753293	0.8421593669913816	2.2503672802536014	3.354284606054848	
0.1492781670860023	0.7781176897381693	2.0672496261625515	2.0696865319884594	
0.1353544550741199	0.907399836538892	2.177130116527264	3.42094327494409	
0.14058521274906277	1.0246321266539864	2.1411207894105284	3.363122130045565	
0.13959859877296985	0.7261052757040057	2.0859496450042143	3.413758426176244	
0.16431495722430067	0.9213983872803148	2.1781526153024076	3.587770643408426	
0.1634108813837906	0.9899848579922143	1.932583483921351	3.435083245100364	
0.15140599900056215	1.1755796026455168	2.1811989825406597	2.9740816325426125	
0.12328083922617669	1.0221647843844863	2.423963287089798	3.932934957660559	
0.1650930473540893	0.9416718068440043	2.4172141809141174	2.4099298400156037	
0.1480467672244161	0.9558248389232471	2.2563841047502025	2.8920325115965193	
0.15870440566414648	0.8362689969852766	1.7794893058278214	3.057394704681509	
0.13005995283904798	0.8600933234050161	2.086080658049417	3.424606086251355	
