8	81
1	0	0	1	1	1	1	1	1	1	
0.09344549860217607	0.5626227889998928	0.9050986496995982	1.3361192019455572	2.3700708556283616	3.1988887041003786	4.559292641360299	6.932518570231748	
0.11215399570508167	0.6007907584393352	0.9370869220291473	1.6282467206210776	1.862507426010186	2.998074176541583	5.004385312282146	5.208219819726769	
0.10350443348495736	0.6879445529834483	1.04789898933804	1.5933860410767997	2.2281216022934944	3.3508886093751276	4.170180491520447	5.777920059278455	
0.11721699432357996	0.5992799884594951	0.854074668386342	1.4170003753354923	1.9482940911207236	3.3473183631513437	4.976950831475171	5.60760913009708	
0.1007596347007759	0.5803438049931459	0.7869652501209768	1.4187983236887562	1.8625974034431967	2.6868567082265455	4.742069734979988	6.077148429948519	
0.09650323460516111	0.5434415637926824	0.8503976937134285	1.2699130419363696	1.5034783643476894	3.7101460383433125	4.536229499205397	5.337290534156903	
0.10078814236272374	0.6179049668267159	0.8475024341989031	1.4839638270096378	2.0008508229253175	3.9855686471622325	4.835580200290144	5.470975878710736	
0.11169143343846284	0.6073415502533855	0.7064528987358494	1.4886417302411081	1.9657052417323218	3.318421724585412	4.830838090103984	6.815105964105291	
0.09802778335061725	0.7245503400571379	0.9465276688443208	1.3013491669214614	2.2494052343717605	3.4198712148303003	3.8936973733918405	5.004745974485432	
0.09882956737585281	0.5672714245971285	0.8021093175858982	1.4696714879013748	2.0959227785069867	3.420921117075569	4.550981381001079	5.752663592032622	
0.06684372436974134	0.6238459581964313	0.9004621546010144	1.4300720360376338	2.260579849825839	3.305540152861934	4.174486445910236	6.639374855547848	
0.08253377839597016	0.5668380816278892	0.9696386371696235	1.538009768514683	2.102844083866007	2.8727053776697344	4.1826937968171425	6.255267186253345	
0.09688497457891893	0.599070392162685	0.9988411566816761	1.3155285026496335	2.340222824968224	3.134479623212364	5.546162278994687	6.376058421971532	
0.09853281361680821	0.6221370063098591	0.9638849539424728	1.4545960296709894	1.8992164922408108	3.2651183877314702	4.965096358516027	5.9401746881744275	
0.10958487464413896	0.5335904580350573	0.8485127434380881	1.4990221937865444	2.115487443990467	3.1008024334292275	4.871371459639321	4.99246891561253	
0.10740459845401162	0.4571941713648022	0.770748868743459	1.3736127091436898	2.273325753746756	2.7973703131308163	4.7701167367180295	6.15061541826956	
0.08476207506558597	0.5537651834335913	1.0560236765682192	1.6125458525714258	1.9073192711536524	2.8150826290107376	3.2920420576708547	7.064318469740102	
0.1023722939427893	0.6204763202150863	0.9749081250569752	1.4061443631697832	2.070599165432144	2.9134294700723933	4.276489131622487	6.479241022618556	
0.10099425163896941	0.6269124245610648	1.1509695803145894	1.4963023956735082	2.1948388888484263	3.475557966148449	4.594547042070724	6.221534913543591	
0.08531192458742991	0.5902505304098046	0.8841334094950589	1.4753536173178414	2.267404971460744	3.562867643405929	4.7367349677161785	6.1006891205331515	
0.09930496577407331	0.6522393542912218	0.9651468321577407	1.4064946086833174	2.18110048501688	3.5016258936912803	4.257687610901261	6.639454767976695	
0.10025211230831416	0.5973137330910959	0.9650385339956592	1.153148196961634	1.8549746217763643	3.321952386437629	4.7439341702219355	6.105906455347057	
0.09513696813883421	0.5855465332635444	1.0205716896681118	1.626582594824487	2.219072429141998	3.3495070735141375	4.61363514929773	5.595892153722745	
0.09961361322080496	0.5158066348649346	1.0335361780326275	1.4754624414565867	2.241125859147152	3.2323204770746323	5.0214676615058735	6.832155910846254	
0.11202660987002731	0.6175552493048972	0.8399620452888584	1.7641479053242353	2.235314994590988	3.312431653405379	4.39278044340033	6.299237558792195	
0.1066367362076198	0.5875381489642174	0.9706082911652527	1.6124312496601287	1.9287672544636574	3.144360235130835	4.3201521146445705	5.831773580163305	
0.08805474365426774	0.5167334522669698	0.8391339509815119	1.4438722228715979	2.3119067439430316	3.2569278094772054	4.943208603808765	6.532400460108437	
0.11709499080193342	0.5779005265591441	0.8213346681799178	1.635895844861786	2.4026013508866018	3.5229565688458138	4.288323311841834	5.909898260065749	
0.11036603965435615	0.5354298702814891	0.8514975085176753	1.4332114392828808	2.2871869123858986	2.5561645519118104	3.7790278320128534	6.903689100345578	
0.10614253009841933	0.5990738883502675	0.8698894380607078	1.3025119285672921	1.9350934906806068	3.1764891646510827	4.042479378321195	6.11669553378112	
0.10932946573982144	0.7123759162699845	1.1813762826599739	1.4557786604797789	2.294240447000191	3.390644431918985	3.8884550389041213	5.787832363958376	
0.08416695215718138	0.6816935273032649	1.1271801721496897	1.3767436993347175	2.2304109017656497	3.832757404675205	4.451908824951306	5.912145562976138	
0.11237546241033121	0.6349011618537029	0.8492534286862932	1.2360881188582553	2.246309714189938	3.596697963324157	3.9294255737491537	6.748588555427221	
0.10303115057495305	0.6944564872270433	0.914918109301447	1.4008248609471543	2.084100213395413	3.1730976743936457	4.69931710602891	6.918329373246987	
0.1007526932485538	0.6299598575584825	0.8568231303868802	1.3844683806434488	2.152460877211071	3.232990418601252	4.465193436458637	5.896791715947022	
0.10640929796229669	0.541226611482704	0.9744430080423041	1.677331807812884	2.01560919016131	3.045053653098767	4.757718580368599	6.300663775346129	
0.10898390563962859	0.6757694035474306	0.9540219170260684	1.5626990238578569	2.055116829524263	3.250875125937192	4.562008535995852	4.7706329874293445	
0.08773635620917966	0.6740410328203567	0.9190644372994888	1.3501884887557978	2.0057576602208274	3.725289222709155	4.44067481837783	6.800089525462755	
0.09988982523102029	0.5992400442078439	0.8239745568417931	1.45099863049201	2.291186717214754	2.789748202628338	4.386299551608372	6.407331498086494	
0.08844399737772549	0.7337538654279728	0.9683113196981262	1.4619860839481864	2.215544315351433	3.15749154191878	4.9385711213695345	5.3632582406369895	
0.10750719217529557	0.5935937822080923	0.9214182395700797	1.2278164889900094	2.443504332186477	3.4258216988332175	5.2068227097305355	6.45393022954252	
0.09310358875751087	0.6106664442516269	0.8855266797562527	1.452229885627804	2.028840834712774	3.6460276961579186	5.197273038283575	5.489740057297701	
0.10156565243707999	0.6421325432371711	0.875457009339835	1.5364025873916112	2.218581088626878	3.073676758522248	3.960905064317603	6.713621836773452	
0.09025621795114919	0.6293868676347752	0.839023586652767	1.5542444778014384	1.8700438130056576	3.4177071351303088	4.306243778635816	4.994046828222019	
0.10108509908356063	0.5604178752794311	0.9720983457557135	1.746500168586549	2.4088962727445358	2.953422819536581	4.357814543086641	5.621191610956609	
0.1067502700650147	0.6486134787023011	0.7916797193994682	1.6768288596152854	2.1711466957335595	2.8902376340974087	4.212517993539144	5.477935283944947	
0.10024676917684334	0.6676400101759755	1.0302101666349857	1.5737778468950328	2.219572643954548	3.6728664392637547	4.400207816343008	6.936089396153326	
0.11895781674719158	0.6301510079290158	0.7340949399148209	1.515525948323058	2.160183938405082	3.506225706927961	3.816670861290126	6.072645117389274	
0.10174850846622976	0.6104673972567563	0.824497175332128	1.3102865469868412	2.350229426793747	3.3689754315656337	4.228657253678626	6.363111574639989	
0.10251353020334729	0.6542146509837283	0.9780198650740017	1.4631321988255241	1.5331231848237634	3.8118153013756544	4.154310170766628	5.282818752204817	
0.09486660941044471	0.6470707479756467	0.910931419252623	1.4553443632803125	2.080486328411231	3.183410522428177	4.505058737830382	5.941883333178081	
0.09121023034521666	0.6821940764764044	0.8488712817235212	1.5490501760030813	2.1982199812203316	3.0224839708685343	3.9809971184401545	6.296682421882267	
0.1014917662966972	0.6568709224536541	1.0591023092399305	1.3579763678734909	2.0880771970937007	2.9060635374926584	5.182327743167556	5.739055184469503	
0.12128717136288442	0.5063892744855821	0.9557045476949018	1.4098826576510552	2.0343901746950297	3.1544128620274594	4.946792643006561	5.817866784343163	
0.10423860624565294	0.5983833861768395	0.9041006368194505	1.3698224546274282	1.9230655778855745	3.1002821430216905	4.553256158717663	6.014871430001065	
0.09184800736559318	0.567703043429627	0.8328863975654415	1.3027658292269284	1.898771940156649	3.164650023025991	4.563634466567753	6.020392760627949	
0.10414146219030065	0.6626914272123655	0.9528955729469576	1.4570728694650816	2.0522408030759736	3.3017823211936985	5.085928383082468	5.655697491420946	
0.0946796769202849	0.725440130953415	1.0188281058972353	1.7538666719582925	2.3620499067659875	3.164282461634681	3.958986982404748	6.617181628914194	
0.10485551110194646	0.6531584060065886	0.8704168583685814	1.3662995570450143	2.229664382528191	3.2493366428689554	5.467834196899913	5.810600134539433	
0.10192339936733807	0.5533326391629896	0.7557748593801202	1.4834214604460876	2.3141270861303904	3.199223988137473	4.090900699521225	6.5549221067042005	
0.1085080491026575	0.6065622745532783	0.9319039154242884	1.4897702989166806	2.197855352839159	3.2930615858360426	3.1891976645920193	6.944720275904941	
0.10027245180774864	0.4657788492100293	0.9519565049365936	1.2388939701308674	2.284827476437375	3.4377988584048658	4.510909690922822	5.854705972088382	
0.10430028168635308	0.5356969186375041	0.9426909552754176	1.358573448815138	1.998010821217616	2.916434999565926	4.998304135091226	6.721601375479722	
0.09620903718235357	0.6700630543534554	0.9960898142521213	1.3121054569733668	2.021103505565515	3.2663817552112953	4.186960552064204	6.437397421441792	
0.09418791991706969	0.5723810274424432	0.9628143957679844	1.316015115732424	2.227857849643284	3.5758529138728106	4.188983703149118	6.216325691931289	
0.10898292148430813	0.47453585232678686	0.9132190475482735	1.5800078429275926	2.32419281437379	3.4546985842349587	4.606550025213524	7.525717294940836	
0.12104567396358874	0.5119916963042407	1.0320081445007638	0.9542753125655103	2.1445604311523954	3.1225045882069242	4.404585490620807	6.667497555285484	
0.12073144226462401	0.718504504098812	0.8635790381784924	1.4449371589805347	2.080926173364218	3.3438262080482435	3.742570949981429	6.160917261937636	
0.10284502352955714	0.6594265146441618	0.8298664228418811	1.2249781746923023	2.0974062553943855	3.074643085400398	4.537520440411579	6.097443785925108	
0.11246811494533622	0.6378222644336874	0.9797731421618749	1.329678420693713	2.3162439864385567	3.2982606968164627	4.979688282738798	5.00895405578212	
0.10715236654393315	0.5780907592062302	0.9249433915587025	1.4654543654371626	1.9745974607669878	3.514436148441422	5.264997428787787	6.2130653911639255	
0.10867677330988537	0.5782204421620817	0.9828863743993331	1.5415103118722255	2.31728009477026	2.649932808034198	4.405673141481609	6.111533088402158	
0.09642173554369626	0.6229860753728141	0.954399812403892	1.5021975865922814	2.242755131790203	2.8572838450817497	4.442385288664803	6.071435193942177	
0.1118101877120747	0.6201673561691652	0.95968901825877	1.339058673870455	2.108234579127649	3.281146004029269	4.324947395398102	6.279696362278451	
0.08889405439385864	0.4979471741903285	0.8592911721404249	1.3552039573629178	1.6974508846893062	3.3090783051706327	4.090703020128831	5.9465961646295415	
0.09675797174521657	0.5972813145248519	0.8588428474584557	1.4941111339555473	2.374171323140656	3.422735843526166	4.026214182162316	6.11411357791633	
0.09739997542230912	0.5017356414959613	1.0350827499056627	1.509621160189595	2.383137049499205	3.519732585063618	4.687120243898614	5.884233141959577	
0.0975144743633317	0.5802885375089356	1.0221526446261946	1.3255901060437933	2.1237435214180396	3.13260979361924	4.962260468260824	5.950845965243725	
0.10791331409718725	0.6393415686419635	1.0496410810042702	1.4606976144656625	2.0907248927391837	2.887017782113541	3.798331516198854	6.396030431781519	
0.08784549664928895	0.5481372744586315	0.9464486725167474	1.2422608283865944	1.9992256081283437	3.1768971732158966	4.932575601786403	6.580364651970084	
0.09231701770031218	0.5424659397312716	0.8975381277609753	1.4323768941371184	1.923291229506034	3.0592474749711873	4.915175269694959	6.529150115056771	
