4	64
1	0	0	1	0	0	0	1	1	0	
0.10469458828865041	0.6105598351276437	3.2565004296990505	5.348550953274888	
0.08163016838774856	0.5376973414379669	2.898613744637328	3.703206460534976	
0.09280480487113973	0.6412661498278023	3.057714595482381	4.350148662606161	
0.08277445172119718	0.5522084654903792	3.099947917434035	4.789080190146201	
0.08325083602081779	0.5726994752567317	3.6032158597723893	4.299712521469531	
0.07884438585881322	0.6767505466408915	3.488841506324958	4.891228728785455	
0.08256216353254607	0.6907473435508329	2.998685272338861	4.270752475100896	
0.09297222834007997	0.6568162309173124	3.191565535435779	4.716783464664432	
0.10075901022884369	0.5942974797784247	2.9422951792824863	5.3154632642884945	
0.0853660637149477	0.624735238442081	3.3724133924348654	5.0194603287685915	
0.11388090032379279	0.5917566840349935	3.4223781494255445	5.29419316970363	
0.09934823233077748	0.5360139914960894	3.1250478633726884	3.9129093006234896	
0.10371816810994723	0.6638673724884382	3.21066151507805	3.770567977745862	
0.11021650835057678	0.49342206230605323	2.7475646971750116	4.419747725627377	
0.102517852456755	0.6253348499255013	3.2285046455848962	5.292019694310686	
0.10065168341083203	0.6620800861051761	3.5057602333307765	3.9182068205079617	
0.09830269512714479	0.7273992307968612	3.0860859724694163	4.196420764039489	
0.10170575581477022	0.5718888042443969	2.992046011661772	4.282522472566086	
0.11432009671368626	0.5918028785113456	2.8183756143547187	3.819714057860326	
0.1220680493205447	0.5865999378339538	3.391238012813761	4.152880248147176	
0.10320985969271418	0.687559779096092	3.0380144652832795	4.706364050976862	
0.08594253724109613	0.7213719671020076	3.337274177329487	4.314242770041469	
0.09702125876713837	0.5693977095291398	3.1008558216598647	3.3986271859426527	
0.09902034267903245	0.5916072791636573	3.408814999609655	4.264585314101313	
0.09228963685858978	0.5995335033328215	2.725980361620593	4.564540434390563	
0.08138180740478279	0.6672491189298478	3.4723877355897517	4.083216355609194	
0.10661138013338037	0.6066908534552329	2.9220716748974205	3.5897057292469094	
0.10316435683426453	0.5523430891718979	3.605865110151226	4.506315180246833	
0.09300417303502684	0.7078703239854283	3.4373451100959764	2.855211068203152	
0.09513608231209135	0.5169546604792545	2.9900656702408996	4.434870420486659	
0.10354048508587546	0.6156819445268144	3.6003087498835606	4.7864692698789	
0.10574746929125506	0.6120895393879965	3.668209627135918	4.357675555564087	
0.09709696731264811	0.48566559882164817	3.5932533142382614	4.46538340989938	
0.12933605706171272	0.5756680384942525	3.2787878920604387	4.745927229123786	
0.08898100027011287	0.6215128628327536	3.2612649654185852	4.3633403146454235	
0.11172603958743006	0.5457750769253606	3.3393431867517225	5.154598931123271	
0.09293378244043703	0.5821868410384621	4.012223983128345	4.713475979320226	
0.09493802523357382	0.6481574856047086	3.065369595732917	3.7957878341279683	
0.1137236394526517	0.5338164441521391	4.04680660312412	4.279800431042007	
0.12133264681561856	0.5178797358887965	3.5832854155365323	4.724876822843093	
0.10837746225555152	0.6580813624005757	3.088232828758619	3.911020271098651	
0.09949082269660782	0.6133818154551081	3.0966504981244607	4.624899286571939	
0.10329625531174741	0.545398413207368	3.3783656665494015	4.379754589337409	
0.0930001909979663	0.6472425082934395	2.9974778561995983	4.294499584542873	
0.10072050850186656	0.6824586972392542	3.3126548252603967	4.7377297496136	
0.09702357464003504	0.5952906225374195	3.2341148991061317	4.631987806207661	
0.0970403242695174	0.6803999931285725	3.128720972486804	3.7317414891575846	
0.12742796604370019	0.5803578785433748	3.676780180804688	5.132155878881891	
0.10945214312250383	0.5881183668241559	3.3431725664591614	3.9264704058127826	
0.11990147773818277	0.5488916401090398	3.167482187109216	4.544543919168113	
0.0989256024516304	0.5605876030623963	3.7031601919177732	4.927625677569726	
0.10322047204325693	0.576026816640195	3.5958896583494533	4.290989115250095	
0.11570391840337818	0.6066732549290056	3.6496789962661325	4.448780853217388	
0.10071533182040944	0.67352526368752	3.963025674336445	5.202165067877196	
0.10877134619377851	0.6353570059774558	3.0852416756656216	4.632853383497444	
0.0908695081600327	0.6225469280210865	3.3930164647254113	3.6176196863393137	
0.10038738609191707	0.6248924939453463	3.2227942964298175	4.661121977485457	
0.08658277756643687	0.5534481416663845	3.586354903028278	4.500257249540599	
0.1033987898131491	0.5672087303574853	3.256335557564978	3.4640945189391603	
0.10846011938420769	0.7084759703371483	2.903869296505242	4.076850515620694	
0.10440879898237483	0.6884327574304047	3.249318371850543	3.946806890634373	
0.09791382763362128	0.5382040751812924	3.0326249548176474	4.363181505381007	
0.09070675411758373	0.553325656549526	3.274223550072229	4.596766115461754	
0.08576019666179034	0.6237829033505603	3.1258714944822956	4.824117685598674	
