9	23
1	1	1	1	1	1	1	0	1	1	
0.10773063122217114	0.14261454114242952	0.34181956578688205	0.6278028323325017	0.9548279456424247	1.5260895240150378	2.3674255590922755	4.605805167406457	5.798131740902576	
0.09343512538773191	0.12145750518938855	0.3450425945821935	0.5886750920908849	0.9992268204949157	1.539127644379436	2.2372460940970735	3.830510502117917	5.435269261451871	
0.10470230206810534	0.11776016549580384	0.37346254375917565	0.6493101830933935	0.9086487758274568	1.20073495299257	2.169888914238727	4.338303799426394	6.29097217858234	
0.09974839576830323	0.12797469771509842	0.35294196037673753	0.5521497800219336	1.1151529747608302	1.383362645074709	2.258501846590313	4.932413683598783	6.985311853765198	
0.10231729912049109	0.1647542769212971	0.35145272855284265	0.6164017536227693	1.0093504345591713	1.2862810054453826	1.9602648704769503	3.8621991859863467	5.622971484485793	
0.09825118747292959	0.15268959535077048	0.36639726147793056	0.6980074299329566	0.9016865052308141	1.3506738454702099	2.164900848878081	4.951283284689377	5.327903790711132	
0.10290505900334374	0.17536658364078817	0.33171636278061695	0.6585505157008272	0.9376096991320317	1.2261580552803648	2.137474212831238	4.584662640254205	7.1519470182569895	
0.10415845861158478	0.14491557372917666	0.4081932377377105	0.5961594039839198	0.8897486221591927	1.5590773808245768	2.0248987022234295	4.804953264817456	5.811168868855888	
0.08576251917345082	0.14764235926032862	0.40566504410722765	0.5756533078200462	0.7960620155985189	1.3319012252266325	2.1699416079934943	4.962637100316501	5.5318923461469645	
0.0955694344057007	0.16940860857750417	0.39094764548691524	0.6657756332497208	0.8653463931741058	1.2842926988632322	2.3105087947779586	4.646721288604129	6.230478559080749	
0.10562130934812192	0.15344628683656644	0.36100392055110947	0.5839751930589421	1.001126256222383	1.623058238157802	2.710624005937097	4.383663405409664	6.02947645357199	
0.09524808932395935	0.16242425652415118	0.3366385659944413	0.653856779845566	0.7378987291207225	1.5585903782562858	1.7660588878015984	4.122098459350843	5.713097860200669	
0.09323081988250717	0.16562379771744362	0.4169415334032887	0.6397584104106218	0.9559872156523922	1.259572870628435	2.3339371354404848	4.685292119479085	6.516579884045248	
0.10281485087191444	0.13621714228391982	0.42004406816270984	0.5732641526712312	0.9625524467281733	1.3787678515611443	2.0949857764054602	5.47092692245172	6.135951535747094	
0.09427344643499583	0.13874714463418472	0.4242549180000353	0.6029162379990073	0.938555738515291	1.623442855121724	1.8257656055996545	3.972770620896557	6.062164689756713	
0.12020455605495983	0.15148724567320498	0.4297660504388416	0.7018216355648835	0.8476902782280508	1.3966573072484052	2.221076927891976	4.538145308746129	5.642512715917455	
0.11351160124811129	0.13694284944666413	0.3682652778414993	0.553117945178632	0.9390140992550671	1.5953084132051134	2.11780109542787	4.170392799047268	5.8339746627313795	
0.10521356123847565	0.1694048039936616	0.396327815701622	0.4752513901228531	0.9396617197378064	1.6564064548665471	2.040681657823868	4.2908414137405435	5.61992775545997	
0.10531479201849253	0.132557161031147	0.42109357627148	0.5935756915686636	1.0219033068198	1.4443954076091765	2.193696230958775	4.649484125652597	5.751207743344397	
0.11395145868662702	0.12683081008685132	0.35417765053367034	0.6222233045691774	0.9465635612730023	1.3947231841674674	1.9600081190974614	4.097176241480028	5.179026914603007	
0.12877275823463594	0.17056478099235736	0.3507171216491057	0.6289940492811535	1.0739627523882058	1.278471613046459	1.9387076484328423	3.5877727937358608	7.630290995086547	
0.10537880662201692	0.171141340458024	0.38485044057442425	0.6224915727903652	0.8877534028573173	1.4124818022935945	1.8851883038396746	4.277710143491109	5.1927762337702115	
0.077094139757625	0.14699587779463835	0.36231289901302166	0.6293689353801185	0.9976750921041122	1.4738655640439027	2.13799924188849	3.828888422990591	5.798658107259351	
