4	82
0	1	1	0	0	1	1	0	0	0	
0.14706198539008714	0.3779070383702775	1.4091752305068344	1.9478896489543291	
0.13348700533490448	0.38805642670586077	1.37874219388664	2.2655795257721536	
0.12860793234447004	0.4004389505998702	1.3560057718526137	2.5496559705979447	
0.1355762956055029	0.3232537249829211	1.6022593623681411	2.222069406638285	
0.15616188172546877	0.43450363702707884	1.368783473391957	1.9700191252309065	
0.13259891209870917	0.3910876769336182	1.404172312696739	2.1102628003383748	
0.12970090042232213	0.34686234217028455	1.4950907452677598	2.246554583968555	
0.15093555864491146	0.3711551194526311	1.390618783749102	1.6669552322554961	
0.14181167430812683	0.419973955432086	1.5812832402655017	2.2970931277318702	
0.16516443414223458	0.38892316451909	1.2190522033585651	2.0102853960802354	
0.14339313456026315	0.3715092752713803	1.3712304939828157	2.149195703186259	
0.1441705100377418	0.42288114038911684	1.4168652292190806	1.9236546817056024	
0.14856649802024982	0.37711504608280866	1.363196781043125	2.092413876926228	
0.18154613082734303	0.3611264482669076	1.1868191328794573	2.364738522753683	
0.1478002941552196	0.349475766352449	1.6112554989241241	2.429349486416716	
0.1636421114991762	0.36386561305629367	1.7674525075337397	2.229847231536976	
0.1624667492157729	0.37464014544044755	1.506535253247512	2.2109311086782486	
0.13862739183827005	0.37004860740048356	1.7155866001034776	2.4173022789923775	
0.15534478034086255	0.3570258848145839	1.242307897945341	2.181958057625886	
0.17016593245960435	0.34429556680857026	1.3067511095663957	2.205446124007505	
0.12811804303814256	0.4353501663139157	1.3875626974316764	1.9152019860135738	
0.13135654593777069	0.4136286129051031	1.2787509795018457	2.312871008326555	
0.17374479920746425	0.3899837501409443	1.3763538518658684	1.9807070880791244	
0.16980677330338748	0.38180453217412885	1.294438104374634	2.5238199451563976	
0.15608779211225957	0.3250998520392103	1.5055650727080088	1.98124011548569	
0.1698746411559379	0.4229413702959442	1.3953525835147504	2.002711772525195	
0.15481640271957411	0.3825271584733589	1.313737613446914	2.000447736076266	
0.16030478090700395	0.35408682991198437	1.3362694754570268	2.4034412978323685	
0.17848163266493777	0.39382798655453	1.2070943287880929	2.350923898284022	
0.16330287075143504	0.3974117528247085	1.3977920227011384	2.0216284108879594	
0.15190135333451144	0.38080772961381054	1.497605659664306	2.401935453136702	
0.12020136255678485	0.43906363003382803	1.4353449566380754	2.0592526585366926	
0.15979416001420493	0.3735429300429808	1.5774680158371022	2.0953024220618968	
0.11720496841683624	0.3835954451422703	1.5239904752686524	1.957929801891662	
0.1472481768583741	0.3708617847426133	1.7190729291961961	2.148573096661196	
0.13753601416476363	0.451988803832009	1.4244281643724186	2.221200380724949	
0.16066280903433797	0.4186089305678373	1.4103738396864105	2.3893063204381937	
0.1820303081226121	0.3640317526579084	1.4881365209107313	2.1473715385458054	
0.15810200706995806	0.42338503024630203	1.4722230792177273	1.8093034253871572	
0.15471144154341238	0.3833845397258654	1.5099749779339091	2.0564615852467805	
0.15544251761115502	0.36884646536429977	1.1761735283665742	1.8900299348350358	
0.13954869277939883	0.41927618121766175	1.1303983203613928	1.9317265714140934	
0.15377930583662183	0.37615428472552564	1.3050332710033952	2.5879022101603946	
0.12925257756134811	0.3233376900581812	1.5696811814621245	2.129236801952593	
0.12636764698285474	0.3707423861791116	1.552060644807356	1.8608705149376583	
0.1399029139022031	0.3363679165467365	1.2039777028041374	2.1145906724592045	
0.1582205830203827	0.37521256717860874	1.4692262886346565	2.4667307419767495	
0.13118327112365002	0.4050345824174411	1.034230357392791	1.7510545612011301	
0.14515934227299548	0.3817476925975744	1.373301861930197	2.4323229585152073	
0.20021361692518083	0.38363830408801813	1.5267790631939808	2.268393989762021	
0.12446532033062378	0.3812799383082109	1.378218354094314	2.1357711551152985	
0.12771951422199312	0.35694856066776903	1.3546836300133351	1.8745570885063616	
0.1529820675653203	0.36198483638948614	1.5484739307105186	2.5433996247997905	
0.1459285054800274	0.40772295248180523	1.700933412621445	2.284433194054943	
0.17976561534023205	0.365967653804107	1.7346957689725553	2.0958613210493486	
0.16954668124228148	0.3459683353329948	1.4533101414912823	2.3993698569988764	
0.12718194071751968	0.45243326728229205	1.6020206934928498	2.2072973627323482	
0.13605288896453377	0.3630352659448252	1.2070255832822108	1.8349923299130502	
0.15518239193824224	0.3881558050367135	1.5112981555972034	2.3423059969049307	
0.13009856822370436	0.3831953385742277	1.5699202812133866	1.902482208918616	
0.12771138442392907	0.37368485794356654	1.448941434310638	2.3080293279785735	
0.14400798325597805	0.3417680860843185	1.317585925914521	1.9541839348653263	
0.1353553328348088	0.3814212430394062	1.5501892355896527	2.265328898411526	
0.141379389567291	0.3438419908416158	1.6197508076523917	2.2296359650504742	
0.16501880523605397	0.39295025192958455	1.6123801252893206	2.2609416067145127	
0.1426974380253981	0.46685623908384055	1.512555980795365	2.2818943908252445	
0.1310595941928905	0.43170563409903023	1.195442483669913	2.3371785716395834	
0.15666209132915224	0.3179130368091664	1.5645228049562385	2.2748389567809477	
0.1447402233874171	0.3918151568123083	1.3610707567571962	2.308163406139075	
0.17668724138359182	0.3713541412767848	1.485555812020493	2.427954693101206	
0.14285020392768963	0.37832650857512057	1.5935194483372832	2.1953029019710693	
0.16208272492292636	0.4083266553354388	1.3620475595694368	2.165818783398518	
0.12710995711734177	0.3997538849850925	1.351437244725039	2.0664612327805294	
0.15750563092404948	0.38165127661930115	1.2508927272211643	2.069650602609295	
0.14623885602775102	0.4155833984760223	1.3795746291189621	2.076916291827126	
0.16155974007911092	0.3314867016988323	1.381638037257417	2.397971783861655	
0.14690156841154461	0.4683361263651977	1.2347982558246435	1.4998343307295077	
0.15633710097914355	0.36564280386566195	1.510647045416904	2.1115091184153245	
0.16824237878251475	0.2947080909856259	1.23393119244724	2.2048939934273384	
0.15951254217724656	0.3498824944085515	1.2405588476883336	2.0604294655437916	
0.15771896866209936	0.3875635598808799	1.2413775327768817	2.271174497036761	
0.13698282350859814	0.3601175969028681	1.6008205234053867	1.9223508199605301	
