9	53
1	1	1	1	1	0	1	1	1	1	
0.0953512969783074	0.15932886866943513	0.4425201650474495	0.5304687842917771	0.9188497792928922	2.122700286892249	3.5697873900019017	4.746036547693579	6.408276605117383	
0.08183896243155259	0.13930288360242835	0.39493218429353394	0.629416275023091	0.942465936456389	2.475710247195774	3.3751527232394265	3.8275914388893657	6.20227435594635	
0.09354849599828596	0.15569622026678456	0.3108064464093123	0.548727825973954	1.0600490492042964	2.2878136813120387	3.701826817882976	4.423861676619817	6.8378894081888415	
0.09357100275406693	0.15525194469956466	0.3921312298104006	0.6918677917368797	0.7135332256968681	2.2200569844359492	3.606246787586243	4.038421330816649	5.6945528567966415	
0.08522295513679151	0.15721514518171226	0.36390040234746684	0.5788029516809433	1.0551677522345477	2.1995706883876553	2.639397536855958	4.624378442004347	5.423865640919738	
0.09069259571036042	0.13210610759757602	0.3830548608494743	0.5649325496650129	0.8864804349180793	2.280073451625439	3.6065493124961705	3.8519608442932824	4.462572707293001	
0.1030648631097294	0.12361654605686817	0.32756507585169936	0.569867472102858	1.0059743615809578	2.417847384284757	3.052569448565162	4.1576936169844565	5.3324221080894265	
0.09996977221067274	0.14609717350641402	0.34668108441469697	0.6809292444743057	0.6690071286839255	2.0379114405779184	3.63551111826213	4.080365567852979	7.027638081155814	
0.09553097428739046	0.1588374002486228	0.39358284548352696	0.6228382365195201	0.9503344099605908	1.8561772766673248	3.2829124252352884	4.929501515213301	6.825042006179244	
0.10535998461979193	0.11034408944506595	0.3594653066773055	0.5698721302723168	0.7516749921823396	2.2228647964749717	3.413798568755208	4.932326136873298	5.744574483791928	
0.09888843095170385	0.15607455142634297	0.3577912006067058	0.47157110618915427	0.8855497918902141	1.9129384063782586	3.2754153728789808	4.9482112189767	5.056552437396309	
0.09023545615995066	0.16796654918280535	0.4006757016640019	0.6389381907101676	0.9609370692004089	2.1848007269674574	3.05045054273425	4.117119083896101	5.908694920662839	
0.12386901740644247	0.14347941608062076	0.3374900587186031	0.6950213339704918	0.938589371710272	2.3194388243090507	3.290447232244775	4.799806572204553	7.496937734137941	
0.08658289549128524	0.16841605781196606	0.34426103096875743	0.6518376121200952	0.8123628017881496	2.217734381235332	3.411558774302595	4.240545888304464	5.618627939469901	
0.11139871083480452	0.1394960885595056	0.3359896029450474	0.5597405339990312	1.010566007133107	2.1891098982749266	3.905225347769011	4.379279442865942	6.0106542291952465	
0.09116893106599219	0.1249825676870173	0.3657382364628077	0.4984143765530421	0.9360394802190077	1.999282760347558	3.2471508812986016	4.910830263324412	5.384301584176299	
0.11011448606686534	0.15537785434148088	0.37437752527526447	0.5936755292308342	1.0574672554236175	1.7649715758217603	3.251382447238984	4.844252572534438	6.195342708516481	
0.09440349750132176	0.18334930646745365	0.3998211410170004	0.5903196777391606	0.9315781383773778	1.7503844739741483	3.364111783421509	4.449421882872393	6.25493417486388	
0.08705880985831707	0.11732138541266583	0.3592921704910095	0.6743967623385939	0.9536040478710399	2.2149323363866875	2.7216831532539967	4.576123928825121	5.565985488940771	
0.11287572901159698	0.1402848450570717	0.3872205769583755	0.6560834645485941	0.7229409401982336	2.0776631943134927	3.165908838661838	4.4340226618089265	5.8805698517502405	
0.09192217487123944	0.13676020269015812	0.32417519648138177	0.6320428680967717	0.8810937300039212	2.2891811735374366	3.1302556351393673	4.177842773692646	6.784698484131445	
0.08786895031919528	0.13707150206739158	0.3664207209848367	0.6036956473512042	0.9569834009321709	2.2122196742820117	2.594000159108941	3.7651184641437485	6.354624050749221	
0.10895197533277273	0.14401393634147422	0.3858300347565333	0.64229561854648	0.8990187041283408	2.265129280051728	3.5046835058805565	4.465474475936618	5.235937126860487	
0.08935252146566375	0.1697739554162811	0.3722587416111142	0.6520048346279208	0.9361427517122208	2.279537359203417	3.516866371396337	4.632416511648439	4.562694662627488	
0.10916085519529853	0.15539131344547635	0.4197371786616609	0.6559837010337309	0.7941578189681826	1.887324052714712	3.123864660426241	5.254562586382954	5.22661486317889	
0.0921198392326793	0.13241868538268586	0.381088440459886	0.6212217824056433	0.9174898614874301	2.4303136557929723	3.155849423147611	4.474463420938366	5.406763877340168	
0.10326648754870989	0.1594065518124187	0.34073930186327567	0.6840422284984412	1.027327740790299	2.4751493373443654	3.8494856039728997	4.247140921191118	5.945394667711399	
0.1032543586696167	0.1545736941623805	0.38845260298160506	0.6300283399610613	0.9276085274958086	2.265735896669929	3.0083670707347996	4.921892345041551	5.991003770512757	
0.11190557253929674	0.1457660671447872	0.37453710425450953	0.5349850669356464	0.9894408652510762	2.147299161624392	3.3211939081967707	4.378549670155596	6.089244984417227	
0.09955769787767038	0.1589530238572046	0.38901655688270803	0.564160205162482	0.9813917656414236	1.8615310293644525	3.2193672536014453	4.4422289829141155	6.6051773448610405	
0.10371706875534592	0.1767101206119073	0.392746208424544	0.6152226667523205	0.9294576148646165	1.9781512116605109	3.231670633791943	3.627085520453791	5.693037733447108	
0.10994187899774617	0.1587805751387378	0.3536635676085799	0.5968891167755606	0.9180717831833878	2.0800666917141357	3.232455676352628	4.034498060358413	5.066311284133213	
0.09154186424129138	0.16306911461288204	0.3822575774683864	0.577213284893484	0.8769174209561554	2.139179075327565	3.144101129935031	4.473437570420032	6.63105423060763	
0.10866174578587809	0.14188780362870282	0.4207580818892132	0.6137993509342268	0.9254679125752311	1.8867020207386584	2.912019990596737	4.67473574925345	6.9038639126725165	
0.11990744590840584	0.1507105056117132	0.37457242632564264	0.6119774511723762	1.0176989082243033	1.96548628661548	3.3705647555289144	4.456593123908437	5.880509412874275	
0.10589892497880785	0.12703727635871487	0.42240807936217706	0.520303347586432	0.7011723247522572	2.1702253343783684	3.076738329846887	4.812839965551174	5.2613239094653705	
0.09466798969022713	0.12044162189055588	0.3536605218489833	0.4994962368891883	0.81999032774983	2.00265055303124	2.9568440435811914	4.321763729661612	6.720054255697146	
0.07475867273317985	0.17198004215375162	0.45368667835682996	0.663872125912048	0.806377290686575	2.506909139214526	3.321619678367711	4.726868769701349	5.83491249400527	
0.08362021775206613	0.17939000035780597	0.35383712078562385	0.5803086499371908	0.8794677674810464	2.199879084197912	3.1320233955200925	3.781605857912175	5.986845279615407	
0.10693875760413568	0.15203292985073905	0.28089785376514914	0.5904829762251073	0.7658940177467853	1.9891879065554268	2.9315232576093138	4.57665497212684	5.686457209304985	
0.09557079787857352	0.16415984046314944	0.3432707543708875	0.6001596952704292	0.9690303120950189	2.0176797984289894	3.3725806270261756	5.043701750374277	5.738407719518722	
0.10425047695298298	0.13473160525321676	0.39316037982921886	0.6192424664434215	0.8765884367823958	2.2360986712358897	3.2499689835039427	4.578382266476311	6.512990214514875	
0.10137617556644592	0.14578995220079977	0.3493954823175505	0.7019647640649015	1.046104125074964	2.1882117660331413	3.2032820019999333	5.11269749422343	5.035714949039874	
0.11109126398756203	0.1681919881252413	0.40337410970192433	0.520270156341623	1.0883414292629419	2.400418730896397	2.995482665160752	5.358790154922815	5.656648947209691	
0.09186069729288734	0.1696530824953004	0.43939289976171914	0.5747556080068176	0.9355962821141771	2.0957182688849505	3.342115579336463	3.7057567133571587	5.519198149553699	
0.1036910757134665	0.1606160286913645	0.34227655421357	0.6580120982131237	0.7732520017646362	2.056689341815495	2.7060219859126544	4.6243370900848255	6.2812861833529245	
0.09452850640643545	0.16209226919545597	0.41664688923161125	0.6373363882778714	0.9409783457724646	2.161565989012044	3.6508201310446933	4.569820144028342	5.104333390606268	
0.10201892644304351	0.13943129234911997	0.3973515298117852	0.5554553632541919	1.0132705331140854	1.8821414475987983	3.3006362591427876	3.8482300424368026	5.5980426327282355	
0.08922786934454231	0.1311490391291242	0.35430070795511126	0.6674956718962101	0.8359829480549048	2.2499391996841567	3.024980794367332	4.6272104311969136	5.689148643832402	
0.09509050896246407	0.14499282483237705	0.3930570728832265	0.698930635111861	0.7710707037566759	1.7634034763433353	3.6181963042414536	4.720476168898255	5.668947164478228	
0.10806462726237061	0.15125354725842782	0.40916529034626664	0.6666950863864481	0.8521558600169142	2.4128805797596593	3.0930155685413867	4.570126410831223	6.380739246507293	
0.09812637078364216	0.15104078448017075	0.3114330272163946	0.6994984490973889	0.9462556195134734	1.8088588422133915	4.141748076620747	3.431968473145219	6.026769934059207	
0.10318782342205397	0.13919914913584977	0.3413309866076519	0.5343468338997068	0.8753146057163181	2.1986073161138346	3.259156740965612	4.176831696198632	6.185199635172012	
