3	35
0	0	1	0	0	0	0	0	1	1	
0.42032409596323783	4.726650229040613	6.263968619956157	
0.3436119644014851	4.549762414345348	6.069177311404505	
0.345123708239376	5.065710344562315	5.921429125607686	
0.4168744377205491	3.702229091053319	6.02720821079332	
0.36530173504972163	5.1056130543696066	6.24847347611995	
0.3402612768506481	4.8634493382521855	6.8140415096005	
0.3791117595365438	4.014910867361785	4.6775237207757145	
0.37988783535622017	4.674016396429267	6.327198511423562	
0.36636429832294914	4.27879367304708	5.904518027607345	
0.37307149568039305	4.568632731315242	6.66783599726021	
0.35779847341001275	5.193735979726078	5.858137082915734	
0.36398755759359885	4.604407506218399	5.344323816634594	
0.35626002498422843	4.255723974412112	6.113641626381433	
0.3551701685595939	5.55848009722661	6.488913383312466	
0.40255178047850065	5.01598196998176	5.369944305909045	
0.32144013956079776	4.072861071513407	5.9931373888507276	
0.35073386062634604	4.6289697983125775	6.761423923471471	
0.3840328984100604	4.017580368609069	5.159404649046728	
0.4120637489450785	4.390348594406041	5.777826615750948	
0.37153378698939005	3.7185701606688384	6.314306002721834	
0.34922069724084703	4.001643422147934	5.805168634357674	
0.35780742915590985	4.581167242805815	5.714112483562495	
0.4001228198793557	4.144791526167582	6.019532039741814	
0.348022350115305	4.204416135856784	6.318079744094999	
0.3883412431860468	3.9230521223625736	5.740521974216012	
0.37069408804954895	4.248585187453713	6.686484947195946	
0.3542836422540058	4.382995903311967	5.480680053344356	
0.34741896866192085	4.331816472536457	6.855158438435372	
0.4153198476792526	3.856578098096769	5.633370663019569	
0.33880958160013547	4.715943216479385	7.008785815452972	
0.34292368144953955	3.6005856979015	6.615571890865809	
0.36667479080757076	5.178406674875401	5.070472505235992	
0.450909945070516	4.173749301542025	6.911721756354847	
0.33894661630427125	5.7599526492893	5.932478602851521	
0.2957699736228126	4.431406316204669	6.344878266006734	
