4	48
1	0	0	1	0	0	1	1	0	0	
0.09055628442462316	0.6533073933609801	2.2350154471104253	3.3508151712768623	
0.10066446658603345	0.535470091047094	2.088277671002449	2.9192876510790233	
0.10553011330435023	0.5756279970070409	1.9841359234364184	3.1327586287576996	
0.08439251247417957	0.5286480862026902	2.046443662148765	2.9822924942866678	
0.09036519321369055	0.668831878964048	2.3911577373985153	3.1711660394137566	
0.09580845239327503	0.5613832276567509	1.981316585589727	3.500231850386482	
0.10402723681130886	0.5763311078721486	1.7942898280216026	2.8910518969834333	
0.09526217717902916	0.7274602906095349	1.9390109680253627	3.327960417896156	
0.0774327025052158	0.5909929967774386	2.2245877244671166	3.3788724423470433	
0.09623411943005969	0.742190480278376	1.9948840964780936	2.8259863458959136	
0.10743399319128932	0.5569974927869544	2.111247851359135	3.675284057191195	
0.09567767058193954	0.49305626471174585	2.287644377747446	3.1811378421884124	
0.09268631421576502	0.6352680446232136	2.0514686970645255	3.25758073143216	
0.09624307455562298	0.5461387855354022	2.0685214203104465	3.1134901337133534	
0.09253404980928229	0.6819569596994719	2.00647194872444	3.801807917214825	
0.10613434272806932	0.580432861779068	2.034244315575364	3.1423963281166394	
0.10174903223762788	0.654770344837022	2.5626141775584172	2.9400244192821603	
0.09285228599585271	0.5196502114735738	1.9115665404779407	3.3581142430994646	
0.09804711383676822	0.6041960681686395	2.4305615323912417	3.508794205264883	
0.11025302812189564	0.5982240414186862	2.0003125185300616	2.8391982862821714	
0.09481345253227137	0.5997207226685056	1.9759314427242674	3.0908574369059836	
0.08628916972308281	0.5610788921962299	2.2504597741460057	3.083081315156555	
0.11197980924053333	0.6191094187484589	2.2481394448880687	3.59665163850282	
0.0908985246594834	0.615718214015469	2.312645077025944	3.0537364535539133	
0.07967837587023362	0.5016400436784404	1.9558857424396325	3.134064217417631	
0.10928405895848876	0.6620267890469684	2.181151897137958	3.2962337344901864	
0.09322898758539994	0.6348976937536328	2.141561162380561	2.803088166901472	
0.10472005763582243	0.660461186905062	2.4330008925082947	3.8119949239426645	
0.09107476178473178	0.6587758955324016	2.0247445603263974	2.7103800788157932	
0.07668791614309275	0.6182826692318185	2.3843311203781665	3.060560619995226	
0.10404990144142329	0.5347678381291359	2.4474568608051106	3.08495144812929	
0.08993280655988174	0.6338585564497307	2.1902918838413967	3.2645462893421886	
0.09823807519815919	0.6515099247433667	2.076498690768379	3.3941507565197444	
0.09117217634910442	0.5946266448478579	1.771422311129443	3.252023233210902	
0.10039156164907409	0.5699223615838034	2.0071441336109035	3.559771735766255	
0.09033749351273643	0.5814871578804844	2.220590766188459	3.0535788259288896	
0.09631612542555118	0.6200811369917512	1.949241893365563	3.4470574179223	
0.10556013345601081	0.6456952950468567	2.0993163040082243	3.508769737561283	
0.10067794460420879	0.5628109024685568	2.1912597395749103	2.963085735490213	
0.10509191992895298	0.6211977329086819	2.0489911829969154	3.284578442472739	
0.09797379741563451	0.6496604661366001	2.193322173829545	3.4949842805071727	
0.09845879481150177	0.7509487140597851	2.4514640250196513	2.9260505331498474	
0.10773852746308515	0.5821038716607517	2.154038961628651	3.1443032171579817	
0.10366521889638375	0.5146926521901297	2.028338164430254	3.055437595477797	
0.09609454901317756	0.4898522978340909	2.019203894291623	3.20422166438231	
0.09350336203993498	0.5731062645890395	2.183022876251819	3.6407182194877015	
0.1070780304980489	0.6343441728859126	2.586252647674508	3.249097960288843	
0.10899710309536655	0.6084288741332274	1.8547792986714362	3.327836266571197	
