9	89
1	1	1	1	0	1	1	1	1	1	
0.09686999367855195	0.14805141060943636	0.32217706886947794	0.6359509943080508	1.6042770420826042	2.36021930758848	3.065615556749434	4.565770974879794	5.325095401819849	
0.10130206039819128	0.16512625394332664	0.34095322740645817	0.5533991876670474	1.485352261004513	2.057704848144947	3.1412424597922186	5.510024614697972	7.107539910463085	
0.09387838026324538	0.17588815518711698	0.41760833606292286	0.42668997841756257	1.318074095580022	2.1317440079741585	3.035974729131159	5.004367674939856	6.95140046979969	
0.09610906335251179	0.1536145963808624	0.3235914873316443	0.6160164682203787	1.5981176504522687	2.3886801579106445	2.705791505757305	5.62898339056994	5.2839487211127825	
0.10328707032850443	0.1438814273877262	0.3407556359165505	0.5325883614745905	1.4094689162326268	2.0427047166914467	3.7788465611067092	4.551396940535061	6.384370802641799	
0.10446319559357478	0.1522239529733749	0.3779937661787983	0.4836563152431754	1.298181399508233	2.1545603162888387	3.1912171827901954	4.989629995705	5.772025962630691	
0.09966570215431647	0.14498025882777316	0.36291676928750016	0.5873729495477097	1.1218100342244444	2.0922203576660907	3.5862389813827327	4.438458648838334	6.057466597992173	
0.07979289073080988	0.15718700757064613	0.3581712679761735	0.6278959655015587	1.0463113535516688	1.6119215388015884	3.0368677925081418	4.168784972575063	5.807967661710228	
0.09400643051933466	0.14714618903617485	0.39384592000985386	0.5446396683309556	1.335756482645048	2.2722107628058525	3.7226378118254257	4.070303125234559	5.858871940030545	
0.09279030383839555	0.12718889228069402	0.39419958034101077	0.6760434894673502	1.4581218740678632	2.0579451069708443	3.9047785603021485	4.495868582824957	5.910864745493316	
0.09715664684245916	0.15688484719740944	0.39803399130976713	0.5508529946461269	1.571645879760153	2.1948821315391043	3.864560834497701	5.284616185076181	6.742864453634433	
0.10063846668685372	0.16645526520854897	0.3183194635912239	0.6023277879281833	1.2404823925080974	2.056418992836485	3.4784293038217746	4.976154689843734	5.704705568041566	
0.09207378475944882	0.11405487310473533	0.349198406838541	0.5573318841489779	1.7455335973830817	2.2004523857158773	3.415171071690424	4.862656842730326	6.794372225408253	
0.10600282874954792	0.16954731691185168	0.4477972630964623	0.5797074226240525	1.3272654224014755	2.7284007483671906	3.4624491720617705	4.800097518299422	6.303147846097391	
0.10857510016545968	0.13916858674533633	0.40638391566002197	0.4671294773896111	1.4966827918211325	2.180791894156288	3.2889457053138673	5.0217670471929186	5.812090580871858	
0.10014387505500205	0.15032429158793123	0.360688131546269	0.599422019637292	1.2249331668950132	1.922147279531454	3.352942856272685	4.726382926735811	4.953318993522119	
0.10147828888635545	0.16478433047157795	0.33065434950586264	0.6375489958544412	1.3209331578309536	2.106080811739634	3.447664503705009	4.074169094684591	5.766602462925199	
0.10153380156711299	0.1767539006902532	0.40627791080635595	0.6019366280798225	1.5935969253023874	2.114300371006118	3.62011849487053	4.369311824853976	6.346903364516715	
0.08177413993731436	0.14149123895494564	0.3920875117528845	0.57069548635426	1.1663479232590566	1.9973818237126089	2.880887180804728	4.430629252928167	5.702471599014576	
0.1007029307039554	0.1560473833015031	0.380113835277721	0.568239667813981	1.1894630702534854	2.4993318389461736	3.2010848901340005	3.7940149576306794	5.54236010880352	
0.10152189007342596	0.14135506310662693	0.41940179600131144	0.6222899644906598	1.4142158039618622	2.3288998265082066	3.5103872688440783	4.971446596639248	6.5662553399931145	
0.09510958953811853	0.1619435210856409	0.41780984540357213	0.5528044409201434	1.5146385641696656	1.96096482517842	3.647323786320299	4.885420187024445	6.922321830475424	
0.10240234178518115	0.14485110344831406	0.35429157500182	0.6331601854392751	1.4295367573719178	2.093978202113942	3.4793383457292935	4.781914334602847	5.865778487780226	
0.12197498458037032	0.13871171365163668	0.30667173562097333	0.6181072335904426	1.606570911884127	2.457865951759196	3.564547170420216	4.549198775545646	7.2120888234985046	
0.11103065059310922	0.17464120944396874	0.3754404222769317	0.6340274304156079	1.3826330172229446	1.9270393409091555	3.5278259826555285	4.658191286638308	5.986874687982359	
0.1038328674526866	0.14313364472184653	0.4262779287630652	0.48323758996050487	1.4060632037916116	1.8933936676142924	3.5438309377527686	5.077988673526078	5.615443533063814	
0.09932685010129413	0.1637938432231929	0.3910711290710013	0.6480418750940542	1.4755134990730734	2.2513833730120836	2.519863779163908	4.526941910948915	6.797323121115673	
0.10513727649756886	0.15222664302967112	0.4500723554611766	0.5722656207257618	1.6162957182875306	2.2189500611261095	3.5750772632408205	4.147864385166072	6.133716329104422	
0.12370272079835379	0.17065425946705193	0.3725230588392395	0.5804642175510768	1.54718166253104	1.850222262637692	3.1167286230423517	4.482321552140286	5.575500568393863	
0.1072737498301437	0.1551563915801706	0.4665529241041526	0.5465817485848667	1.6967846665503603	1.967914332722715	3.4245600751151457	4.586496517031536	5.76552064642586	
0.11149684975821764	0.15472513629039744	0.39558531011331194	0.6362974357815868	1.2952532199297941	1.8400193223766292	3.27577028227685	4.065473658258342	6.263012813535448	
0.11759600576597216	0.1713857984846107	0.40664818194252045	0.5597099132265168	1.2941928002373937	2.2881534102458794	3.3729367155430277	4.724927870674328	6.615639940869563	
0.09155582802675565	0.12128178462995033	0.3872807910137976	0.5649645503799424	1.199878125624178	2.244898524445454	3.2659156158241696	3.7357529232034548	5.504271726904346	
0.12123393773041191	0.15248394745300123	0.450757842906984	0.612575158923118	1.3087725401369592	2.213209116915849	3.238199883820298	4.548653817352726	6.256297531851323	
0.11452098770058333	0.1494850151775074	0.352561984391452	0.5486558928531183	1.3967295399514639	2.30805256481804	3.1719354378826603	4.249766555223442	4.652858533599932	
0.10105498400332072	0.1565162025520896	0.4241757815038954	0.6429198070338868	1.2361123341674807	2.4698911428026307	3.4104932630244043	3.305408868722409	6.132471630668363	
0.10103835763213193	0.16754863488351393	0.42238740720145657	0.5857716161796386	1.4784035210602826	2.0961637580048422	3.1406419187695933	4.669094362052245	5.747570247524594	
0.08408452886231566	0.1614327295726228	0.3826002499589607	0.5856115286655911	1.302005740083322	1.9268676102891171	3.2045338260205907	3.5029310259646587	6.258168170972899	
0.11401044852516853	0.16293043812348024	0.3514386412253331	0.6120066292917401	1.4928611905108238	2.2984370203987834	3.5630759566611916	4.017703274900832	6.121442385594703	
0.12374824283923976	0.14553659300084298	0.4060128107146207	0.7130163154097245	1.5421772740251376	2.507997217185471	3.235253452516778	5.032099765075257	5.440936267606265	
0.09586221298247347	0.17285210003695958	0.3243487268048961	0.604901996918847	1.2298785670248036	2.1978336692059313	3.5861373621114776	4.009277595776402	6.0495071036473655	
0.09353394361944461	0.13962286664175977	0.3926646417312974	0.6036661858147861	1.3767238520717344	2.1203652184071173	3.7725635283006325	3.721027140058453	6.519656017594327	
0.0928055067315364	0.14665325975989588	0.4221427349927566	0.632570898553006	1.467977896218954	2.6259797502979185	3.3541958774789653	4.559992461672077	6.290387111807602	
0.11009037099859374	0.14198743417504914	0.3689988107156232	0.5101666654804848	1.3095286354329165	2.390920519705988	3.9365386406032723	4.104157024219287	5.801997394571259	
0.09564918094517944	0.13450064575630385	0.46285033843511225	0.49391480092928197	1.553775292088612	2.075367136321249	2.8985218662562584	4.39324239706696	6.439458541862853	
0.0987968681037883	0.16186791348727042	0.3395214835080909	0.5770368125805395	1.5211168492323992	1.9526670081408346	3.006378853899088	4.597795818180589	6.134888120595302	
0.09628810139755521	0.12902255883807384	0.3751459552327583	0.513656277240382	1.5513896243387255	2.2588019436823195	3.3764265005019554	5.120553252350768	7.138621592236336	
0.11855610583033648	0.16831831228570074	0.37391817685993506	0.6974257924121462	1.2623990420503792	2.2691146670813023	2.8421776570630315	4.605387951974011	6.65626206419026	
0.10521039560362047	0.1304630684106533	0.3526776932003334	0.6159558439124206	1.5514105494588997	1.9828379046873612	3.340993478607624	4.1400622134657725	5.979039446849162	
0.10325304329512452	0.1411745718909385	0.2849127727053833	0.6718574553952081	1.6392787496952277	2.239788285319851	2.601029850260355	3.6817406591342077	6.399003024754288	
0.08225138718856612	0.15517038986238693	0.36448319390025374	0.6343085373067536	1.696465920815812	2.0183134063612513	3.167340778060662	4.430510402194929	6.374166962626427	
0.10562994373710483	0.14558617123172732	0.43122707990741155	0.5953016857522658	1.4125358688720202	1.5919954957055018	2.6144476126182497	4.213778226374743	5.9508659896341936	
0.09612684074823866	0.16116201529787375	0.41921279198288197	0.6625628925001182	1.4119627635945406	2.0120839646654587	3.5333887521388303	3.9791227237017774	5.199442215469335	
0.1243014508878688	0.14350920721144045	0.3829101648243466	0.6268869044619076	1.4744610066016115	2.2841538324964468	3.2979288872131307	3.2205875631684293	6.623476644819805	
0.09028616351588119	0.12522170840557284	0.3730493642645093	0.5203569208183494	1.6983193011402504	2.017242342670045	3.2795448939220138	4.284723456868909	5.508506337964124	
0.10639671255674935	0.14752251820565604	0.4086705738922427	0.5726161780671967	1.1650461015565594	2.149372120466125	3.732311686333065	4.759375209301814	5.558356054539392	
0.11377132651928212	0.15486607993139298	0.3658943910756058	0.6117330295087762	1.4289251934320182	2.1936200346580383	3.6966802359811894	4.456496937310222	6.392702654317948	
0.09530380387472906	0.1402933554033063	0.3891208852581897	0.6526907588591782	1.564096963702222	2.093077492799108	3.3046769897732697	4.767001754521225	7.121350814205686	
0.10716577350316206	0.13384756934114544	0.39241185394630285	0.6290443337818702	1.358978443222906	1.9234727027114988	2.872243950564671	4.843946010075402	5.698708503506125	
0.11284961825608136	0.14279024309006416	0.34030364538189073	0.564510995270147	1.2867814487489442	2.394934836083994	3.3220284113016008	4.456321530031923	6.549825308424049	
0.07882079508045903	0.129463579146895	0.39151704109105634	0.5673001653472515	1.518997570542857	2.4998448692331747	3.2684933972298733	4.702354247528666	5.547992019615857	
0.08696001564799694	0.150247095930641	0.36058399402359104	0.5572803555502219	1.484353058228559	1.76888701387105	3.446223973203829	4.852082798673548	6.006655090381125	
0.10817140125036846	0.15285480821993708	0.308740750768347	0.7260786786501586	1.3328104093038622	1.9451470862225404	3.4753541444005034	4.841123999800801	5.8641573309753445	
0.10086277970131519	0.1479277257426665	0.40335968083715235	0.590135729376522	1.518995966524381	2.062041904794048	3.1354746380548844	4.338316253969135	6.29684671571229	
0.09804811374722382	0.1355479132303476	0.4190963818690592	0.5611091048165316	1.5684225755466688	2.0041304097692736	3.458236228081491	4.147062345031708	5.7841752242644855	
0.09907985580602609	0.16518082147280336	0.3924741136841999	0.5013756171121326	1.5583120847547576	2.187477825943437	2.7923067682596505	4.376348706094705	5.7712395671526115	
0.09942026819548122	0.13967072047467655	0.4247587372989993	0.6670292336401059	1.6054593242172404	1.9149256778753212	3.5858513851453484	3.6935774884709653	5.985029005937482	
0.10561433647563381	0.155869955941397	0.38228895414494185	0.5883491050849613	1.6216860790441783	1.960136068658067	3.2370465871165544	4.943476270657123	5.684962752628506	
0.09156977227403525	0.14503871675396574	0.4152090633178733	0.6955949178527159	1.350189274640755	2.3297134230080685	3.7693561084107436	4.111725853097797	7.16248513392354	
0.10420831958556975	0.13502518273372502	0.3518756419462661	0.5851874623005748	1.4765884728102119	1.9101742777979795	3.401661939465263	4.032511721532904	6.317321825815748	
0.09867658887080256	0.15000221879712214	0.3560550407878635	0.5936434090086036	1.5257948468070557	2.262897077192393	3.377301508524151	4.5356788367023215	6.71254771343734	
0.09896493210069986	0.1593950048116538	0.4305436583430726	0.6870810952987364	1.346344355626412	1.900488631416912	2.7276804347917647	4.497250458497193	5.948310379315726	
0.11203055189767096	0.14584773315841587	0.4344122117876268	0.5584979254796205	1.151962636146802	2.24042933982849	3.3832043331146937	4.703594402347527	5.35154045108351	
0.09580115707869596	0.13915194510106213	0.39223910430963493	0.6202570410025064	1.472161972714162	2.169008872978158	2.9096864300365763	4.1058984914195085	6.004607380244027	
0.09090477788606939	0.16618846651579172	0.353690071482025	0.5868286724721044	1.627111344538062	2.354696298876678	3.6551920963439626	4.951740877436221	6.415969093573448	
0.0876022864824884	0.13595164089849635	0.4429875104439702	0.5344093427040009	1.5581655831580465	2.6888658255846543	3.374009591543163	4.360156987128439	6.5888568971354795	
0.0910692469939585	0.1566837442285981	0.40953990974303917	0.46588594470077666	1.3499438656821032	2.0347985992154864	3.5255370684371403	4.753296622966953	6.361995099905709	
0.10523400918901714	0.15369888428878853	0.35781957084594257	0.677871543631153	1.2638954400564502	2.38265636125824	3.761075051321988	5.036263620284125	5.298549023639742	
0.09374840446514089	0.14575280592495138	0.39789290479074907	0.45694070765286343	1.3792360205146263	2.080049101750659	2.694842808828558	5.298729265306516	6.454548833880368	
0.08862067357267066	0.16506524533165806	0.4114394236518042	0.6164916977967113	1.4908775913492986	2.24868307507225	3.1161138779274875	3.986802129694045	5.737140715155736	
0.07418409244980691	0.14637780973627135	0.32604735717018585	0.5467539817622653	1.37420034613605	2.1770967290100325	3.4782461952584174	4.204971847080162	4.987228278702425	
0.09553752028372185	0.1622548844722681	0.42962035537920157	0.6208926073766631	1.4061879891763955	2.1445328312933123	2.990882833679902	5.228034189936745	6.4725720070968045	
0.0872758312746662	0.1657244610357381	0.39178101593703085	0.5847749528569715	1.4941804967531058	2.1031927472154903	3.2800973813638556	4.521888420775673	6.231218404793744	
0.10828499321340501	0.18984149669946054	0.37465695573998703	0.544202439134908	1.3883758888530084	1.7099047996238046	2.905681434864565	4.625585725819725	6.297548041941357	
0.08998186089084537	0.16020628122107983	0.30712390757058233	0.48150416489967746	1.2991137721061452	2.3571165834138523	3.548865697354997	3.9437478939306208	4.760053154849959	
0.10587880053878639	0.17225477355019422	0.40718331371097605	0.5794714015096553	1.4997626666528487	2.570921325798525	3.3327827677108512	4.00025632754677	6.082919627320452	
0.09205310617183556	0.11181134627384398	0.3671901621205393	0.5825927974889274	1.4100279830278644	2.1375896959740963	3.568709947747478	4.210315671512021	6.057918196045822	
0.11638764323483008	0.16045399143172917	0.2979408941738206	0.6839013919250893	1.3676013003370133	2.014521433319733	3.5851042280890595	4.696390608784939	6.727614271705252	
0.11870200896312416	0.15338463510316055	0.3925867099755415	0.6721954946089247	1.319974444275784	1.8856036456252587	3.0884630690451607	4.443466929137022	6.126096249719088	
