6	44
1	1	0	1	0	1	1	0	1	0	
0.1078049752068786	0.1471858628303358	0.538986329145744	1.558830953935299	2.01796166109364	3.734967525759762	
0.0711798663683197	0.13687432958358042	0.6825545051579384	1.6098566008530233	1.9955013434952804	4.331495288384379	
0.09535086924443978	0.12999851781825647	0.5430700877025993	1.5703043812743123	2.258335892346571	4.62288998633845	
0.08664853388339142	0.15151054821050966	0.4617693018307187	1.5505207848502562	2.2055936036584853	3.8946453965550765	
0.1161642555749004	0.12305753011247127	0.6318183709349762	1.5093895629639487	1.8834708555392166	4.482967189135447	
0.08363172157847137	0.10730438525509779	0.5359274263841004	1.3418226332565344	2.2885150788743203	4.530333638277369	
0.10093545459386147	0.1347836756507462	0.5681993217575168	1.29702049478871	1.886630588488591	4.232835257855734	
0.10074512385096335	0.14141042220863695	0.5805898398345016	1.529372817960329	2.0423377999814987	3.8997150160554486	
0.10563453521601239	0.15398774472762428	0.6197195698903388	1.5194949280276062	2.2481779283712084	4.5129279116120875	
0.12391452662852094	0.13072546880547067	0.5648149632906865	1.568328814148978	2.1806560528005483	4.841065365305058	
0.10169756429536872	0.17061084826739972	0.5395493486620052	1.6219717641851596	2.4017642460389172	3.9553698985963286	
0.10630665409887673	0.14935440101645114	0.5636050788528562	1.159927455870366	1.932675060709777	4.818650463083065	
0.10813841269260559	0.1468393427913574	0.6490191085885971	1.5651721911388614	2.183247591104665	4.174949869267408	
0.10441054112815645	0.15730477061488296	0.6404366634210186	1.5537526676103204	1.8571346170369372	4.270531839585416	
0.0810137865431218	0.16120494057533022	0.587261313121175	1.49160641210973	1.8327290691391158	5.130441382361872	
0.08805660835380726	0.16161844956573687	0.6070770102535525	1.4029096828137564	2.0919155770783826	4.212871645807741	
0.11295196176900768	0.15018919251528365	0.5238467081788067	1.375093691109018	2.1775928908486315	4.904012376650396	
0.09395380279482793	0.14193335166293178	0.6014059276288443	1.5548997492524677	1.8557177748468536	4.727409583946286	
0.09535937469871344	0.1451335112737727	0.7200945447077849	1.4019049008891318	2.3122591563163444	4.823511226741506	
0.08819976085901493	0.12231908512165643	0.6492589255450146	1.2750528944798618	1.792200664767229	4.961772996679889	
0.08980573266224408	0.13841223786473408	0.7184623893053577	1.1926578433224353	1.8798985010975109	4.293135835886735	
0.09759743160165579	0.1365938207682352	0.530480694160625	1.6459291883937661	2.206542016682514	4.763325934894135	
0.09862774823441464	0.15434182423288703	0.6559740996665754	1.2875292409200172	2.206939739251366	4.813219041033552	
0.11544797346384261	0.1792183646970264	0.6041915878189057	1.5928253698052601	1.5759138943251172	5.198527309219521	
0.09274116338279198	0.14638353826518163	0.6264662690620212	1.4080577414738815	2.192237476607149	5.214461835701765	
0.0961577995465403	0.1336961427524917	0.708807831437913	1.5053272830316689	2.563281379692395	4.8886334597605074	
0.08676405607986565	0.1596807700763532	0.5409631160470467	1.4310627477488724	2.133721403224332	3.772051287915125	
0.09187189510438215	0.18307780950238647	0.6143026442904698	1.4048897527431978	2.539771397287299	4.321694110468874	
0.0990857963803088	0.16486204284184275	0.575955852083019	1.3232475342725922	1.6654423706974457	4.078575758977758	
0.09053972254010388	0.15237850043202913	0.5633725040563334	1.738596718552579	1.9226097799995165	5.130291009085832	
0.1021975295512755	0.16210161053568584	0.6447611756841521	1.1127923191653244	2.14751617402004	4.381997338244775	
0.08867021905308733	0.156894390558238	0.7029924189526483	1.0477604789245785	2.0350890196940297	3.9394052261488697	
0.10071777826237693	0.14511568075275005	0.5636593672345692	1.5285994764510553	2.501778979727276	5.697593393291026	
0.09260370951531413	0.12268686672272895	0.6335517860447003	1.660299317151218	2.3249433429137567	5.22285616778864	
0.09774513329397881	0.14085638340340306	0.6069261544440786	1.3827308942065348	2.292565214588174	4.936395500101572	
0.11048083664571887	0.15765889006206585	0.614749339600518	1.5436030165628714	1.727956739854665	4.594756838550274	
0.10052478057170451	0.1531962059395733	0.5947425872247462	1.4917553355650113	2.026460371870187	5.008285543254133	
0.10473649777413474	0.1522602878682579	0.5581490057618328	1.5465903145847306	2.1944318351763155	4.160032472908387	
0.09943338457586762	0.15943623928861858	0.6330944123291895	1.4996422823965663	2.1698942492243316	4.961618789985854	
0.1123779650381161	0.1610598392351331	0.5647529235086576	1.278697174427456	2.033052950101107	5.379145536589526	
0.10281695913827354	0.18189662741289575	0.5927880993847537	1.3929896451195123	2.1340778446215243	4.458521663976014	
0.09226349088132275	0.13276727597749985	0.6300801976308518	1.580850802616423	2.6756709796432765	4.30482919198904	
0.09647344513135925	0.13843156058323475	0.667543645762414	1.546543206035866	1.9614590648969767	4.094010860862175	
0.10952514758595898	0.1557479422681261	0.6455033227806687	1.3037641075975352	1.7462891542593055	4.106265742493924	
