10	20
1	1	1	1	1	1	1	1	1	1	
0.09151492720136067	0.14540263430195483	0.34884409899571955	0.5728105409804546	1.048716380296112	1.2510443935989009	1.7946235411994893	3.536467053228514	4.816975250525169	7.082206157046336	
0.09969595293412933	0.17283622729439754	0.39508435746477993	0.6560899922430105	1.03109116054776	1.5474779181586469	2.2678993746772242	3.3768887615665	3.5113969133056497	5.984064399656493	
0.11078355300887258	0.1775074367165905	0.37205249060213047	0.518040524244138	0.787937697690891	1.3964902708181404	1.9619265741470848	3.264750556488182	4.281119783719534	5.795815822781903	
0.09725467774487709	0.15726920212283116	0.40628780994000846	0.6514628810320421	0.8216918278264946	1.8453893158946684	1.8011252740442139	3.207274566920038	4.310450138293596	5.970860556920284	
0.11328453956057208	0.14602332013950303	0.36642587926269615	0.6106365340894151	0.7930475564681918	1.086006762435053	2.340012707549881	3.7320462769476266	3.8018330428874076	7.432584196804134	
0.10040849488465936	0.1416680788075656	0.36792304070591986	0.4647007815110075	0.9354515328671648	1.2425959416727101	1.9730197305656074	3.1822384323130932	4.60854658242903	6.602937909704899	
0.1079130676077283	0.15854931563799693	0.3651864499479809	0.5836907310488832	0.8615132537209068	1.2760914228852378	1.7278422583434383	3.581058994712432	4.9726515054071685	5.814766679285512	
0.09669554625763324	0.16874329428501803	0.3473756997835938	0.6707551865965024	1.0961047933455361	1.6914122698885896	1.7703838385152018	2.980623943744721	4.995041787969153	6.211535441036005	
0.10256465488725762	0.12867631141708874	0.43144875445538167	0.5701401057460794	0.9086230570115592	1.4147578781786656	2.096971421164231	3.0264333221165822	3.996258838198363	6.496461023613353	
0.09825823226528735	0.17807688666074833	0.3850113394723569	0.6419071389881265	1.0151045150579618	1.6199865565224456	2.101863466128124	3.4137364603850657	4.493810975430637	5.843384784664694	
0.10476230914845333	0.15372483163357425	0.35466440320826653	0.6346598389538527	0.8335961399266264	1.4385465063502703	2.0455700177033203	3.543745729086127	4.068277944053973	5.744134433220502	
0.08862938456672945	0.1318445798059979	0.42599420188692166	0.5556174195364336	0.7565986261694624	1.42710486882106	2.1417191188874503	3.5968005822213756	4.684227540468979	5.955547305200957	
0.12110071534718284	0.13310206465296331	0.39367111054565684	0.6137380628524484	0.8232893733661869	1.264860894973507	2.0567610789936563	2.5064460025939095	4.8979959495242404	5.718713018788565	
0.1110483886392021	0.16123324652455714	0.42931499589377775	0.563449993071261	1.0194914944172158	1.5218942561224276	2.245444050489133	3.406032943478997	4.574344961205453	5.9718403694395015	
0.09346315974157415	0.1528922509867164	0.3579530620254611	0.5003916473160716	0.8223815194851797	1.4767795070367937	2.2694210391140057	3.1542373772874566	4.710359369835361	6.292260631056523	
0.09962403752202169	0.14892452327699107	0.3868908592334944	0.5457883455454208	0.7803132248487334	1.5804257874628995	2.342244845256045	2.902634760071835	3.9129298035033084	4.611611622168365	
0.09822767772690394	0.16443738178728348	0.3717860588627271	0.5162433605265917	0.8480089905592711	1.4509492285258259	2.123726457924424	3.4663835927984237	4.06357817871397	6.1409801685662515	
0.10267728475534131	0.14603850075154548	0.34850668899443005	0.5306077288253098	0.9035915703926177	1.256106317323528	1.9411917239920111	3.476442557625901	4.629967264006332	5.578979816747042	
0.12170744979179725	0.1654589973182514	0.43144933571363164	0.5665029421936317	1.0417828592198375	1.4199791024101311	2.3739765394677335	2.4049344543382087	3.7589611093360826	6.667250046694131	
0.10781438174255101	0.14814515737920927	0.40121420003735997	0.5550170518687256	0.8927683371657505	1.2995036709127257	2.4953817625732757	3.0232316874235075	4.33658369397818	4.883957918423235	
