9	99
1	1	1	1	1	0	1	1	1	1	
0.08574578950222508	0.17413257735583434	0.3831443979965126	0.6844235754301715	0.9560939140365396	2.1485070503357977	2.798244045349415	4.656421675234624	5.495499159551304	
0.09749597446773106	0.14600120892884305	0.3475511135611686	0.6001450629711733	0.9402970409551153	2.0316983558418715	2.6938203302178714	4.7594379966916724	6.0638309555685455	
0.10684122835679928	0.1516461254056768	0.30710615653603873	0.5825584332906039	0.9973713053407021	2.3617588985569697	3.0668901531305455	5.048007582423671	6.282948088085286	
0.08458310153771308	0.1452171534595437	0.4233136969020283	0.7426694600200449	0.9115415626540277	2.2929078163295764	2.775508335345586	4.591690673195423	5.37921731424443	
0.09639709497213605	0.13128354697561695	0.353997690508717	0.6529421465027873	1.138503901051911	2.3826360768003267	3.5149146270485585	4.4675207694555015	6.554407160189609	
0.09847978753178867	0.13039682568400043	0.3693597292455463	0.5494471701357218	0.5887054800333299	2.5631941057945897	3.188345544811752	4.378160439870592	6.389119069143435	
0.09737029689536053	0.14328850323210424	0.38450441010768244	0.622066755732494	1.0209418904104657	1.908714467100076	3.086967471964	4.090974844987007	5.768301378162381	
0.10078551103049926	0.15618498862990532	0.4162854308411354	0.6490560375933063	0.9836602793457958	2.29204565214279	4.266894955398382	4.279859973408109	7.021795429483706	
0.07825531262227665	0.1578203500680083	0.29910784553196923	0.6190719691215483	1.114675697031219	2.0480363525781815	3.5390343199934047	4.744187771154058	4.986743811142169	
0.10404204609464632	0.1357127312711502	0.3924955963087861	0.6685090630252014	0.9011043880007595	1.9702083243742423	3.3171207515264918	4.737232130258099	6.081886693098182	
0.11714465012320602	0.1761717823140663	0.39891454872770377	0.5249083020214261	1.068139582664755	2.7544078670607046	3.4391875956703033	5.354096341465428	5.272463965369343	
0.0816554121833542	0.17803417598441468	0.3716346197275381	0.699161063668602	0.916364565556685	2.1768791946588304	3.451192377051189	4.344389716858608	6.253503031874864	
0.09478403293772981	0.13625761301160919	0.49629064424631575	0.6754599249935239	0.9681062761507215	2.0275450778534667	3.1588863625800334	3.39894436487192	6.1696790312576875	
0.10408694974110307	0.15594149432201013	0.40645141730517126	0.5683108091852299	1.097323810227259	2.286523200385637	2.8754829959585084	4.76837963966795	5.6692822591257865	
0.08092912912648424	0.16838482647717828	0.3292521231298719	0.5735265852085764	0.9178486259675391	2.4177268566238577	3.2375676590659177	3.811665747701199	5.575412192298847	
0.09600461278867672	0.1442830344590532	0.39723460962224943	0.642097901349181	0.9248194361096901	2.089093691551781	3.2101396700485254	3.9605017763034565	5.390287338455981	
0.09348494793443149	0.13704837329668101	0.3909327208127328	0.5782652946708812	0.8766562689316044	2.3971925958991203	3.202344855011821	4.54367831496518	5.858367466354843	
0.09111218460601063	0.1563497760333642	0.37298527939802806	0.6313336161925702	0.7991024380418986	1.9885213521719283	3.5786472549479393	3.899872971755283	5.149119007007538	
0.08750942741217618	0.14034568577318884	0.4300223802817207	0.5386369464597079	0.9598305755070633	2.007276951927403	3.4709561856838698	4.87851611024118	7.2800250653700225	
0.09712677200759401	0.16865762969878043	0.35207316654990445	0.5668263026206684	0.9224828650561054	2.103257889639912	3.4390286574053923	5.321507094628282	5.476983627376519	
0.1096552444564515	0.15705599852835572	0.44081558764956985	0.6771060934496383	0.9523635325975561	1.9467581789518118	3.4063079217934122	3.7371701654983855	6.767611579098908	
0.12084906841879157	0.15532614743985682	0.39402871853967186	0.6138438799720146	0.8968802049627048	2.056993253801472	3.0118459326684666	4.645562151198771	6.765345809872694	
0.09608606917288551	0.14535959921059802	0.38513744695498936	0.6199764223373982	0.7865432121856535	2.119947148764815	3.025216915359055	4.613935390105523	6.528088748286642	
0.11087957694153575	0.14654191115441675	0.3905321369827419	0.5618109564126753	0.9718918161087675	1.64095676850865	3.3124538211304095	4.029626808986893	5.728069875342496	
0.09765806498564056	0.1476962358427955	0.31156263905631704	0.6034520359271182	0.7487974243322232	1.9626601800483199	3.1717372705706786	4.01431070470549	5.103855272990731	
0.09406842085953077	0.16921922793741345	0.3561971603291318	0.49237422193596475	0.900986080532061	2.066272912442624	3.3077907011812093	4.49167672532615	6.427430285737998	
0.0917182551113346	0.1453876468806235	0.3663897748043452	0.6225231910027272	0.942590413777022	1.8554009159633609	3.7882575840046204	4.519313038964178	6.316182315458798	
0.09295560952621254	0.15793551719689447	0.40204869933678355	0.6243757525422781	0.8040663567228467	1.9214597168154213	3.154969694207863	4.609837927561186	6.650591637701762	
0.10300207621053653	0.16852816313067784	0.42923345515122596	0.5608478361512206	0.8926426640334493	2.5129103177425822	3.5994124117951736	4.815887630293394	6.71609491239175	
0.08791778091912282	0.16720701611028113	0.3791356284849469	0.5390621668556699	0.8621119467320036	2.176544283588065	3.203819133760554	4.792367072285434	6.597404012396892	
0.09910084566306342	0.1457902655853852	0.3829790252634238	0.5902935827702792	0.8511009699761255	1.9188177634304484	3.672353925645072	5.649317679882311	5.531944566564138	
0.09042177007565338	0.15283261163566164	0.37187641567632196	0.6027737819348152	1.040286431960522	2.4232250591698734	3.418068464080292	4.407361161839142	5.306277107251741	
0.10703678733157443	0.12066532609656948	0.36598620442503454	0.7137220970067304	0.9675737446387006	2.0362723850083975	3.1228435401454924	3.267458928175194	5.609891252831652	
0.0939314538674285	0.15328797035863206	0.4161422701676796	0.6003058673564016	0.8459295425933352	2.3440164570927475	3.1381583345131587	4.37802080704313	5.831033927822945	
0.1116269430625517	0.1787326058052654	0.3876096773774116	0.5641817274777192	0.9019669767912074	2.297966449834609	3.482475191658897	4.071389783663192	5.922064512854821	
0.0973587057943017	0.14392058677686934	0.34332349610002266	0.5971822770600195	0.8362003923034357	1.8876878684236007	2.834531258176379	4.96270679771922	6.618310971758298	
0.10549814073066277	0.1685612036009069	0.3767986497095709	0.5612002656044798	0.9967456055015429	2.1876909798982873	2.778629101125846	5.533106390186119	6.868406728134639	
0.08673393768790244	0.14891409855351248	0.35254068654622717	0.7218436470607704	0.9859915112800706	2.280137040304239	2.9276795951589962	4.820629779358374	6.76314199295966	
0.0951546790607069	0.1442543985725798	0.3859151883043613	0.6158398624160957	0.981949060903886	2.2453490045617794	2.9734851079979245	3.8788167261150157	6.268098974429726	
0.09744554681447037	0.1460773618535579	0.4017698255520801	0.5633192410368336	0.8660552624524652	2.051378877013818	3.855276857479235	5.493131349375278	5.923859981826396	
0.0987838394845192	0.12438041881915887	0.33932343483617794	0.6473786549752526	0.9357745871547802	2.148115270703347	3.295181473785602	3.5847305625772887	6.494196815810051	
0.0976664626936729	0.1398503274525369	0.34536406458138985	0.5601580642023599	0.9718075335681631	2.039290368488581	3.128582978933025	4.476982811114677	4.235885027321312	
0.11209193366451474	0.14914462553208074	0.3581372282386439	0.6891927043947917	0.8162014134274954	1.6988545582642807	3.332663756916071	3.877652914069059	6.537396751993454	
0.11669267638331078	0.1626029855083298	0.32134512973153734	0.6317896108356744	0.8747244544964344	2.0131777639670663	2.9124520911230367	4.523156581682086	5.335343141431819	
0.09106423980427977	0.1542271611615099	0.3734730038643269	0.6379634473178432	0.8380051378975534	2.32832672592574	4.017254473347537	4.165875180896215	6.6201895529371155	
0.10727937231829271	0.13085533407856734	0.32224250264915916	0.5708063572088418	0.9751970516569327	2.015179691026707	3.206312367530751	4.548099752500688	6.449637395910067	
0.10022073904808514	0.14842237642695325	0.4332666459833118	0.5477098446924484	0.9393723872251273	2.317225826662586	3.1593510435197008	4.072396850371132	5.766434649946187	
0.11392796368256382	0.14848609707837512	0.38523856296334374	0.5491217437025744	0.9436022216889693	1.8975844112252152	3.859548506223397	5.027237279792578	5.828081937283654	
0.10642758901229571	0.1573126000753318	0.38171418057698364	0.6448380427439859	1.0076617041448688	1.7862350777095983	2.903471238389398	3.7790797682141193	6.706216659320038	
0.10190925487496137	0.16232960313801986	0.4172556477832387	0.6394399129818479	1.003410925754269	2.0557822271115014	4.054332311425557	5.11251507759972	6.952366655073774	
0.10588036843693559	0.16399119736137413	0.4605304637520705	0.622497065550183	0.9597906360701618	2.4000239418473024	3.298514324910408	4.531608979502274	5.635771787928867	
0.09404565570217767	0.12295967785296028	0.3686425927002543	0.5875603632494161	0.9053954260706877	2.2539192581355314	2.9130139936189425	3.973388387636524	5.750853038724017	
0.08025313839407325	0.15963414794821143	0.3321849097834281	0.5623486203800656	0.9422636168862492	2.1223160461843142	3.376503827516456	4.366469066080159	4.821733898563565	
0.08696141322100762	0.14127230151437076	0.42215054424875204	0.5519065635743651	0.916435949311944	2.4914244657888105	3.182864183638831	4.489724071251266	5.353247372394453	
0.11019125550920013	0.1696618089926681	0.33398277900581386	0.6264036969824313	1.0675815477347392	2.4441148393181136	3.328567718066839	4.388056248533952	5.6613278938240335	
0.0962288581781532	0.15042183493432662	0.360296543212762	0.6491502959649634	0.8160086454700274	2.1532623404833213	2.734952792868984	4.348761001575887	6.729571474157067	
0.10208624554482848	0.14757977033836595	0.3328877397703391	0.6940871585874798	1.061050224240487	2.0075970892604396	3.317638796895789	4.470414805173784	6.357455810302272	
0.08815431298262927	0.15257318235845976	0.3259902400222561	0.6577245653746309	0.9421840742258594	2.312201846544431	3.3943669203224793	4.723928777977336	5.504490580297247	
0.10214757287424753	0.18147306312913847	0.34949186927806153	0.6328594975816797	0.9747912110918066	1.7488310164895549	3.0784948068691707	4.643152542990513	6.109884320276859	
0.08806760429447223	0.1563149102660461	0.3656971974073298	0.6333149533069651	0.9044153059258567	2.41886608014094	3.59105160961669	4.100205730172994	5.543612949194237	
0.09353790209003365	0.14719941192732564	0.27837472347063025	0.5092060929995158	0.8068321454099943	1.9794164562913281	2.7533635939705308	4.280077000006002	5.93668689232741	
0.10550423225578426	0.16319071091783857	0.35891615397297527	0.7218594145118266	0.8617908582624288	1.8571803846851676	3.34910719271057	4.127151344611194	6.76064617198677	
0.0992438260478825	0.1361147298103298	0.4207141913855338	0.6442127627042558	1.0078223855536348	2.4351124877382873	3.294015115572127	4.253815536472055	5.41688231787146	
0.11280824443535571	0.14968278997089146	0.4735360679667771	0.7349952149890667	0.8967448405922466	1.950944886208148	3.4253273241300555	4.887629404069973	6.0075513388631485	
0.0986747625845587	0.15760939126692217	0.40734197490410323	0.500117959049043	0.9364947984893333	2.1942362466230367	3.5794432504789455	3.9966339560719457	5.748136034172019	
0.11600629680825757	0.13277138626271084	0.4463535651971918	0.6315490429480616	0.8993820494085445	2.066072481817342	2.82941432486243	4.762030114630446	7.033946878118993	
0.10873203662739549	0.16750228220302146	0.44114162986356004	0.541387903110724	0.8550740069297869	2.135904666934808	3.619296898779857	4.8587790389573255	6.571939209162109	
0.0907814299392985	0.13834238894223577	0.3701614462943768	0.6074662029216304	0.8870517591984838	2.3388025693448244	3.3857540795405465	4.522217069305416	5.678160247217028	
0.1019889877104323	0.1375883709553862	0.4170969320554831	0.7622370575358026	0.8615261551698952	2.518798445636778	3.6064899626926707	4.116108169454578	6.227840360304829	
0.09177757951267353	0.1607811669169376	0.4300613748162054	0.7457216106564853	0.9874185263555065	2.36589028503405	3.5299719344638403	3.965594745595223	7.7083944834929685	
0.12202032775854046	0.14227219460114784	0.39924282537647143	0.510132905516864	1.0384993149236157	2.2220010740018528	3.024228484987893	3.998513148695008	7.110774426537267	
0.11528702157708857	0.1636940630125784	0.3864732970830895	0.5371184820045388	0.9411488387266883	2.2983648123095355	2.9722242604108544	4.208375928276284	6.305690657350715	
0.10002023823058565	0.16382464405880273	0.3984648845488952	0.5615495286072755	0.9098918729569478	1.950066067151131	3.3481350614311793	4.451611753677852	5.243654081797194	
0.11795762354221845	0.15493014140285724	0.28505311541776185	0.5761362334658304	0.998432623160977	2.1799797124420452	3.337450569474961	5.020821423935359	6.843269565271381	
0.09431408888722619	0.14034969810500164	0.31655029402018603	0.592472016681503	1.0589141832860611	2.066547100120859	3.3335954417498397	3.948637548849671	5.6396512421049	
0.0831126633467043	0.1425833437913386	0.38839666167993364	0.6443176868081478	1.0377207729363154	2.1223499349915995	2.869400008612207	4.430833582458048	5.908786627208486	
0.1057529654755327	0.14899845681006196	0.372757537664905	0.5729342010760766	0.9278608922951156	1.8981087099736145	3.2335401168217803	3.9211342614478863	5.504001134404677	
0.09884131471814582	0.17600720608212328	0.394298023659323	0.6712401416120354	0.8586393899633104	2.361466993844217	3.350085479576209	4.2773568521704215	6.032773425013151	
0.09019707725944036	0.14747994414521828	0.3913784306108506	0.6295072287806156	0.9926832931202455	2.4965419103409134	3.1493567327111522	4.756193528775682	6.014452377922757	
0.11132550204730195	0.16219600074862353	0.3720541480152029	0.6114295341376065	0.9910119411291741	2.079998487374567	3.033454360392154	5.01296341730257	6.194453899022028	
0.09204155625374524	0.14621940393117674	0.43215113178561926	0.7099869100472209	1.0673134061557543	2.1935177299128985	3.078272377177152	4.467355358433188	5.039515482139951	
0.09585272394545119	0.1530890368329516	0.3714131886652129	0.5689334281108268	0.8659772111139754	2.1602337412298933	3.0499716397532852	5.741916911848336	7.190191938408546	
0.07449479463575436	0.1451654894203371	0.3756208883749364	0.6050182572618564	0.7827762487651003	2.376056017049915	3.428501840261431	4.231372267794729	6.079375841940502	
0.08743737887714052	0.14316654116619856	0.3830233025341407	0.6226988732802792	1.1357810823761707	2.269252848865776	2.981643149482239	3.2868128376099492	5.7908731001439335	
0.10659767126266079	0.1607015424946965	0.40014513028127124	0.6325274036600027	0.8998174931286039	1.7529837666635562	2.8673445635310597	5.282169350909498	5.31277437134281	
0.0868439407730941	0.15194816476390258	0.44272811155287495	0.5734113296895745	0.7684213007359603	2.0481459649267015	3.0129184381153427	4.165107213148955	5.4490430533660765	
0.09822403355045266	0.14178711008320605	0.36939200524368854	0.6394756859869426	0.9361143391114359	2.2161733141679183	2.4023911891602223	4.196186576534467	6.153449490300094	
0.10793833245210815	0.19533649675841178	0.41181282312206985	0.6520338659854497	0.9283346483333922	2.0098028740868124	3.6621216895661677	4.115390098301634	5.213017494387465	
0.0945522402585618	0.1462283759995293	0.3406796547427346	0.5517173081234283	0.9170524869333968	1.9849563337840126	3.176724789142212	4.395296434314273	5.563361570568203	
0.11398211975827333	0.18940090344937413	0.4019830760605787	0.6034267733950144	0.7990996297571155	2.0965390565899216	3.3643201698618665	4.476957421665514	6.051746114629042	
0.08800584040402387	0.16494298365518156	0.37786086271253344	0.6149053506668601	0.9740401294338911	2.083237011793676	3.2811587000469893	4.681542764731359	6.075626965750542	
0.10708385228831918	0.1493793281058937	0.3807968687732001	0.605613962198205	0.7972044438639455	2.2442069373983013	3.597743773142529	4.315817950517138	6.572119830225068	
0.09470529256703242	0.16385530770569978	0.410056262047238	0.5913455592430246	0.9175822165357135	2.2599036611391807	2.5274261197235184	4.5548911995111325	5.766242505933536	
0.09904942900320346	0.14349399678434666	0.340859654955126	0.604503348809215	0.8628101116912004	2.2192957459204954	2.8686043099811362	4.790215692687179	6.280019550838086	
0.1044117396393985	0.15149775130421955	0.34867767379374864	0.5693836622459962	0.7737681655092609	2.365128354335182	3.1013157305398007	4.022255981316096	6.569863368777096	
0.10020615993242417	0.13963890227109213	0.3398061623052677	0.5515724315844835	0.833193464440103	2.43161568769678	3.0952349385171307	4.71508638164161	6.788327936875437	
0.11556538116091444	0.12346319919297166	0.4130301869227186	0.6765141920200939	0.898778031354281	1.8914354328563006	3.0491486377517005	4.712185682884867	6.481392193560848	
0.10497970363913887	0.15855787878002883	0.428077910538563	0.6742253239475806	0.9117163408914901	2.1515935014816763	2.876580800505002	5.1012486509600405	5.83695580256622	
0.12585206244203112	0.1460943919118948	0.3528241798644287	0.5453427115487083	0.8775571870094518	2.33514724067093	3.4392971582941905	3.6047619713924237	5.11947283468687	
