9	95
1	1	1	1	1	1	0	1	1	1	
0.09061931493372023	0.13984534582319794	0.3659926107696092	0.7516639912814936	1.0566884860915247	1.467068921119709	2.782402497639062	4.162951685716746	6.494146774866025	
0.10951624072515978	0.1291020254650273	0.38592609920436055	0.6735437058824996	0.9500278124846587	1.518798150038904	2.7923001550943387	4.669300783550222	6.005809137375499	
0.07967218463210171	0.16373299566334928	0.4016243033263343	0.5542709334915329	1.0539787110078505	1.5670746773566309	3.373310744253827	4.931899985554065	5.682678173858506	
0.10360744587424711	0.15102748245148995	0.41498327240488997	0.5601701025498124	0.8450834702335156	1.3485114584137186	3.704894972605068	4.483661575234342	5.791912254986089	
0.0970378727541436	0.13986472520017146	0.3889412963256055	0.5948684040843316	0.907499837375992	1.391932188193947	3.4176432768138323	4.459106287239077	6.764906064410825	
0.11078788698893104	0.15139088733831743	0.36741548288214904	0.5430442942810111	0.9326253460796435	1.3307698026046562	3.5026208527392675	5.263028060727747	6.173324467895609	
0.09556395902436372	0.14099650353374416	0.3444078992328912	0.6159432257624589	0.8805013127590021	1.4903527487717207	3.250881708318476	4.762696414653876	5.447797224790172	
0.11923485064269596	0.13483679119137346	0.3752520304039198	0.6528851647178922	0.9918568472875929	1.4270666088278607	2.9614378375814137	4.796631116622084	6.139548323577127	
0.11705232475253752	0.13815939688798007	0.4008420221060319	0.6756575092688984	0.9479202213691864	1.231953455414156	3.159573374117642	4.321976220401867	5.314611032537951	
0.10502174148173898	0.148754063867665	0.40082549962399927	0.6594331458658552	0.8993245733918191	1.5141261568458941	3.3878598632054224	4.289112399322467	5.939267423158166	
0.09864385031541913	0.1505485274285189	0.3219060910583405	0.6187249203588318	0.8083570192405137	1.4806543457675578	3.6183048409725163	4.829908699453126	4.886351823254317	
0.12158918235128842	0.14762481854130008	0.4370064923297662	0.5887829075330733	0.9480628372492858	1.5182135348816725	3.1907951137477424	4.594857130700617	6.935656044761273	
0.10457292812523217	0.1578425788575981	0.3296369403312905	0.6916273279777877	1.0672740808913546	1.2882905241261977	3.1608834711470166	4.693365011048106	6.459349108540192	
0.09546104287294338	0.16727572234319413	0.40378027269911576	0.6869478266558781	1.019227234522019	1.5168695705679773	3.339808783270248	5.235478113319678	5.9722947437777725	
0.10285642100093616	0.172508895616779	0.3801333716167011	0.6024972514292498	1.0445589515885219	1.1817811318876892	3.2381510866791277	4.528631554937885	6.240310799482431	
0.09936728839810297	0.1395605068384895	0.350961220714195	0.5892454222830371	0.8733091413330951	1.7285438870424654	2.8562191430166064	3.7316661667174267	7.794224659375918	
0.10565883505866969	0.13656709755651603	0.4010165758764399	0.5984980412995995	0.8408892118230382	1.31221545686291	3.3611616210471222	4.745168899503803	5.575479231967564	
0.11203994980896599	0.14660657022888332	0.42843784496595905	0.577800592982113	0.8986353374224121	1.3649437604725532	3.2135937860477046	5.086720603369971	6.618253788658986	
0.08838901883654549	0.15108549203520308	0.3179298907203551	0.6206691157146301	1.00096636040716	1.1749863996788426	3.06883394362226	4.736294028454325	5.760454382061573	
0.09912427880313764	0.1411323513156872	0.4562592739693906	0.6833258501849749	0.9344305921742884	1.1967208074978892	3.748862561468402	4.414767591262292	5.010683010398088	
0.10039720282790479	0.1559915119606196	0.3594741342574002	0.6663427392795849	1.044566808062269	1.2596268483203892	3.2189453502765093	4.056989865455059	6.7324390961681235	
0.10999749200598613	0.14968044154735674	0.3514475673935225	0.6458781565818285	0.9190002595926575	1.468640399359293	2.83568856323135	4.6943172342253146	4.598247382166459	
0.08567247306845592	0.17794171529248837	0.3570669129445535	0.5004526575140049	0.9760820314163996	1.4825753990117634	3.1922264509407805	4.229769427908111	6.540664612878354	
0.09014607454314272	0.1570232202723482	0.4326645288049533	0.4718214128984828	0.949516667381557	1.2968278189056524	3.2502281802095583	3.863769398813137	6.68594406487423	
0.11061238869103124	0.15357407133197615	0.3469253960580901	0.5881155246866446	0.9242799158151404	1.5610686641690568	3.8932975871245787	5.008568831658177	4.3291112453653575	
0.10965630653746193	0.1275444854439285	0.42057557508540355	0.645267382588384	0.7499106082714787	1.4203569201325221	3.4096032954330666	4.300328429869801	6.8775129453814845	
0.10219307736168876	0.1578999104278794	0.42872406893334597	0.5343846637562701	1.0379517699723908	1.3876620628489202	2.911865519288553	4.926615804156958	5.81138644104579	
0.09600093883934673	0.14643148733637634	0.2725692145083489	0.578177001539342	0.8823232291991633	1.2198144919124316	3.431433054005128	4.352640412561935	5.196197308863274	
0.08854245433414872	0.14507792734937608	0.3827927996197369	0.6290131153275783	1.072064432723188	1.5361927069080128	3.3247711949360155	3.603349983420918	4.673906139581584	
0.09143464219865022	0.15273510372257262	0.37998076128394953	0.6364171029567549	0.8981660305711111	1.4048097987940402	3.2870711588300208	3.6666110538281154	5.049299482448767	
0.10223310375663204	0.15566142092172808	0.39448764860339286	0.5829862300154376	0.8797802837060682	1.6378778750257006	3.2214852776496787	4.03393171729785	6.2115221412457995	
0.10785485238973208	0.15508695425532554	0.4170159626314318	0.6686586169920391	1.0063143335150704	1.4507469318832735	3.2014027478263167	4.311642536355231	6.101302148415027	
0.07541184223768557	0.1666557703172075	0.39753601192626054	0.5766812916986637	0.6995168919502157	1.2511820346069222	2.8834897366971655	3.9480903615528358	7.106815847592999	
0.09007666459812051	0.14062816852093274	0.4011404372589078	0.6161827057978294	0.926190822482863	1.3698233273463123	3.6493597872232426	4.535255312585688	6.0001203411045765	
0.08182027305331752	0.14688063186514	0.3893074657430698	0.5441639341381322	1.093998697779259	1.4599815233042939	3.325773808795611	3.8541101843458683	6.786918366486003	
0.0929413676642128	0.1587194113117302	0.3311744714383	0.5093494299244888	0.9848110896259338	1.3457291831686788	3.1797879846864894	4.494784904493108	6.9975334786835015	
0.09804142040542292	0.15355399740095896	0.3933882994603108	0.607754002783177	0.8197567404875514	1.2523196160499934	3.514792920129867	4.24727017103676	5.1326064162958955	
0.10016307657788528	0.1386983959701931	0.4076012861563009	0.6606174323755436	1.0777936910138533	1.7413931871244264	3.4771313043930747	4.162741821345946	5.734595597323809	
0.09998990356513524	0.17374901222227354	0.41390592079378613	0.6186396025178189	0.9642773357658381	1.3943254849684181	3.075493962348627	4.048708918061368	4.7834863992631345	
0.09049375673349554	0.131815585717601	0.38492677208682236	0.6096443201508613	0.8106246946244772	1.5702142783709152	3.3233529883794666	4.844734640559036	5.922857910080705	
0.11017776975386398	0.16564421194637505	0.39648998842031363	0.6025808293532028	0.8714778954004955	1.151579405183351	3.198801761313908	4.18940296436824	6.533885478853325	
0.11626736356345031	0.14632338046211624	0.3456606410741322	0.6759627392216542	0.9841668560850863	1.5865571682791515	3.5920219627566885	5.187820092816116	6.670049061887507	
0.09819592919757059	0.14235012636124628	0.37574082758043603	0.6673717464242362	0.8564118422320709	1.419324079475307	3.1376888338976063	3.8585813669949376	6.717172051351318	
0.09448100922270837	0.16912255661077824	0.33590460158947455	0.5525080009584677	1.1164499871205216	1.412845131744665	3.0210769557944777	4.89100318838099	5.103909907733986	
0.09834047577113138	0.14453500983206172	0.37967232803815193	0.5993437506976174	0.897992261512608	1.3370372711368503	3.3646488718659544	4.994578861427597	5.593589833845282	
0.09514117033120295	0.1500693406951702	0.35695586972846166	0.5349696833169503	0.8742057025876662	1.5308586201408083	2.7349649706280452	4.166490797007274	7.0196499871716975	
0.09344370889957902	0.15029546635025648	0.40669579727484706	0.6155710055521262	0.9565199208660371	1.451425831615714	3.1912426005311065	4.385717394431667	6.170314365137273	
0.10725533371175025	0.17683514435573414	0.3828006975892039	0.5956736172801115	1.2084966048689023	1.6073995761786406	3.4424161476717288	4.623322379246979	6.3956539320620305	
0.11406383372327988	0.1458775425543185	0.42618147146252583	0.5759798378826484	1.1030394843508937	1.4970950413857635	2.7124616942466924	3.920357072712943	6.98905916307138	
0.07992481757014308	0.15307938432268767	0.33568012816385917	0.7156685576562801	0.9090985132002939	1.3629632561184224	3.0418982528134655	4.851321927915896	6.871257275747633	
0.10684388563110236	0.15908646885054686	0.3499174573638854	0.6757648161284093	0.9293545336739651	1.234339846631846	3.9877579800447815	4.417345342327071	5.533143651929746	
0.09662200726424792	0.13299352732716585	0.3695622118181272	0.5456436453361299	0.9570849655296917	1.366635732020801	2.843142503046733	4.682507247238413	5.676090859939576	
0.10866245106490396	0.11818754175154696	0.2970751620574283	0.6999326329076556	0.9698684198233005	1.3519791317157033	3.061113865950726	4.76549079150229	5.572845690822691	
0.11038967405392307	0.1304612200337952	0.4171652544001252	0.6569213889080703	0.9735596788191039	1.2630990922717547	3.3625415264069805	4.405830630583488	5.4923756758960405	
0.10242432001213603	0.1568583271392915	0.38655036802099907	0.604206592445175	1.0387992747011543	1.4224327825247534	3.1729208816643553	3.709958461193143	5.710437297588421	
0.08976835252706694	0.1678776122165852	0.47477792753289677	0.567775806664513	0.9380014081113869	1.3789147137870508	3.3173647722825392	4.865129629569015	5.574438053727233	
0.09529526604084854	0.12490107067814119	0.3945963911275682	0.5096175189221794	1.1792182203645805	1.4248050076259322	3.131408532441319	4.148952517119542	4.700572927240621	
0.10197801206084336	0.15635500836653365	0.41260132659650406	0.5635411793511678	0.8897384289373785	1.3890969821688024	3.4484944176039547	4.6280926070747235	5.353237256397554	
0.12204156260181889	0.1565333460353688	0.397632775567059	0.6661068290777553	0.8468595525925932	1.2431306988557287	3.7385039915323093	4.9379418173671175	5.929475582334799	
0.10545087646679244	0.1664249251013998	0.35973337763271357	0.6225413046569743	0.7634858955448598	1.5838806810796466	2.8072149561032824	4.614914094185837	6.305976905983374	
0.10401726939050418	0.1531061218268686	0.3731951705528757	0.6012914408467762	0.8104254595132163	1.2538596318055644	3.231726736866653	4.924883907718778	5.25874922246225	
0.11575012183862131	0.1131861835047217	0.3864183791381663	0.6151845871191824	0.7115557563730922	1.4837048626064182	3.7022456306018463	4.597519858528826	5.46012114244388	
0.0985972287435714	0.13260013072109555	0.3366584466585422	0.5596441938235374	1.0392991903193591	1.5959867308136573	3.061258605252516	4.490476520082678	6.087735838368619	
0.09547139936843985	0.14034520721001298	0.4387791024103487	0.5670460996824864	0.727503647448483	1.415189281441544	2.9700918934964298	4.756731410596045	5.533336337068743	
0.10494949215444138	0.14785911395864473	0.4894441185475946	0.5924257902661743	0.9006737613491205	1.4896463687226988	3.3394664522538986	3.521419116675175	5.056706715421453	
0.11148730985677568	0.14418997977502687	0.4010483204975616	0.547011223457825	0.8311597412083676	1.439973045526564	3.253300062029094	4.651404981847072	5.4850816562875995	
0.11232499809455143	0.15398359012577612	0.3998814023648727	0.5815819526321551	0.9331623749362506	1.2937587164939297	3.253977714430246	4.242791521294931	6.435917574613329	
0.12296418423617506	0.15476599199029314	0.38273521644671693	0.5645493606985539	0.8193110345708501	1.4117183176340447	3.616621335935001	4.038900614560649	4.940405999922293	
0.09388398515820284	0.14134011133641666	0.4043423902154835	0.6199597411091969	0.7738690153157174	1.3145773509760375	4.008629936547689	4.48606871376492	6.732237727444585	
0.10954327543764504	0.13009825633600555	0.4295454958107424	0.5755770989253769	1.0081807355725392	1.2767857318221425	2.9694690057460624	4.822236734807227	6.272794304987628	
0.1072951394006664	0.1478147188219579	0.3744354277842676	0.6069294813685316	0.7977935406922754	1.2531128554712947	3.695214303288239	4.529199201184069	4.768044375676164	
0.08365682219471271	0.1395285898241378	0.3623647887076344	0.5051942358460376	0.9056582889315042	1.4849497134961334	3.134844237407663	4.838124260901529	6.53602939790552	
0.10627460802477502	0.16463420844922413	0.42381581618712666	0.498602134462374	0.825848010279505	1.5831784200018288	3.2797925049290098	4.549091190401074	5.149632084776797	
0.11082637588704639	0.17360560954562423	0.38935090250323734	0.5068615807956511	0.9612546833826563	1.2736492548287062	3.259650692687513	3.9243229136826128	5.981025580838858	
0.11045445010454154	0.13980351077152206	0.3392263538509684	0.7152327608750833	0.9679191540185026	1.836788980624331	3.207037545295501	5.104076746128161	5.823775207623212	
0.1117985947263479	0.15475941382217423	0.3853215153415701	0.4898998760305798	0.9033042675752477	1.3383875539885448	3.5706246222624545	4.360021187714352	5.457435668368988	
0.06769858497055847	0.161990941629026	0.3229583959714182	0.5793385052209901	0.8373322680070314	1.317017718317202	3.2043129524003384	3.423085563039785	6.04482949814893	
0.09760245563065757	0.1680110108924273	0.4080240954369669	0.5038768649797565	0.9790337961981518	1.3143432533665207	3.5431273432965327	4.38409558180058	5.097555218674527	
0.09418608048961481	0.15789182376573282	0.3815424550873124	0.5733838709492362	0.9620446155386233	1.2065201190288144	3.022118841660039	4.065581604984011	4.741503870059024	
0.09579045180493961	0.133284523300556	0.3750837568314783	0.611848026592028	1.0298558150133121	1.2013200088104448	3.3468642696222424	4.079175855474657	6.386584579919757	
0.10250197221414702	0.15964121875045706	0.3852211452201994	0.510772131287129	0.8734021641238111	1.4335142296351946	3.158081780836673	4.67051295510525	5.979225597779054	
0.11003816295318135	0.11225099636439653	0.4049278277432648	0.6098772241353919	0.9840428882616167	1.3551466216948598	3.6018829273674537	4.031888582000965	6.117418454385714	
0.08755590572547037	0.141724729835095	0.3598185081617795	0.5510517539247175	0.8680741532968708	1.4246384526839364	3.0578185196668914	4.279450934325756	5.951822149398241	
0.10435496382114083	0.16705943690191602	0.3772750273064381	0.5312329688541227	0.8174721745501679	1.3762632610300258	3.2173747553723446	4.9477742179130395	6.055898926990647	
0.10075181516650472	0.14198638176034772	0.35591598747965536	0.6365775067970132	0.7791067474294744	1.290695142241878	3.349185782941601	4.255473384652825	5.532306513705036	
0.09860174779705898	0.15557635009062581	0.4280093395777159	0.5811200289228056	0.9686275046556364	1.367262933095545	3.2785903592695336	3.973970466878095	6.118689886648445	
0.12262537692577893	0.1553329212273448	0.3466667623597086	0.605100792013014	0.870736064209618	1.3605086234052919	2.938092113340028	4.563391180915104	5.9945188882327	
0.10533247593667752	0.13557641094229964	0.4073477951236415	0.5872209147260992	0.9622579016176795	1.4948901907149095	3.7708097791683413	4.623034630266387	5.292412561652828	
0.09955473194644278	0.16264544436256181	0.34880527650830473	0.583832085375159	0.9900843576814301	1.4037189594057335	2.844234866456099	3.828370702911287	6.7972832362650895	
0.10297491112202334	0.1491127239333168	0.4072021810749017	0.5977379623707421	0.8520535126035761	1.2122213462351799	3.4361509735760727	4.796635273317316	6.9190257666026955	
0.0959184893897819	0.1324727082734094	0.3417102042071245	0.6074305984845115	0.9898105706328331	1.5331373450609502	3.4871198035088105	4.952576848862735	6.57000592576687	
0.11159032448031443	0.1419661478183513	0.3919245649796322	0.5690059661479219	0.9372908714446788	1.6400520937592697	3.8819221649627056	4.056278638591685	5.813701019480008	
0.09658929780940889	0.13208165640149036	0.3619579874623658	0.5969381909117243	0.8462980452892859	1.5645446983603288	3.332633846780108	4.100926817118393	7.123956732450485	
0.10886629032560607	0.1392944420554696	0.32475160357857463	0.5670199064572807	0.9568582806344588	1.512698138368015	3.4557928764339176	3.5803384648749983	7.1960728508351846	
0.09082507107301911	0.13966597753792664	0.39494301521663916	0.631983688112784	0.8850780560393422	1.6311712956220763	3.0302513491579592	4.072886251878277	5.403463778600914	
