4	94
0	0	1	0	1	0	0	1	0	1	
0.38383862003838726	0.9177085263311607	2.993573149787906	7.015947197981264	
0.35911501608349466	0.9177448536021576	3.1203165946809586	5.532498517773537	
0.38389741956120754	0.9324850220329942	3.3476111919947074	5.887170817676603	
0.3919373153648256	1.0645725769493173	3.2505424103374914	7.280466144276677	
0.42595101529922047	1.0146894299698346	3.2169060399542375	5.6265513369058775	
0.3601897097111922	0.8349962820896059	3.2706078128787825	6.2394951429200365	
0.3151348939150797	0.8569105332878891	3.294351197032018	6.532573174203302	
0.37617513469155756	0.9220022505491374	3.1402953708913843	6.123183032290128	
0.36405857945477904	0.9152609598110295	3.6858317905749813	5.874112120998175	
0.4010779915883256	0.8933068143833293	3.2888756106312087	5.502504258419858	
0.3621810088087929	0.9277325043014013	3.6722333706481547	6.535837240174057	
0.3615868050221586	1.0139815328779758	3.1828623918205383	5.1589809623072655	
0.40405010400053776	1.0828390368305938	3.418680404728296	5.156350026479749	
0.37120195986039844	0.941724502379176	3.352294923418287	7.258380879777031	
0.3103160283425412	0.8815830851829902	3.90084630787529	6.274705755668609	
0.354836420612954	1.000849395314083	3.478324526418991	6.047074970884008	
0.41048835879913714	1.036929489021976	3.2439842936086767	6.0450997548240215	
0.3559776526905037	0.902425287996056	3.0416558667787794	5.283720490441812	
0.38131827259841655	0.91382973897334	2.9172912960326873	6.805356428597367	
0.316015821229628	0.9332756891520779	3.032466098690433	6.341189574544605	
0.4049008991887196	0.8736258146652766	3.2836404683678992	5.856323839845741	
0.39504363190399705	0.8344162332899496	3.207378264494636	5.747980378106066	
0.3767891693627113	0.9616252053690295	3.043239729293839	6.271828470134147	
0.4184622158582724	0.8485908058941737	3.085638717448385	6.440377444613814	
0.41449908281312053	0.635254474839962	3.288079729274096	5.76486171444137	
0.35506815816869347	0.9663321339800331	3.6300555247277155	5.208080262257193	
0.36270530235061055	0.961097842835856	3.3306936301805763	6.418757867801061	
0.40646229983974697	0.8532154329674673	3.9115835732050748	6.278654905320509	
0.45434178943562303	1.03826702002375	2.9542150884491822	6.0953846181195654	
0.3269156027571108	0.7859588086404424	2.5380788410524464	5.469877131241676	
0.4910505351538573	0.9701562558504043	3.3425007959425868	7.1215929422056	
0.44295317303108744	0.8189927192242451	3.3096455049798763	6.202791107354759	
0.39499487237598196	1.039346400161846	2.9781153474481394	5.7882869500520835	
0.42529478241079316	1.0714494321639034	3.405773448831928	6.599709735718291	
0.37718070608169046	0.9912818280277063	3.7847098558155645	6.835542375708575	
0.4076223778761736	1.0180629824717027	3.2027420993959437	5.995204428568922	
0.40217977988802833	0.7690694045131089	3.4792748403936984	6.2188689113887765	
0.3512432860838789	1.0102673979947883	3.0039735576895854	6.673010983064513	
0.391414419519112	1.0033054783600126	3.270653555323639	6.4937369642407266	
0.4408977109239292	0.9369341214572163	3.1149072130300586	6.1911529931491245	
0.4584600955716872	0.8100086051110045	3.6678126376901163	5.370969351050459	
0.3689208236292311	1.2204633264577547	3.538753929323245	7.113947471737737	
0.3500588088895997	1.0009001942609261	3.2523563743135404	7.8958216739378795	
0.3562321248404626	0.8882001637129561	3.17606001285928	6.268627339427294	
0.3288395568977669	0.9140393547785997	2.84254691494992	6.4486137159785555	
0.35291120402993276	0.8960223376423982	3.028686868067477	6.56995869288167	
0.3728576050509945	1.079680553706526	2.713104278267983	4.900668064978415	
0.4473224199941766	0.8894440600344655	2.9392041317035575	6.960369139630909	
0.358751264485606	0.8286168685166094	3.746332433652391	5.458421011321876	
0.38164145243428205	0.9180001572023742	3.750180287252202	6.165977920250597	
0.4320551534205175	0.9235137876194612	3.1833548587006035	5.706447039347783	
0.3345314358258241	1.0098784853406346	3.4265469507300534	5.883052498199318	
0.4227678385622109	0.9851127195301816	3.24090441404433	6.5063598470373485	
0.3900991406216327	1.0100483443959238	2.999071938164744	6.12357862347614	
0.31668312953474914	0.9471161679810459	2.879168453406218	6.1275495756849265	
0.43147027557732837	0.6927960270360172	3.7794859075374094	6.096048105834397	
0.40073291071905803	0.8923789823175909	3.9226256336102154	6.882388767339394	
0.4400029448788463	0.9301826955808388	3.207897863637026	6.028615559160411	
0.3706036824743362	1.0600498122698823	2.693053217791592	5.188202859381044	
0.36969929029213294	0.9229599328093255	3.75110240023736	6.263413410072923	
0.4012073990790545	0.7623016660300649	3.2710429332306843	5.5048687926955875	
0.3755440766023237	1.1100872222064162	3.230911423797134	6.617587272092343	
0.3480271111168554	0.9466563399040656	3.714236438148604	6.2891480381841465	
0.32288810794786366	0.7686106568468957	3.0427619885815678	5.302100696347442	
0.365935647086484	0.8437652264604929	2.79174601916252	6.016420441842776	
0.39170537645342085	1.0432142072809576	3.0490771327918607	6.5845128524674745	
0.29461986017574976	1.0327462953951905	2.7634634073525635	5.544607703631078	
0.36631762443094323	0.9390809454549944	3.328569969682187	5.144991164560713	
0.3675974876837756	1.0578520982691968	3.3981663054119995	5.218864414130484	
0.2869696738163242	1.0046699377829051	2.967423425854475	6.09893567141826	
0.3743223953388785	1.01021206765971	3.475706282513406	6.464855316972575	
0.29908977778670737	0.9983551441989517	3.321218969973122	5.777224768026414	
0.41765078799347255	0.8052548943168605	3.574683673725292	5.995113476973363	
0.3881562914391767	0.8512372579179913	3.5251986222914033	6.995451278706506	
0.35703740539918644	0.9625870483083724	3.4111914330737925	4.909216683237632	
0.3996377192850172	1.1892008111407677	3.3292426603636343	5.562245267894291	
0.33672356641227696	0.9312776395858774	2.9270871628868984	5.703557399218305	
0.353689918381769	0.8690542312854019	3.1011143849549283	5.393895783895868	
0.336955673077018	0.8951341010982689	3.103041313193513	5.9095106689393715	
0.3223988202433431	0.9324658528672296	3.7477207326431428	6.5906939173550825	
0.35447762630340746	0.8675295292311485	3.410485973568532	6.931595869003952	
0.4483403592120313	0.9547864839468793	2.8468030355371536	6.883952835305355	
0.33032957297428267	0.9709674901648632	3.4163653238764633	5.349726009175268	
0.3751378168162802	0.9243506151568869	2.985831529574782	5.957864927113663	
0.4943072744331634	0.9835276700456764	3.510789860640722	5.8955968267778776	
0.4520206385669782	0.8601240760536487	2.8308015722889963	5.5575801694523	
0.3768711837012816	0.874834620108742	3.01652452987831	5.383335087775537	
0.3625710871743727	0.923503647052839	3.621910948993227	5.676056570670269	
0.4367629768223724	0.867693317493979	3.1866222051696464	6.0805513688886625	
0.41955747168419	0.9338840596349118	3.326346984258204	6.601536290666533	
0.39585172923552203	0.9016649958020613	3.0390280478901435	6.080234383104653	
0.4222020031866512	0.941379806164307	3.5002301921153003	5.851302583356944	
0.3964296572881534	0.9729943807056267	3.352840912148511	5.760832838766531	
0.4071639504338748	0.9418760592959429	3.7201298033632915	6.509907301036444	
