7	88
0	1	0	1	1	1	1	0	1	1	
0.1567569148302015	0.6458423531493614	1.17852994426932	1.1995253832476414	2.0976599672392235	4.604473859244726	6.054796165973032	
0.16144605317578267	0.64374976434341	0.8946092705741747	1.0885633116792583	2.417322905657201	4.944206946018884	6.138452900029662	
0.1339946274727389	0.5516040076258518	0.8471517478726001	1.421321414226489	2.5129537276326954	4.121022539779265	6.762142466133618	
0.18481830228895538	0.7053509189444639	0.8314774266890099	1.5512119079566455	2.2095323141204255	4.711977751842896	6.038092027696402	
0.13051880981943306	0.5550164533501158	0.8508529845243687	1.4844653095968803	2.014309069840059	4.732033702281249	6.3759999707745365	
0.13411182616308884	0.6979293353009148	1.0110414633687268	1.3330422107835158	2.395738191175207	4.39700538849581	5.768256849236149	
0.14432135952339534	0.6140026419493749	0.8014632010204391	1.2806375060934345	2.403902595124793	4.416694448047787	5.892288504963085	
0.15613748486104365	0.6020391921591394	1.064510182374476	1.2436610496354785	1.9778143930787635	4.154842772197221	5.660742941085894	
0.1666329630410783	0.6545366613282352	1.1175906394219162	1.2363198363424432	2.0078212224093823	4.497424501395954	5.930628978522155	
0.14375869245500428	0.7373791043486607	1.0876277854615863	1.4118505960585388	2.129819428595116	5.241371762363634	6.739846799774056	
0.18175247715028858	0.574953647084696	0.9435826802804953	1.4957560698518626	2.0674651462222586	4.039311165031661	6.352735214407356	
0.15207743625202638	0.46416753371463493	0.971640644249834	1.3354786074216396	1.9806840876430387	4.34185215602917	6.418945280010822	
0.15537011058525038	0.5721752796698718	0.995807191344735	1.47559133955426	2.296072291821124	4.7707087745365815	5.613653525581006	
0.15304063035214807	0.667030086210881	0.9008994425700818	1.5449516426561378	1.7237050164981924	3.976796554896127	6.358667998760299	
0.15312494260329396	0.5816148593092005	0.8820844424810856	1.402663843064942	1.98661679994512	4.102490437331733	5.648568377831827	
0.1469103337562807	0.5476935398846432	1.120206542843762	1.474290947149792	2.301956553798883	4.973290749172533	6.137690391465239	
0.17656506260478386	0.6284458407983966	1.0093618922388412	1.517368986326711	2.2579533868727237	4.550742722734418	5.7170014049941065	
0.15556654490293392	0.6481111876806879	1.1563734778018333	1.5829200883228698	2.1853225405566787	4.061686519338993	6.082097782666222	
0.13956033389695346	0.5855818788104162	0.9038885223834223	1.3732355434310914	2.287691643443625	4.332403626705046	6.517081964601552	
0.16862886915779643	0.6105524033794761	1.0150894632384952	1.6332779106467754	1.860787599700834	4.068716052694101	5.966280424394167	
0.1287075090233342	0.6528257171675584	0.7324259039269799	1.4900065073882498	2.184716508714049	4.760393939616107	7.26588027447665	
0.13162809493967423	0.494888281551209	0.8920734245279636	1.6221709975515182	2.2418515374287584	5.2525327622214935	6.417868883249838	
0.14426248863765737	0.4656992276077766	0.9011549593316328	1.511787661047939	1.8667714440072627	4.712777219837126	7.42426509078507	
0.10946949250693379	0.6722772082513323	0.9663704290570748	1.5640459392328432	2.260194090794327	4.398137232750875	5.865069475527585	
0.14311453160493182	0.6841391402322785	0.9919046990592691	1.0388071405467152	2.2420382400576537	4.270458229844495	6.066852678117082	
0.1602357281365347	0.6044646663808237	0.9803008391272701	1.2735486983796445	1.9577411111922258	4.341604393869477	7.050326019558984	
0.13503797136840182	0.5713898762579963	0.9064647484080398	1.38957553015663	1.8899670954708137	3.722018943170638	5.73999245133799	
0.18474180491831627	0.6244144971187322	0.9862740839464396	1.4367681888755397	2.251853216289567	4.245113822316909	5.173443614187483	
0.16622408807922082	0.5026647273696003	0.8749169454131881	1.4483734817532137	2.0938956541177127	5.004489582077008	5.83337697803236	
0.14555241211954903	0.6359133911627894	0.7975906241622934	1.490324606359793	2.3995459661182665	4.406841759107191	6.038310682510861	
0.18808549146314102	0.6396568169048683	0.8759224710441139	1.5434639071778289	1.876732097579847	4.483838974794753	5.88949915182784	
0.15281373640470505	0.5584322194315315	1.1015088084916371	1.3946112024973791	2.210951888833463	4.646852471742247	6.081881092622809	
0.12646398311598941	0.5698546093762558	0.9667662363696127	1.4645394963703111	1.7334670192458936	4.777229577299096	5.945232785725476	
0.1571952852260651	0.595632747687873	0.9774161176427576	1.5953365757725055	2.057721655425617	4.650413526281258	6.228052485280408	
0.1794219805480413	0.5266796083721471	0.9949331081687115	1.301263884154897	1.9923933914115826	4.356169822419944	6.032171205248991	
0.1521828902737861	0.6619510200535478	0.9893463413190158	1.2923714868209097	1.9831448217574301	4.766987927673781	5.941168700618114	
0.15587316883200328	0.5748925556340568	0.861332893637323	1.6579441849664305	2.1844927766085074	4.2278113112609175	5.743564168280406	
0.128841646792961	0.5829694808411262	0.8953076873906145	1.3015394359204653	1.9640676837262685	5.042826437891379	5.437837956122016	
0.16188824289933604	0.695709664412264	0.8220083570522024	1.5859378222817213	2.2430289403453805	3.80659658577764	6.394689583755099	
0.15207715399551425	0.4968520970138639	0.8524969777673873	1.3446840055285287	2.369539029236647	4.511573887199381	6.477364808924085	
0.1326885207861368	0.48448393388150923	0.9390494477522133	1.2518485079733666	1.8278937024260793	4.731322413305526	6.073130713129302	
0.18772721944260784	0.5453614765577302	0.7456822409964537	1.3058983557381352	2.4315830208760016	4.715903870303075	5.465260832147169	
0.1503435024412745	0.6122682352608276	1.0509473533580127	1.3257549782447902	2.4396018970414564	4.680492581486811	5.988036487246243	
0.13007503511413213	0.5551622589008651	0.8804650779327025	1.3666835699770277	2.2164668903061218	4.206414097574538	6.148003623576018	
0.14087509955961633	0.5219126026590983	0.9200945547247213	1.399173960204029	2.3794694722591854	3.4009309735637574	5.964148595466968	
0.1273295032754439	0.5430461085677648	0.9504958750748509	1.4822985542191474	2.238248696591882	3.797979840585681	6.90272471767582	
0.13714351837394217	0.6155532092513034	1.0059074056034552	1.5219628099095233	1.7023835356850414	4.335023219969676	6.192893895922875	
0.16715867524621103	0.5645785105158788	0.9021995945684925	1.1917758568062222	2.268122229946451	4.9142962745215115	5.858688032016747	
0.1632074332992493	0.6435959978291217	0.9290753670801535	1.50255147867888	2.176729961588901	5.165958687994555	5.778630087324561	
0.15442134983905897	0.6434590798652893	0.8052373792329622	1.4412160649876031	2.250599778769399	4.52007646659333	5.440530931777059	
0.15853800037664145	0.4522241203382347	1.0764159496902417	1.33388665530213	1.8549922045711653	4.617708327134808	5.771535056026137	
0.1096235808542901	0.5704868161961933	0.978641976488898	1.4019665976014515	2.10047132844378	4.361228050500067	6.2894255594191755	
0.1504149721890198	0.6005492325899803	0.9332757303789906	1.4360718995099195	1.7788714724132402	4.20240936184975	6.347959114377096	
0.14448663486144062	0.6369966075089063	0.9798800887008048	1.588486570983527	2.1305763662783526	4.559633976386683	5.056164992733215	
0.1583796662703585	0.6285817872118105	0.8963930315584675	1.3545734041396493	2.3844308577546443	3.8445496383660496	5.901607719266374	
0.14808184408870553	0.488512950891777	0.9121916104549417	1.303811214598664	1.7661051253221267	4.890537881150899	6.358821924988826	
0.16760169092470795	0.6494284626997092	0.9663727623382551	1.36919001336448	1.9842550109796084	4.99619892372835	6.32347955413751	
0.12777790974522882	0.6603889829085748	0.9518850066639435	1.2783629358301871	2.3627327703531766	5.359944230012374	5.7389138770820125	
0.1433076040505829	0.5656867897904507	0.9745814009695228	1.4932302738651317	2.1609516261804815	4.820172271828365	5.45706729040676	
0.16510969615168025	0.6900264949622571	0.9465220422809101	1.6335732743967601	2.219788566692283	5.392095774402779	5.359190004747649	
0.1571438034058001	0.6138453511256146	0.7762899291399548	1.2976486395318056	2.2015982196738726	4.762148402664564	6.269879304462233	
0.15699249692517359	0.5123084772465113	0.8811359381940063	1.4831923138497558	2.2661733715497285	4.740431676215091	6.319913970994742	
0.16078387311110512	0.5058434146712131	0.9291776736913006	1.6196424412645094	2.2816007234071543	4.017905145760728	6.293966624417491	
0.14451302852462666	0.5591765451192031	0.8468018203328169	1.3498909289873968	2.0922773111436457	3.9105236962959156	6.906296675876991	
0.14439892934831614	0.6526670845903416	0.9772602329136075	1.6043847525684485	2.330696906580016	4.279966464148794	5.836214859954119	
0.12794496400501804	0.568254962137654	0.8790652488084254	1.47034910110201	2.218768832246095	4.788215255079753	6.779629334662371	
0.1384324271345346	0.590680433344286	1.031584646973972	1.5723027209282154	2.1027387702170333	4.80060441078745	6.580914408821933	
0.14161631626354598	0.6770597025044448	0.8846554646850181	1.6325136555642517	2.2765398283042946	4.369106725574297	6.040200346689181	
0.14456627356706728	0.6002083287822804	0.9311107829424121	1.6301193029599494	2.1074798494425853	4.159696337364105	6.635482053018372	
0.19409696772856866	0.5080135610315972	0.8653159325318133	1.4588369955735634	2.0555724331023493	3.9232022609493025	5.293247396573918	
0.14164034787106974	0.5551609387277686	0.986741087669672	1.2593288331141077	2.10475190470996	4.8597628709359615	6.4952837097328855	
0.12650353615786658	0.5738737527904317	1.0771522007409209	1.2528605872508332	2.2127102572582085	4.683898174295153	6.648364868420829	
0.1722990067867166	0.654661013853206	0.8805843916096108	1.6526932722232393	2.6747913114526294	4.753010080927506	6.189916402526579	
0.16977226416464886	0.5763718518258266	0.9539209484449204	1.3936538510956713	2.093844444876944	4.44606384097125	5.23086316538532	
0.17496680776543397	0.6638380570949508	0.9693488201432718	1.4887270973332225	2.2359146888813166	4.406479586764536	6.791506497743303	
0.14613720440100134	0.6268630337305714	1.0167369120519627	1.3570233124353732	2.057869850693657	5.153789199083626	6.547956766503642	
0.1655611782172711	0.5940816677012707	0.851906971604934	1.5295795684938849	1.7535172314091056	4.291093258082133	5.729962499167501	
0.14536572076849127	0.5148040073082534	0.814659304710237	1.4436512484002262	2.003534108251966	4.338810714717608	7.146214588842263	
0.15209197220802495	0.7402681410794283	0.9878121619213428	1.5976826364183774	1.9535801412506084	4.617910196557583	6.1335030548345255	
0.16162790118391018	0.6275466444192804	0.8703346384106767	1.2029883007841986	2.176017312265668	5.121664416852019	5.376548544847093	
0.1549501121715482	0.6777484008695426	0.8647806644981108	1.5871287804987122	2.3662547666936575	4.209145190155691	5.69214928433536	
0.13204221805887983	0.6998520957688752	0.9443593328679902	1.6116221905461083	2.3323993269493606	4.534672254867166	5.72344559440233	
0.1508434671982598	0.5502980639113648	1.0195873767556751	1.6546998535198274	2.1719814929075647	4.638625490951928	7.3684762080444095	
0.1373932186206325	0.5410609600537676	0.9259736628632099	1.4917340347703498	1.908257566268159	4.552171370193324	5.77120766692242	
0.13432937184290777	0.6328211251774146	0.9253900709506718	1.5979896877959552	2.075581797549746	4.627659767504978	6.489565165368724	
0.15799151579708504	0.5960339163924356	1.0038899745787613	1.4156892087587931	2.134001959722623	5.013731457086186	5.646859850023544	
0.17940502689687887	0.750232064507551	0.8941356960459318	1.596489243271241	2.1295895506154743	4.02339173451457	5.65178576501363	
0.1701732603479971	0.5946486942752659	0.9469349411193594	1.5198633954266618	1.9655434317019687	4.153509187456451	5.540352610898637	
