8	75
1	0	1	1	1	1	1	1	1	0	
0.0893265205152185	0.37200502097625293	0.5905520803584615	1.0092090944646417	1.5116522342606316	2.248684171960405	2.8469345966688593	4.539761571063106	
0.09721357122528285	0.42443753648201654	0.53104876535842	0.918880134035192	1.49166874195308	2.1321835698077938	3.7608844079708863	4.74045028030873	
0.07901817768164746	0.37235562965680996	0.6239776116695132	0.9851225503585946	1.3055092275500895	2.1311478908208445	3.081025750853317	3.9003091136329475	
0.09085948475315206	0.3563107142692706	0.7485708485785288	1.033782524417247	1.5074793291566722	2.2010740916029095	3.3772025705730835	4.258828667943335	
0.09501342326473317	0.43066328187284414	0.6147067039520799	0.7155588212325881	1.50028507995629	2.291967625420471	3.8415223789985173	5.029161929136654	
0.08542736204076229	0.3438121042414271	0.6320840113629774	0.9169227830704463	1.2423479963360804	2.0806458703085338	2.993257332960607	5.419825505679943	
0.10564946017171017	0.4562485174778393	0.6610470217696293	0.8604998560381641	1.5929129037426144	2.339957527526372	3.2182358578282537	4.6913639338185	
0.1091950285014685	0.3239904477081767	0.5374423753472772	0.8253197141671694	1.424614659232094	2.3874902755217144	3.3486394942856426	4.559504224335525	
0.11472010084985124	0.322701084930263	0.6479666769217454	0.8785997071275969	1.5154420836125762	2.115585202768059	3.7505816489393986	5.169861191934558	
0.10093396533191357	0.36566151167910277	0.6830231088835482	0.9429547304765279	1.565185264383849	1.9912433458400707	2.9353377109085095	4.325051676206879	
0.09923170317907898	0.3172771655086128	0.5348555089015475	0.9609865537468195	1.284512034256582	2.0119557841073075	3.0581153828987375	4.115919514317765	
0.09958150490094525	0.27930675238444097	0.6089041116068249	0.8759257428158148	1.498976391742377	2.0887393588330565	3.1003682156196937	4.627161739986807	
0.09722076383592669	0.41680645161086965	0.5294196182590806	1.036481533187965	1.4090832767469856	2.228394337379167	2.6791243903552324	4.450034260038571	
0.12302483435545075	0.41167283583938247	0.5566402626616168	0.9085621159895453	1.361152794749557	2.2327360078369023	3.4714918196238425	5.0236397803974615	
0.09925274644101162	0.36295441474407475	0.48827145877491984	1.0622344644073185	1.4819703953596572	2.0881684776859033	3.2096730068562627	4.37325194626893	
0.10849339891647546	0.3396018439122525	0.7631439431639402	0.8549662760193534	1.3540767330051686	2.1603221360453615	3.567182433072535	4.072082256268962	
0.10364240566857999	0.288059687306826	0.6754249151805745	0.7935662084609256	1.5529967613902185	2.4859975906127065	2.9098375036190376	4.665078959032818	
0.08898080870632326	0.3874880094384223	0.6494851346966467	1.008624595295554	1.4803608386030327	2.0046866545272293	3.2478713317395407	4.4575383146371665	
0.10578075714778126	0.3601084564288346	0.636114134820618	0.9847095150690248	1.6477988072929501	2.2659821859519815	2.5297438726098593	4.684311673412934	
0.10113018153690337	0.36840797592615926	0.7064135939704042	0.8407403051481791	1.3410261637076286	2.2052611328610405	3.3237071730711074	4.4424333179093205	
0.1013132468954383	0.44693995073805987	0.6255866921917013	0.8139107415682548	1.542733575845718	2.089586369445307	3.6706802947935726	4.26542386308226	
0.1004777321141436	0.38099747340396695	0.6048877847672472	0.8928336962361993	1.5543220973084606	2.1969673112259653	3.4743976581480664	4.7791147211834994	
0.08683353178287083	0.41064316669971324	0.6386265072863327	1.0577320733694442	1.567753613998139	2.3194901862647703	3.2909088588312243	3.689396535277036	
0.10331392530741433	0.38055571578578756	0.600885896322939	0.9104829965127315	1.5852756698840254	1.8998717545587591	2.808015553843448	4.345004859867863	
0.10315902116731002	0.3906381729688116	0.6333507875143335	0.9477082906367916	1.5681857816370384	2.2167335374078987	3.5212070330900316	5.162861540778565	
0.11030036260550968	0.3434676897572696	0.5220077089527428	0.9648008998798158	1.5535540266910892	2.3605663618869106	2.79847188025466	4.587042693731251	
0.10676714286194233	0.35458391454747906	0.6347023101748487	1.0159726530130102	1.6818080445281525	2.213705347321006	3.6757314235282617	4.188746683931696	
0.09141611785216469	0.4034466447668986	0.5712965227280907	0.910737643857804	1.572869987626308	2.107909024271191	3.055252388803045	5.496427890864185	
0.09215632637094229	0.3993647393747803	0.548494342696586	0.9263928680163684	1.2708547128155618	2.4408294713824	3.128788383617099	4.970029788419228	
0.09523214705967907	0.4082514153867042	0.6745367928562899	0.8500358671698164	1.4137840622211078	1.8550149996173622	3.314198311712319	3.9587740473013775	
0.09828505283246153	0.39384563889739477	0.6466347337135053	1.0856353163523804	1.4532428527593733	2.1014490870861415	3.336159379774413	5.084247998823707	
0.09182103081249367	0.3361067310684221	0.5732858994478818	0.8583030537108385	1.5666873546312328	2.0962590215770835	3.559139971464863	4.397367690061133	
0.10505425971871903	0.40803707659031735	0.5470754225064145	0.9404853359337988	1.3809442145119877	2.196678221260751	3.306368794259723	4.804098905360323	
0.09971139305729017	0.3620342736074434	0.6756101029170778	0.8479902137177476	1.3901138802324187	2.0581452546553045	3.4951809184715676	4.579915213533681	
0.12268196851748436	0.36509856791259165	0.6875467447392364	0.9545963238664468	1.473650884075289	1.8525459556581312	3.6874196470949805	4.815678320818506	
0.09958191688772726	0.36906361379712416	0.6242214218727796	0.9290837443464923	1.4463898736101135	1.7694946576770423	3.005009926696489	4.423051827428203	
0.08769630219344576	0.3747519922398006	0.644612603872584	1.0279236754247567	1.3444399307395956	2.2436191200654916	3.495258420789574	4.196290415483373	
0.09630920597550922	0.40494143645137054	0.5709916355508049	0.7635605775826672	1.6679803493070335	1.7899792363746623	3.542614927832862	4.548247659850081	
0.09521918373824795	0.3942944312485805	0.6141476732097454	0.9611684744410488	1.7919676762194954	2.591726456435585	3.454877623656485	5.584453746408092	
0.11753383745268112	0.42779746413724407	0.6700978272942911	0.9068517070967691	1.2790004138871922	2.107686643055898	2.534949453239129	4.1180448370919605	
0.09698659349474853	0.3788063547736738	0.5689600704524215	0.8154057209394612	1.572679736223563	2.1187212445001973	3.710206680823549	4.605122016844107	
0.10043227962970898	0.38171222708939967	0.4640389193953622	0.8173966337398013	1.4753398217000129	1.98446227816059	3.3374679514829433	4.720309950672567	
0.0930783366707702	0.40264124326269607	0.6644097170102918	1.0384119912441783	1.3313972645671497	2.4516433723217137	2.8994008601714953	3.855896698617035	
0.1006092366507059	0.3161179212219208	0.6103666545679687	0.8581014592370922	1.4691313446697505	2.081470465718908	3.1118580406878276	3.9575146278057804	
0.10581509547560741	0.3677083778731279	0.667677741050258	0.9772388699773964	1.4788134003632982	2.236506637550802	2.979627615074888	4.172676522298528	
0.11157984336546696	0.40088758413033876	0.5965991811857279	1.0331827660346231	1.5396196448610118	2.1690317063481497	3.384928242025689	4.357227837587533	
0.10440664751770751	0.3402696635244081	0.6916700510402117	0.9601963822123967	1.7598760188323304	1.9337170212838484	2.9298752480800982	4.4558777380642445	
0.07954170777711943	0.4075231888654744	0.6218761922234401	0.9883080306788788	1.3347606185934215	2.092911576151341	3.230285489104777	5.104208579115345	
0.10936000830040352	0.40046569438350027	0.6009951437482702	0.8348225305935569	1.587955644759308	1.8868881385579324	3.251713398447029	3.7965799301590497	
0.10088733841884048	0.3704985842619271	0.5650367642255382	0.8580454684877277	1.569128130186999	1.7490247296355637	3.038756865308427	3.9642081516998426	
0.07582304640006526	0.373327367794232	0.5873413011737261	0.8912340590672838	1.2421602966133318	2.2192206663843907	3.4863541838677192	5.17596704036166	
0.10375831376748068	0.40124529653493585	0.5748335350955587	0.979986480537912	1.4792430796167166	2.0690095037936254	2.9818418086468705	4.47441086823366	
0.10999484776159063	0.3798651777774481	0.628460385373727	0.9879536297303373	1.339296160318377	2.227270272759556	3.0760547942749668	4.047532357987649	
0.09905331657651253	0.31041722204347433	0.6757232253394401	0.8603114039215667	1.3721383616136533	2.0288987150572826	3.1285945054404554	4.029227072317813	
0.0945508134795812	0.44516782448519293	0.5773919585299475	0.894944610518791	1.2606826761700123	2.063497459501903	3.227952682419575	4.334806663528287	
0.12693215908126018	0.33959523573573647	0.5429392357740288	0.9558357722415489	1.491842100446076	1.9199904354735933	2.688185268225173	4.704971214032469	
0.0961380590804336	0.3627960906763272	0.6295875142652846	0.9861252559007483	1.4689873884772389	1.9653785047781382	3.303806831900887	3.9202958163106105	
0.10946071155353938	0.3936186135065569	0.7163491612109077	0.9717225651758199	1.2800874326056573	2.3338540016925187	3.7729185710081117	4.498781623542975	
0.10394227090702653	0.3611027269122629	0.6643207363308471	0.9360844354119185	1.7506767407199557	2.2533332923350264	3.8028956670469403	4.7482304524190155	
0.094180970749762	0.36263027735978176	0.597753162735654	0.9418990908826514	1.5918220657773543	2.3272545516564906	2.9612428091237843	5.296091657804997	
0.11180448332454106	0.36140578259443207	0.6738160159019474	0.9361227356464894	1.2588732853999658	2.3711852086482605	2.743582669524024	4.078449937498293	
0.09022777430252363	0.4016789657741064	0.5977698299003018	0.901123010356878	1.535146260340896	1.8081054396468335	2.901606273902194	4.541859743739062	
0.09777713267000522	0.3934991711473852	0.5811750034627602	0.8536330739546466	1.1581378785853762	2.005856984109868	3.2286338809484856	4.056714595222925	
0.09570109303668234	0.35421930822623565	0.5626996751567717	0.8807785274242466	1.1646749097277924	2.293031921301369	2.6572586791440784	4.551258583343298	
0.09464273901917136	0.3843895064443515	0.5689321725170662	0.9079868955623027	1.412042568011998	2.1353944427840674	3.195616977711353	4.836977201850051	
0.10878339119873026	0.4082137154281964	0.5242586452122812	0.9825229561078389	1.6419403914151693	2.326032775364763	3.2125601745891395	4.569590783776084	
0.09158992700525966	0.41445806934628	0.6624167970448426	0.8421945893112648	1.4198777410404386	2.0278784907473213	2.7794083322631113	4.648922244409933	
0.11314175777066221	0.40335720264672065	0.5367301205010762	1.0293012486131954	1.2400087938358861	1.8775396385935077	3.3563292530792284	3.9128224379855343	
0.09821327521549954	0.39039991355015796	0.5581508517124845	1.107028039972852	1.5749245212867131	2.2194928554674163	3.1528917705529302	4.2108722101421705	
0.09482562251162711	0.38692771692033495	0.5733156053586738	0.8323199562011391	1.6947304058776047	1.6661980877439475	3.0616237912557938	4.235610920387426	
0.09930124484210649	0.38914445886146226	0.5658051753858692	1.0118560015604696	1.4050413673394078	2.085745776385456	3.2833440817182344	4.583073036512701	
0.09257461719811241	0.360572723551399	0.604506411029085	0.882080729357334	1.6044270536171334	2.048788842775037	3.5259515449200025	4.565898118227997	
0.10262991666392601	0.42879415462151976	0.6331744254241757	0.734985609807257	1.5535481044473785	2.175149273935721	3.0543175240036473	3.7836308975317006	
0.09311861583327967	0.38738703098396565	0.6215116527512531	0.9921141618498595	1.3869728611561436	2.043342028544096	2.9977676050635447	4.717397847369861	
0.10471245489554706	0.3627046911422793	0.5813127916719044	0.8620154881191664	1.4968494016427354	2.0544994180930627	3.1434577295299864	3.5672947487532327	
