10	69
1	1	1	1	1	1	1	1	1	1	
0.09978628929762169	0.15494292094845621	0.38723817272060385	0.5795829762590073	0.8999490557036397	1.3479283617982882	1.9287663771310646	2.6807739732763554	4.766206930047859	5.82666330000992	
0.09804349522853835	0.14514323896215225	0.3684779645652443	0.7024414214066309	1.1393362450274265	1.5791380758522566	2.141612787184896	3.663499365686635	4.491511191901854	6.651541638001577	
0.11425809097009693	0.1571892527712218	0.4460907883168232	0.6128270914615984	1.0631477364544994	1.3756104829338351	2.00999640384284	3.309930169027171	4.718350496380781	6.0740776442614965	
0.09379516893316898	0.1310792764463933	0.3781189126900276	0.5864108025646526	0.9899920143047736	1.269206541918977	2.256093486620789	3.2937508736363226	4.6172937125840665	5.19481505702383	
0.11700008313758062	0.13575008685884746	0.36995825376670066	0.5402692614231598	1.0178440819292343	1.3248653032954758	2.011281040951947	3.345675223248755	4.079147406040749	5.510965016622741	
0.10898736394553409	0.1575398805973522	0.39365236610207	0.5347324065347976	0.9806731620150181	1.366201280259152	2.023249360487219	2.487316806697744	4.174999448344841	6.677746941609817	
0.12121943142388009	0.14308092863246824	0.30324697657687544	0.6883686481476657	0.990606429223735	1.4525862233162419	2.0343827248734687	2.874148623050905	4.338403200965786	6.844373895971267	
0.1126053051619475	0.1424281497409818	0.4349066835588513	0.5863032320087816	0.7970557339252115	1.409376282215408	2.039145496100007	3.4430947964768066	3.8927044084411917	5.427196590661154	
0.11980441476196897	0.1554458817178166	0.365581029262834	0.47029869142747566	0.8086189655190287	1.329939140335964	2.025932105888779	3.170350303935348	4.312423074727235	5.570557044027654	
0.09773835200058265	0.1573547433680755	0.4336752085500862	0.671467853888076	0.7087082565445666	1.4498781178828715	2.2156986955017053	3.711833589367486	4.759102622712596	6.0145761820682635	
0.09606610541624816	0.15482820356461527	0.3305848666817317	0.5631015717948855	1.0707668105475825	1.3491869082925743	1.9884332024876648	3.758179985141327	4.763711384271384	5.313112226282925	
0.11192220415646159	0.16417970431913756	0.36662946165080984	0.6973463927150371	0.8288071874823354	1.4871186114942052	2.1257845433714735	4.078437940408477	4.403417463937002	6.683606539633246	
0.10274118610017378	0.13877864617443322	0.34300395192034955	0.540954518818496	0.948037200606143	1.5925337672374018	2.484806006940297	4.009561212912216	4.266356769825519	6.703415990783251	
0.10925730090224316	0.1436657591358443	0.3431597390387114	0.6954499203199583	0.8046624778565079	1.4737452522678933	2.027640083292552	2.841052349379979	4.308645686221086	5.815275300074063	
0.09974231235445409	0.151326595925968	0.35095410708167246	0.596642013447865	0.8088508318235494	1.6205327265454188	2.005022937935192	3.292827807496886	4.673276285410486	6.379328013842734	
0.08847970168764274	0.12964004923202802	0.40367789003271154	0.6164070545510354	0.78533143766552	1.5629282285038022	2.1560819149982544	3.2190067301724827	4.836027147711362	5.280059103254347	
0.13313771003928565	0.13099492655657186	0.3010510382469531	0.6304507995950113	1.0012679105332964	1.4892462085545082	2.4645696490345133	2.6052244210120827	5.4123238471876345	5.461732487642321	
0.09086193902675122	0.16025917011276844	0.4148859639998601	0.6219385227459067	0.9879116014997583	1.2866376116924654	1.9912817714601827	2.984548490938595	4.263383693337536	4.971130427727086	
0.11218514758749346	0.16261524294606258	0.3765752951941788	0.530609926662641	0.8710776327750396	1.2279957660770582	2.168055858691133	3.3976519968740275	4.58941957765164	5.749690521880516	
0.10131055020634312	0.13546750829483156	0.36739856850461605	0.5927624081241207	0.9318200765759606	1.124347901374746	2.094657064774321	3.575631729601232	3.683761745862338	6.416208077856611	
0.09429468354240425	0.13183713887900436	0.2873051501105164	0.5598750192209418	0.9965452973429969	1.3310918410824053	1.816807910140437	3.3461660629422454	4.606149257281004	6.188287796444013	
0.09877982398481881	0.166277902544881	0.3792983552023772	0.5799524285319447	1.0354633847107366	1.6040827911278894	2.3422546338905246	3.031064280206323	4.307411585709207	6.176515595504753	
0.10046806469366035	0.14338082733736535	0.3633704543614242	0.5826086530331211	0.7954921617376534	1.7052321083655586	2.60392826734666	2.865845040864963	4.752102535987445	5.440431101942442	
0.09385316861971714	0.14772033350404712	0.3808807229681571	0.7830012249032658	0.945329276711834	1.3030618597261008	2.0869384950594254	2.8584067200675984	3.8626664725764552	6.779814076656416	
0.09756314098988587	0.13705743635664147	0.36820373655027683	0.587055643625107	0.9721643475991405	1.2057772838858527	2.0511265899365094	3.823785710664226	4.094015619516724	5.743344503503014	
0.11027737886029712	0.13014426772897272	0.36616481446572513	0.6456051195346127	0.8128618771053971	1.600159932318422	2.0535204643703913	3.898500871577424	4.981769597606474	6.186991761309697	
0.0924683463076488	0.14879292685219947	0.4122893028681353	0.626044850545227	0.906603893657786	1.4923861710287354	2.1037192380278915	3.587470318585752	4.6280529057392386	4.721491877104146	
0.09742492435843438	0.1832660259693447	0.42255558368661167	0.690596437912098	0.9931132241529212	1.475944274003739	1.8248137391778667	3.7336049801568323	4.270388603674953	5.200938792097659	
0.11753460710087493	0.16355343634432173	0.3935725176261479	0.5160126008514601	0.8212289619547325	1.5713257019136184	2.70584938572402	2.9314103843117976	3.8850936728924146	6.435576546198515	
0.11486067956616475	0.13757709051534758	0.425370335706448	0.6061790953877293	0.7974942852717816	1.4543787040364209	2.328683094975216	3.2795199783587465	4.668599384861158	6.33277143974532	
0.09384374882495895	0.15882340349113638	0.39400677236434595	0.5938622732444352	0.8684148395088221	1.4592174842230448	2.392269919491411	3.193606396993762	4.361066618309167	7.107560200799201	
0.10508222425645958	0.14401380189196816	0.33864241008238655	0.6229898456731123	0.8696918430451511	1.596824842137525	2.543307382551361	3.183206525162151	4.929528997342346	7.070752993912657	
0.09870108899409903	0.14438749465198022	0.40536747425597924	0.6152891038361091	0.8433379099368592	1.5051289503277463	2.197669634413778	3.3503098725788614	4.5411319751515755	5.188921824996002	
0.1054975499840095	0.16952613678897457	0.4223457312210488	0.5716329088166119	1.0088102571653104	1.5231586282750549	2.3264158560500636	3.560146895438109	5.080090496195191	5.47904449953708	
0.11123434083742167	0.1314354302321186	0.39512446388974115	0.6510245779399191	0.9178995625285422	1.6240577362676152	2.381959766860098	3.596226828152284	4.725576757780056	5.439587781318638	
0.09991342963814139	0.15002010884134878	0.4215001698181306	0.6145423036743924	0.7986506543173187	1.3598730843838862	2.465871468894001	3.18910292909751	3.7215791631122856	5.200180808690067	
0.11340453961745443	0.14868824665567817	0.3790891549815675	0.678891582013741	0.9091553893002262	1.4991659298303381	2.2629278041579064	3.8362801360849588	4.4456599195929165	5.5414777028431	
0.09274742926398952	0.12822725234380605	0.36957191158208397	0.6290687304906702	1.01648336393304	1.527242402645594	2.606066310121667	2.983139821549799	4.932750600655798	6.703708693631927	
0.10488320542968942	0.14687414213194103	0.43284420688359454	0.5580211627414986	0.8213388271906421	1.3799675764818002	2.503431934960163	3.5819944822682155	4.523117937929222	5.593897046807719	
0.10661098345160636	0.1514249707294508	0.3533985387528316	0.5726836592301902	0.8221036303639309	1.4287884931828307	2.305153406307174	2.2348773490184946	5.4423524122472555	6.674704616935552	
0.09614193592459024	0.16420493106347397	0.4061619706586486	0.612504383853928	0.8973092572931003	1.2782516389953702	2.2330689646704363	3.4902207543848154	3.774021000657547	6.957778633792684	
0.11144536881896538	0.15888474679975828	0.33862284264083353	0.6285455811315908	0.8640662714021734	1.4770814069071525	2.1443805445467796	3.7724866441398484	4.135033957318645	6.5215490210055	
0.0829198960328763	0.12712870014767305	0.3965357901385674	0.596802419530102	0.8662926114885203	1.41320953332283	2.4183589363850597	3.002287459174636	4.269216363811222	5.425078802571502	
0.10532949723425207	0.12436611137357811	0.3572365687908742	0.664970050130299	0.9904539780096294	1.487643123274595	2.1845829361444205	2.8824384108083048	4.185210732361981	7.239490219520164	
0.10563456431903687	0.1353596807240741	0.4623398653399183	0.561385713437522	0.7957056072944825	1.4040919207123297	2.0263055010145417	2.994912800088772	5.565145301215828	6.500623935909635	
0.10925612283043054	0.13886525940390396	0.4198524713503877	0.5583176165835473	0.9446446467936114	1.53864117042075	1.9744070685514765	3.5297147802175877	4.050783333994277	4.55746424994811	
0.11151840089311973	0.1455335561123342	0.35239741092507226	0.5694128614978454	0.8563015776806822	1.2458838849424654	1.896419550024836	2.9896433492937033	3.936280715958859	7.386902233991206	
0.10174372942973942	0.18629628788188615	0.34816226019750474	0.6315479287926783	1.0028103536508286	1.58618108529214	1.8032395798938172	3.0928413598194155	4.8453910886756795	6.519559459278215	
0.0977854502023661	0.15229216650163313	0.34360440975613	0.6353822873120111	0.8705251819110822	1.5066570575799754	2.323198001139437	3.1251848369262483	4.451805350414441	5.0881526128098855	
0.09458463462975365	0.1403756061547205	0.3414111726391008	0.5624741277854123	1.0791468895601934	1.4002781528332735	2.0941542168553577	3.523511705149566	4.493153364573742	6.002129314331205	
0.1048555980546059	0.16597112944426892	0.42220673430054295	0.668225482340993	0.7373853465616176	1.5625543055010327	2.2951277112203825	3.055122691972215	4.380628133314248	6.380394035064102	
0.10306537896641127	0.13043382538186923	0.37778317187390015	0.6916910010790461	1.005911728447865	1.5436011370008884	2.2354274656319624	3.1329872267559615	4.288966595456637	5.190748478276195	
0.10980749053760437	0.139942277454571	0.43210296685083854	0.4573061070504627	0.8108903318391054	1.4909856342456722	1.7509849379452704	3.0506071009936777	4.992109583122615	5.767832205670466	
0.10548420542790343	0.12370437531803599	0.3751995952405882	0.6700635123390362	1.1054954046826289	1.435018468427733	2.0875001598134175	3.678512157815379	5.635401858765627	4.159094744156335	
0.1084125656859374	0.14877238524425848	0.41200977026641095	0.6887950587719653	0.9996868468959871	1.492315149188639	2.1501156461667805	3.14383208898648	4.7734514461661215	6.150015868001159	
0.10137539929786664	0.18384892960516502	0.3703552928682099	0.7500819323598723	0.9005014715406466	1.4293708841550852	2.2840997996451446	3.186697847106161	4.751984850515609	5.848614236411457	
0.10901570232164744	0.13861464260391335	0.37814974132846757	0.6522563116718038	0.9332852417908346	1.3628197631469232	2.207835709198178	2.9858337560376254	4.627125249961369	6.68944197384116	
0.1267864093797023	0.1284997550039213	0.39218547685554267	0.5398872500014884	0.8687222416881466	1.5489534310606534	1.9634191716844858	3.016705971842777	4.661738981235534	5.876209111020807	
0.09668736146653478	0.1459668082791123	0.3875535113750184	0.5377239244795264	0.9199680479453716	1.4433573488047065	2.29520940504629	3.468934376269123	4.930866707505211	5.3552344496562245	
0.11309677747866587	0.15501143524038855	0.3456604287024493	0.5844219845297485	0.8619531182672158	1.4745906482589766	2.160286510364876	3.346854853181368	4.676887663194877	5.780655573902609	
0.10245511401364336	0.1589947185688815	0.3232408333319454	0.5391253694428594	1.0658869030478557	1.4760207875501734	2.132221923526285	3.450835356363364	4.334156801450322	6.088479387422504	
0.11665327292633242	0.13835767657743442	0.3681353455961246	0.4985540065232237	0.8477395142225475	1.5206802985581176	2.166007052843032	3.1892694441979823	3.8550694071902876	6.331561493318828	
0.10551632465287278	0.13886125346274936	0.41962669033370226	0.5992048263745512	0.878074757053416	1.4269411681367659	2.149514778262061	2.9438264545028794	5.392695978405242	5.649205840599079	
0.09159380657566148	0.16782356877448024	0.3735295754857358	0.5827228948702763	0.8566711183641439	1.6174336067292747	2.3898513847723497	3.2804573967907946	5.426773096836995	5.501771476883313	
0.09354815630967278	0.1390816617039149	0.4025494086950167	0.5916281424674475	0.8109241145314409	1.2753689295653183	1.891266560884122	3.490505990035194	4.970041110848729	6.3969105321487945	
0.09593521082870737	0.14009436586907947	0.4084656339983997	0.5797678745122293	0.8405604463189742	1.6747998912400541	2.396459917481625	3.158559858839124	5.006062158444812	5.137090575297905	
0.10140893651295198	0.17597958004581585	0.34243589133629276	0.5814181686540087	0.9675797715522325	1.5088742049668822	2.006557280121243	3.589495603195616	4.635741437424565	4.726204211773502	
0.1228270084731435	0.15357862183391272	0.386837065552276	0.5352949021953948	0.9378267237547009	1.8171598042579131	2.012223759021361	3.7355900606349763	5.051731977261997	6.296343297265821	
0.10371605707796501	0.13876667763459252	0.3313058221398658	0.696277696904061	0.8861256297059888	1.4159483276489688	2.0563149229881788	3.3545761662075826	4.836104020355207	6.630211281459774	
