10	77
1	1	1	1	1	1	1	1	1	1	
0.10687766730011228	0.17256462004053566	0.38652857064720814	0.5464165617190255	1.104125838186934	1.3433321073892153	1.9092451768028786	3.445523406840957	3.9142133451398657	6.61341041339786	
0.08847687688078198	0.15377235051994176	0.39203382707201934	0.6158951002335517	0.8102444753105169	1.4021820077700842	2.4453214435075457	3.1843445664414474	3.9821038455257414	5.732957340518724	
0.08741703471656131	0.11727401654548286	0.37329524514058693	0.6060006299605083	0.9949962989349695	1.496833233822375	2.282149194377585	3.2366520777553056	5.4573746746961564	5.495099477076414	
0.0968288871924895	0.17487954116424873	0.3651833746629605	0.5933869633646637	0.9675891716983845	1.5969469501287257	2.180530667625846	2.962783197250392	4.31546542262284	6.32400366294128	
0.09704889988926546	0.14299048534677097	0.3445840084538569	0.6716089389157778	0.9186932908490342	1.4135210963301097	2.296176280061807	2.807232988987218	4.518894206340487	6.90319303561169	
0.09936166511273706	0.15329273424244025	0.38749249207140973	0.6636806623051698	0.9487139185849494	1.7830076397937615	2.199724412188732	3.108380346751064	5.180376073891269	5.87358831737777	
0.09400398551113323	0.1321735918656178	0.3981928460251428	0.5725523808460674	0.8577060431583903	1.349088723608703	2.0718861012492926	3.520632284627356	4.717591143271051	5.913275867730965	
0.105608391980882	0.14840489072914737	0.38784953127518795	0.5599835859477905	0.8688335293049825	1.4516427021543692	2.1830219051141224	3.57863376870607	4.724696076402364	5.704831992948119	
0.08719927092653142	0.16323886239118837	0.3926035018326266	0.6581533679515695	0.9726649400255983	1.6881096408006337	2.1034783347916797	3.263457686928826	4.855711829325716	6.517809481942722	
0.10327095955392601	0.1261335854982177	0.31281730697914334	0.5768430384062033	0.9320287997017085	1.1628781418939695	2.143591019362718	3.461635813643385	4.473360125255444	6.177075931719174	
0.10587817564457709	0.12598097810271652	0.40479810919379206	0.5559879753211878	0.9078561194483682	1.3354638655220932	2.3808855794718347	2.8689636421316296	5.121605370695043	7.435096631785209	
0.08448879926124403	0.14120919953256006	0.4032730135582308	0.5403930094780375	0.9047156406324209	1.4551504484544362	1.9967434818084897	3.2766445200895866	4.926931323492479	5.953010933822299	
0.08961345586471922	0.16747329942808564	0.4327833176708315	0.6221147819272139	0.8386933114246231	1.3044850012927875	1.6407865963219133	3.0575585705465604	4.979510750018505	5.589619009532368	
0.09044067379094889	0.16534326624853482	0.4237486281678451	0.5678321301596206	0.977378753969195	1.3059114547496975	2.0763340892528093	2.6584641499608863	4.662045965732747	5.9382518821420485	
0.09328072675408448	0.14861954949615985	0.3718280636183195	0.5503652364724761	0.9670652216534266	1.3873932668500957	2.121129742614151	2.775285056193015	4.443472089258258	5.892402019870398	
0.09174385919698595	0.15797315616756438	0.2999032761779665	0.5710680973716492	0.9588257617432503	1.7300868040999193	1.8563803189753127	3.27880392539973	4.7465562568500665	6.038008756587067	
0.08767656407669229	0.14274491100219577	0.2872173536753587	0.600231956089926	0.7983219754528211	1.4951595145573915	2.0095141885691294	3.00705768236247	4.574947615921534	6.1561539381741905	
0.10871284301885559	0.14607957124810328	0.3759803043346304	0.5168205551532955	1.0647011463624232	1.2963750146461006	2.3058394602139525	3.487960870050742	4.679956194627589	5.857565775644108	
0.09637264231811071	0.14903885523989976	0.3076522357896246	0.5984340578219204	1.0681748373886628	1.39770323709127	2.142960864144547	2.917161799574547	4.583559288979023	5.533218501828202	
0.10849856501737826	0.16711992394345335	0.43166467176837886	0.5133874297501467	0.9972120764056414	1.5225195621188838	2.060759819218135	3.637620196515985	4.686500452649484	6.823869505119893	
0.08732379810297458	0.1392891701503908	0.38356149476041607	0.6703554319858389	0.9722963493776638	1.2943876686444273	2.531913597053286	3.1542201671130634	4.087649472183434	5.53494156372277	
0.08667759454555178	0.11629045335563637	0.37556944995998237	0.5067237907382688	0.9591710958766219	1.5707524189847788	2.230973310071968	3.264295999781033	3.8066148949728733	6.507629609080309	
0.11946563920509662	0.17112403612162008	0.32943965887925564	0.5953219564819922	0.9037061086241672	1.3730807653798176	2.155821778223586	3.953651720666247	4.548310792914256	5.733394115207826	
0.10297903366323935	0.1303003938207199	0.3527891157242958	0.6591739244115798	0.9475160223520264	1.7305474025351917	2.207551295855452	2.8451070169847297	3.786723254279682	6.600987251796214	
0.08958473332520056	0.13303314769859254	0.36043058807412853	0.659775484306844	0.8958016735268723	1.3096495443620209	2.41071051645767	3.5886337154983887	5.250179766760862	6.8107983282645925	
0.11058916035895283	0.1387313741884844	0.405043087806718	0.6728781164438192	1.1025892365594427	1.454470821384027	2.0442286869729087	2.962657209826976	4.94074365855742	5.599961552683884	
0.10107243348396044	0.1367960154078445	0.37396097697233793	0.6263391461978169	0.9550403033175789	1.5355266938085044	1.8545701131253087	3.212123393063104	4.288409798666284	5.410588812690346	
0.09250486228239901	0.13658877225126284	0.3932973719194057	0.6240083339827925	1.011433052440206	1.476912990515245	2.184142845230263	3.2756396197730213	4.804046041988981	4.735886563380673	
0.09940868949640422	0.1547580335573377	0.44800596647230934	0.5333054750632975	0.8233420505076843	1.105251965084748	1.8509821702618474	3.2008260150022996	4.174185104556396	5.552771049503484	
0.10022928972102566	0.15873459072754298	0.3804751905830579	0.6016019045421513	0.9675356567745041	1.1679226008331152	2.177733836255459	3.225646898622457	4.4968049450029195	5.649564161739305	
0.09794527232367085	0.15603969627714945	0.4411438158490962	0.4985177506307832	0.9831759017931498	1.6041544826453178	1.8768297060082564	3.1916909212522984	4.624098984269455	7.20536790671408	
0.12173327671575557	0.13093945080531633	0.36851516987096605	0.6119694599174456	0.9817502687564142	1.4587141016989338	1.9461554967832082	2.927499197468304	3.8064368591831945	4.787643280476084	
0.08435948006619426	0.16742282936278807	0.4069905844886909	0.6331966896075262	0.909287497526857	1.4240645570479766	2.0922300540479424	2.7342460391528296	4.791459023329861	6.511607373799264	
0.08849669566528319	0.13273128618603633	0.3933671536642904	0.6205769258465333	0.9981388591995481	1.632140943922764	1.9225492180718171	3.2233517482925453	4.049766269843239	5.44290524359048	
0.09570203562001396	0.1716053391773605	0.42198309285247826	0.5955105932152702	0.729482536492204	1.4861672815606806	2.2294795132516296	2.946582078067258	4.873813377528664	5.428305620329722	
0.10827738988781802	0.15361598101852625	0.3245270330121056	0.5783114081076773	0.9434525794132618	1.4729225906319279	2.3721330853943305	3.6262765273088857	4.392618841251787	6.335593124894206	
0.11607935933597024	0.13472003555086637	0.3568975121643638	0.5006919020772798	0.8712768025739682	1.4594267456014567	1.6950285584029825	3.392039623416864	4.287445035096114	5.962395742494626	
0.08831128019458832	0.14846608819395865	0.44380958726760916	0.5760117500868202	0.724196860909815	1.6035694358442079	2.2666262870450784	3.2805639070731667	4.755623470340391	6.049509703650157	
0.11643266239909655	0.16127999292873518	0.36265586016456297	0.6895172964993429	1.099258592396556	1.560182045089946	2.237489861619702	2.9724185129688534	4.808546554815706	6.232815718805445	
0.09973197212920126	0.16048902204194085	0.38330818706012915	0.6329269824952478	1.0263320769093776	1.239653486665153	1.9296947898486447	2.9535279037562594	5.3730042341584205	6.380084839665351	
0.1072661921405323	0.16694157075028104	0.3402271320656408	0.4777031756988327	0.924153818854698	1.5583527903071337	2.1075175134639164	2.8047700510287354	4.09264747607618	5.292445199822731	
0.09387635563272115	0.13260929324076084	0.38557760248370154	0.5671451156032171	0.9889091971034447	1.290363653798272	2.2048995808652023	3.237780275319865	4.678213024908575	6.322028151779288	
0.10643644625995224	0.1624613575635196	0.40060705891906306	0.6178719603488435	0.8679946973964856	1.551655397943951	2.0001698963980354	3.1551281703699035	4.112256054193078	5.470511180971691	
0.09682998530938347	0.14650456509707788	0.34908488521839076	0.6013177959329955	0.9445787449544667	1.3520823195631562	2.642272414845246	3.3581269399284883	4.553219204699182	5.59442643341412	
0.1013784186288133	0.15361203955598632	0.3798679762958716	0.6851190603863687	0.771763156199858	1.3756057593768778	2.3034746095077105	2.9585846394639863	3.803997299512552	5.688666078108772	
0.11043936170422718	0.13690560108748587	0.3664557854673438	0.6252889240031421	0.8761248297210846	1.3670869847532947	2.0098091987306868	3.0654717020676396	3.976679014564304	5.845629816795704	
0.11064233814383911	0.17374213907004588	0.42749298093867244	0.6082617376724387	1.084273054372615	1.7593088989429317	2.188974726772865	2.9280665864734736	5.090371459515721	5.277908800427596	
0.09113491260129221	0.11876198801343205	0.40764170739568645	0.4610733404664332	1.022335150611331	1.6887502519693984	2.521471848050908	2.838608172841378	3.661336639651163	5.614508874414655	
0.10879192186426537	0.1680568298499744	0.4052509804128453	0.6316803172918232	1.1495734591410336	1.361639683563598	1.9827353250690227	2.8635324894933976	4.6948346628816875	5.892269346543975	
0.10824979064450096	0.14324175869117892	0.4038937197859521	0.5769686274310738	0.9148684497976185	1.4202773979244085	1.7844351598268624	3.20450493368317	4.752964270300837	5.407133053868854	
0.11910122693265293	0.1500732861139529	0.3561815172522659	0.5605647585865993	1.0574575750134563	1.3120526288238188	2.2140908911181483	3.536986755810804	4.749397082135825	5.662393621459186	
0.10839221741110922	0.15233664683801248	0.31464220709310836	0.6733959363508386	0.8729365185270004	1.4048886630725892	2.216535055960116	3.077135121015343	4.840608474896937	5.33769574438973	
0.09425619490881315	0.168385848028583	0.38096052649964185	0.5365911491510765	0.9373217241843668	1.4874364887296838	1.8090058599969123	3.7876423827012005	5.305231603937936	6.0720004458689765	
0.0979991834039124	0.15034416132020187	0.4139359374352196	0.6271565609786862	0.9522482226532425	1.6276732014835265	2.393151840400798	2.9380280523621454	4.8993281243653	6.690972364088499	
0.10278259698629043	0.1589855012592557	0.3683173529185733	0.5277347860484379	1.1055169062851289	1.2384569370147593	2.5114706333533827	3.2287940567996225	5.061347832915319	6.013749593062878	
0.10937410779540167	0.15673281680862466	0.3545636888877819	0.6080471752868187	0.9167074720197373	1.5219462053989037	2.180431362480649	3.3430009872673527	4.038357815280472	5.233120872032643	
0.10070627828698342	0.15272328166565777	0.34004044308835674	0.6342933942623256	0.9871991479837704	1.4523270953896883	2.1533837946424486	2.8380635023294105	3.922081465521522	6.236825368561857	
0.09171978700193625	0.13863355349365686	0.3905939112525259	0.7222591498543381	0.893037978200562	1.7232470502858035	2.133604896292075	3.433252291644823	4.931872280024011	6.619510483920468	
0.10339064708452056	0.14655471422698935	0.41146654541417477	0.6254404457040189	0.8894644819006943	1.631499560197637	2.2483407071347847	3.0065132950323594	4.110228735063267	7.175349974449407	
0.09507384966394179	0.16129417578795457	0.3943204476268008	0.6431369746205613	1.1077986638600816	1.572616199609293	2.3296907056264904	3.1860163578220075	4.200942053782504	7.451679409344327	
0.0995816381028576	0.14839966422504908	0.3909741284970944	0.6114873066674897	1.0781281879365394	1.5071637774094317	1.868366271207289	3.0356176322810273	4.504819234247738	6.6153846579877715	
0.0847957014785588	0.1574082404356424	0.4077898857310343	0.6529419854545496	0.9225517933603725	1.580041301690054	1.974772324788311	3.55728500683123	4.472259332939017	6.025731359534641	
0.10031772225936318	0.1597518242194517	0.3380173621638156	0.6531174309254305	1.010990174270448	1.386887895795187	2.150530547452988	2.970680141378508	3.9778311372248076	6.1184489050998	
0.10203872527494613	0.14494405825688955	0.3325083962617568	0.6274234438024289	0.8963987142637565	1.3228441725854205	2.4243253769600557	2.933074706563255	4.752862924263754	5.100276990615895	
0.08563784196428106	0.15724017612143903	0.36722680390852225	0.5298691324795063	1.018343993882418	1.483098033152997	1.6925040381444467	3.5618055023443405	4.02125194642439	4.975263879036785	
0.09179439057097197	0.14937296628372554	0.3829403004495399	0.5019080858067031	0.7985815473188712	1.3211904734571647	2.0001412236891962	3.497584621034588	4.314005286548133	6.445577996348474	
0.11095824835984175	0.15833505754286267	0.26318382024260734	0.5817589862840407	0.914533562189526	1.422217400048327	1.7023314982884057	3.0016722013642974	3.8869901052637332	5.444062438811114	
0.09741311047945095	0.1388767109405778	0.34758552259323866	0.5881218334907233	0.884224675439972	1.4585556569374438	2.059730918910411	2.740527071083183	4.036012956535118	5.803169596366237	
0.09552024532230417	0.12879776595308282	0.4057100559652722	0.6187334072918194	0.8741262945943824	1.4065922208754016	1.9195471929907375	3.5272470568072762	5.4310186603895065	5.613247837699816	
0.11223932348866127	0.13708811694371958	0.35978546461901895	0.6860214139102473	0.918854969569598	1.5282386672033057	2.092065904608107	2.6641109202441022	5.551835311384664	5.869936112259209	
0.10156117544521176	0.13901208420281802	0.40964500170871326	0.642395178525388	0.7851753154471409	1.4544672409845971	2.3385767155430806	3.640141981668735	4.790902039757016	6.440602480959432	
0.09459906293746607	0.1315644194708705	0.3681867950346757	0.5248940768031646	0.8612701090015277	1.322181246759642	1.9477485277096327	3.4229930326845284	4.044272731464198	7.10134826271365	
0.10989150040142576	0.1678424060182524	0.3538120622670087	0.6120177938878374	0.8330107934946684	1.4610818785580117	1.769940014109842	3.595246486621171	4.209797104272804	6.181706903560339	
0.10488474151031815	0.14169053931958947	0.349666084703102	0.5927875359122573	1.0046758085940986	1.4089810837070935	2.2796359239821284	3.5080797502290992	4.413396203207586	5.93239409915912	
0.1013880737873874	0.16713606938373912	0.3669552994167532	0.6682650315497278	0.9537268530293015	1.324664636508425	2.140971321985851	2.8857939385587996	3.8942967277739937	6.364109549132435	
0.10797768921304772	0.14950464380434622	0.38181189196067444	0.5653941799617053	0.9457987865375016	1.713351464233617	2.3670847948545033	3.2252813680987686	4.426564790357586	5.774165397137099	
0.0858893264415957	0.14275630729157412	0.40562080811513146	0.5440789041914984	0.9039546691298447	1.2701000966635614	2.3188705954618625	2.836199720855085	4.766705058267826	6.617184366043849	
