3	62
0	0	1	0	0	0	0	1	1	0	
0.3568351211704442	3.1416206515555936	3.9835015407333096	
0.42468089935824904	3.7475479976608184	4.705836837745251	
0.40767283458238257	3.513150574118833	5.043120229857118	
0.3346103745356516	3.487218313435839	4.566047952130994	
0.4036215453101566	3.67001763310916	3.9222975893475684	
0.43319189122779744	2.9078162085536663	4.582430901068751	
0.3275421951935553	3.4687153059050146	4.762593379375315	
0.359074224543034	2.780626665566299	4.483680552502369	
0.3728263669870113	2.889956979904242	4.383550896609594	
0.43555979305505305	2.7683243580714145	4.174994877106316	
0.44965518109093106	3.1603769460220166	4.255128497129873	
0.36996026152150857	3.2416051327253927	4.133818018206416	
0.31981560969921063	3.3110777135047753	4.945194114747013	
0.36627671232755776	3.8481305633073273	5.503589047638172	
0.4450954557969162	3.2982627449177926	4.409952910262549	
0.33846838789729256	2.8000252615235626	4.321880532173356	
0.4005738952154376	3.023523663812319	4.931932033619495	
0.3535120428427958	3.3433968728751147	4.172797821295886	
0.38924557382184777	3.540598131751567	4.413813322187262	
0.35499252917329166	3.424514353264623	4.723719255136625	
0.3888363542386174	4.098543772350912	4.623612059451193	
0.3994052776410163	3.355264419360345	3.919653404814968	
0.42866667273062425	3.2181886744454373	4.312761571196727	
0.3443654832508566	3.6217507925679633	5.517841460632233	
0.31548878383204537	2.8972741195803167	4.982287587772679	
0.40301315409568184	3.290014233370932	4.594204472709149	
0.32831347560675805	3.4345644286609147	4.540585053747211	
0.3767742429102297	3.552531804150382	4.567935120614878	
0.29888507115133306	3.3911659595471235	3.224897323264586	
0.4134740841508141	2.842426011055194	4.758871386993127	
0.4262120315073967	2.7688697286883928	5.402313253998453	
0.335734321423039	3.6796571320170637	4.608380142812497	
0.41544549156364063	2.9476447576440763	4.166817160810473	
0.3568399708666407	4.214242114344414	4.5143318646983985	
0.4366371153608376	2.9580151919211213	4.3072896038590445	
0.33617238855533893	3.7650590723917823	3.6434323227773957	
0.357627563477796	3.139041476674534	4.405262588566021	
0.3636292150126552	4.110033405139626	4.510439882457861	
0.3723720944051117	3.4994481323091344	4.9151788227416535	
0.445270782507296	2.398566954728823	3.8034046143690525	
0.38359444260147985	2.868056497505284	3.8370644651413013	
0.4196126168453537	2.8278341742346123	5.055786647710272	
0.3325124731484727	3.2601971621962793	4.7885276402681285	
0.3895771747935269	3.029836037826603	4.817903843447604	
0.3204989467685716	3.4246299776380917	4.38704915169576	
0.3706783396123856	3.700196181456276	5.289028878294974	
0.36909904587546116	3.212470545782378	4.974107588461479	
0.40670974525865633	2.765125024129852	4.573252906957636	
0.3361733164967648	3.6072171521696257	4.334740600233182	
0.314637297499022	3.560435945313686	4.651707007025777	
0.35628009219616713	3.168121776590523	5.227445800218661	
0.4183975966401393	3.341201669901221	4.466781026652252	
0.3781216872206695	2.738304800492939	4.343814305131029	
0.3409186939812171	3.528973419762311	4.261255799478222	
0.3893611519618462	3.4354250762807315	4.792309362725703	
0.3653576691363343	3.2413611931496176	3.8472287751968492	
0.4301586536703563	3.478696257651822	4.634689299872157	
0.41085054726090287	3.123714273400747	4.742514032864516	
0.4303699140277459	3.2467419032843607	3.8116198206027976	
0.3689622610559871	3.6345833238583265	5.5798569681347585	
0.38188810444419186	3.571738061272373	4.317898287162219	
0.40637015269421384	3.084120473226585	4.0094589619594485	
