6	77
1	1	1	1	0	1	0	1	0	0	
0.07730078242609313	0.1370335805330231	0.40788016257914883	0.4151504163865726	1.239074539196576	2.9081473445096853	
0.09923811183710075	0.17185108821873885	0.350166116185531	0.6176904697148285	1.409844369371619	3.665161839856389	
0.10455481419652045	0.17142773019207871	0.3519240643298531	0.618830658142392	1.417359630002389	3.3742204556027904	
0.11274075748951336	0.13764396878522306	0.36490093419272196	0.6237886648119131	1.3259258277373502	3.40369112154238	
0.09945016754898678	0.17087306880463274	0.41798661454045793	0.729150079788437	1.3320971176889862	3.0999181848104	
0.09588081764107927	0.15355497824500133	0.3993291402009059	0.7307748248703392	1.6039628639086232	3.3358941358520324	
0.11812972293453515	0.14984506158447472	0.3408264053072487	0.6395302899864708	1.3143269136894336	3.408489678301075	
0.08677486769252604	0.1264600081126837	0.42123157935264444	0.5932273619236751	1.205931689481328	3.403054071797593	
0.09818779408004391	0.1614192257376486	0.42200576288098085	0.6843326674892289	1.3634315885679869	2.8519586235429144	
0.10858633940465262	0.14939793853268207	0.263979099191283	0.6135912058582224	1.2236250919800071	3.0399379474179113	
0.09436804681142767	0.15607291791889474	0.4327826207230479	0.6597861041533789	1.4178516745853076	3.3317031653894738	
0.09909573282217327	0.14810828466664078	0.3611219763715896	0.5494734001526015	1.3615114382467908	2.9838370154244678	
0.0989115217570185	0.12855321928523894	0.3614536089974581	0.5723462596166334	1.404075558374949	2.4562068225279745	
0.11881895390651682	0.12511562138355123	0.36860035104246974	0.5841289637229017	1.5014957864888228	3.4409269974114185	
0.10210540552889665	0.1603345612496874	0.364163575463253	0.6042734426022327	1.3603884918634765	2.8155111631984386	
0.12156240172197286	0.1543778898190401	0.3421171889892519	0.5596692447732016	1.3294245920903518	3.270851834862796	
0.09378100594234554	0.15003482372307606	0.39155086013372364	0.5378473577008439	1.5344566023141506	3.9054139455905195	
0.0982360536039226	0.1520082058585022	0.31748674436793584	0.5811596936701747	1.5528010267044456	3.329565764454354	
0.08967486498112774	0.1567459909481198	0.4219368391051223	0.7367712200697337	1.506905911711251	3.4641473155130007	
0.09874303975783533	0.16350792136186357	0.3989713291076045	0.6495995817569656	1.7174804064225901	3.3495501380030994	
0.0892414506147152	0.13932613704877578	0.39722873288742355	0.6290421301743394	1.5901831470621457	3.489885768546037	
0.1006441999636681	0.14228601231598864	0.39392334106070154	0.6553844955348147	1.4219401612202909	3.2373845028826174	
0.09830234073989473	0.14016230513837993	0.40016522730451953	0.5312967830339629	1.5472869512348886	3.305724181721734	
0.10496191400637883	0.1251460431811323	0.40161852249511104	0.6264594152240625	1.8279259164687678	2.9517922807150376	
0.09106554272556251	0.178805392780491	0.3459154756590989	0.5546556272477708	1.3995580879835885	3.5373341201802253	
0.08855976261546701	0.13297279621561275	0.32385632491962446	0.5860638939560511	1.2785016911137015	3.1105467723174556	
0.097506593408854	0.16519288986432054	0.4473832502972256	0.6130610841014241	1.2239763045423053	3.5282413740219747	
0.09576833613019442	0.1355997368146337	0.453874421021445	0.5892900955216932	1.3739591645808125	3.6648360085350467	
0.1236997590461979	0.13203089807568014	0.469037346168125	0.6323856288692417	1.5165320209152042	3.4325216526297964	
0.10780685467175317	0.14505030312739295	0.419713949125211	0.5914651352666911	1.5156389006321282	3.3144404394517624	
0.11376046183095719	0.14755195816305333	0.3723918081033083	0.46847725245097727	1.3916446485728249	3.9905614340060596	
0.09970656118233714	0.1435195766679358	0.41939895357412504	0.6275838470719993	1.4075008475587159	2.995435127702289	
0.091059514476417	0.18384292597340748	0.4128990191880474	0.5836752291204808	1.385575052498821	2.910785837379657	
0.09570437638665258	0.13786264364319967	0.401597502802208	0.6498062101226292	1.6061320626509201	3.159545138431677	
0.09417733827302045	0.14451101379386916	0.40527784504825476	0.6969853167852628	1.5224123253753425	3.1364250847090767	
0.10622114850633291	0.15145804596987414	0.3873225289959186	0.631731140521456	1.595935805574962	3.368281311905776	
0.10104474438943473	0.1465519165095055	0.36734584266934256	0.5349916941052915	1.3746485722666713	3.0934725396608163	
0.10140984897007772	0.17122484007975244	0.37915778043915	0.7090960993437919	1.4540420448689662	2.795555468798196	
0.09576956532458182	0.14499132029479864	0.4132665482772399	0.5858314802604276	1.3652104758878667	2.829426541031949	
0.09169410220078973	0.13609556259271888	0.31228330585524494	0.5005055764613149	1.3189932194015113	2.847865157877381	
0.1020386181573994	0.17156194366837876	0.3525405797614969	0.6809712203502418	1.475958546577939	3.6369600013469494	
0.1082334928129706	0.129135746342355	0.35273545704434	0.5387788802158283	1.5062986492740493	2.7410289445916893	
0.106634215468708	0.16967173141840663	0.3601882226087886	0.5802642925161176	1.7060154040897697	3.0463607479852026	
0.11014045444135263	0.15771110814089387	0.33110418177824535	0.6041091990279212	1.5783017178506433	2.773379986093582	
0.10738138864205216	0.16003209892038103	0.33690754106726195	0.5892765440950739	1.376150766055881	3.434485124452019	
0.0875906161969437	0.13912176983371263	0.4302109445703635	0.5957503108418676	1.4684325443515254	3.755798882668897	
0.10194759987462224	0.14955120107287984	0.4078742823014617	0.5558276021592436	1.3391647032617138	3.055822397783166	
0.08656925824228631	0.1316128459916413	0.4071983656216234	0.6526194452319299	1.6126492565717905	3.318601505038868	
0.10450125811493356	0.1492682384207437	0.3493834476043916	0.5165204834259023	1.4940742174440722	3.1418068888287656	
0.09497525148556853	0.14617006488894296	0.3874850915668886	0.4623803969272455	1.0996592126197873	2.793333165406131	
0.10529884196645596	0.14922943144728743	0.3343038558670601	0.6727504198620946	1.4046285921893171	2.9762691397494137	
0.10910364514443921	0.14806192274312044	0.3410795466024438	0.557434753626731	1.2745084500323116	2.747807977993946	
0.09560768526907895	0.12327621774712441	0.4124208741155719	0.6439165834360677	1.4001326524032354	3.3162615086468685	
0.09340710147722436	0.14498097178226238	0.3464848431773404	0.6380258427609695	1.3900651951044687	3.694010621365339	
0.09976935706931955	0.13598748184248444	0.38212134021666294	0.5519960164131441	1.6407969352917897	3.0223881855614527	
0.08100379019379389	0.1315083457784465	0.43228868545049853	0.5707296501176172	1.1922075554963938	3.37242575871663	
0.1013235993021948	0.16202204423399935	0.357978633729613	0.6132969474933828	1.1762643566661788	3.075537630921468	
0.11259080488167171	0.14081622783711809	0.32191307247422163	0.5154398708664365	1.3587662661533368	2.9906576003287526	
0.09075490464585903	0.15538664067763944	0.3383303859935698	0.6556673705538648	1.3217253615495643	3.13866183309449	
0.10400134342719383	0.14914065634765816	0.42659746306883084	0.5856956849670695	1.1823241901280794	2.82258241884678	
0.12008638322521303	0.1431480922717695	0.4371222323301699	0.4773421481840774	1.6100105334047072	3.6343810068998796	
0.08008333029573309	0.15276936046369854	0.34177545317124375	0.634115878478387	1.3722329810425962	2.4036676728381723	
0.09814527617786076	0.12026388070763222	0.3477248905284397	0.6000532567077832	1.451091622546191	3.11319969658285	
0.1082912954490525	0.15446294271005853	0.3578846723888368	0.6862615009645174	1.4540647431841127	2.915991645356067	
0.08592574733400654	0.16141730057298942	0.3591787614346645	0.5571494684302478	1.5252181490990593	3.478686218647021	
0.09556593377983305	0.14609515058554928	0.3995134870080571	0.6384219827115464	1.6483257662300517	2.8710739246618444	
0.1019519894784695	0.1658665925202525	0.357390122981299	0.6428110534844952	1.2144390192577739	2.691637815894809	
0.10472461581225052	0.1381056385911251	0.4104879750152879	0.5625462137151963	1.6676721329704145	2.9621167921415688	
0.08808942043675638	0.1527082455418541	0.3703371686705166	0.5599385759440682	1.2924353922510996	3.4061251929798755	
0.10334492404602424	0.14566397613087506	0.3886990801626359	0.6092089145361598	1.2765542050429344	2.898136652746545	
0.08285698975759324	0.15979955876881496	0.40618174378474253	0.6126563270060987	1.4108871162386682	3.290708705778002	
0.10441613642707699	0.16436592559949417	0.36582127137531534	0.627024176818071	1.497671089766351	3.3036172495735183	
0.08755349752949924	0.15152970166372623	0.4070125828422382	0.6818579077377968	1.5145328523276291	2.8388742071137063	
0.08319934114182519	0.15461519606809365	0.34316986579839864	0.6174266635067444	1.506002447067545	3.0393638996020846	
0.1066079122616071	0.13882460922756062	0.41376392121572286	0.5887970074040071	1.1866588930962365	3.428330287081412	
0.07991186196426864	0.18043934368219583	0.4015779537724693	0.45968861653336446	1.3357284143211947	3.0340114124121005	
0.105579619301852	0.1601353521913381	0.392374412506126	0.5776165718087025	1.5608554962614856	2.6648335139796147	
