9	24
1	1	1	1	1	1	1	1	0	1	
0.10214714423855797	0.14895714904460483	0.3064592146547311	0.6353081878597432	0.9341357668281176	1.5738927819740607	2.002721291856298	3.4325105010124544	6.287889887236531	
0.1112171699333111	0.14836646252700753	0.39941321861002493	0.5413979603332473	1.0108218907386033	1.3446191253776094	2.1113574726059023	3.386525358127863	6.462571879299725	
0.10411776214183213	0.11872933275308192	0.4086051443450217	0.5312004720633172	0.9275834092710149	1.2550052381206982	2.392922725315202	3.310101006104794	5.953460589955034	
0.09750352904971858	0.1535339637557014	0.34815799036423906	0.5632789044960381	0.8923337257010469	1.3637293286257672	2.2596680411309116	3.443902893637871	6.768224627432513	
0.1126685373789078	0.16106388768882804	0.3352798995198752	0.6522589452275607	0.9396143846906992	1.5429063185972054	2.113391253189191	3.400655034699043	5.684872323325317	
0.10587542285035899	0.14127815721511244	0.3774209504316771	0.5261249522140911	0.7283989791277946	1.353502477721822	1.9461974175015941	3.7126966549859883	6.309483416677363	
0.09426149650605165	0.12002254575913268	0.38157325951685633	0.5642397446733686	0.8866643431331704	1.4042868237858144	2.112313554918768	2.5607045387798113	5.2053003859656695	
0.08888738481059118	0.14514934878167562	0.3280680890284097	0.6286502436104456	0.8179418883202386	1.2316593039450723	2.1579461370614	3.2670226374504736	6.714797426646764	
0.10668910558907192	0.13552951248759082	0.401989463214453	0.7414397295774557	0.7337358369758015	1.3607283642666779	1.7696940832499508	3.675236602904222	6.00129887287374	
0.11386191178420738	0.14677957777939732	0.4026631733205104	0.552405399049055	0.8268279825955477	1.4318377522281573	2.1916613859601544	3.239910102081557	6.581265978311353	
0.08740715072394306	0.18066347742313607	0.3617517398641214	0.7514913116062913	0.9846757521004369	1.619198326179426	2.299156179736114	3.305984107851451	5.572242180457747	
0.09429285510701024	0.14251571682411127	0.3982979820440828	0.5594363606395393	0.8662828070976663	1.3904093662541148	1.8108557253022914	2.9394720704589634	5.657884478928262	
0.1035742581641862	0.17051684914832527	0.36794504100698516	0.5058332792048957	1.0491212521324338	1.6677153936074902	2.103819618080993	3.4058428807813113	6.561731268092894	
0.1017881898875681	0.1618090448807953	0.331292232543475	0.5959700637549511	0.9753466772221051	1.3370440344726868	2.4334635971919236	3.3464285566196956	5.420784750203414	
0.11334128239213924	0.165132755454798	0.38452374882712415	0.5778365303374505	1.111218673423237	1.593812636760932	2.557215357544955	3.6489614447921794	5.882654959512822	
0.11452342230843496	0.1558767611977118	0.3621905449765948	0.6300941476330595	0.7961246540486737	1.5434406190711563	2.582055452501814	3.3550968565932324	6.27533955569502	
0.09435527380946028	0.1332338227205576	0.2990931358991229	0.5149282645381322	0.9033021186420621	1.2689693402280422	2.6093144535511423	3.325947009925218	5.832008990935316	
0.09652149160972912	0.1533745877586528	0.41815633002946156	0.5259518668826794	0.7238100312440426	1.3593868009984855	2.0660520036612033	3.310458647977734	5.693008792858488	
0.10359241762623737	0.14105024023937243	0.3391174676513941	0.6039361846647768	0.8554485091436544	1.5267953011094502	2.396336302165278	3.422492675225504	6.063089473089185	
0.10314997917587049	0.1544217756327281	0.3634515959017848	0.5378843118331451	1.0116885645763782	1.7147082618521232	2.3439058579560097	2.761532494377891	6.380223688805829	
0.09753620755730036	0.1716038909162861	0.3764971833536943	0.6129488957288578	0.9113400822125021	1.3077127541758637	2.1124411504853904	3.2427135609356603	4.603532495995404	
0.10953663261623979	0.16542841902433422	0.4376258973340699	0.6382905687328598	0.9683030022424743	1.224634535053597	2.1651675378505635	3.8013753026155785	5.722730105847073	
0.09557699781245173	0.15004447449069688	0.4210040977129022	0.6294863163354342	0.9041369937140766	1.4516587178087497	2.574786079920666	2.9893519503727592	5.769697812062121	
0.09755313920123616	0.17268730332847448	0.3604969293799508	0.5578708227199912	0.96138573361075	1.5603438819771767	2.3049383368769294	2.8325026062457166	6.400707614665363	
