8	72
1	1	1	1	1	1	1	0	1	0	
0.09676624154095528	0.1416644231282397	0.39712074593636826	0.5779375749578058	0.8741582299775269	1.4220651295754858	2.092088929415242	4.83997191319367	
0.08673243799455566	0.15789701346922025	0.3782467420999633	0.6260566896396724	0.8008135158675198	1.5562756241122075	2.2667537169970995	5.25294337978766	
0.09167263096415022	0.1412253584556272	0.3122010594064285	0.5505840992898438	1.0633902861900009	1.4721939895137268	1.9938332633416194	4.559891112339747	
0.0993844958032768	0.12136303344469865	0.31433003716621594	0.666406477515616	0.9985048010712403	1.2177122205168522	2.1227236422918545	4.177932825275324	
0.11088837765398461	0.1567135376713354	0.3380250117420958	0.6072144500594381	0.9261767019087452	1.4245128133959108	2.040324332216187	4.511171409372389	
0.09149230191658819	0.13218288139373266	0.3326311956019234	0.5370537212473975	0.9692723310438127	1.4942744727760997	2.4640129380972615	4.397188924204945	
0.10701409194675299	0.15070593919776215	0.3913847328448652	0.6485020458034754	0.9841303784936998	1.4455069185310288	2.0180811773309464	4.624109284086465	
0.11364301169493787	0.15262998595902702	0.3649770453028441	0.6492840181713665	0.8011835246663318	1.3785266490135153	1.9391333921673959	4.445331241260157	
0.11246480001277577	0.15961319455884712	0.30901762965567886	0.5628771483210165	0.7905869800399266	1.581335352468137	2.024769559559537	4.534151769348685	
0.10124042423580569	0.15308782754771658	0.2700758975391069	0.6216676461983687	0.8789929350564204	1.550949570029908	2.1935936728513967	4.7842642560396325	
0.09271835099861703	0.13306622081029865	0.41383327519794066	0.6338042702942434	0.9506659399453619	1.46157109672016	2.24043493530162	3.9184834086143634	
0.11075567937999996	0.14768916391782583	0.37522956816413733	0.5749130595240287	0.7003314939801152	1.5122531803881698	1.935346505905568	4.548626212857656	
0.09179788280038999	0.14484711336176434	0.36483218388982014	0.54939949023616	0.9089916874601133	1.3612298693851843	1.9263000596414273	5.027791834735019	
0.09198559595850946	0.15843111009367475	0.40539306711309947	0.655435934641074	0.8792699381656236	1.4015802435726816	2.1139140481497294	4.737246517806802	
0.09757626671875928	0.15687719790716523	0.3702799048653674	0.6670317698605077	0.9289078868619945	1.4111104182952563	2.2229941702001503	5.235975133750574	
0.09394814722469531	0.16559137492888024	0.3489317239568067	0.6026297488611184	0.856085862767326	1.376902381904626	2.0041125967112157	4.814197897861687	
0.09502755860450748	0.1579531052115762	0.35998049904024215	0.5996676987471986	1.0655566584978258	1.3233947484873094	1.9937964222953515	4.389206185424031	
0.09982418551361766	0.15931206270029366	0.3816334259375095	0.6147118254109103	0.8226475425593087	1.47312429958785	2.22058468971172	4.8022200968505455	
0.09671648078094074	0.14989898781356442	0.406841556971021	0.536481481752872	0.7630668691397311	1.271420299763281	2.0125462365946056	4.982582738923572	
0.12029252061158682	0.1363583557996668	0.3768006891405415	0.5683885315396446	0.9747511442197906	1.470025080664407	1.961534442486537	4.220485254454769	
0.09856979448505648	0.1684537947269881	0.3551559540699151	0.5069184467462053	1.0511811045996944	1.5011129250450501	1.8999793573236123	4.637854277716694	
0.10811667362960001	0.15140618280502863	0.43177792069603843	0.6333196888322343	0.9584110802047717	1.4591554222616305	2.179217288300177	4.895130604040604	
0.09850417905336149	0.16424299901834968	0.3918536297705439	0.6063337438042853	0.9013524745893855	1.387287644826476	2.2185891963840128	4.955896542253305	
0.10504399196575454	0.13928291990421077	0.3192407600941998	0.6443854910386462	1.1795160496181192	1.3905518480559105	2.0503231323722253	4.869236793774283	
0.09139116902916421	0.17244297532241246	0.3956677873732743	0.5984032858823319	0.8580072836547743	1.556135866617215	2.054497579824304	4.819146607749065	
0.10399089344932287	0.16937136178886628	0.3860411518794977	0.7869808819810812	0.9816123522063127	1.4509166114817427	2.0663553099377534	4.8945017408701395	
0.09633391905247099	0.1383869458333669	0.36218998095713734	0.5884707638695889	1.1392299141186741	1.4718236450379016	2.0078838398824446	4.989957134908742	
0.10188509284433644	0.1694214514711839	0.45264679644977607	0.5104943542471304	0.7091161396621322	1.7147800584031931	2.002225678569647	3.735670536451808	
0.09475137061870988	0.13548583709730103	0.35064434183373916	0.6513446066134093	0.8965760756618771	1.1986441830571075	2.156996121776758	4.116981737941382	
0.09750652299506529	0.14711843165175156	0.4121283267975185	0.5696767250017784	0.9948938552742385	1.2018984517014437	2.343234403779028	5.084518646579462	
0.09769764875067494	0.13772114650126474	0.33905116627634074	0.5984707777766632	1.0430946884781953	1.369113722789029	2.3889600829718414	3.9818773192019026	
0.09648457083551588	0.1493460594832378	0.38822300522142206	0.5800343899974596	1.0459378274846305	1.610515162933853	2.1124136046695554	4.265776481011436	
0.09399584915483011	0.1655158743344934	0.35472940670184705	0.5123165961638547	0.807969279606271	1.5253775318074663	1.8564477618183817	4.32048546488504	
0.1010215863094975	0.12476842357990792	0.3869263591505201	0.5805258801242719	0.752620596679431	1.4579172679734493	2.2350972161217624	4.583104528155171	
0.10504311491476447	0.15387176423955629	0.40774578033436426	0.543248267638078	0.8000951067720283	1.2639310097717913	1.9753859511209746	5.409880269117817	
0.09196687621677485	0.14217343611613767	0.3710962074259142	0.5785951205257273	1.0988145352114913	1.1832385018197364	2.6198549226562635	4.565112395936888	
0.10961485650709168	0.15030553582419434	0.41098022585705973	0.5433384245672761	0.8039875323236497	1.8008163055305508	2.5613963851218595	4.025799740416508	
0.10716547152734464	0.16736815371713468	0.40508715311460186	0.5875003460523652	1.118278436693265	1.5283357552026873	1.9505007118618003	4.3259011644878065	
0.08930023045376108	0.1483890472282677	0.37468967425023514	0.6453217569521082	0.9988802787686263	1.4855325179293184	2.227700778822174	4.969470039936523	
0.09774162256286295	0.1141040735492925	0.4602167821930533	0.5453556077046342	0.9946783976258913	1.3812911611576826	2.450576657482495	4.067238773238367	
0.09289214501398535	0.14253349763500425	0.4010632441033458	0.613382223069186	0.9825643656759709	1.448126257254686	2.350386212220081	4.926959732413988	
0.11514480297758266	0.15515694869819927	0.39288279767040035	0.7060205175980875	1.041358442860065	1.5041790243303372	1.8501882284012365	3.7423433707024505	
0.10612706329619302	0.15980887230301338	0.35253411225289694	0.6212338336001869	0.8450774617041948	1.5118216518726244	2.2786174748140406	4.766284194471486	
0.10335535654096938	0.1455881659481196	0.3719556435963059	0.6695459149117003	0.968587081581607	1.4997967269524588	2.168595310742276	4.7931524262059515	
0.10958930688569456	0.14058049412812054	0.40252439681129765	0.5864349682033755	0.9591883598233191	1.549438826224982	1.83788422186509	4.012281073434935	
0.0934060694998181	0.1390448328041832	0.37383074176569414	0.7015428527077197	1.039595560339905	1.3469756584788468	2.3368099224190457	4.48054979684007	
0.10343749284972754	0.13528711007594169	0.3298140250603124	0.6439409120283576	0.933054660449048	1.504731392888061	2.4926557327194665	4.392539984038481	
0.09770364603997504	0.17652991859368788	0.3806455926545933	0.5518015650744535	0.9984184408142105	1.3960123113687883	1.9731327831856456	4.540358969979484	
0.10826686021107915	0.1326122684095392	0.3350674403687669	0.5951964564071694	0.8276969609481029	1.2475216064782082	2.151314954406815	4.997731713118357	
0.10788017357560638	0.14839588457937952	0.42873773559072387	0.7040975746061305	0.9756835986968143	1.3776345956732452	2.4859624023042173	5.1833468504000715	
0.10253396153489225	0.16834268235094463	0.35031118315100845	0.4759655831604598	0.8396794130856934	1.4595394642606736	2.134051377433672	4.93283827379299	
0.08514344500507903	0.12800832630188919	0.4089675696920516	0.5138444005753977	0.9048199252853201	1.433512499432738	2.0101448231647763	4.76003754634333	
0.0793813260604433	0.1774789213490006	0.3674548306590806	0.5897836882288399	1.1805026798256717	1.2355342349021985	1.9253039399260714	5.132023775142571	
0.08443536508165639	0.15742770661272928	0.35696131254372554	0.5030315662894408	0.9789969900807793	1.5095448069429598	2.150297958791245	5.431090025260966	
0.09228502675476338	0.16299860435734978	0.3924389775178279	0.658291305906138	0.8831199248908937	1.2319922767958842	2.003367537514689	4.471299646367355	
0.10680895538960813	0.1502593014564932	0.3881729268100091	0.7035337311666058	0.9277473495168342	1.353870572816134	2.244669803097707	3.7278829579373216	
0.08282042810770987	0.14798921480532598	0.34454977749654025	0.5635056940057386	1.0169339302836904	1.5052530275112093	2.1334503645464817	4.537334730884326	
0.09575485255488747	0.16274011356088572	0.4101165878778926	0.6594559709462967	1.0178782106329067	1.4377288839942364	1.9998847476079162	4.42471301017471	
0.10116624540011261	0.139889601790951	0.4419350278805409	0.6980916699969854	0.9188336889952005	1.5774158396680644	2.270404625798035	4.2765206104491025	
0.10412010482576528	0.1383861584240585	0.34655989002768084	0.6286142055350931	0.9754591509195114	1.8152545175533255	2.1165739704242195	4.2619662057832235	
0.10922754218354824	0.14962415400131485	0.35539042730754655	0.5648512016854498	0.9133035474154869	1.5807865036790862	2.2427995870025708	4.124973429926048	
0.11834718224496188	0.13638930216618358	0.35198153406124816	0.6700216014380267	1.069273155101875	1.4805586197769705	1.8725183688809568	4.543604153337525	
0.08632936404999701	0.18727117568543897	0.3909123818773464	0.6480896512577721	0.8955643717684335	1.6882104059688436	2.0419671030008457	4.113529786437066	
0.10304884907384373	0.16320096578712845	0.46089040213600013	0.6968578714913889	1.0411428947359604	1.332016367068734	1.9981368187803104	4.10496912989111	
0.09849346101408454	0.12130088223605114	0.43188739999096193	0.5385247984112709	0.8232268363311648	1.371966055843135	1.8613876482357523	4.7899307668961075	
0.09033977702907181	0.15752203911304888	0.4151454739287656	0.567038554099437	0.8632768642629054	1.315290139740454	1.9173227559693757	4.310839134709184	
0.10067380602421071	0.12925475991912475	0.3556042790738565	0.6094665962007967	0.9332248610068437	1.0485918889295587	2.286230843046691	5.057302323411841	
0.09427358564263315	0.1239763878502295	0.3509532674814916	0.5523671072881008	1.0415865462035383	1.2736083312294468	2.073022573307296	5.255206452172477	
0.10160980560377322	0.15293396143051646	0.3761545150783787	0.6586611992173986	0.9675767561265134	1.6950566507148348	2.571972781050465	4.6411725843113985	
0.09962774099485887	0.1524543119666248	0.3584756543645538	0.6080246960192804	0.795885322386623	1.3281734514545103	2.319094694922671	4.742124469395683	
0.0987270979025891	0.15628339813726136	0.43723395133781284	0.5768631433874553	0.7965262255179193	1.5196904432945686	2.2652948566192075	4.841863255997827	
0.0880278026927242	0.1274963791247601	0.3900676970062852	0.6116967735216721	0.8967824893335233	1.636884068393553	2.1478736007202293	5.053959922810751	
