8	99
1	1	0	1	0	1	1	1	1	1	
0.11089867511730189	0.13616972174612882	0.6067129003198389	1.4657775200659018	1.9519349825831385	3.11035591224861	3.7336574248048597	4.1975958563907545	
0.10132070737886695	0.15640467309940861	0.6105312674832598	1.4218545152627728	2.0571155341782923	3.1136132298279837	3.711284406721607	5.519983322054467	
0.09975876610448915	0.16353189398271992	0.5575017615540767	1.5334390249565009	2.3189300582667407	3.297193101548908	5.51073203284206	6.438653561554171	
0.09191564101157967	0.13621421262733543	0.6341114368104335	1.3782264954688876	2.2517955314337277	2.719612808816797	4.132768629525879	6.078086505589989	
0.10528438894987624	0.1506728419429698	0.5510160973154461	1.6478802914226924	2.097579393557762	3.0695936537304065	4.669516730610963	6.012735763333392	
0.09820906600037224	0.1374107135538797	0.6056113552070342	1.2859702123538614	1.868163211054382	3.274671946933952	4.242933931369665	5.332381590784566	
0.10855851120098887	0.16867724576078305	0.5611270888964723	1.5347975303040005	2.318420072357138	2.818679144962941	4.606060550556266	6.256174220149365	
0.08163156756078008	0.1484108048441398	0.626533207825284	1.492925395346473	2.166186773406761	3.551410504782274	4.395392976108713	5.576112164431451	
0.0951587535524841	0.15771526752300966	0.6787974677456167	1.3758733670959709	2.066931922311613	3.428604374970842	5.098289447069705	5.762281183977354	
0.09012135169800684	0.1462504002137102	0.5170742438873945	1.40526167828609	1.9725439354784124	3.0354042200793567	4.5447790544059545	4.87313780890961	
0.10478241450788642	0.17083417056516098	0.5740682574142174	1.6412272080251187	2.1093874898130833	3.113053154019079	4.040826030542531	6.598385247545308	
0.09151274866619069	0.15070813125435586	0.5998705740065579	1.649829830859053	1.827815739235224	3.5962835053468067	4.734617081992636	5.790888049100042	
0.11060469559294393	0.15111070426103293	0.6832961437958167	1.5773376294779284	2.1217722067262366	3.3309927426128323	4.733518605030067	5.9371039063272	
0.10774073613336746	0.15363677786095517	0.5662427865965695	1.3650172243093273	2.2741637278781037	3.598113085115575	4.539729508784912	5.79090726303142	
0.09983681158343313	0.14687908013950673	0.6456312150211782	1.3428690320805021	2.501767464013158	3.065097496274056	3.8038327181786658	5.331692434330989	
0.09891570371519254	0.13729896267030056	0.5594377486608032	1.4264112889495664	2.0497555635841294	3.249968633554201	4.597198199566905	5.902566684575474	
0.1020204727820505	0.1610597224470084	0.6540629568813094	1.2758327379743175	2.320114214833516	2.934363544583423	4.318318525155507	5.839089850097025	
0.09532846775820791	0.15898046225667686	0.6643306172598945	1.4440551543988762	2.379121010924461	3.6612802890028475	4.682621678869845	6.113771458188331	
0.08958542827422472	0.14781921099427608	0.6761020797181873	1.4856134537570627	1.840396951337251	2.983236905868484	4.871181635617492	7.155505668225897	
0.08456777268827871	0.14469944572314208	0.568113245975301	1.490437902496319	2.174233149976021	2.9449183372914156	4.960609106300197	5.666101164932651	
0.11738590959892398	0.14395215557877716	0.5685620644669483	1.561573978188835	1.924669448572214	4.253841846763343	4.858256668239582	6.7982871087431445	
0.09533050200081658	0.12687447001278507	0.6249475003670668	1.5197788391890434	2.442730121399252	3.688164312233532	4.1887607822315465	6.19887782505311	
0.11144621682379657	0.14597684901067362	0.6122974492510004	1.5222724847373106	1.9712169583842931	3.576781248944895	4.93946178928753	6.541396716898918	
0.09917185184219274	0.15702954125683224	0.74299874163405	1.2035031529212137	1.9516603397524972	3.440279943700431	4.169237280529698	6.004758413606627	
0.11472510015309874	0.1599705564011322	0.6013127034415523	1.3752472400999587	1.914920116226951	3.644627868514792	4.264938735942577	5.752046964085052	
0.10336032414078136	0.14838150541768033	0.6441593067946471	1.1822861676630245	1.8666321993775012	2.9255728717864815	4.6863784106973805	6.261678791385805	
0.10772437345272262	0.1494751642144365	0.6444413940192788	1.1013555565838766	2.135115571088182	3.359418831179343	4.650955726690905	5.861972353390347	
0.11801749895034619	0.16460183353567795	0.5913776238274193	1.5799943803955137	2.3083053311017734	3.2876988755648804	4.474147055952388	5.275774080847113	
0.10306620525012417	0.16576276577375249	0.6782378012846865	1.4281556766613288	2.1371396814690153	3.1468510023991594	5.574913001538359	6.32495415947318	
0.11535632468512916	0.14253425412712395	0.5985365525439984	1.304745057155357	2.2549719381008337	3.2410921190845094	5.198198104334895	5.661329964089614	
0.0991229555271045	0.14822254107821856	0.6102716635372561	1.5779260786726141	1.9034957500623624	3.127759284099349	4.712216636940367	6.219301269742389	
0.0977430183949779	0.13636200239380147	0.6440325740911836	1.627750095192215	1.9923859092628553	3.294223640747278	5.602659338920162	5.65212631183636	
0.09499117624365881	0.14546402422769317	0.7166702939849049	1.3993864677026164	2.5145477916057986	2.949880080072445	4.124790679047162	4.852398887746363	
0.09842207800848099	0.13596468534891196	0.6597182612533603	1.3473823624875079	2.1526651055842034	3.3937126187437956	5.024635428410132	7.223796860679103	
0.09175103670279112	0.12863257040974052	0.5305565556142062	1.420790474453493	2.2039508386160587	3.3769504229654967	4.675559428663082	5.814993031030832	
0.09251042946043031	0.14629403063052163	0.5869612347102986	1.5638800211072472	2.4859862033290745	3.707537925849053	4.3495048763831745	6.349557503690008	
0.10393919210238141	0.1339875681355626	0.6231130502007594	1.3139571496627231	2.2912118870355913	3.8938515112436938	4.117919271896744	7.271496266434331	
0.08698661254708656	0.16903874967730947	0.5596781572048091	1.2814612964924021	2.2615552431653514	2.8541285352855295	4.386842269845166	6.117254852084272	
0.12306909914747216	0.14634437322700738	0.5854865266993586	1.575476284248137	1.6104673031199288	3.206552267999247	4.172625868551651	5.267531841312151	
0.08557653277317506	0.18156722021842292	0.5964447974780089	1.3123790012116916	2.0866184516883424	3.7611536308137015	4.42584203090954	7.013163375918452	
0.08905122942785892	0.1724272216294521	0.5234561184500807	1.540729501223053	2.210859100803733	2.5505561335667073	4.46048841128392	6.1738501068820515	
0.10879374865690142	0.13239340950778275	0.5152137235235991	1.5873683093307165	2.462144470517001	2.5537600948578945	4.261272934672835	5.556776788874142	
0.11820845186197243	0.1596529857361622	0.6615674322576378	1.4340392665885404	1.777688305914261	3.5187427160968654	4.6803864557667545	5.8421904842845915	
0.08969733949731235	0.13325813999041797	0.6574002088562924	1.4424443121200021	2.1691745146903023	2.9218957503708554	3.6335856473133794	7.0240576042783065	
0.0981730890414978	0.14132136472572296	0.6747171053292621	1.5989609482719753	2.468522491795313	2.5477163353141696	4.618223964731534	6.682139559814062	
0.10627719108549245	0.15546417042709756	0.543871891206484	1.3337898857524324	1.9693882453909997	3.5998064455631704	4.603282923456581	5.965324630510707	
0.11301174260720413	0.1532043116893411	0.5314334792833929	1.3654710369428946	2.2960199661004914	2.7239287574204143	5.386336890029514	5.962559877632355	
0.1073503245290196	0.16770440418802235	0.5881728831554792	1.1339665365725513	2.500546116928055	3.0808042273396663	3.810685370978176	6.278964427897893	
0.10403193107973525	0.1397845747209764	0.552030108406305	1.1805051368461852	1.8962396726038322	3.3008190527123764	4.914688188271922	6.255871138006585	
0.11366320695873006	0.151370762473103	0.7361671599022178	1.3439315816698754	1.8964639274044914	3.439015174594889	4.941910918745239	5.748459213225155	
0.10031039001577005	0.14835813806172984	0.5576637226377584	1.5788493707760227	2.059412471417667	3.7466814371023807	4.805750643564718	6.0003916930485905	
0.10612461599833907	0.15252936979803774	0.484208659285185	1.391646098017618	2.0872706601654576	2.919416005587899	3.730449134355987	5.988004227609364	
0.10156067289527093	0.16804523142282604	0.552309661631863	1.3945619048086426	2.1298633673924026	3.4764323139504807	5.266938909981065	5.979792199511472	
0.09360190443710245	0.1630210016180759	0.5566759521128772	1.5562659687991416	2.241811327411329	3.2017054473015842	4.455182787494501	6.827492161697622	
0.10328959112519842	0.13479763871136788	0.5045864012291975	1.4817515923226179	2.1231171328647016	3.2118383538637096	5.3265789177401786	6.377468690601582	
0.0903764281976708	0.14332648118471847	0.5303802928200098	1.4295128685323362	2.1794052490683558	3.117716995149646	5.094072532756654	5.960461868601785	
0.09518150648220251	0.15116390383234768	0.6119219036524576	1.2941644300634263	2.0888006389153584	3.365792866756005	4.706141064209152	5.5823357061874885	
0.09762028789536902	0.14364161225480915	0.6163660967958482	1.3064682030840684	1.841359291752749	2.057728175468178	4.8321656701555655	4.834312939573184	
0.10520755342944069	0.1249887550600306	0.6243517829198789	1.3716294849265565	2.0493156423820773	3.6891273196382692	4.6105230460827835	5.440758925997034	
0.11252755222786173	0.16653190522583508	0.584598223719958	1.5635690996523552	2.1000488962795267	3.1946333596091945	4.298967899033354	6.629905467208371	
0.1074506808695781	0.13552230239398494	0.6443521173084265	1.664651431367365	1.9417894191057439	3.05411050753815	4.569919464336648	5.813584615088749	
0.09134039692267251	0.13877890536888163	0.6307481684217454	1.263489912417165	2.23262118920647	3.5056932941985397	4.990776746779783	6.336435854444705	
0.10847007282355706	0.14107938390142188	0.6247269572711914	1.2205054682238847	1.641211596626988	3.582919073295652	4.533905803223162	6.560495860225458	
0.11064513769295384	0.16132820983995427	0.6536852658520561	1.5782789267377002	2.0993249206932814	3.5028975377201954	4.622749511848317	5.44886154920372	
0.10904466913902633	0.1581989359223138	0.5931574865099526	1.3127946501255647	2.2910482979394464	2.6347282782582386	4.449188646821695	6.3395931301581205	
0.09670520181264655	0.12246108524341079	0.47257765703075794	1.486431013913584	1.822846368461485	3.346318584191995	4.541782746709456	6.2878186823175515	
0.10672111734885568	0.14959905682883523	0.6614269903392666	1.5551902115670242	2.254153638641774	2.6573098078947104	4.215126356334193	6.754107528170735	
0.09689281985059069	0.1337866413600002	0.7148244117036405	1.3950782124680696	2.378630564096579	3.6974482941075837	4.254316648526331	6.709606289616863	
0.1013882497510686	0.13132146840454884	0.6337060844690237	1.5557762762566922	1.9758571323464278	3.7958598199250075	4.758703753487923	5.644270276614224	
0.11747037414974922	0.1418227116828115	0.6196494257911108	1.569375642495054	2.188279270526599	3.895000106493478	5.272352924527031	5.746827482922436	
0.09575991289488403	0.16355493697327472	0.5406289255842188	1.4717746429583602	2.2459091412592573	3.3468562085800997	4.75436714780135	6.331531332260099	
0.0929319227569617	0.13782462851463376	0.4585540763435693	1.4122365803861519	2.245279566571188	2.8938779327635737	3.840296348627889	6.262835590759472	
0.09762409290915426	0.15205790878382563	0.6436410310689465	1.392956587063129	2.374956323881539	3.2787950868062685	4.5525526945579555	4.197861021734257	
0.0933842388761572	0.1609781273722938	0.5341832161019691	1.4153740716846108	2.166722146114502	3.1004722341066135	4.177394923072456	5.874600943705163	
0.08267435341928278	0.15533575853984194	0.713043556413863	1.593126023483158	1.8524905328529082	3.4217075616703934	3.9049869062317604	6.96075566002469	
0.11755703419142943	0.15841089287374302	0.5898284256442657	1.4465123819649213	2.5641817993934124	3.4336738010971133	4.405880304784022	5.4048814571711725	
0.11000735007620265	0.15254212387507374	0.6049467468022988	1.4614444415987702	1.8876055904739844	3.4467302426764648	4.4991174127145825	7.1515332020372995	
0.09251756554247151	0.11406823255054899	0.7053527260583945	1.2466272155918483	2.1485774090855565	2.7900209005924332	4.256735469222138	6.957399400997528	
0.11417947133437074	0.16003124275036149	0.5502454976564479	1.4746805972269466	2.348482140860019	2.8795615153005474	4.844391297411867	5.843750200062209	
0.0938517459374158	0.17010746935067522	0.7128477967854231	1.5871436242138302	1.8140539508757334	3.276863095876798	4.508217156680473	6.040656127403045	
0.08842653540246305	0.14909998465865013	0.544826406167071	1.5977700403107156	2.1884734636950576	3.3713344772424714	4.375137538277721	5.912597308845488	
0.09070330309075288	0.13676852626360436	0.5570353771455931	1.5038577474251507	1.7610294197500151	2.941636607110032	4.985940617165804	5.989019063687046	
0.09433501259283338	0.12926403287019242	0.6115385857808826	1.2162610884156715	2.1940130337857644	3.7025422719777445	3.9917514809036803	5.917962340222111	
0.10413901892429467	0.1701554434971137	0.5886760380356948	1.464458508759564	2.123970182188218	3.0066283062929147	4.637737017416964	6.085915690033575	
0.08672488894151725	0.17173587832533643	0.5696685087818717	1.4414221934812481	2.315547491114896	3.299468738145734	3.034457582411773	5.278712034473994	
0.09620651314744083	0.12430532888103005	0.6246160908923007	1.4857243071765034	2.4556393393415865	3.6868421602844004	4.649624325110295	6.359292901118634	
0.0791273174111513	0.1535081161861015	0.5223065599177928	1.2757784042952685	1.8737435450960451	3.6063322557291637	4.433502876199068	5.747061797245522	
0.08710973379789852	0.14846789849746816	0.699665243485533	1.3673525750066817	2.072317144497917	3.0532512491566974	4.306963915048517	6.409654823970392	
0.099718336828982	0.14907450127288968	0.5616543589700539	1.5028504278997539	2.053793625335584	3.0575889768347606	4.873424607441643	7.151112385363482	
0.0899403419120531	0.11176170353043106	0.5998267830177288	1.4875927739812773	2.1236711581368763	2.4653245550372964	4.40398627218319	7.007015155259841	
0.09032083436210402	0.13096147831347837	0.6010198145862208	1.7690340616095783	2.2429906554226515	3.3483321385417306	4.645516707488202	5.806694740525658	
0.10292164068147097	0.1416812625208914	0.5779181411985976	1.1407693100033123	1.9008975436923514	2.9535648640158207	4.79712541996449	6.9053839592467146	
0.10063231509921425	0.1472141449004172	0.5307425456434653	1.4529263205779417	1.811233377343679	3.609955211534207	4.7651753917098	6.2270736484249625	
0.08729980566906025	0.14570877636855675	0.566890882950533	1.6320453506959882	1.8244276155398194	3.053760825432532	4.242966973005309	6.249620093618888	
0.1106806662116747	0.13083391360414054	0.6007894647913603	1.3077181025072597	2.3155606900902335	3.808946332977304	4.619786616440269	6.572281230999542	
0.10446420998969606	0.14953254450771264	0.618057719558141	1.626401225516889	2.209137852099086	3.344312696522747	4.315819786712426	7.053503452765318	
0.09328948845823413	0.167901828482263	0.5384016884244974	1.418352719742514	2.5891155023791863	3.3895519707407056	4.729665956925803	5.541521283390406	
0.0840997264164065	0.13808733468487128	0.65783930966237	1.4954517765303392	1.7763477016775182	3.0890696587533544	5.168696909126483	6.510738473147246	
0.0909205410495858	0.14484299269646964	0.6060621789456003	1.338791546040279	2.1336853990790985	2.7973915771741797	4.250750062794927	6.017244227869392	
