5	99
0	1	0	0	1	1	1	1	0	0	
0.15709251257569187	0.941195365483584	1.4723379110538946	2.563264722178593	3.409300737537501	
0.16967929850964217	1.0245220018797518	1.3761233721631505	2.333458669460684	3.4038730097587866	
0.14661088766807967	0.8410525236857617	1.3575368209963041	2.0446190067962884	3.0408943168796756	
0.1551229003956386	0.9387911470263944	1.3400834010551952	2.3531273920642284	3.394658790529903	
0.14916608445394297	0.9490503491300059	1.41809693021045	2.2546929929447908	4.253239893086687	
0.12982460416910743	0.9162467389613418	1.3906174964113418	2.183049917862166	2.8982781053636417	
0.14552801241171406	1.0648884638742457	1.4772163117906565	2.3017484664327936	3.8585896385111833	
0.14070240993787345	0.9033780911170172	1.4815215443174266	1.9811014604444928	3.708421964107912	
0.14699799622749388	0.9649644415740045	1.2529516621890622	1.9784268760152053	3.2992861706051877	
0.15295149193732763	0.9140237218963443	1.5869868253321	1.9693887361389142	2.6013086129168452	
0.14721058491962918	0.7490478243985322	1.6232235894999214	2.0890250424513224	3.4087416442730802	
0.1542795052132283	0.7344204573079043	1.3670813710140246	1.9452009801712224	3.2324101798032556	
0.1531478898904712	1.0555666899294014	1.2982018076994946	2.607077694375627	3.1184372025245826	
0.16262421183074607	0.9174911983179411	1.4971664828393696	1.818146276567451	2.849314705420096	
0.14350657998363062	0.9243138864839547	1.3903840143924577	1.7201119485368794	3.370533570474567	
0.14615462475055463	1.0151177445578037	1.674142455158351	1.6530663648497042	3.0858608714535922	
0.16122597178502843	1.0157225032485042	1.4366841912310822	1.9599506527056239	3.4006540429358414	
0.13039485138422297	0.9629881091062229	1.4448756496984168	2.298009039240341	3.086316183547324	
0.16640455343583044	1.0361167479585376	1.6092534318031215	1.8969896712937848	3.3579344256337094	
0.15286050564745313	0.8418715390394278	1.382204659321285	1.824047536989432	2.7132433386319144	
0.16461022047390844	1.0049716420649824	1.521266672163674	2.2859031036076622	3.483509675944235	
0.15592271058885268	0.9187022611139982	1.3409139624991555	1.703675819073912	2.7597340375886277	
0.14311802443331234	0.8708453796532959	1.460954368777808	2.778312381759605	3.0048366231656685	
0.1616000648477716	0.9109599008448315	1.5043878797198682	2.162151470151766	3.8157105007031307	
0.14921681501531936	0.8316273291028775	1.3042358672951757	1.6406180229519416	3.233986275087101	
0.14707243699327172	0.8822342331767004	1.5686579375419296	2.2521496154278906	2.9983200323256707	
0.14078862127177474	0.9504037734667053	1.5440259706041206	1.8481900027521472	3.526947989894156	
0.1375938707933824	1.0105474215379548	1.4733763600158831	1.8508267760454205	3.1074029261054816	
0.15616488782967525	0.8212428026202512	1.2573302527184773	2.0704451612062837	3.3084489587330332	
0.17517313078753455	1.010861075208322	1.4108809983679536	2.262561081692884	3.7705135696154923	
0.15310146576235636	0.7683134092331402	1.5818464592740868	2.513103616540829	3.41956382911806	
0.1641563630959265	0.9152117679519698	1.4770506137115629	2.0263739137243175	3.248677602665972	
0.1307591611789054	1.0680252021947876	1.0524021520085127	2.242650148842633	3.098315390550471	
0.13834760757642942	0.9290480905096832	1.3032097088966355	1.71437518517007	3.283670416529835	
0.15711682250522294	0.9270689873855461	1.594030762875668	1.880732753174685	2.8902261360881694	
0.15539141121037056	0.8866703598265868	1.5782860277100106	2.30781358309068	2.8635404927302543	
0.15320524859885304	1.0092631715924538	1.2371148454583598	2.399222280046264	3.217400512931328	
0.12349508489761672	0.9539692137945036	1.4638655814600035	2.7087644997055813	3.467453127490938	
0.16218400833704	0.9118274947443434	1.5079791499987154	1.834159886956348	3.3342624062909954	
0.1493639228705239	0.9861456963800509	1.470324202624076	1.8906666014064764	3.281545371446046	
0.17471519774036484	1.0056304946165449	1.316959543641981	1.6343450533806967	3.574855415645071	
0.15033090273160518	0.7636832578893762	1.4623016162414246	2.1663272989530125	3.1666296665588107	
0.1363177035044827	0.9488320932983606	1.3347910871863293	2.402435573621193	3.2231785593500653	
0.1232369724558551	1.0146726006435574	1.4225331619845976	2.2711431665149364	3.5457501339741513	
0.1480826162064096	1.0002450486863323	1.347975707579943	2.041637638143384	2.872340367311785	
0.16348335747438275	0.8526781940897549	1.3860363313612778	2.175831661260449	3.5850209895243363	
0.14723379150565913	0.9097486338286653	1.185746130440335	2.5136460116122934	3.430247741889887	
0.15044679964369648	0.8691741378348816	1.5549034350978155	2.4074961502243295	3.116622849112118	
0.14820649662025182	0.9975761281953499	1.340319622032666	1.8273166747516614	3.0681952584153875	
0.1657899040570062	0.854765352751555	1.357571110953802	1.9953737791532944	2.8733633626055877	
0.14522547245897027	0.812657945437457	1.6003552665210667	2.102050204479214	2.8996984986692724	
0.1381680046622532	0.8351750524625275	1.2335125088183256	2.6440277691588885	2.641203396438867	
0.14682876193070982	1.0104396622552911	1.5378592649992229	2.430435024996209	3.12791013311715	
0.13520234546084184	0.8700710240483058	1.299925711341533	1.9727545622687375	3.706524590472152	
0.13529175852197908	0.8370012587354284	1.373685084338126	2.385410481535338	3.4969943573244437	
0.1566804046698558	0.868735296506233	1.1938174941034578	1.926235324755959	3.2772538180794224	
0.13644140684600345	1.0209006842178932	1.4247174878514042	2.307031472208997	3.200621442138758	
0.13329103101789327	0.8490752802902968	1.2546662941867526	1.7638249019330108	3.0245876440972124	
0.13309976330292017	0.8570989475881516	1.2303510337605599	2.353022140365078	3.3080473374386425	
0.15691720785653446	0.8334418478499219	1.329049982324603	2.0368208892254858	3.2175663072682665	
0.16436128719660342	0.831331523944132	1.5937313096302288	2.1102044699928113	3.025959790943586	
0.15676341431440668	1.0360169073385803	1.1776170649226478	2.12821289545286	2.888542397523856	
0.1311776652790754	0.9820359478249312	1.5281275967581618	2.0750979317301472	3.305586901060572	
0.13485914049203873	0.9582818327479578	1.5456138264634782	1.956251198712854	3.109864570030507	
0.13711639345732243	1.1299845745980457	1.2493806247788437	2.1311694871154687	3.067244900826369	
0.14495695604158093	1.120992282233702	1.3406465369335467	1.9905611711471447	3.0127110872875495	
0.17824085850937363	0.9811759555930311	1.2639362040690891	2.18522600066137	3.055381487080688	
0.1590728876885859	0.8903906266472588	1.4079799467727503	1.9973567885465273	3.71699444498098	
0.14216234389400412	0.8417835594497853	1.656180474029187	2.181892649304816	2.5958428772812905	
0.15583691945328043	0.9282693571956417	1.4812406937689346	2.054718224571472	2.9772165783935822	
0.13921317878393294	0.8205592263840416	1.502088086588902	1.8781617128810821	3.310426758158312	
0.1494908571050587	0.7824458158110364	1.475237975605207	2.05073285312087	3.2742640229497697	
0.1362696241939932	0.9263700155509308	1.6054507704762035	2.0437934328897955	3.3826786882685353	
0.1683330208085688	0.9295730724567289	1.3981675589868254	2.58901414693312	3.5108618240076286	
0.153764805171962	0.8117221088156074	1.4241338341403067	2.071052393343348	3.535986518910893	
0.15789901125854935	0.8474300418039924	1.2368203302947656	2.1305278274543733	3.221167122855164	
0.15670342917300534	0.8992033278530001	1.3927118244182386	1.9434767625394385	3.133513426430559	
0.15384980706216708	0.9105671876136261	1.4869392279350089	2.2888032617379963	3.127467447179787	
0.16189568581541683	1.0644024796374525	1.3572804182439546	2.1467998166261584	3.349268481693108	
0.1713533653429954	0.8641783273504334	1.4577576897433462	2.2537599340313466	2.948006555091194	
0.13453128965165792	0.8554845317134377	1.5812640018099744	2.1884146622257634	2.9259624775568622	
0.14858071533655903	0.839071740320344	1.2723284139793636	2.346276666514789	3.1638950749365664	
0.15209973083922998	1.0377601623457517	1.1893188573511027	2.2981045453573783	3.394691066535695	
0.1301024866244118	0.850323001440219	1.2003510797589831	2.160935149306372	3.6941965657599423	
0.15224642746836325	0.9392508736872727	1.409103793509008	2.612224253861779	2.8482874405093703	
0.16113121750283418	1.0220290586631764	1.4594324287677314	1.7829492595798928	2.7403572077933918	
0.15568448119992775	0.9362218170688914	1.5558991038640755	2.0672266008286746	3.4749112608259924	
0.16043730068133505	0.8990953906600178	1.2553846666623028	2.2932170317209675	3.150031709588016	
0.14799901946466323	0.7149354722869024	1.4594762323069232	1.8806854558490107	3.1949978356645654	
0.1600890104106308	0.8726102840339265	1.48805801554469	2.3241609659520153	3.0364010578478107	
0.1146682191906219	0.900454294006299	1.4368553681953637	2.3627882284578923	3.072635428421396	
0.17193815586331385	0.9090036680362342	1.3876460328670805	1.9490826430768153	3.5832369749001773	
0.1430087756396202	0.9478020617716936	1.5276074021203185	2.3481645422946915	3.0597605782357364	
0.13444469353618516	0.8365292413448834	1.4111510588830194	2.313147194948437	3.4729422665852403	
0.1822326018781252	0.9566451999814747	1.4618395673908093	2.368033713843268	3.209926432380086	
0.16515410982532022	0.9889052558600182	1.5473347295776532	1.850560491114968	3.448125147062443	
0.1397064948990019	1.0157589924048562	1.2849675897880313	2.1299902750726476	3.0360038056252745	
0.1535688266304778	0.9860560010778899	1.6127896062222937	1.9907220194029187	3.1579595810189374	
0.1703899164524559	1.0161682164602557	1.6696343411598427	2.4107148959562337	2.883157090592688	
