4	76
0	0	1	1	0	1	0	0	1	0	
0.35536927605156865	0.588672567697402	1.6954640568412185	3.693510669757061	
0.3433210486920761	0.6763370142572099	1.4613956788038598	4.370817687208816	
0.3918489468685603	0.5573175972679009	1.5159175548422081	4.53767095398363	
0.4047577579316709	0.5701416270264785	1.4949402606463835	4.618419989571185	
0.3718294913709404	0.6645939757013967	1.4820146150849174	4.314580894011283	
0.38101854693803705	0.5873562946378272	1.4812168387590252	5.525521776881747	
0.3797220422237358	0.7137464196758628	1.662497732995541	4.469838967860056	
0.38132851837696535	0.6567337286041688	1.4163384314661842	3.6253007116615894	
0.3841607569060045	0.6058799360987569	1.4741938559629797	4.752659933198785	
0.347421326092885	0.5903054619936616	1.3275419603129834	4.363189179692459	
0.3449713669108051	0.6506673565242488	1.190822090612515	4.7222063498932805	
0.39174135991736	0.538040439624817	1.486105934774733	4.805784658663483	
0.40189426727306643	0.5473915058614593	1.1836852277645014	4.779634388156939	
0.3293313453266288	0.5560901552256725	1.2476327702896692	4.355396312161467	
0.3719983445068366	0.461322144402896	1.5302586891312768	4.530755708579596	
0.38722528562472175	0.5948449394465505	1.4792515326891107	4.655023659841177	
0.3678574766708153	0.680661801920022	1.3984183893056146	4.13865052841682	
0.4010051663596531	0.7223000996629144	1.3704614636148187	4.187236201786267	
0.3262458966181703	0.5874998842360231	1.2689491381768558	4.639373180131011	
0.366852716862525	0.49101001649752535	1.3877797470600903	4.140324155221659	
0.4022683247603527	0.583242659411793	1.332742965855366	4.9131994949498665	
0.34646912244619277	0.5795280701443437	1.3425695003012965	5.1816062736808215	
0.3437599440349625	0.6183164963127884	1.284558075466127	3.6906960832905735	
0.2978858898500294	0.4950238233262027	1.388518422432703	4.528599344860166	
0.4023097564908982	0.5857599881187188	1.3793943299582612	5.372001173163988	
0.3298827694105796	0.5855598123123457	1.4732525564450534	5.246554163271612	
0.3555298725446378	0.5578125677043536	1.3577779623808601	4.549182757603425	
0.4388603314418391	0.5980481302150013	1.3562385143450197	4.252382049370697	
0.3848965749505196	0.6566051591410108	1.3347820933486152	4.625780202143605	
0.39187189462806726	0.6264201806349247	1.3078495751016765	5.297613414425234	
0.420626443267937	0.6157175638998227	1.4634503234486254	4.547817669220805	
0.4229077936840227	0.7128108820991592	1.5614566900006284	4.707486712343185	
0.36752712765980833	0.6317513754515514	1.1245116187193867	3.768744611694065	
0.38942915816895096	0.5891777941084912	1.400650546993425	4.754728603250771	
0.3459816748123639	0.5137887297201759	1.4706950851811365	4.270505509395352	
0.3910615301505119	0.5806771857789926	1.27398751782783	4.295996225558715	
0.35788013934838947	0.6516942697351568	1.4172637124787757	4.791516198940053	
0.4135148376163816	0.5300424231459047	1.460183302310705	4.850656410468322	
0.3686325554946092	0.6029287703226517	1.23768704054224	4.577835886250978	
0.33493633879249607	0.5767915758103472	1.3977068203674299	4.867986498351513	
0.3820009013356866	0.6451573149668028	1.5323223174411835	4.263008215085591	
0.43396099687498213	0.571283620313133	1.368097955766446	4.236172053504459	
0.29616839838445524	0.6505707019010176	1.3156762294953739	3.9546330721015424	
0.3170125958539759	0.5256924990474121	1.5147836131360366	4.158788548448196	
0.40684358625085615	0.5850263121916616	1.556245991903244	4.866810866308999	
0.36096513757111776	0.6511169581227458	1.3961964438386902	3.8036898962581955	
0.392946634340606	0.5485289152367974	1.1561211412972945	4.892609978178611	
0.36618204344775257	0.545085117896189	1.2462421163571682	4.495021513910306	
0.4100475939202517	0.6037137657906709	1.5286247634823804	3.843611956438368	
0.3627349021184843	0.5449243200667323	1.2176627037370313	4.0836634013288515	
0.37827420756831953	0.5529828967054565	1.3079455316519084	4.653879070747038	
0.45275084758415524	0.5423142059683811	1.5129336853089017	4.196824968944987	
0.4680941914706255	0.6298929437762968	1.257184301303879	5.112000685710901	
0.4178075414777423	0.6351643244209192	1.4755355347560035	4.860773382106926	
0.35304261873330467	0.5615001030539231	1.3235781768926262	4.837805590710849	
0.366612282646736	0.517041651396218	1.541883966606424	4.629302485114299	
0.3593610034095645	0.6177502454937992	1.6881322273904622	4.936039493837367	
0.36395659290923166	0.48861765752920117	1.4261707277878248	4.549072391499694	
0.3126342594428579	0.5428571162443029	1.2899965528507005	4.137056086295521	
0.4315365490822743	0.4670788523368682	1.5139331511718932	4.701298197663235	
0.4466236449457525	0.7284994568873334	1.368749002026149	4.476145271691252	
0.4150806717804211	0.595319251930956	1.2910832724742978	5.431537548908674	
0.3573942321574725	0.5903128298309379	1.6468198941903966	4.144233146130748	
0.3853912621937228	0.6267128119696573	1.5865764906476458	4.640175212177475	
0.32074380936030866	0.6199596838559744	1.2553907096977368	4.466390679647244	
0.3511312142653495	0.5763146518152336	1.5682747934193075	3.9737666047063382	
0.45028657718235027	0.6354799029913327	1.5420452692118705	3.9961084020995967	
0.34030262326891647	0.5854911923042653	1.511667872000914	3.8712742461854512	
0.34055510794722543	0.666464093217224	1.604163467142933	4.3054584558054065	
0.3860694004993208	0.500092356097198	1.3638183012888467	3.7071756360184303	
0.36618828553491833	0.6679053415755897	1.56503476375876	4.142847502749083	
0.3576989823493958	0.6625821846264107	1.2854247628661548	3.8698816926562913	
0.3398609234714807	0.6792730400765636	1.332644842595841	4.673983352612948	
0.3854720619206217	0.7153619398896053	1.4799997345909612	4.772328913633457	
0.3756827887890061	0.5212324807924396	1.349726832624974	3.9157428783749477	
0.4180085339609761	0.5997874845605766	1.261349265975858	3.948500811810175	
