5	35
0	0	1	0	1	0	0	1	1	1	
0.4232774763276585	0.9903970583438083	3.0245286520098986	4.915687719877751	6.707805120547153	
0.4199063238977979	1.0012282298824824	2.8283212769604082	4.040162525312272	5.912132507539898	
0.38837519566653145	0.8405163048840462	3.0408668549530917	4.079432575988136	6.299379852493998	
0.30178410806538164	0.8724409946748624	3.4274690270350905	4.49449663612412	6.140191479504477	
0.3330689738298032	1.0362884432560031	3.135647401145375	3.619519970719684	5.998506597523596	
0.30401308075075	1.0540089182080001	3.307836417851549	4.846458073411024	6.4261945131478235	
0.3644845835492611	0.9876453387947212	2.7812932366786915	4.408286472536904	4.909847709635068	
0.4253364599959963	1.093608780961099	2.83297970029942	4.165177834995381	5.228877055447652	
0.47932065215981257	0.9849455957596205	3.4863026030589213	3.7990415917211755	5.3431094581791445	
0.35020698266422184	1.0825851133784392	3.303891305972728	4.553414142266733	6.126834911090835	
0.4256525359255373	0.9724926424788901	3.6856019455961966	4.513952853467529	6.000789799686455	
0.37737164220167896	0.8873591518145083	3.028121071222861	4.46999699579231	5.855196465885584	
0.3316176731639835	0.9741156486650637	3.513557030260306	4.040773126199731	5.989443541782642	
0.3593770644637797	1.0538541118404743	3.329612139860785	4.09821553235291	6.088983396199985	
0.3952615907814566	0.7860586743802783	3.532746098962556	3.9704089801218787	5.935599443175993	
0.3479263197491947	0.9206336531005072	3.1871603326041096	4.632787410451851	5.641176376557768	
0.39496361350013054	0.9726767152287498	3.335866868870803	4.8237709559522655	7.007444920989826	
0.3533812054905829	0.9516482714975423	2.8920844816341926	4.5422807077099305	6.167533829902387	
0.451995333387736	0.9993492508260077	3.3801152542747035	3.8686746152615434	6.680569915117008	
0.4369873648510804	0.9024289288133825	3.1352313020622264	4.293384611392613	5.5786668443383824	
0.35491984226340756	1.0763911933536452	3.178728386270452	4.443491856794304	5.479464875146437	
0.3548387575038251	0.9295475405543425	3.3570598627261816	4.89524549571931	5.9512126008899875	
0.3893418935267836	0.9572361111205353	3.109596983715655	4.2775404550291505	6.577014483133114	
0.41288225777532506	0.9390514268275431	3.066554374444884	5.156431764941128	4.394668413646225	
0.3602992440440582	0.901305737030856	3.277322579091392	4.1486105093642935	7.016618916599441	
0.3391604421932683	0.7528212841046764	3.3592451438592263	3.8677437679390776	5.910312816532733	
0.3988555500713906	0.8302604464861576	3.4452657261590893	4.182401366125193	6.058456430564623	
0.4011839192329257	0.9723148517598957	2.5546542475256873	4.56539927299578	5.031273877331788	
0.4354850611103873	0.9981224263566095	3.654342751474019	4.175412298178975	6.863998636625157	
0.35037436126187294	1.0838541228923502	3.018575728963411	3.993700183525709	7.121658555756802	
0.31388310252769724	0.9884140321493806	3.6041995950765404	4.539155008778663	6.426328203679264	
0.4025240977700764	1.050418508867318	2.486877263274951	4.464261513052491	5.8641424289468045	
0.3530772387589626	0.760342804824287	3.206395046625573	4.81324586184901	5.996546432139513	
0.3642077654657765	1.1099725978506645	3.2748764637583583	4.1704571676206115	6.107433009362129	
0.35056178463045984	0.9477636266178447	2.925336871287521	3.866294094307645	6.269038717921957	
