5	88
1	1	0	1	1	0	0	0	0	1	
0.10860796206170038	0.15634509130967736	0.6885018829441715	0.9274342553357596	6.971404390087049	
0.10619496607020117	0.1604211922073275	0.6123315594969284	0.973445983849937	6.130729196561244	
0.09971486376295642	0.13657541580751287	0.6513812848306895	0.9156787720795422	5.23334009912068	
0.09108149935494839	0.14778734409264976	0.675542421234108	0.9094265744545647	5.796940365562479	
0.09480845156802867	0.1821711830481359	0.5978701833889732	0.7736600467380103	6.959291010782737	
0.11033940795023703	0.1494426017254791	0.571530574958809	1.0206325302669055	5.47207619213236	
0.10236096116547928	0.12979001047678457	0.6847854064079753	0.8565048017663976	5.975511530766351	
0.10263839516083997	0.1556333715180278	0.7097575766955072	0.9948938152783449	5.138081475894904	
0.08964071981683407	0.14368167839108817	0.5260279670641987	0.9704305149911238	6.8425768250351044	
0.12356588920681329	0.17418512508093095	0.6760114710320064	0.8931780397455207	7.170426778916022	
0.10570958165445846	0.1531225106735086	0.5551644507330279	1.0540357737385169	7.0064546774428145	
0.11212558380471063	0.1272738056313532	0.5330437202893767	0.7960674599104599	6.050981319747224	
0.1051113542701147	0.1630215465392432	0.6203854777212696	0.9003501639220257	5.752758815139311	
0.09944061764171416	0.13518542605714	0.609072140238446	0.9377938428704633	6.104522098473177	
0.10598081120503694	0.1531003124700505	0.652616484119527	0.8392892110742357	6.109777633272982	
0.10473115155340935	0.17697214036486764	0.6653965609627278	0.6916929273019382	6.038161779280932	
0.11061051528096591	0.1425651849114341	0.46386433982684827	0.878840633275462	5.348691351435358	
0.10218162181229198	0.16574627205744605	0.5574322227257865	0.8970209131673953	4.954729101762975	
0.10743419385531375	0.1427438623874161	0.5740269232270828	1.0929801632756921	6.763323030812033	
0.08834170271866552	0.1419621952318961	0.6236484004047084	0.9372098089325567	4.477525486676363	
0.09217451809851913	0.14667212427865706	0.6313751431776815	0.8148350576653157	6.253839155494475	
0.11829986785239975	0.1637355113182188	0.46019014205108333	0.9190067469817716	6.961148250089332	
0.11213582492678908	0.15947685464706243	0.5865108577151567	0.9533654166514725	6.392341091750641	
0.09877410569499497	0.15658793775437704	0.508342544406112	0.9003704595850908	5.5044437681219325	
0.09994198138233495	0.14682100367952333	0.5826589183202224	1.012425967500779	5.204762263925724	
0.10420926011279844	0.16464084147258715	0.6345761366006385	0.9795210848512279	6.851718243990995	
0.121575417776274	0.13886170463503503	0.6664694991766065	0.915017461629493	6.290586939710936	
0.10569118651043784	0.15164460091751955	0.5540828391633911	0.9313375202508568	6.318924500403226	
0.10239636066451263	0.15758750057752405	0.680136624168488	0.9712147177852654	5.940820284837163	
0.10107282993080487	0.13462058487622755	0.5168749815421892	0.9960814361252758	5.724253682191133	
0.12032888719825932	0.14256784801642575	0.5992050807227035	1.0182737653682004	5.846389842602949	
0.09241507435568108	0.1469746722868756	0.6714860872148553	0.9750099916182005	5.346456863439211	
0.08595410341280495	0.1747296891654918	0.6740031477539802	0.8878125888345888	5.0912187044273525	
0.09018269731521233	0.17309567447750182	0.607621461413559	0.9029911467804352	5.895816327378307	
0.10997352325995975	0.15063576816194182	0.40244374905780383	0.9184019249835298	6.374345922519399	
0.10344865552384233	0.15082392754155005	0.5653579992110435	1.0356100897963492	6.3832784685289425	
0.09724656979430721	0.14583803898773068	0.5317733268448255	0.85070133639067	6.657988816173375	
0.09788659236158967	0.18380741501030198	0.6231371885277374	0.9008573653670123	5.516536411004764	
0.10966232917998334	0.16826058376065098	0.539078124574479	1.0330780704907627	5.966615290419022	
0.09477219694615734	0.15736069864797256	0.6347769819497672	0.952408835374707	5.162339174073863	
0.11237879539553244	0.1453740704336838	0.6156730786300644	0.9638447534991229	6.244723221333219	
0.09052422308909365	0.14833168278064007	0.5502891970134935	0.9728685125564888	5.950583824574585	
0.08145154143608252	0.1492361951085473	0.6746308673625342	0.9211767107577941	5.493295076816066	
0.11634677093740367	0.15288165162723782	0.5723257799870637	0.8899888052174787	5.345326728974966	
0.11285258809173256	0.1456748632412057	0.6228561164033274	1.0427081809392924	7.383376795072241	
0.1220246579791478	0.15867561879195322	0.5223168396369325	0.8340684243340938	4.935847986445075	
0.09835789444949852	0.13799008119858397	0.581175409866116	0.8942726270635625	6.33865484325081	
0.1038273306272835	0.13684507488661363	0.6400546289234398	1.0930715290907844	5.420866905988937	
0.09481698465721178	0.15791466184612393	0.5425420629759448	0.945330656392195	7.077388710523845	
0.09773689283573395	0.14170899688769045	0.6448246791649992	0.7937417095794372	6.2440321113208155	
0.10122788096732765	0.1684358517869882	0.45980674831923396	0.9803268722664245	7.615539991652318	
0.1042214586397273	0.16451482788868965	0.5555939961639365	0.933093219830847	5.346947658425758	
0.09926134980545301	0.14665823899507233	0.513234457730044	0.9045197970015797	6.678903784850943	
0.12443543017893857	0.1548813531230264	0.5273381602374467	0.8315309435050977	5.062191415251552	
0.08833167890166876	0.16012355437540882	0.6490306376822805	0.8495425134661639	5.591832191487092	
0.11242567895948928	0.14985668621737558	0.5583577225523921	0.8937692226232228	5.849152946858569	
0.1106608843415836	0.16265043455339998	0.6096874055461657	0.7823981213117601	5.944654817704313	
0.10732741537063578	0.13912573125982927	0.6761246006571772	0.8380432102740966	5.621694628266907	
0.09732839784051094	0.1598922525479941	0.5629882870844222	0.7768059815526467	5.849223208509928	
0.10379413197431929	0.17393108797258872	0.6913972282838506	0.88810264416961	5.520101555784872	
0.09207046099988822	0.14100487341332738	0.5792685349254094	0.9418001721544931	5.8788226573893345	
0.09148281300600172	0.13431839570288268	0.6805845070209376	0.7415458348060298	6.193385374240746	
0.1119730229823238	0.14167647995589885	0.5775605209003455	1.068469486184954	6.097131809008822	
0.10638526026824387	0.1583416433706772	0.5644892219940114	0.9965097188490223	5.876237235467912	
0.0971697898385055	0.13684811252645307	0.5325042406269387	0.7190262884667312	5.901163723215271	
0.11080674862435567	0.1516708404905613	0.7175679737595899	1.0719056457069114	5.126221755324065	
0.1291275113258477	0.13878300349068154	0.5525211840421143	1.157140671679241	6.301615734521572	
0.09337131897478848	0.14527814174908735	0.6418325114021959	0.9969903414742917	6.557949974961499	
0.09476186064151337	0.14485614997282328	0.6289283649045625	0.7853848342623588	6.409579717102814	
0.10234533522032628	0.1406223930247117	0.622911989461412	0.8887950440287959	6.120630992742681	
0.10087025896970306	0.14628188715884732	0.633826912881696	0.9684155341955151	6.851177833642469	
0.1086848400943164	0.15745173011472927	0.6788659069235491	0.9346166235783668	6.5897758267349325	
0.10188014470955074	0.1386322016508771	0.5768518935198232	1.0645682424571836	6.093753910382228	
0.09461996499502133	0.1555452130395204	0.6469601340139444	0.8825841750751906	6.335503364387044	
0.09229769530498605	0.15528833514420193	0.6606609743767863	0.9119695634623196	6.188653328869032	
0.10286035543546863	0.14847268769038724	0.5654540965966637	0.9685282190704855	5.2154163324235085	
0.10272238237697284	0.15700474960754393	0.5783958442075583	0.9426142617065595	6.385793153047619	
0.09192778345940389	0.11895848842557155	0.6174378628828485	0.9252589322303783	6.6476318275699935	
0.11268250233499995	0.16140315682848236	0.560537754247658	1.0431762724087426	5.852653063788872	
0.09240405122687093	0.15927715211641566	0.5883536250708364	0.8507027489633076	5.996682528464825	
0.10884209165853238	0.13248926100031003	0.5391976686297886	0.9264994727624793	5.528961590985526	
0.08775733320112303	0.18669443464861202	0.7304113098844801	0.9253433571145608	5.188978217363709	
0.10211083712510421	0.1553708379225935	0.6929472746688793	0.9160479243902936	6.721370937078875	
0.09783723756108118	0.14141703299041303	0.5555097207369705	1.015870587945287	5.2816627339605065	
0.09734858635727656	0.14462534966487092	0.5266665075359345	1.1101232961576597	6.276792589118752	
0.08861332734365195	0.16876995709263562	0.5607336384050313	0.9642431636249216	5.798177031171394	
0.11862261207479326	0.16821770397724767	0.5164300480438576	0.7062666221030217	5.995984140056048	
0.07413432550671446	0.16978033862246308	0.6050372152403762	0.8305341714860306	5.353331762065697	
