8	80
1	1	0	1	1	1	0	1	1	1	
0.0693752234247628	0.13810429255554008	0.6305245328780763	1.0158999093593646	1.3172322301741273	3.059667659594641	4.8753461875680655	6.4102628019818795	
0.0780297977290956	0.1528328350666737	0.653004574708335	0.877976412840736	1.3838848771710979	3.425865469671563	3.9421453189272015	6.720903767419509	
0.09567783660247299	0.14549737219494807	0.6132570485837177	1.039173908793616	1.6292527033154791	3.4532844212971527	4.95078350090394	5.8222639610495035	
0.08053901496212695	0.16502517868733024	0.5777264635292434	0.959763604244147	1.3586732267862838	2.8236257321887313	3.7357803039881348	6.332351688949934	
0.09632723202455443	0.1338431029978496	0.6120343509745756	1.0794518619420472	1.4443059339516184	3.5192498823172427	3.5929448425522135	6.253559679932112	
0.0925519640349363	0.13823434161995374	0.5276822784021334	0.9846225407446413	1.4222992345543088	3.618113647585953	4.750838594764709	7.001035189094745	
0.09605606266389685	0.14017107497480774	0.6216498769333848	1.1385625365284446	1.0526321362157227	2.9648029880573072	4.479067490669312	6.498730761329329	
0.10202900852045303	0.16858365804315892	0.6051515305309443	0.8817097859619726	1.6207427635905678	3.4517074020851237	4.680313005494128	5.650086947683334	
0.11103954252648363	0.12279682500957019	0.5545026731377668	0.8137822085620012	1.1473594662852193	2.665346521984904	4.407856379514196	5.5308916633836915	
0.09358234272874495	0.16288843104292486	0.5184849391021712	0.9985636983430983	1.3404348162100852	2.5687970903143897	4.794991174005618	6.058691525865907	
0.0934526667139614	0.14372230705084377	0.662559123642295	1.0679029249368395	1.3976186020539152	2.846912188053058	4.087124021982958	6.352913042587904	
0.09474686947743155	0.1778784539397976	0.5539037474620612	1.002876904666138	1.3303017285607954	3.697347841250081	4.596459017535901	5.212719578455863	
0.10117151573796256	0.15121190720632163	0.582496601724	1.108095358062532	1.7563824195611288	3.3240874363590636	4.772718035259651	5.628210780354824	
0.08316505969667605	0.15030048694666168	0.6179351415054861	0.962022450854068	1.6099823755359834	3.1151002989421075	4.576766215328721	6.860582794257402	
0.10222818865844406	0.14044294477620026	0.5856836993603628	0.884022760135627	1.3863682121287157	2.8576571614619826	4.452259525947674	5.968459119075155	
0.10941630133427582	0.14487170602236027	0.6196149960667274	0.8643184100008092	1.386446841697421	3.170781163337422	4.777180434330177	4.92871813410021	
0.0845269920195588	0.17513172450434658	0.6573747642789021	0.8615346321047785	1.5641690081021813	3.118204775128753	5.420651397139326	4.935171418134041	
0.07950600265259365	0.14831939436048416	0.7034048254590516	1.0112755857007882	1.5414649569161125	3.612263103492822	4.296411345352729	5.773598828895359	
0.11913497204783603	0.1615355052121859	0.6149535799631528	0.9226513241457268	1.2530063465766406	3.15668914406077	4.5357963597490745	6.248947593055069	
0.1174857733860691	0.14184731429274403	0.671653529183119	0.9324109574235453	1.6725209351884114	3.8961029681980657	4.226175224786158	5.531994482625511	
0.09130534884654685	0.14217626822134102	0.6642522155272931	1.0400143414635739	1.3785645021628086	3.4415829670405986	4.206558281129905	6.990624611731204	
0.09979605905403037	0.137265273617945	0.5835500766565452	0.7231109694120178	1.4294714860986881	3.7767200664838825	4.696083723546456	5.290634948491057	
0.10391222671161207	0.12506882534101932	0.5558413351831107	0.9596005655456618	1.4281337249958872	3.0359591185035826	4.760037335932835	6.045588463492354	
0.08644158030998357	0.13102510290576116	0.5103334798507263	1.0801315747006432	1.2411370125892438	3.613380601673054	3.9938065410969434	4.9424859585159595	
0.09276762573489904	0.15693120213776995	0.7344519222541765	0.9649370845643273	1.4785798282168583	3.601700689720942	4.551131240120535	5.812640241213266	
0.10843854414260688	0.16226863980509326	0.5853911132032821	0.8708178032621309	1.3666631744333788	3.2889248606887893	3.8416814112506597	6.018217903545686	
0.11858214678090664	0.1463739056524654	0.567711244148869	0.9296864896347578	1.5551258775215524	3.260455357975467	5.188050729531768	6.265437026074897	
0.11160819654151677	0.14876033837246938	0.638254319769618	1.1345199322959871	1.4623035700498925	3.0229674607474815	4.15592660588036	5.9034398997157	
0.09813784583366107	0.16205027396667157	0.622286194695704	0.9719297095142193	1.3542457587423602	2.883392373077088	4.599972856961837	5.449239559778781	
0.10736082365506999	0.15395792358858848	0.5570454414202252	0.852347680081368	1.6327690305362366	2.8618156744757326	4.405652637192252	6.134378804045413	
0.1125590644852566	0.15898089725236647	0.6261545394381622	0.8091434206787711	1.4489168864478956	3.209678764684252	5.432146908282414	6.814213006344902	
0.1032146960799204	0.13934537324123783	0.5676672591674735	0.856647784850841	1.5115333656963705	3.0331515961025004	4.149949456659566	6.243178111389353	
0.09861029438271557	0.1515558621867558	0.5738244212612181	0.9626616813555874	1.5440606342182008	3.3227855597272873	5.333115785967125	5.389119206447995	
0.10905471134958644	0.15684878577877787	0.5786195936898462	0.9645103139093617	1.4256708553484032	3.231643374200916	4.291946154717878	7.091313497486683	
0.09819231073073144	0.14147767646426868	0.5637037602444878	0.9472836937579643	1.5905170802812414	3.155992431449874	4.0498286338714236	6.4378240106009885	
0.10039907042715808	0.15174724725119634	0.607203368507847	0.9866768226968698	1.5124899034519559	3.2169006721199533	4.1235127918849726	4.943904140918712	
0.10327761700333403	0.16035447392153682	0.5762790410494677	1.0522502746162732	1.567007531365374	3.191624252178418	5.5875462280491925	5.655498631275105	
0.097074244284556	0.1706094623247328	0.5791102161220363	0.8765009518568319	1.204409318748135	3.1360205562296986	3.6860756818067713	6.701413790074614	
0.07911059819037847	0.13813882685811063	0.625863277688765	0.8950289464528505	1.4116072335557865	3.1205979153962633	3.543613495335362	5.893827069029527	
0.10147114312324537	0.15700186293345517	0.6322541809259602	1.0375146770714088	1.5277133702426822	3.6941522203679504	4.216630261935529	6.307294635446467	
0.09314893680029042	0.13921220976238702	0.5199971700488468	1.1227482272036629	1.3143150354255446	3.361023396913655	4.029307688801781	6.57182317990143	
0.10206744482721893	0.12703633163113418	0.6344008351044433	0.859179464850434	1.287243347403199	3.626378211450056	4.205108409073419	5.935496923905222	
0.10258265659257833	0.16233356535589713	0.6584997901997006	0.8625305871200416	1.4318255613365054	2.6996041868618272	4.576590437193596	6.867621864399025	
0.10161190983117073	0.16409374659211987	0.6484855978637083	1.0257462399709578	1.4032201300352107	3.3281706024369258	4.126422437052342	6.436764459060147	
0.10512777612620115	0.1522037522848248	0.5546286980661171	1.0996552760905793	1.3892289041689088	3.4749010780965612	3.7919915411041663	6.2523815101145095	
0.09879484181209926	0.14825171298990922	0.5349437779727273	0.9690016070628799	1.4583995622643044	3.444192667644103	4.4144685414445535	4.746801662639519	
0.09170066013092326	0.1479697175117121	0.6589100366822217	0.9847627202233444	1.6781805507364678	3.745153485546741	4.367253051875925	5.7811131853238145	
0.08484456698068449	0.1499486789334968	0.6265429879681078	0.897530330002157	1.4714064048793254	2.9605796691477564	4.703900611067399	5.069354576919886	
0.10231264861276695	0.13583714010683126	0.48991383695484336	0.8656988540635883	1.5661472926922746	3.1745303648158836	5.1507808305815495	6.777004858008043	
0.10206147567884152	0.12167924202221643	0.6541875407243742	0.8858957492476052	1.4457016032720644	3.640104825676275	5.429281206876081	5.282702380072519	
0.09182218750284325	0.1464332304060877	0.6099407844499227	0.9451036456133705	1.606175272562334	2.982433798983529	4.257648216702334	7.0769500224246595	
0.11103608747103562	0.1534777008491058	0.5327608319689344	1.0054267147755644	1.069175893352882	2.898683124598133	4.549219903237311	6.107590510556562	
0.09361435872348335	0.14674610760236445	0.5282856625932472	0.8659326529952557	1.3980208287856895	3.2946545691642473	4.0617065422226055	5.5203063252625135	
0.0896914698663473	0.13912925890845504	0.5642312213080736	0.8359155137616999	1.131866709106028	3.0677557562038973	4.433845944735822	5.532922436415523	
0.10134873680047828	0.14764520208708584	0.6561277676183731	1.0526620949269527	1.3483314898525354	2.733198133524324	4.4627385976817875	6.6421608452606105	
0.11335225386486128	0.13797438489814248	0.48597439089335426	0.9133519866951165	1.5913525157989654	3.335546996735758	4.360606775655661	5.760107091725384	
0.10882741011041218	0.13134571609423967	0.5465531598894439	0.9600141762495705	1.2348324914137858	3.6731457472095954	4.33480194210963	6.204401460040813	
0.09457965780448703	0.16319027226583896	0.6016636455597997	1.082844220073072	1.4800564900040618	3.7404591268436405	3.5807071332359666	8.163340747979973	
0.08381750307391089	0.15980484916013082	0.6550104332999934	1.0227959311872215	1.2800758272073949	3.005952651341505	4.348452870926347	6.412235234258434	
0.11066561255124537	0.1446419148937282	0.6336501992370467	0.9165742485878164	1.3468829006114313	3.6451285784379035	4.239102715961666	6.249721118062669	
0.11054232194716516	0.17090682850988428	0.5195711316957127	1.001635917759244	1.3610975423913338	3.172700085596162	3.955201986068182	7.140353712656514	
0.09466354791596336	0.13842455225577696	0.5537069766975946	0.8425987577388365	1.4711602952997036	3.33147877994383	4.53269382056669	5.921508019030638	
0.10367898495594774	0.1478826315197304	0.599603567220015	0.9382359115100903	1.1478712732437433	3.082748022503273	4.111727857513549	7.122457635659202	
0.09585216795386949	0.13822459267811438	0.5578596489414439	0.8559995210034697	1.5132660888963687	3.781688931532388	4.430593825788166	6.558365903982567	
0.0929650599236167	0.13263015570019687	0.6909524343850071	0.859501620268223	1.3857870792202747	3.169485157310437	4.375837157983307	6.584095117362038	
0.09913729924122244	0.15618175783629548	0.6588381010868991	0.956527998779155	1.6327115421082319	3.187094184709979	3.941603469999129	6.071508059631479	
0.10631939666261014	0.17076954677376344	0.42767799400767276	0.9418935482105304	1.4022381901109562	3.1137354203615057	4.43275622579967	5.3600997672889665	
0.10100871792281114	0.14060251515647368	0.4702782800983801	0.9172492992605565	1.396474296603465	3.1201700391538085	4.404261135250727	5.343414018059089	
0.11205999396429865	0.12713223797863527	0.5312440389477027	0.8931204159489919	1.4136537749177303	2.3476025199453616	4.548947358332837	7.3308885136067925	
0.09842891201973746	0.13588383004646007	0.7755668850350256	0.8980437609693189	1.3084444263957429	3.632912824798683	3.9607140219433363	6.341965249757737	
0.09127664666787316	0.1606648219001694	0.4843967296886904	0.8464524536941135	1.5403868591803414	3.6873082514319413	4.72321558276017	6.632552136285963	
0.08667756847640934	0.15617118193359397	0.6580271321532296	0.9809506211912644	1.4412161144415723	2.9700491151347475	5.3932083356185885	5.772948032692256	
0.09341171587072977	0.13894892636482703	0.6072580338593626	0.892079167678359	1.566320358518549	2.8583360785311607	5.402486757812109	7.236826954436629	
0.11142655199573431	0.13617859946472172	0.614588388696982	0.9892740169716295	1.5395272962368567	2.6654862329235023	4.3084257681201725	5.360406711278742	
0.11016814005278752	0.1555783510439515	0.6284527580550251	0.729690402429252	1.319366658121534	3.329417159716598	4.733228509313875	6.012256693655955	
0.09868967415951696	0.15501961274096926	0.5971666391040428	0.987763595326364	1.7345071582900176	3.7148419189108273	4.524717954204787	6.123637858999282	
0.09242203572487179	0.15193891375301904	0.6499895049937263	0.9525989315179828	1.5873152910183577	2.9478009438998907	4.538602632231126	6.72328528676238	
0.1094009342136574	0.15252846615863716	0.5699526383485122	0.940468365857249	1.2894277631810989	2.9473518298255867	4.912011552651943	6.462778106310552	
0.09553344646338345	0.1622256744640712	0.6157524934330613	0.9825142427137443	1.5345923635581848	3.2808386928097164	4.248132920687739	6.801043800516164	
0.09165819677119598	0.13270915603826508	0.535972428295501	0.9469336781864661	1.313766604586892	3.5499808567275415	4.307749125216958	5.59992594014148	
