6	93
0	1	1	0	1	1	0	1	1	0	
0.17854002623704868	0.39716130522525284	0.9760121024061625	1.418803607426431	3.3581184053658375	4.632480928780283	
0.1785700760416377	0.36760841856452653	0.9500476377705999	1.2995746989748433	3.6184623080891396	5.314842767026943	
0.15944733014472426	0.3307808079216713	0.987419338368541	1.2457101297232451	3.418190542231547	4.810100605861856	
0.15006623042137193	0.41954638185310683	0.7616691079956541	1.499805271583312	3.1620025567490964	4.28052091198493	
0.16211925984118755	0.39867861782489933	1.004071595808275	1.4377100161125866	3.411352860189063	4.120330006050553	
0.1767617310092725	0.42359222209246555	0.8955631482613331	1.254309666955649	2.6955016306969357	5.443676994112677	
0.1740702829671321	0.40375029815089225	0.9446921840621681	1.1411124864443052	3.1824636649624733	4.531005796980846	
0.16386135873391613	0.3873170895379468	1.0163894639078581	1.3572644547964738	3.2996605742213223	4.28158471732803	
0.16968494423895647	0.38502186519594966	0.8175653310327654	1.0948975370177867	3.3937310749768987	5.065304719267355	
0.13538180104849407	0.4504263517135662	0.8655193762813995	1.5785745717625965	3.1931721173732384	4.40664385164841	
0.14097284985914565	0.36389184290289917	0.8848883166184386	1.5940695122841184	2.4994626482539983	4.319798652848511	
0.15823892016008742	0.37598057792026857	0.8490825155873957	1.319629083772125	3.080337647419775	4.828621996831311	
0.13985370039577333	0.3991387413836336	0.9504803177671151	1.254443648392446	3.6385038861602563	4.3827631816661725	
0.1426060324665726	0.39867268349411766	0.9264322354132613	1.3632355373587652	2.8312535216245953	4.672498159466993	
0.16208342683138205	0.33523466768139587	0.8418814992741481	1.5510843519877728	3.3515646881523007	3.899846906941378	
0.15140349897878086	0.4271966767890012	0.7141316893963314	1.4338990235051556	3.218428586410985	4.9385075457269485	
0.1443885503234513	0.3889922808472106	1.072579910644909	1.4134415971377279	3.3385215428524804	4.3294941836598975	
0.12231960312620725	0.37484808470479186	0.9076805616540268	1.4154316866672776	3.4584086309173427	5.272096952757138	
0.15216980669061006	0.41650831082248113	0.8696499720757624	1.335521543899271	2.6671833813391626	4.554725967211649	
0.16414300600952636	0.35090323535658785	0.9086480062546568	1.435462784489128	3.2501164889919822	3.6249659324967047	
0.16448140605650655	0.41948025450932575	0.8402570035189211	1.2912461042021897	2.9012169419595213	4.659342554303768	
0.15458662766154962	0.3637927349573568	0.8720408364534762	1.5824274804847924	3.722827123822441	4.431958315723063	
0.13634150329149905	0.4566416341989968	1.0390720622805227	1.443057964272622	3.3221007353064245	4.040764765743629	
0.12425859767079821	0.3957329456432514	0.7481757792186374	1.4401833606565515	2.4690750735543285	4.7077125147144745	
0.14427416535717064	0.3236424242690448	0.9378910414600035	1.5681205721065445	3.644060800660701	5.107702638194416	
0.13246927933131172	0.4253883028337956	1.0761035115630777	1.3542380804289553	2.7438714256815366	4.962805347813579	
0.15710618532152487	0.3903244650232807	0.8436394550833272	1.5795826552842387	3.34193915989116	4.41533577939614	
0.15073363827907524	0.4504858597815377	1.0618693578817429	1.3554279342295856	3.258054455558492	4.436402023522507	
0.1407897023760242	0.3709482660399047	1.0052300332701793	1.4876932036994313	3.1394190103240573	5.4840043767939886	
0.14566920608355832	0.39759032012363466	0.9021012264894513	1.5853493411580888	3.112105267258094	3.816669834317855	
0.14242380803576896	0.376553733314523	1.021108322057951	1.3707507405507873	3.2423391670300448	3.9939850151512855	
0.1492008443565937	0.3548574313706836	0.8953039174834806	1.5001434118799886	3.064352027872611	4.248105591530936	
0.17875670905678182	0.3609464587265355	1.1792360378090143	1.6453403261675539	3.4188273201307595	3.7435837935896594	
0.15565040918985065	0.36989358321034876	1.0847993720080276	1.2709005956932826	3.7428629710450236	4.805508288321356	
0.13934592132761203	0.3576562125465513	0.9311495916625826	1.4683964575188666	3.320565597491985	4.747214506272323	
0.13114279461928682	0.41165021296823284	0.928311535122976	1.4632998096803855	3.8228941362909934	4.608152368805499	
0.15145369599815586	0.4405320620666337	0.9724843516558241	1.3569475695055302	3.1358011766339704	4.527241233565633	
0.16483348151429086	0.3600954530312456	1.0354218426079493	1.3217586284649592	3.6469988562281896	5.3302183983115725	
0.17395360871844923	0.38248520548767473	0.7340566504811747	1.3674340749917657	3.2335599604733702	4.761249335719722	
0.16794633535431394	0.31770928420820527	0.9780013011929184	1.5409026486953195	3.041962326622553	4.616936920363343	
0.14496085209000872	0.3667058410505373	0.9514405454433775	1.5068024519315044	3.3416778823761013	4.198935474304685	
0.15040482168949218	0.3417646884022526	0.9472448034250126	1.8335739176173826	3.1193355704369616	5.005155827807903	
0.1647313734429463	0.34519977005567654	0.8791052539523307	1.4830564767181142	3.694204885458138	4.992320539039777	
0.15639017653307252	0.3620645675580062	1.0437371115113518	1.5866454196612638	2.9319652165390777	4.473887847838419	
0.14281295782689488	0.3834490803282646	0.9935127878864853	1.5988427878314013	3.3627830520509026	4.364301522578172	
0.1720286202225331	0.3570789500849165	0.7633473193201196	1.2796823201992795	3.178681344186425	4.6928616210990555	
0.15959847498785876	0.40175182892990147	1.004164804495755	1.3073883994094955	3.608590130440719	3.6144674552618454	
0.1742089833872772	0.37197162320674676	0.8086174846792156	1.3948977761024244	3.367380216906883	5.305559560199628	
0.15198340612433445	0.30942456962091064	0.8681236134710107	1.4758849229983404	2.7550322770378597	4.8984646762742	
0.1726839148847436	0.4088021735296389	0.9471545836541571	1.24506798089453	3.21373327030146	4.472943591896199	
0.1647851688990736	0.3615258597736615	0.7993213844346742	1.1962115925966064	3.8674090479018925	4.182264560776977	
0.16438341487208077	0.335181788496564	1.0065348301761994	1.2294463796216633	3.0203335361012575	4.420667877601367	
0.1475564656587995	0.4344483672421286	1.1705949075891025	1.3754844420441368	3.5370366254032635	4.10321418560366	
0.14928501619645496	0.36149368355059924	0.835187021199915	1.7184241317873197	3.2603864115635264	4.649237754248583	
0.15387972193570432	0.4132247324582695	1.0966572413042561	1.1877952947524921	2.951716601911255	4.693303716787668	
0.16075876579797627	0.3530324043495839	0.8335716901729964	1.496659643467306	3.06894386967075	4.72204838745438	
0.1715236277531873	0.4044576617499316	0.949402149222226	1.4106715027721408	3.7390002238542674	4.674809608581867	
0.16373998515695531	0.35866072100468965	0.8937969780209108	1.1685903084227518	2.708563407511904	4.248542502655797	
0.15853481502643638	0.3585570926002575	0.8564425643104129	1.4337854407218216	3.149446939248382	5.858349689886624	
0.167776612498883	0.4405580970893454	1.0405119171391126	1.5977803654201803	4.166358791183731	4.870148208494046	
0.15696851513764512	0.32808403668459196	0.9093993811582796	1.3946977526349287	3.4484885987320553	4.776735830190447	
0.1267953286881848	0.3852186939656301	0.9428723386837216	1.443485560896006	3.599802120104893	4.402491063718256	
0.14880025392625146	0.401117034807175	0.7878165733671727	1.4540340638795395	2.951962717852431	4.036630175888635	
0.15551573085054873	0.30930897131963464	1.0654087389680775	1.5280426796851363	3.151152245436809	4.720906455958208	
0.13975168334665472	0.33167621810444536	0.8496304668932014	1.2274254726827625	3.4299084413400696	3.8786580190807896	
0.14042893066660422	0.37183133464676554	0.8985367978514167	1.536654551716614	4.163060375723148	4.852147549064592	
0.15022719128536247	0.41529333784373906	1.132439979132402	1.2178341599216678	3.200034719500905	5.253795477969114	
0.1383338491996446	0.3634163787286089	0.7797881880813023	1.0182403814151875	3.4638064984603067	3.948591830628887	
0.161852846905758	0.35614316308741367	0.910364500694548	1.485105020986898	3.5026125080181743	5.119289804785868	
0.13077658168908568	0.3316651963518801	1.17615288573869	1.6729821636396405	3.196411796479183	3.832913098158388	
0.13421184586034127	0.3967260069523483	1.0452155748203646	1.2725050459818985	2.748801612292664	5.244820160544965	
0.15876749808536647	0.3241871523383377	0.8825622525879372	1.689906854206853	3.0129747720593834	4.9006389768140775	
0.1435969412179386	0.4400582165129734	0.9669660116650015	1.371177532805722	3.523599712090551	4.119685640268452	
0.1770019953980062	0.3838285573185473	0.9781613013433575	1.553212530359971	2.87044021046535	4.217635260177652	
0.16354327701072122	0.39068113529592746	1.045671632604663	1.4105742758677349	3.272999651544566	4.234658528070486	
0.1758669783371582	0.4016289084178967	1.0137812592405206	1.3912427906346556	3.909767795105171	3.41187475592695	
0.126247140320482	0.4424075080506008	1.134108626042008	1.257282250734185	3.2513862157707485	4.58284809788131	
0.16683014716561567	0.3703792044591175	0.8115427759784348	1.5323841945701777	3.112923496801031	4.481968719527143	
0.16053569948735247	0.30700506637423164	0.7858763430708834	1.5937763981874389	3.7644196858823467	4.129952740175585	
0.16362716795792706	0.3638652491472486	0.8581396861268665	1.4651676867458898	3.4653208736582646	4.27778115518331	
0.13911530647568876	0.3754404659795996	0.7708170637547861	1.5019006426419963	2.8083545482587606	4.594376792325193	
0.1659350203798127	0.42423349342427025	0.9254747901345883	1.3830192205019254	3.735138339473428	4.926253485744964	
0.1825148328437748	0.37098990259022124	0.8054952319956786	1.2862706350189168	3.3965787425276437	3.970000880554111	
0.13869318077460124	0.39732452647718297	0.8009402484099873	1.435311380770347	3.02818798378281	4.597562253296245	
0.1269576454301247	0.3368805593094017	0.9316153553647736	1.2702395987029722	2.8618736470146007	5.454426532868833	
0.14495554104380412	0.34427924640607754	0.948609735210485	1.2927772859841535	3.2846295059804085	4.720872696375379	
0.16373128003138557	0.40498416445422647	1.0233683965107312	1.4358616817098417	3.0405105869441456	4.97727483635944	
0.14791327604125426	0.40389481726947163	0.8165490508707918	1.3936386860090189	2.992917023591813	4.3900708672335345	
0.15762579711100091	0.4026938206644904	0.947579847005047	1.3928313839176427	3.2840346189285823	5.137318737749259	
0.15317861791825013	0.3180316830176399	0.8626016032214243	1.3278198595941975	3.5835794388208075	4.174212466057533	
0.14226274909526684	0.3718976481660608	0.9196832098150053	1.4588840444543782	2.739473183925504	4.5504409296883885	
0.15630325178959037	0.38516523458591906	0.8947330590560867	1.279763543505224	3.4542801980719013	4.232738784398253	
0.12239079588908691	0.2861049738794561	0.9377201659045055	1.4800714529666272	2.8907880097818945	4.995251480696197	
