3	23
0	0	0	1	1	0	1	0	0	0	
0.5914518316185085	0.8002088958378815	2.295072255179398	
0.5932730258044498	0.902663191220634	2.1145955881297414	
0.5107347278467287	0.8780536965765408	1.9424869169282424	
0.6263285432972377	1.0550280407483241	2.1707988173720416	
0.5551157649202029	0.8374328693491342	2.156633405651912	
0.5741803839340107	0.8581100772333156	1.9530814480330185	
0.578992423299017	0.8036842292075663	2.3405911420844556	
0.4995849198119454	1.0055409156634911	2.301305725030578	
0.5741131909868816	1.0760828081753016	1.97366659310899	
0.7011175982374008	0.8111146064078761	2.120324178883636	
0.6326654233878578	1.0045377669535982	2.075780968782705	
0.45925452348709767	0.7226799786563408	2.077672475555081	
0.7189932899075957	0.9861510874693622	2.22747050509978	
0.5738947952055456	0.971950751087677	2.3598131164423632	
0.6402258913955023	0.909834677267072	2.0509143993750705	
0.5093407040560308	0.9529081235791432	2.02413503967343	
0.7228460928156395	1.0170801853604985	2.201919708362824	
0.6317243093934363	0.961314352092278	2.078285865675406	
0.612934421239539	0.9672444716857365	1.8545227908229622	
0.6945147675489931	1.0215652496732237	1.9776604956892219	
0.610316997721491	0.7794544439310604	2.245352986559431	
0.6322466963601766	0.9375134060805758	2.1594998194527024	
0.5830143977019345	0.8386164405189565	2.481412288691366	
