10	64
1	1	1	1	1	1	1	1	1	1	
0.09124978551068624	0.13571832293448502	0.41790812523112153	0.6783250635814094	0.872465959783262	1.375543055095385	2.219323449207684	3.54974468574094	4.364781881944291	6.362402701448689	
0.08918720013355669	0.16430723396954874	0.3662184161449647	0.6383767838988883	1.0179590548002504	1.5604241445308824	1.9292669454887934	2.8622088976455173	4.323802823341907	5.419622938367002	
0.10296337388589433	0.14256493037941712	0.4194202457331167	0.6227979773613351	0.8187879355871944	1.2408418897109803	2.4815599083885793	3.4938875864314913	4.0656052126659326	5.75236180791344	
0.1103243100040545	0.17120579409585562	0.3597031565176566	0.5963798987976973	1.1266699701447074	1.579950489495692	2.479192870182765	3.619526748477435	5.436280458801934	6.447734542138294	
0.11238247754766534	0.1545154664645508	0.42147656231394576	0.5755808929692385	0.9961396028241641	1.4899739993675827	2.1958986899176103	3.2467379938337526	4.456033420071573	5.199789767758453	
0.10500570160309577	0.16027744167867639	0.40959729231020975	0.7310860681886405	0.7632865967432635	1.3762981910832446	2.2021932018675776	3.2655195984643797	4.285976842181817	5.858895390341388	
0.1077763362545871	0.12366434033514412	0.45167861240273466	0.5794837398013158	0.9585929940305081	1.457941969499887	2.2675339941293147	3.3178014702049428	4.898758738140556	6.771453724312424	
0.10270534976013486	0.13588490541683249	0.33363676401454834	0.5957106133039877	0.8381962323157416	1.4423143778718714	2.6044149586193717	3.728927161180783	4.9314918551197255	6.0820201419374165	
0.08746977784179095	0.16289540497121438	0.4133330564339238	0.6325224518938691	0.8339871812132421	1.6017281303407434	2.277516928814137	3.241104253725194	4.717486890318892	6.187685634350133	
0.09522041107268855	0.14993054841259643	0.36441355179272505	0.49954014558657983	0.9933160762188472	1.64501145380611	2.1220940970701174	3.6301773329059315	4.4332699396548465	5.978335748566318	
0.09716842306859694	0.15062910937089433	0.37646453307952527	0.5929881293230198	0.908044918576054	1.380797294290616	2.378054381324309	2.7009899022240784	5.2185911867453765	6.642518042842973	
0.10684927268977105	0.12581243067612097	0.3587819015961292	0.7958958586514091	1.0014405070192214	1.1521380808962831	2.041107809168673	3.060985814199255	5.063812175802881	6.357153193129788	
0.09632836472110144	0.17337432152667426	0.3429814865539243	0.6223034750279683	1.0683373422690277	1.3563840238524885	2.114096451310237	3.493025606388869	5.233173218561845	4.811047280067502	
0.09032726629907466	0.1296036592621412	0.3769649227188499	0.5860891349494618	0.9120175390809472	1.4381188460504502	2.399899614677764	3.2892919891392634	4.1789037600686285	6.385822477649367	
0.13413853062916792	0.14793388175574548	0.35626714686186156	0.7264058890037275	0.9273555825678965	1.0565360055087991	2.0323245944358295	3.2755437925509687	5.037160192538589	5.83457740791122	
0.10733307283672061	0.1563557036901542	0.3065230160105294	0.5752763898986268	0.9413542005738498	1.2225425958452054	1.9015436802991028	2.76835757663383	3.911103018393092	4.4206154347947475	
0.10692775927377102	0.13199839891893386	0.4045447004605128	0.6223327765974161	0.8390950287015364	1.6858341629831195	1.8016775765234019	3.418654549056952	5.052018788380362	5.706275077299813	
0.09416253865437504	0.149759542355676	0.3808981032717421	0.5846415367668655	0.8089177445291212	1.4134806023754762	2.0474151674330985	3.531187761064612	4.850646486125601	5.889458709716773	
0.09931491195125125	0.09875008321991202	0.41696406512162987	0.6301611801632049	0.9544523648765052	1.745529009801237	1.8834277762426939	2.6273764696028508	4.3063858566236455	5.7884666044645705	
0.07788915395193173	0.125052402003328	0.28683335872212345	0.6604908773850207	0.8394984676238602	1.3862169818297303	1.7965721401667605	2.9434541034589126	3.939975359980804	7.158380228408252	
0.11264619190797087	0.14916863115334275	0.3865724800171146	0.5478822868746343	0.8205668293215408	1.3247858623713402	2.2382866978088996	2.9148582625059687	4.498885267784172	5.483507886489317	
0.09514064371908151	0.14386265484922675	0.3500995476921353	0.6021310032817262	0.9617335754063652	1.4145319338702167	2.125712747005774	3.1300116144854093	4.965939684560229	5.4280205465905516	
0.10625845180904203	0.1385594410862035	0.3884015450902904	0.6479027685031769	1.0093391896144663	1.3336385232457606	2.548388959014506	2.7089706476797537	4.903476237038862	6.900582823797205	
0.09525764403599708	0.1313527548142173	0.4498110017995392	0.7022078342153263	0.8041091451282206	1.2646920343428805	2.224404913486956	3.109435932378372	5.187816924091916	4.8973113344750825	
0.09131265110346168	0.1302878463308558	0.3367066886364871	0.4806263705039536	0.9107602740140534	1.456123954657359	2.1846154595798573	3.6502177385385073	4.922234089342566	5.116947145448927	
0.09789008836305996	0.1527396128987816	0.3523788480648075	0.5970651479445421	0.8594492978993681	1.294381713783058	2.190529162069835	3.1035817461609128	4.9580377173922345	6.275594928962541	
0.10034742506107877	0.16087974080207953	0.2960395196317595	0.5279731314189444	0.8804496553999885	1.7520443644194121	2.354917734410108	3.3012768467254046	4.222869030009883	5.582101720102184	
0.106078040905015	0.1401010516563353	0.4017584249070629	0.6358483253348719	0.8321021340637459	1.4295588873541196	2.190200590469062	3.0283531220867275	4.113031538384896	6.273147175992065	
0.07552444214252253	0.16543499199631553	0.36875053654724815	0.5059079710057793	0.9159857304771721	1.4961593535370674	2.087549926510056	3.0710950804274697	4.873711210539681	5.580774654629164	
0.11920322820668579	0.12830910291497102	0.3977892026933496	0.631919722422611	0.9936550272957793	1.4831136547115362	1.69879207408712	2.823757706065726	4.793550626209478	6.290787806748904	
0.10072678616471793	0.1438140503726323	0.42826198503731544	0.6337103971661914	0.997908186074013	1.5800051951941145	1.8379194450914553	3.4597098168242906	5.206857689115507	5.889570760227605	
0.09757560989488953	0.15612795362410184	0.35625815145490836	0.6029046792149726	0.8385362860588241	1.2749909877259298	2.2963146398568126	3.5887770810511705	4.90787090107078	5.574994560578676	
0.1000507333988979	0.15590528938302353	0.39417790971515165	0.5371541176561865	0.9027621146502322	1.4245190673643027	1.9093797525723233	3.2427540281717855	4.136859708678703	6.336666656498357	
0.10805141238825128	0.16079865771761157	0.40015744289018007	0.44563672745303967	0.922659999828082	1.3761869170824519	2.081024290666236	3.381041829385003	4.336205314169639	6.404934729086403	
0.10420818251661608	0.15509297658030288	0.3650949092699048	0.6621447603540622	0.9914125720351241	1.5893545091385413	1.7949181265288399	3.162824610571781	4.519307456300951	6.9613703636853295	
0.1137774426930893	0.15601158628984566	0.4461108806116386	0.5055269104332206	0.9371744563577326	1.2942462609956582	1.9041053251918394	3.5532122567817463	5.393369438458255	5.306046133172191	
0.09839487872078385	0.15550985927470343	0.4302234318183927	0.5837048701705838	0.8501873825935659	1.4298478296329058	1.849807695051365	3.7825368625217375	4.769272231821597	5.658643038664375	
0.09897823002904531	0.14856133370905866	0.428079338173031	0.6032033971350024	1.041412945379732	1.3482477172442728	2.110512335263366	3.5845122347328804	4.920772323996829	5.9421803740482595	
0.08808076516899874	0.14820733583513662	0.3224397784333759	0.6419146418571441	1.0022607698779689	1.453862807180705	2.0766710908315758	2.902151466314809	3.9397315952776406	5.924414097506183	
0.08969300552112332	0.17150436567705696	0.4338964308198665	0.6445134528681138	0.7914568706151955	1.406793113688958	1.9053652855057657	3.574236367546682	4.669471155798099	6.307776893880968	
0.09195545268603285	0.1544534029133819	0.36100973035430767	0.5860757442576986	1.0179500535185153	1.578346676889496	2.4058384139334037	3.362994871923363	4.079208049933874	5.814494380366832	
0.10838567544978434	0.15387645077854503	0.38344013863952353	0.6005412272712921	0.9467058460456328	1.4141974041934908	2.3804945621301385	2.9828245235333246	4.572940254604897	6.381710766317283	
0.0981911258675184	0.16187485795610024	0.34065131932555176	0.6730797737708151	1.0839965447732622	1.0861571756177844	1.990935732610326	3.354832473663165	4.442908026514898	6.34252605977038	
0.09312594877745359	0.1551275104922319	0.335575877852648	0.6503744665292323	0.9233605879109203	1.7096819485737669	2.367123458649301	3.878759346039197	3.9507654470766043	5.7414278963844785	
0.09345124455514556	0.1704060201771617	0.38983849552500643	0.6901204259863566	0.8078265395218218	1.3382346345268037	2.4527500381827796	3.4917466534396184	5.236563229525307	6.217850114165492	
0.10543725276308286	0.1610165887141017	0.40415926648819284	0.5672731108880746	0.8466177143790137	1.3178570399571181	2.057778953780206	2.9317581121274294	4.632579027873987	5.021119004400315	
0.08430015101292555	0.1489203269874339	0.4089709219181318	0.575287951335134	0.8277664798655948	1.5792661791789016	2.4732739595404	3.2604267755289964	4.622522925126247	7.106639070726597	
0.10082212860031269	0.12465353764162333	0.38183485620984314	0.5212093108325008	1.2147753687508636	1.7976340728458515	2.186211785060034	3.721929725829937	4.371927553944496	5.78405873719901	
0.08906285223153526	0.16640999760843042	0.39384714394770987	0.6136428054642591	0.9690280683540491	1.5202302666501715	2.214565505450869	2.7967677445394674	4.672124151908948	6.3840514499544545	
0.09545182280207964	0.16202187941149337	0.39476320383300917	0.5611147746894387	0.9934140593593739	1.564783098082124	2.3710732559795016	3.644535832406297	3.875205935268963	5.5233311461784895	
0.10918365863502921	0.17293542911690105	0.409561346066089	0.6802212333374522	0.9772200907503988	1.5096824856404454	1.9149260792329053	3.693613712817728	4.268069466762817	5.6565662822784795	
0.10787451382968777	0.13582112253457368	0.334899859489067	0.6840636035346306	0.8987276646141604	1.4150360829455289	2.337766984036668	3.794989814603879	4.263156640001673	6.147281434788178	
0.10039698230130843	0.17247172628590227	0.3273596591807826	0.5395446000668408	0.8759483804288751	1.4376046644377694	2.088887595956037	3.0758335128631287	4.605682492937264	6.799986782350446	
0.08641856124157879	0.1672911001518117	0.3403375650499179	0.5713501366665703	0.8802416467872107	1.551671462031698	1.9966172453910283	3.263008723587436	4.004932721833078	6.9309421212287	
0.11507635566173305	0.15241606793111007	0.35166706111124535	0.6349505374767176	0.7676832284355578	1.2686026415033502	2.046000768668336	3.5347354564652966	4.686049396900375	4.7885382454639736	
0.09419391918424015	0.1583039253290999	0.30288775277916324	0.6678623410603809	0.8444709888375587	1.4005831667513664	2.3762301065148828	3.223187016982339	4.0339777142900495	5.43087392049048	
0.10997755352641288	0.13086353866175757	0.4311867961231874	0.7014259188583489	0.874317883763776	1.4202649268922507	2.2413472131363075	3.046864753580827	4.249081059154046	5.8133238960745555	
0.11144042687843725	0.17638986289588682	0.39393140414106026	0.6718664872030347	0.95782306223451	1.5713918891193566	2.272896476411302	2.413249634681834	4.744642026821822	6.06813941696284	
0.10785394297208165	0.15738750682118027	0.378722833114491	0.5793564609692432	1.0187396239596196	1.2015843188008997	2.1813932608197963	2.617960655553212	4.051811623340149	5.915411303356369	
0.11388041759211104	0.161061409051455	0.3156117469305373	0.5484319600952384	0.952015307751635	1.6043399150205686	2.311314905192938	3.338314413295335	4.735099252427325	6.2500075245493	
0.10249458390088889	0.1491073264109032	0.4124621750890446	0.5041637543114623	0.9662837812253936	1.536165576540635	2.101126158069613	3.3252379657751154	4.4898470646406645	6.800458006028575	
0.11263107889986851	0.12333850804341333	0.4306703183192457	0.6188917100296591	0.9548566141396478	1.332590038527145	2.356739331502323	2.8046233174157917	4.072937365735495	6.545698521407012	
0.10347108275058213	0.11530654795559622	0.4135303198527911	0.6557286610842026	0.8829165815695876	1.1470725468511498	2.240862021462396	3.1417437156448056	5.455217531825439	5.908245042151094	
0.09708822618529445	0.12517629156521598	0.39102852740568245	0.6686431095145252	0.74494292493711	1.5187570870569829	2.235187262086678	3.724281086870937	5.2746914264488165	6.996303729972432	
