6	39
0	1	1	1	1	0	1	0	0	1	
0.16419898236059413	0.3758044085470867	0.6176400358567621	0.8271467762428263	2.1811279287767724	5.932126250746916	
0.1350124465589821	0.38456807679548627	0.6431919305797925	0.9112207085957243	2.0416769904010943	5.7192819834070825	
0.14323983474151633	0.3462711957052514	0.5601914711306332	0.8860140310576757	2.2197713712966354	6.42742873133453	
0.16842969984794057	0.3206463508226597	0.5893439927255365	0.9432779665137562	2.212066947238524	5.645709305021065	
0.16506542670455973	0.39374627606098594	0.5968176757112844	0.8034142543919082	1.795841493025439	6.883806439616032	
0.12463366562505951	0.3884008368924047	0.5270818971751237	0.9361034990535033	1.9087481192489033	5.201720510705739	
0.13707227185475548	0.41865606816948514	0.6174538446270509	0.9322650471426799	1.9587008541749722	6.148508870080263	
0.13107965087978052	0.37990743752700445	0.6339585092172518	0.7903832527601251	2.1269848741436874	6.065377701536269	
0.1485403164419377	0.36690543429457784	0.5661865027556899	0.9126196777482325	2.082936316708399	6.336045823949107	
0.15447581436889418	0.37028374943038345	0.5614302479338104	0.965611133361195	2.602284290631961	6.275004734846052	
0.13722781004638193	0.3998164225761006	0.5986165043146876	1.0444637155954068	2.204216546597704	5.8678920767483325	
0.18976862581430187	0.367026423108357	0.5735500327296572	0.9151211200211783	2.3136408278588654	6.034889050948963	
0.14736158556585363	0.3708291410402002	0.6166158643528191	0.7890075729460341	2.394964253905434	5.191044179904102	
0.1124225949913126	0.32504733947901715	0.5848155544911239	0.7861277978902288	1.9413150373611832	5.816414396506269	
0.1512237609833267	0.36801504261940055	0.4960997010252021	0.9326216744666527	2.282742239638907	5.811957707097534	
0.15712375433888096	0.364547290624655	0.5896515404251393	0.8974714927078802	2.9516351930400746	5.643103595314786	
0.15990151061922928	0.4026456165965324	0.6506577721514147	0.9711433117924338	2.0458115452625205	6.194852912394879	
0.13377892520509893	0.3133053059442041	0.5321144620862526	1.045787260645065	2.1836171242095945	4.917492271745031	
0.1364343725400171	0.3767474319411021	0.6152049593121119	0.9066815253562931	2.048643478689962	6.011552625283917	
0.16613221472294432	0.39895139656079975	0.532546514630306	0.8650334148509382	1.798015150971101	5.831194845691459	
0.18031284297040095	0.38763670775760495	0.5844349748388948	0.8191988031344384	1.9380580943251633	5.845937932842487	
0.1539286230107079	0.4012361595341833	0.6637121176671685	0.9788873691835368	2.0778007396124996	5.4058145761539835	
0.13870967025821432	0.33467153343449413	0.6384996401673994	0.8292712528665824	2.0008236395259473	5.5124743596970145	
0.14109097431646328	0.39384459704390645	0.5706741566487068	0.8415015937571328	1.9327549705002458	6.065150297887403	
0.15340528347906393	0.3634021374570715	0.6143584297646658	1.068928989248536	2.1673772313829427	7.074759343413523	
0.1365077366454463	0.334862512111934	0.629970681130046	1.0002650314807544	2.165707614552955	6.657952913925965	
0.1378917777883266	0.3712204755299999	0.5699817181151314	0.8005137485828449	2.1784375040291097	6.463155065303539	
0.14538830114287501	0.43920684454140313	0.553682302012533	0.9939022451540749	2.3280170219911036	7.134000042211099	
0.13939724224424868	0.4543788706909875	0.624388055548675	0.9239313256057625	2.1505565060292637	5.567000254481111	
0.1485353491634712	0.41733723153085156	0.6696261598277494	1.04278615342814	2.14088165298946	6.237971303834421	
0.14667378324315344	0.29981715471215786	0.6455408859822833	0.7443730076603795	2.102579694244127	5.541513223399907	
0.1317610308783298	0.42142922965776664	0.5568003215640278	0.8251859411725199	1.8788171674071512	6.400777693704164	
0.14711121016025933	0.34244456600610956	0.5204366538393319	1.0494065977096685	2.1969592739544495	5.357490123835347	
0.15186629075805444	0.4173883332350295	0.5785867763769814	0.8766408865493487	2.4289683710610963	6.601108335647345	
0.11907096829811464	0.33629727559568207	0.6586649474463174	0.9848542056980699	2.010974153324907	6.493026980135282	
0.18517463332604314	0.4336116623649975	0.5445181060802049	0.9077155735817348	2.2010869629039354	6.246615979618107	
0.15781503615582454	0.37559161628603505	0.5019105224939144	1.1392352866618847	1.910539127949567	5.102125467498509	
0.1756960347321618	0.35312106928911174	0.7179597508871373	0.8126838684567237	2.081346791006704	6.956351931912275	
0.1694435919851856	0.3715085697216804	0.6119303586773824	0.9155760352238701	2.2120615734831417	5.804031717460704	
