5	69
0	1	1	0	1	0	0	1	1	0	
0.14700969325083374	0.4268823179475301	0.9137534666103239	3.8599603157431748	4.97168917739159	
0.13168300986370876	0.3949303752976372	0.80778961561394	3.7593663792754115	4.90111162684511	
0.15774435192133943	0.3746609980660901	0.9863897272823039	2.846859853694496	4.795449137207948	
0.1520940042964121	0.38135860064869015	0.9626683305141579	3.5856006052154257	5.2591876605325885	
0.12766812475617415	0.4266956269222961	1.0474577881745193	3.042530640474901	4.192233107246316	
0.15782469067701285	0.3377379795030627	1.0647023606852513	2.597076572727256	4.670671248275883	
0.1665049936805173	0.38431534785780685	1.0138769921680186	3.408147554612163	4.491110054614021	
0.14634593778997307	0.3808963665732151	0.7952869935232321	3.0487509525898604	3.0197204932624357	
0.1516814789729446	0.3571725600242977	0.8982550819625439	3.1226546724278674	3.3055779536118135	
0.1634100160463676	0.4280613456502751	0.9863456126739235	2.789129405554142	4.489519655661172	
0.13293595451836	0.41612638558237613	1.0997327173499383	2.868736971480391	4.547758632369913	
0.16825067856338266	0.33189507438720867	1.0060040736967213	2.674725754766562	4.596212337414058	
0.15066836215226492	0.3557453619252421	0.9377637701092115	3.2098524666571064	3.8783374933192025	
0.14696614736118904	0.3885784915923527	1.0426045629484701	3.299635900490812	4.286107991815104	
0.17237524456708583	0.3378128901496003	0.8417463695879535	3.177410506205474	4.795464136017816	
0.14068346379908728	0.37504878281950893	0.9860793674757843	3.5285960701914862	3.9378930384238098	
0.1587226698814707	0.4318631299611361	0.7652109407366166	2.9753385371646215	4.407173884134227	
0.14997104591749066	0.3566417473991445	0.8128948127615128	3.1504199633811827	4.787221948521639	
0.1341494494921475	0.3608922151207606	0.8929896405546797	2.8510577181796597	3.9784440151459797	
0.1470706093620118	0.4018193174815616	0.8280416120474642	3.123319151065216	3.508386175588012	
0.15231798552535059	0.3985077893659081	0.9464594379934284	2.9482356056028887	3.950630937891695	
0.11170935030880857	0.38709645267837156	0.9604712342672879	2.92131155437445	4.690408044296807	
0.142511640298105	0.3362110733532672	0.9769757154673134	3.4927938461395684	4.563548844644948	
0.1319608835987466	0.38464589159570667	1.02069504047343	3.481642273000029	4.788468351325529	
0.1797524028277207	0.4073883375425815	1.0502696647237513	3.9077348687755693	4.470683795205173	
0.14719724790257574	0.3365097109650002	0.7583009503811098	3.530030549396323	3.7815931573805828	
0.1460614391017821	0.3149329803768375	0.9354743059541578	2.5884798998107077	5.0011092321105695	
0.14543880188377775	0.3641045780383767	0.9500844963200501	2.9527983754641016	4.234039380251203	
0.14599907992186484	0.3970724978746036	0.7747973034068304	2.9585346135450044	4.667911121997781	
0.15488590445886372	0.4047407654522266	0.8883551078916998	3.388695467603982	4.1362942058196435	
0.1355969381803967	0.3965970848164862	1.0172680143090884	3.634090364082773	4.115377351861909	
0.15660612893018191	0.3849137341086925	0.9778449493132804	2.8021353620860814	4.513529011037325	
0.13672706373264204	0.37482977448464705	0.9361110231745531	3.1101151815995167	5.161239665034801	
0.17260617753767352	0.3645722068325902	0.9735809384010502	3.0363129602348318	4.309015153374332	
0.15343069410524873	0.36385300690038086	0.9348488290379909	3.3407509941005884	4.310903801921128	
0.1626045496907881	0.40445601910120127	0.8804102284525285	2.879640828927788	4.691827608073767	
0.16942662366135505	0.4047632953156673	0.9626727769941095	3.439344489408792	4.99411205966865	
0.14706431279628213	0.35674956168356653	0.9726737553226072	3.186424066410422	4.660553574163557	
0.18959352194439985	0.3309179066586697	1.0127837569842224	3.23638963836884	4.339466503950201	
0.1505122654854088	0.4005373085959661	1.0247524402446488	3.33255871845477	4.132187957603067	
0.14278411073808328	0.3509450777704958	0.8293704360824539	3.8362580507524617	4.318745227366618	
0.13569930446785713	0.38262342872737587	1.0822178255933634	3.2424341860542594	4.139889994758642	
0.127765303732867	0.30213075747876994	0.987302833521698	3.589943967244444	4.838633967186132	
0.12350803782212098	0.3828631101262029	0.9128804672478775	2.9403333344146043	3.8869429278729535	
0.16304780925808032	0.43613701265898447	1.0482269518008358	3.10429534842251	5.036414940942667	
0.15269099939263325	0.4290263444470444	0.9169872611215305	2.9808346098057985	3.603074735707599	
0.12601821676837946	0.41984114745623125	0.9924461358909269	3.3722847272216088	4.377614660947013	
0.15293393404213082	0.3782701561494051	0.875740107104748	2.833532200359171	4.038406602211719	
0.1480322971100697	0.35099925575029195	0.7319615433726043	3.5583193118679057	4.217644264698009	
0.13926655423189055	0.3233903139076273	0.9577711050982384	3.764085535708498	4.661590933863295	
0.14420316186407872	0.4193561423840599	0.750488293647985	3.6471319730486447	4.727639140348545	
0.15247885793667038	0.36948707455072316	0.9102420927291652	3.529412202019208	4.354302982345692	
0.15124812943535598	0.3478213810182437	0.9903779395692242	3.3710554902423144	5.5019492540539	
0.1694661822428889	0.37975488819827297	0.8683412271101312	3.6331166915725945	4.9337772410646785	
0.14862208952513065	0.3818083575223177	0.9785161637714274	3.667425351044172	4.878287034132055	
0.14322018900099087	0.3562563718202354	0.890127472393478	2.8040445293646394	5.114686102487908	
0.13541240971060653	0.3394111958709242	0.7725257842268008	3.1870887190493824	4.161030822176475	
0.14263262173846072	0.34025091429738497	0.9570720203973215	3.239226710727525	5.796219816526364	
0.14081435109262067	0.34054095830739994	0.9147966099799875	2.6024854005734808	4.999652411528549	
0.1794668513670583	0.41362155874068135	0.9697069204037089	3.7789584339948457	3.831173744369954	
0.15077085864826173	0.38809947838228837	0.9120588109208125	3.4183478150001805	5.135766932190819	
0.1603996398726264	0.392750223595117	0.7760729542066385	3.6441168664691297	4.4220483310675425	
0.12983679987406319	0.36667149909859587	0.9750139916167399	3.4658428955261944	4.452037608905938	
0.15614653498530182	0.36488283090469864	0.9719496484815869	3.953098374118329	4.877240335088401	
0.1699336981790824	0.4059559743334185	0.9592377025640435	3.6696153333296855	4.042487745471721	
0.1536134022077071	0.33149611284732405	0.856990798313057	2.7179319740108046	4.396656762562276	
0.1569422220359174	0.3933302207389931	0.9338029446173277	3.5086042999519034	4.962891850917395	
0.14083682412776952	0.30277903741427176	0.881790031915409	3.136950731282565	3.452409000438617	
0.156444753604536	0.38305517969104164	0.8946928455088826	3.71096483317851	4.479356305165505	
