7	90
1	0	1	0	1	1	0	1	1	1	
0.11361585273827175	0.36255745222109426	1.0435999613127989	1.576905550513503	3.1728138172840294	4.438113559020808	6.558909240973543	
0.09861499806240118	0.35132877259641115	0.9691020128458923	1.5289241984419777	2.640291514067135	4.235845170818007	6.224551619015914	
0.10230992663006651	0.2951455093323193	1.0801103229315772	1.47706112366832	2.7692031362981404	4.275050326312477	5.5376133881310015	
0.09272177591863105	0.36012873594223155	0.8886694320185847	1.2884977331343017	3.241352023852094	4.581762548954869	5.642871940154219	
0.10588829605014322	0.349194120364424	0.9514793728459137	1.4205790351121148	3.5855137600789306	4.733176327370097	6.658074303611516	
0.09941119594746078	0.34602862222902253	0.990341855105987	1.5086588936670762	2.9235868809789953	3.8382865098211068	6.9848056628697375	
0.09720523126574926	0.33809027412236853	0.9062276336372624	1.5871021492752238	3.510426033557111	4.162765207173804	5.553761156449388	
0.09855413812647171	0.4010061303280336	0.9604872824904868	1.3380198433590538	3.3019102882373534	5.50385584765847	6.123116940327645	
0.08508496790411857	0.3508035575763917	0.9907449798178011	1.55505992496752	2.31110011218049	4.705664163496563	6.0826244634384246	
0.110725297722436	0.3887067923971866	0.9020893224469918	1.568338985600944	3.3441181829990656	3.921506099086448	6.028644348066873	
0.11416457276707921	0.3062179994972287	0.9385620068594931	1.3822375533660463	2.942960718395246	4.314131097488453	6.234413226501783	
0.08598785050660414	0.3618948164243057	0.9838077760831255	1.3975909260130777	2.450914710190384	4.616760112481791	5.7032584038046386	
0.08986580409241035	0.3042070765094786	1.024834289229436	1.6189143068312066	3.2905687599412152	3.962864690887289	6.69396430828632	
0.11431038240835681	0.36477246547636843	0.9299825051996118	1.3144980442874084	2.713003220163762	4.788452690319934	6.355310483407889	
0.09879156571334474	0.36172935672935214	0.9001523866339186	1.4006960235193096	3.8358106645224455	4.494581908144441	5.713468314138517	
0.11830788561357197	0.416924155483958	0.980496745489864	1.4944938433169248	3.047004203183162	3.9437739252391784	5.799277993278469	
0.09518186742501199	0.4351421856582288	0.8800233142980344	1.3786945150075105	3.991748941303728	4.8168600646915865	5.3870318279456395	
0.09625926656458109	0.3486476550451618	0.776086662452173	1.7163770186076315	3.324986204876689	4.566524609275908	6.332176709843539	
0.09840122010656688	0.3878022227155022	0.8435070331985606	1.5772795052245847	3.3026313187525442	3.996736486923824	6.736176509818208	
0.09555111979731923	0.36950479633400746	0.8092409797355997	1.6255062663088955	3.2157063713407297	4.283253564719389	4.7695410150195965	
0.10439922288359321	0.3330102945006237	0.8172846163440706	1.2645013887727279	3.4266134525546406	4.834110662871671	4.667337414708571	
0.09545948563437066	0.37847245634923843	1.0511659207883484	1.2430062773205546	3.315059143612664	4.4955381699279195	6.074823741303014	
0.10090516912445838	0.39030840099307573	1.058635742280568	1.5312969159320886	3.2353907648712226	4.292621642824647	6.068435380546349	
0.10113531955334937	0.3802716428308962	0.8073961894534227	1.2191214492306899	3.2561326469009533	4.5870486835497335	6.403341289584473	
0.09115273950697572	0.30020326672737163	0.8945411309130568	1.264165055199938	3.261976924798947	4.929548790857691	6.093022662303564	
0.0963355343611406	0.37010862655308374	0.9233871834733813	1.2759593975673884	2.592584774814531	4.081698702291687	6.158703577025747	
0.1033437220192319	0.3344992969890534	0.989674583148733	1.2839781400317534	3.1007372019123194	4.350312562040787	6.07488458039167	
0.10937436760231939	0.34200085970335414	1.1207593878435977	1.2008735874066467	3.6557926565632095	4.0424485202410345	6.160525502597677	
0.09701893818783648	0.3968238702181918	1.010482710472238	1.4075630793710143	3.8489904659764123	4.426743744341263	5.556653728559	
0.10109506904060335	0.35691199363666265	0.9075884271617226	1.2609392276044074	3.5178422249107655	4.172422761205823	6.741715986822044	
0.10305645356470694	0.3389850865205185	1.0071333741376096	1.3903417950547332	3.5200761776945417	4.668665342391157	6.265176837670865	
0.07894669858839087	0.5005863848167826	0.7995086818016163	1.3143527445068894	3.7486857122758184	4.387544171036081	6.104857105861028	
0.10855721241004344	0.4452638825377451	0.87909112851741	1.5610483410735856	3.1378380797092627	3.8026104366431217	6.228233447262134	
0.09845370732118836	0.30782367214364154	0.9999546228205826	1.443870902905699	3.3144878634330874	4.862588279304504	5.160196112704591	
0.09374132483851963	0.3617484981457348	0.9074492756381727	1.4199323967451578	3.115278322507209	4.555239626932385	5.879515977115504	
0.09952643961805074	0.3854851000143312	1.024340017873397	1.4242005082208762	3.536083374453718	4.565968317177302	7.241723091239496	
0.09760562049446059	0.3623484453924677	0.9047944374108607	1.3896238556722933	3.368786197561559	5.160269957335112	6.407009274277906	
0.10122355193062178	0.3953228488895618	0.946080292361624	1.6872961311774952	3.6034242372423932	5.621024260943673	6.045842636803078	
0.09956738567844119	0.38169435438238425	0.8934530511713327	1.5137956904446193	3.524761596044238	4.692964268620388	6.653063490791423	
0.08949644442799704	0.32293309011853066	0.9635908097765057	1.7746385004669833	2.7891771948523663	4.781333667706633	5.471230812305975	
0.09474928965274253	0.35382620498695766	0.8702313712708443	1.511359061566178	3.170863888540175	4.787951917259994	6.48288331328237	
0.08551472918659486	0.39645979980111884	0.9665928418923586	1.4653084476050944	2.9529629182356394	4.876680411693336	5.59587112546419	
0.08203291163672131	0.36242078594903104	1.1706150226154564	1.2361036292760692	3.379318190246868	4.654601589501592	6.693918862155709	
0.09912067456515672	0.4056644889131065	0.8753220370658831	1.398299427233719	3.6870981653798904	4.689668909868697	6.192392722632585	
0.09599080304305627	0.38961664371995447	0.9356639638546264	1.653063844059821	3.2247123466947465	4.644304181913899	6.9754026568844125	
0.10962245813598404	0.4153741049262003	0.8871229059553591	1.4054970972432899	3.4676012876905475	5.001619032010868	6.2180574406976135	
0.10164530987305043	0.4396884053348387	0.7693323002678252	1.136189108829273	3.1238230622117413	4.3222942313482555	6.110647222340289	
0.10092357918099129	0.3685612891081721	0.8223793369119667	1.4864184863856091	3.3234767340953435	5.217064490844192	5.72909821598687	
0.09186773371367381	0.41063369610419537	0.8240132972831713	1.5383270717447102	3.0063071128386967	4.490318580782848	5.329964318102569	
0.11107574265448897	0.40836449061053787	0.8324698340455631	1.5356970125385667	2.899547902826954	4.637867476306359	6.374983020648374	
0.09643583399103889	0.4484351122894492	0.9360277984389717	1.4623859998885624	3.1586781289842625	4.901597883282779	5.295492285179292	
0.10043786093869778	0.41073995348055237	0.7549316842525794	1.4960157917981276	3.450584800460783	4.881522421924462	6.3051202238343524	
0.08723901542440544	0.3607910005720842	1.041283944668709	1.450389050530605	3.5018888661392125	4.750273817037164	6.900123872678647	
0.10845156606922167	0.39989094154932736	1.1000651483475714	1.7531063048329414	2.6496368213258994	4.0310460961764285	6.4122484384371035	
0.09284059595674828	0.4012008254159941	0.8329702549837311	1.2212970624543633	3.6721970796890386	3.9392759533275017	5.4612500382716345	
0.09655101019403628	0.35983962804771963	0.9617419806419039	1.5416992995799357	3.1478010306659785	4.7229146215017295	5.980407514900052	
0.10602131796563832	0.41613441706667836	0.7744215744266546	1.7017991736782643	3.096856660517326	5.526352849480747	5.850008970487757	
0.0946292169530517	0.3760887299871126	1.0483249056790271	1.313762578474368	2.8786554463078615	4.055620977410608	5.937636271068617	
0.10304946719270291	0.37821425506110984	0.91289950471754	1.2448226451920608	3.5846825437251484	4.347952732278888	5.865554014404844	
0.09437257695649642	0.34190045491734455	0.713958959127279	1.5048436715274478	3.445733354198568	4.744066780319644	5.003121575239329	
0.10087303337229597	0.37445310801502635	0.8766508416798288	1.345695499090565	3.4198379215462924	4.3834350848685375	6.732621775214224	
0.07631906767047932	0.3454470966028636	0.9004298504635702	1.4498145973580003	3.36676427868558	3.9236386325226675	6.785516147267499	
0.10374399266220241	0.39352554364063275	0.9668608350099775	1.4214212632387926	3.0565190779423723	4.558734686730871	6.201146969466352	
0.10118181913744972	0.35351350028059747	0.8775370763428241	1.47318208265197	3.166034617831066	4.736292216965671	7.555532777854932	
0.09978741515407896	0.3778812308204485	0.8665926060281686	1.601507441163901	2.9212114156639566	4.83539261832347	6.608119493701157	
0.10785267838932869	0.31262171125354604	1.0925910164230437	1.7543376693582666	3.330031453927492	4.98917488122812	5.506799525919455	
0.08248438022064136	0.3873478519789418	0.816653052924147	1.6270931911363637	2.95410756940184	5.295823444737197	6.681461420609482	
0.09952034233356112	0.3843093971875443	0.8180811936246039	1.4641568877245892	3.4403928729363016	5.280686759000816	5.770535413944815	
0.08465010002853429	0.4432452994778312	0.8911818553986319	1.5266658645931757	3.5573139166884293	4.332757490372444	6.5080752505944375	
0.10578262790928093	0.394681571591316	0.812749751965622	1.4839928200117807	2.810418613610406	4.20823109401648	5.6313437347509305	
0.09749202057642974	0.38523937459389074	1.0388345385355375	1.5149720929304231	3.039037826803727	3.779523654949373	6.261621533799946	
0.11017271181965814	0.36302253221510494	0.9169486372579687	1.6557599148009066	3.326799002530082	4.924845391233855	6.6418734530176335	
0.10660952865963705	0.3525323916843113	1.0365087643814321	1.4292294551798335	2.9802321601704778	4.439338405000411	6.1388904929479935	
0.09204823325025265	0.3791759912772866	0.9153646163189804	1.4856707576730042	3.6846572006218405	4.352840263465718	5.644845419937462	
0.09558899744832194	0.35297235618451644	0.8386682100556773	1.3247416077944354	3.9556793208672922	4.816462796344957	5.308412172939306	
0.09073724701595548	0.38259534077187785	0.8546524982612852	1.2765330009844331	3.2342649280189595	4.504842761561099	6.843915743941805	
0.09378351781418257	0.4237171082038177	0.8306363718057429	1.1671938696784223	3.0640256203727265	3.8130716541136196	5.496789641905277	
0.10271130305821644	0.4170343922768595	0.8245688651516674	1.2012155401475928	3.8539079086166717	4.781361423720001	5.721606978043518	
0.09836718773484389	0.44443129376096135	0.7803286379540176	1.3732666725307836	3.3823715068791183	5.284983466489709	4.827957019522194	
0.10558915555093173	0.37602600518381585	0.9330555549217884	1.4334126446866435	3.2394599186670536	4.274704760550787	5.2500971844647335	
0.10900751838639354	0.29313874514931226	0.9401414739288507	1.5565525785853258	2.888275010578916	4.732388592130034	5.643387573098009	
0.1040297801130906	0.3948905064376406	1.0141608606442853	1.324282595328451	2.9518865469393	4.8274122382771765	6.052519182145155	
0.09597447640964328	0.417046222693021	1.009952736731599	1.1030336110917593	3.11721631055717	4.5063256364774995	5.577282417102811	
0.10334448726098455	0.34183097005164087	0.8710064720034428	1.4757356948041163	2.847147936050322	4.320862282292283	5.556292562811508	
0.10227398180072722	0.39026420213044005	0.9881250723153456	1.3659999011514539	3.449821126217318	5.0615751029802984	6.482580457505923	
0.0984215530609775	0.3729736719898227	0.7925327950835515	1.4536428011075597	3.2898164049664715	5.582537750530706	5.248384519214657	
0.10183963834959148	0.3775776465581337	1.0666296677866414	1.2820181005649154	3.519577695005741	4.234430057314978	5.185274177000083	
0.10975710382014894	0.37195437692286376	0.7869264491802367	1.528440126197155	2.731544203934293	4.909535075212652	6.543118446885676	
0.10681131065648489	0.4156310698607516	1.0022764432042637	1.558685421165755	3.0639645724235827	4.447891087626684	6.14639551767219	
0.08421421550449117	0.3712185560572879	0.891624476360796	1.3594619207207224	3.6424008665024403	4.212752124567351	6.326744357531489	
