9	78
1	1	1	1	0	1	1	1	1	1	
0.09348377491359937	0.14761235140384868	0.3374979590694974	0.5780391868326432	1.1821454046202327	2.1274291116633948	3.2480738393350843	4.032699128770146	5.269874329961883	
0.09815735709773958	0.14202282950239176	0.34676246269314503	0.6603344895850445	1.3505913536096676	2.0137832738480315	2.872362951097258	4.0886119067939815	5.811364271312919	
0.11562650791350625	0.16433490077289858	0.3663909817735275	0.5310905109933948	1.4056669822342778	1.8383245272279976	3.2693814204971368	4.588781605571656	5.842536965061915	
0.0968911622766056	0.16534088127125168	0.3792285915870954	0.595111136056814	1.5418773638007461	2.469112138754636	3.3858540274613826	4.151654707662175	6.312412045938736	
0.09427085468941296	0.15604009283312367	0.45139041342080477	0.7424872591566857	1.3843276664350475	1.6821915040038742	3.117465444423586	4.251892649375242	5.153067992160204	
0.0938648004148376	0.13994858940293348	0.36946210710453387	0.6180441358448654	1.4203662411963458	2.4510053511637975	3.973382745608813	4.295169089393764	5.961046034049341	
0.11445271390600585	0.15183370985535913	0.36146759161553227	0.6902508758651963	1.2595822595230852	2.231822114110677	3.252277054152462	3.8799253596942656	6.285044858811702	
0.09489172331070005	0.16308669117955338	0.3352362272754123	0.7083674934295695	1.4092611011541274	2.0247615792798386	3.4477795781508864	4.516169786384032	6.808444962827199	
0.11567194254122884	0.1260032535719466	0.364530332963194	0.6385460765417932	1.460772775950496	2.063047229903437	3.4823356696329633	4.848016191503163	5.586334372663533	
0.09247980568115292	0.13045261652073192	0.4330785669369303	0.5785382872579943	1.5642498172331338	1.8194465022105646	3.0768942418286125	4.276875857146437	5.409685839567153	
0.10385745351676012	0.1444060485493983	0.4243559494271889	0.6119475208119194	1.3576241228068642	2.4885477883293943	3.6581743086115663	3.4013178288829042	6.182546947270849	
0.10158451172854793	0.15527465560410672	0.3424770244476028	0.6662230445979312	1.3883553594413787	1.7765625878232922	3.1951022236672646	4.226778176324788	5.656521964945625	
0.11171059781260693	0.1611002759975186	0.4622698463460937	0.717625307748119	1.2862352975232145	2.2706777987240145	3.3315146178970707	4.3563581023097235	6.638568486177787	
0.09210110897110059	0.12060354413475743	0.35680006455382207	0.5231960529043742	1.4526548356404339	2.5653450542138874	3.099689762459928	4.516277910296902	6.366278473080872	
0.1038246257544139	0.1476098472431219	0.41925040877544595	0.5667583382396294	1.6153357850377918	2.121639887563297	3.482163315589322	4.250811791741918	6.030473076326233	
0.08021704669085664	0.15035742057510085	0.37910296151534434	0.5541154147613437	1.6242570051415588	2.0626690305015227	2.9631001678881326	4.1686595882711375	5.155093404800592	
0.09404921214954748	0.11756213820606125	0.38378197307779327	0.5492161716163307	1.2760785164416473	2.697732728694614	3.1932218391171934	4.899975017154144	6.8435163961063115	
0.11394705658087996	0.17077737449331737	0.34136251446353166	0.6435321564430367	1.360435038052975	2.3811522011771533	2.9248194217303505	4.304934362700353	6.706270352447351	
0.10709608201759611	0.14411335979499681	0.33108530241337913	0.64455069651993	1.4372735863910784	2.025044519326817	3.6324658597092463	4.021903388690731	5.342484045332348	
0.09408986014826548	0.12030269604792188	0.36453694742133463	0.6059854562089216	1.4939142577536673	2.032622515242775	2.382164900198864	4.599789334901164	6.225393809690685	
0.09507429064030118	0.15757283189162222	0.42195689060936264	0.5851552036036874	1.365498475685693	2.450685453427792	3.3038298739887697	3.8420642238466725	5.908534014869871	
0.1066814996608083	0.16431150500279493	0.43680483154563365	0.6094881820955818	1.3618956816274195	2.076602280419368	3.3052270594298823	4.726948205747856	5.814268136323496	
0.09061633503050376	0.15071138956932978	0.31867930459476645	0.5516175782173747	1.2770462774377815	2.1860789495125696	3.365888268619348	4.619888355541268	5.660835072449499	
0.08376468415743707	0.12876644887094543	0.37878414031231467	0.5332608363850342	1.362970391187625	1.9253374085787152	3.2579617834738785	4.062645354665484	6.400315130817885	
0.09169483694269491	0.13790166525694994	0.3973263231669622	0.6001933246475214	1.4181232549246765	2.2255956833713157	3.1458667789634536	5.43258909984927	6.38773926750825	
0.08013672369668827	0.13658364242283308	0.35682344167835994	0.5123876406563362	1.3511185512385808	2.1393358994810896	3.41034298251219	4.116359206852231	6.64274289769965	
0.09852752141485797	0.17437436243199625	0.35092032372879123	0.5487525422776344	1.565698750561693	2.711433293973361	2.93461724893444	4.565067400682482	5.597770730226881	
0.09747451563301457	0.14074336028661513	0.3102159079030238	0.6290849587008278	1.37506973248128	2.0914803004193896	2.8278294780189577	4.6425870137511875	5.33164939804122	
0.12179157827726064	0.1417529563387668	0.4004959665020624	0.6616973316760822	1.2263390378284635	1.9021405522826822	3.124405295446536	4.314821042969987	5.473180284496609	
0.08871827660199866	0.16238886194790894	0.35946121972465006	0.526075196915972	1.2786763727768111	2.2428648404154146	3.3567951514469163	3.3549528014552044	5.952565541132236	
0.09255618085103487	0.17158089280184513	0.4444653194497161	0.5836966069846635	1.4377359677744244	2.3690516806183886	3.530926558387202	4.573880945214938	5.843602214282728	
0.09233360746751791	0.18330488099928607	0.4213639413357361	0.6518898626386087	1.8717728488648526	2.1886152213441665	2.972073521903949	4.262207716205656	5.187309455948228	
0.10299866154888629	0.13268027329878698	0.3966795191513651	0.6862739517491364	1.5569959598980974	2.1242476905199768	3.020755114047339	4.576027746446776	6.342043177471326	
0.08700867332491763	0.1549185970674879	0.35559045121711086	0.520041989491184	1.2709869163165988	1.7130684492012744	2.705676672621548	4.8150066031441225	6.538446241606193	
0.09449276929087755	0.15930168557839514	0.34898479329334486	0.5862197756251163	1.4789644248609395	2.2690106913537442	2.9896618927731975	4.18804891267866	6.39137298821492	
0.08272521870573224	0.14943111601143041	0.3846176824461011	0.6199387730928566	1.6399538856301843	2.4648810919417565	3.3058673130095837	4.5643815007412085	6.066365380307773	
0.10249753738461315	0.1704718064656878	0.35708477309612846	0.5981463199578486	1.4757538385422364	2.472655367531668	2.683929226674092	3.2635273967612934	6.299721160133185	
0.09498210617753403	0.13833095557379405	0.369752612002534	0.5876508054792576	1.2835053569327577	2.0767855160825746	3.3276938413379797	5.004605524870276	6.601263130861582	
0.10530411202697013	0.13879290675703526	0.3446683396977046	0.6344470517876789	1.5140403860060239	2.321660127452861	3.2247401099855737	5.620956304886363	5.857724668683836	
0.10202598169658701	0.13833232075678528	0.41367163240391364	0.6452726152884333	1.503994389521175	1.9452453768376299	3.7231074199376444	4.940199192037485	6.9479796792961075	
0.09426951173994723	0.1468377758580655	0.3749673122107702	0.532808053160497	1.423160112482335	1.9705571802796162	3.2691066466757643	4.673302548973288	6.045998580890377	
0.08999016602730935	0.1640342668030868	0.4008292039402353	0.5435008345530384	1.4405730828817864	2.2886904979841836	3.135695477225037	4.167820166639307	5.419621472975749	
0.10188975864130907	0.16216986117937884	0.386140457221825	0.655522876695719	1.3423149196322495	2.2229197404221845	3.505992854285424	4.8151730452289385	5.621502855338987	
0.09564810391068782	0.13197564004932918	0.38816409811611685	0.5683472918044952	1.701727857438259	2.3720924729260346	3.0325597676241496	4.271795415240005	6.706809642252012	
0.10874525000676688	0.15007321907241364	0.36973253472066425	0.5065790105241246	1.4181250254799014	2.0937632092622076	3.1528234519971847	4.804378863280514	4.99207324017896	
0.1096419457242943	0.13691865852765803	0.3633379589609697	0.6076045432591443	1.6204126670642038	2.295673487707668	3.448618267638613	4.99735970307764	5.703755037507346	
0.09027924290124863	0.15173383362704781	0.3983819984134139	0.539870856554409	1.7316642593264664	2.214999503266713	2.7905911551342153	4.9293810385924	6.259526575655335	
0.08814891990190632	0.15913856334177465	0.3605106754896147	0.5704355198662135	1.4620383476737044	2.0985789372420824	3.6740535083082837	4.7956799330916535	4.914244984408734	
0.10067715222827117	0.1395424147436167	0.42869208489938254	0.5843277562236101	1.3064964281392648	1.9388707784358943	3.2499566943785574	3.8903798373492466	5.353401339288437	
0.11609145368514247	0.16067880392026307	0.3901045082095605	0.6296262693264888	1.3251388580833698	2.0971884041906885	3.3212323062898395	5.135495118041867	6.94661701212507	
0.11051874181841753	0.14999540875325715	0.35161275776886863	0.6019658720347614	1.1891022890750085	2.2443197438225964	3.350401315011161	5.592650885482959	6.184552419913073	
0.09514556860667524	0.15326514386193166	0.35258470974690115	0.5905298964716316	1.2519571409945736	2.2033792483257537	2.8941348215531884	4.753813477193886	7.397058946168458	
0.09317084392527453	0.15531587679189726	0.40619353437886535	0.6339326139449332	1.5155561430683013	1.6868447019015727	3.1206633047881973	3.6545991531897752	4.948728308959831	
0.11443875811178184	0.1640802552926074	0.4335978592574039	0.61891285192112	1.5791672356666062	1.825858067380722	3.09537545628577	4.86059777190905	6.406790217030476	
0.08918189590946489	0.1652454941191087	0.37860058038262023	0.525300471334761	1.3080700433293788	1.8281268292007218	2.9181768619367543	4.018156376958771	5.917883614937732	
0.09005556613826313	0.1471317671773003	0.3602386168527637	0.5804643430732177	1.4709023803422663	2.1580486426798466	3.447083425190504	4.27206840426976	4.989789447236708	
0.11426241295832539	0.1607341801896216	0.3839392995070739	0.6011947247172871	1.5843757188867083	2.4184424598341265	3.231639361697282	4.633480173378728	5.424348157234802	
0.0875530959819666	0.1422955643372213	0.3529844528107616	0.6021606208755254	1.3654379817398972	2.2187789310925132	3.5951189169307685	3.687089618301359	6.471275631234122	
0.09302108250228644	0.18807495868289578	0.3921692588063776	0.6334495530752635	1.1277418673740993	1.7342526489491916	3.714997747132608	4.373320753731099	7.1521739466214775	
0.11191663930781236	0.15279935596393215	0.37323872608135744	0.5773188167220152	1.5303684125189094	2.1093532351558535	3.1704627490010546	5.100167743490366	5.820127903271567	
0.112418481486453	0.139274470357897	0.37064639559148593	0.610994079594639	1.2046309871580043	2.1910220266149505	3.4959526292053185	3.289679676110288	6.7134861866952225	
0.11066831848585522	0.14742193467217826	0.3888185935203386	0.5517217097592687	1.3859393542865854	1.9314881894696325	3.1048699208338926	4.565065173216762	6.719994625046939	
0.10280818928814217	0.145682294870322	0.3078890628163172	0.5195353885153686	1.4076199319579379	2.3894928929600616	3.736867051197136	5.142281656037622	6.2155107399342375	
0.09385171158702114	0.1474267630711447	0.3459552296614986	0.6577800533012229	1.2193015685020103	2.034463500735265	3.06370461493222	4.111625364517182	6.433725917520828	
0.10644595394834287	0.13459244161454523	0.3531225820912411	0.6127757653939727	1.2744684918321583	2.1636059849361704	3.4695460261948057	4.754783522304592	6.752397379001955	
0.10546740111490614	0.15064887685569348	0.43013030304059513	0.6293690333765818	1.662924071842341	1.7406997741666514	3.5640681975647794	4.331374346755852	7.104311827230939	
0.0949638426492381	0.15641603984774033	0.38464627981100336	0.661902169548732	1.3881348480469522	2.13573037601767	2.995080571239983	4.9463791520725335	6.525767427587459	
0.10484868303427164	0.17214206416036995	0.32526796612838166	0.5720428470208485	1.7644263479864248	2.0586873602473177	2.6037413791044	5.194357791818863	7.0391384025333466	
0.1067871684669133	0.1491657620660841	0.4028178915934875	0.6525691410674788	1.6050402155701418	1.9239635227082306	3.45700537427801	4.345111488070522	4.87399132847017	
0.08698290950665055	0.1350576799791065	0.46440822624399974	0.5885473489878963	1.3750797538668675	2.171817791132264	3.450711968695108	4.44281792717984	7.342477381709322	
0.1063771823874328	0.12795841285835416	0.36380390257933604	0.5072175731300048	1.5212845125017604	1.9696248533978746	3.8018341948105485	3.6908350238926264	6.115674014650013	
0.11454675802734621	0.1745612913765767	0.3837841232807473	0.5993608730715384	1.3833299847709983	2.2123727851808033	3.6233084084586817	3.927778507538713	6.340620322716779	
0.11934342786799662	0.1335531797285048	0.4124000695300099	0.500033674955942	1.6542926850581012	1.852044287850741	3.538802460626878	4.439101924537431	6.111212860584098	
0.10125210886312436	0.17698932830119302	0.38760024385900166	0.6666394851318606	1.4896454286299108	2.2010110649293404	3.2667432686496074	4.251451030220397	5.7144124109954415	
0.09258502313933531	0.1618691582212197	0.34488418692624556	0.5927956603077151	1.3372663961009201	1.9958295613027013	3.213525762063277	4.784681161752073	6.627057142550821	
0.07408412489319934	0.13317329843622366	0.35171280849679476	0.6080653930212645	1.4452896067203644	2.382948030637839	3.0279983803099895	4.9139080581665775	5.671902700465631	
0.08230088972057265	0.15717522705515574	0.4091369455348166	0.6140058601649019	1.4057825066510865	2.0342598402830676	2.878856735257509	4.14082469443709	7.196018320217512	
0.11473739859933758	0.15118642492735443	0.42442582364809167	0.5093451229815616	1.3140852644371976	1.9814438583828573	3.1737316363767167	4.339386457355443	6.545701866893801	
