10	44
1	1	1	1	1	1	1	1	1	1	
0.10001733951424106	0.13690676663844403	0.34887305246078837	0.5229701134662698	0.8966823047071629	1.2828662443874417	2.1719781812717143	3.991393362772221	4.707158284709894	6.64026542425665	
0.10400637853197187	0.1252603720909734	0.3848089749315043	0.559040408774857	0.8533246709732629	1.3976084814433793	2.285673052251825	3.150808933412178	4.8864399927268085	6.109931075045083	
0.1031733166026134	0.14911346176687681	0.42886463767581545	0.5579439540971465	0.8700797795915513	1.3844953471405126	2.258008425349427	3.457088702116246	4.247869285355948	6.538114298542984	
0.0901965809608979	0.16069301927291074	0.39359156194966627	0.6010438580800854	0.9740005205050734	1.4129753410061952	2.204874888373004	4.031973888542989	4.902445474523621	5.674703740582283	
0.09694745114001128	0.16812308371726561	0.3649974303385905	0.7020464402698904	1.0011795645734647	1.2360883099648152	2.336691690834753	2.549186524160028	4.343221369870461	6.513114713598926	
0.08133753494016341	0.1804422527592411	0.4168002535711351	0.5412678541397666	1.071361147692856	1.156921750192883	1.9333703182187092	2.7900878169057295	3.61127165819161	5.800100528820494	
0.10191150749581351	0.1524193943942029	0.38495437733933335	0.6031548212041439	0.8201248597881435	1.358144631996304	1.558554548897812	3.6008561684679403	4.542574457251153	6.0409936101501245	
0.10779408368632998	0.16276456976897616	0.36627519708656403	0.5929872615551856	1.075650579181558	1.3463036202352983	2.4848031779731143	3.1361430863453217	3.641300045621044	6.053711984674273	
0.09641945029764111	0.12977601620084864	0.37692156811292693	0.5708697969764195	1.1042691240356801	1.568493927112829	1.9433220594062655	3.009415707798393	4.9502613906293105	6.72751002484607	
0.09666886598417716	0.14278629889541172	0.37516800637281467	0.6173990855065185	0.997484764045206	1.5411670534756428	1.9230395179833282	3.1330946731569247	3.5604674085983032	5.98588070336139	
0.08612149148169775	0.13902286081291979	0.4219536604169689	0.6234023771603812	0.9624641323393732	1.4303295682566453	2.45181317233236	3.0459536657837143	4.573624365553801	6.066114105115258	
0.09651460599986166	0.18207455409319195	0.33360479333826515	0.4891048353474172	0.9400433068859992	1.3437657667132032	1.6509001867804718	3.3721545405948063	4.60880255380234	6.673371908085093	
0.0944397694184278	0.12211468176608525	0.34434363501827703	0.48468909983952035	1.0691983045046594	1.573829625685599	2.425916895872009	3.4666000549652556	3.8698097561242046	5.757582013339082	
0.10792497091479417	0.12450922387469725	0.39674900372588645	0.6466984937329525	1.1404801601623438	1.5666416516838804	2.252140922687824	3.2592520156027898	4.744460659758394	6.366290718344322	
0.07928438322402664	0.15320155324250806	0.27950155602004234	0.46477066754049623	0.9339119587768777	1.498435891101408	1.8649218585336356	3.6054931981047833	5.183777212644312	6.483566534899962	
0.09973280387396694	0.1545938703992434	0.3842893373720257	0.6128389078384457	0.8347543356703948	1.376717033531463	2.1628095115159858	3.3595735499650243	4.765296538341971	5.400933048411005	
0.09827225880479876	0.14597353234221386	0.4544606411568842	0.6149856724968851	0.9926596426806764	1.572495669049825	2.33357097763647	2.588770927357972	4.419797064891959	6.40679453821779	
0.10130149108454974	0.12498025967269796	0.3403497047362826	0.5467301207601671	0.9605255180321346	1.4634826360527944	2.477625049318507	3.2541007890172526	4.591603732350633	5.197817976492693	
0.09844170713505851	0.1841007734647863	0.39300021944210006	0.5664068234809111	0.9686445780643004	1.578998013393108	2.257025838789162	3.5202641250539863	4.931693255689576	6.094085119258261	
0.1032905644692105	0.14102620088352857	0.35684000222531365	0.5951702082597313	0.8068316681807531	1.4827476837614206	1.978797453128668	3.308149775160497	4.7327577240063095	5.209962756568515	
0.10410063967496008	0.1190209229412495	0.40236999718803157	0.6361552457317307	0.9923405047577686	1.4791599290359154	2.0385922071489886	3.0931341051644963	4.222744800855748	6.617839367226365	
0.11690690504128964	0.15126643833276524	0.34244993097012205	0.5833166629820572	1.0210475050867023	1.5092144590191996	2.15729601781231	3.16409894833057	3.7402002047639997	5.871072554739768	
0.0961237302743921	0.14368220262866882	0.39070171664626124	0.7050271707078285	0.9318400388224425	1.5155565777768951	2.1369521247026766	3.2301557864204002	5.013343354528919	6.224215776774804	
0.10778950341699037	0.16859779014130089	0.3937899712578602	0.6146737344733522	0.9985345915572537	1.3372136295255066	2.0141808554371146	3.003403360114304	4.279231790069149	5.287855632110447	
0.0834360237360389	0.13767305999014895	0.2906170503264973	0.617034129387534	0.9391840245395313	1.5359802267257452	1.9495107628868138	3.4121502887538244	4.136148274617944	6.464477122578883	
0.08178090110443226	0.14644056513339226	0.3648340203152556	0.6478170109340454	1.0027262763164548	1.604291397023607	1.716936461683596	3.736268690726738	4.083471646622351	7.024860816166914	
0.122237087547625	0.16786617652649014	0.3474229164010321	0.5253313182830752	0.8644116281564842	1.5115754321961052	1.9213856147190391	2.646009521267788	4.986495707233056	5.639783185227774	
0.10914523971882024	0.16157472784394303	0.3875097357655442	0.6503615317591158	1.0677116289850348	1.5392786460797812	2.32006583312827	3.375984200643404	4.305124045117301	6.184978101318107	
0.10209081082242191	0.15733714063759544	0.39267650189972725	0.5725603222960901	1.0359680314087136	1.354601500877916	2.234755103055567	3.417387860238409	4.0275264319214115	6.937095624239703	
0.09958986418982474	0.1350952168210104	0.38001382572400483	0.5415301521677985	0.87606397441878	1.3442700619250925	2.120796155490911	3.693550281750036	4.547864190209068	6.098648964774785	
0.09522997511579406	0.15424988127863912	0.37874274714759393	0.594971816523552	0.9957572846648666	1.295365266334095	2.422293464309241	2.3739096947267	4.458109572373922	6.815232708710026	
0.11206734694547305	0.15237558897329284	0.34922306772478	0.5919957763257078	1.1710073988252865	1.5313529916374153	1.7843813617649915	3.276947042675385	4.230627719228345	5.238040917432734	
0.10482648267147442	0.1354453784825076	0.43883596656928037	0.680464685410344	0.8621459148496495	1.3167200052785057	2.294751192734047	3.5807730248788388	4.386755921113022	6.587073077727795	
0.11664449309374786	0.1549486264102228	0.3408972077617571	0.64713105872066	0.943315911174813	1.3840176466960936	2.3116176293452595	3.6422957382564065	4.583705150297571	4.632514691260075	
0.1011981482761472	0.15340444377699017	0.47826466355650504	0.607777288265534	0.9140673628008904	1.52864324873143	2.0854684845553395	3.0270088552017227	3.7825143406014217	5.6426845964448855	
0.08092204363795619	0.15424870552791461	0.3882017486490627	0.6417851701209841	0.8341075271390929	1.2242643611382504	2.5923547580414503	3.224443988481405	4.8149144930293915	6.079746554247268	
0.10744943733181773	0.1534205560829142	0.34952348878765627	0.6325093142372263	0.9582657096389371	1.1894272490787474	2.2133255051694136	3.1241883760231803	4.199958302946358	6.585205439676036	
0.09928143791804854	0.14937870149542978	0.383391486032977	0.5980585766323584	0.9209082984750915	1.638219891323043	2.0028873830310716	2.6855414196047898	4.520101891345124	5.436349320728653	
0.08903248495769316	0.1497639851768603	0.39043776924835816	0.589579433900962	0.8875240343886387	1.4013281846566603	2.139048779437901	3.2491284918315464	3.69350187698786	6.524335053226444	
0.08542392983151705	0.13993375941803596	0.32094024872470067	0.6100361521782837	0.8639151302476512	1.4037131074915854	1.9902787260969246	2.9074152853463664	3.370502934657044	5.645140643516525	
0.08789911923129572	0.15779381700027326	0.45907434181894385	0.7097955517404192	0.9224550973123943	1.316873083051524	1.73078241556711	3.113900472347314	4.0895279695100735	5.557637486089449	
0.0836782403828064	0.16054123494335112	0.3993506076821613	0.5450716815177418	1.0095944087948499	1.4385250654859267	2.2639981507766724	3.50158542908312	4.664245562208792	5.507634639445909	
0.11049305113276758	0.16159112179355983	0.4099195777368889	0.520241268884878	0.7935738613845331	1.6463370816790153	2.012809923277754	3.3320415446893357	5.042866443747242	6.979781240716356	
0.10574138109214584	0.1421683951213653	0.36910756423950725	0.6222419106516629	0.9462645595189431	1.3276131398786941	1.5795599289921363	3.0108342767277145	4.404152949559721	5.994219868023112	
