3	71
0	1	0	0	1	1	0	0	0	0	
0.14193481868329696	1.0115140617335023	1.4739967212781477	
0.1412236337958048	0.9771543778950178	1.4222054445716372	
0.15848866253458413	0.8870254910311197	1.4767765527489345	
0.1623000406428512	1.0133143035003624	1.5594206703643823	
0.15334851802022642	0.9718342133837247	1.1950444192644263	
0.13250157151007044	0.9764123817946512	1.621477010500975	
0.1635957562189502	0.9950710369343144	1.3425204404297424	
0.15554326414533032	0.8860420404937257	1.5274975527042602	
0.15427277608542864	1.126693639972807	1.6732970500176356	
0.1892054220428369	1.0335257379585083	1.3659080201930567	
0.13850404172591912	1.109226315110093	1.3298091153706917	
0.15342613620188147	1.0147119894478585	1.5244987695014567	
0.13609267407160958	1.07452938845493	1.2966264385339954	
0.1589989402534446	0.830080403088423	1.5306322365129443	
0.11805168533913053	1.097267754623044	1.5191472041868541	
0.1491825338370044	0.8632046086851818	1.5498953122800208	
0.14006097634000728	0.8811920294807044	1.743224057587383	
0.11889622939791279	0.969401944831974	1.418924818637125	
0.15673551357279863	0.9036971093265912	1.2826605651905185	
0.1576207759738626	0.8931292944263489	1.4668225555379537	
0.1468396290037371	0.8479783745139329	1.3092815647192546	
0.14623581203025793	0.7815435403249678	1.4435657536419932	
0.14255794241343678	0.7773042944906854	1.5576637491011458	
0.15692063390074282	0.7706967200829767	1.5494485649265815	
0.11616678932337561	0.8416830836848721	1.6348152738093045	
0.16143744717540406	0.7637460473944847	1.3799382181781477	
0.14518375445092963	0.9930801892257435	1.63947781951163	
0.1492080477790996	0.8906118711430336	1.5396846036433876	
0.14205578328997326	0.8696425995451778	1.320359299842117	
0.14809193945016025	0.8654463666875117	1.371292366804221	
0.16543549647947353	0.8371091302694135	1.4890583178262022	
0.12734120177761482	0.8853091373654495	1.6029354582616506	
0.15358962263586465	1.0517446357456797	1.3494428332095671	
0.14005866961843463	0.850593499137569	1.4034585458168043	
0.1416694697154034	0.9517031963542759	1.4036602710256336	
0.14856466710191432	1.0673947313086622	1.3891071550733642	
0.13541195147658117	0.7475026457343797	1.302786359037086	
0.14251078989815527	1.0982946012071453	1.281753522436705	
0.15153569987461812	0.8798667120722911	1.4186566968869654	
0.15699569339256045	1.0086989424238266	1.3114167536884387	
0.1616928453678445	0.866315195093145	1.2221402482133592	
0.18830787822749795	0.7904817600983377	1.5542627383716585	
0.13703703596637928	0.8923841364731919	1.54441945141826	
0.12490431449747305	0.8285120811386061	1.4512754436188362	
0.16770499836961286	0.8991837159170637	1.4754835366797476	
0.14852690990960202	0.7874942309370074	1.3894630589664392	
0.13538186564008067	0.9296461678038691	1.3909562963894369	
0.14966332458002174	0.9379967652913567	1.2780124905682337	
0.14888483474131495	0.8354088309459364	1.2914869164509957	
0.17537105205646009	0.8945456223505437	1.492650683607285	
0.15291800574563078	0.9597666753737009	1.2460502389801922	
0.1684799669419472	0.8212748215822109	1.2082037706883209	
0.1266723051185837	0.8643037701856727	1.5459859493639978	
0.17259555860915046	1.0439572641479713	1.4090429950731256	
0.15145647629494555	0.9769900436621352	1.22570414378287	
0.14205146842824518	0.7937950784236224	1.6433958630876644	
0.12819576470589356	0.9857540922306399	1.4043988101560225	
0.15010714571637715	0.9649213224424783	1.431270094193245	
0.16176135794984467	0.9754154898426923	1.4196974515053544	
0.1576129208125032	0.894177732249611	1.4144514436403628	
0.17060527245794926	0.9117282252180001	1.3046701584674933	
0.1879349710635448	0.8978813549755084	1.2525292900976308	
0.13439526173615926	0.9589861939547053	1.4628310534758004	
0.13432865128044572	0.943421788357044	1.4610122342683942	
0.13073771085384597	0.9742823855107343	1.3433714640133019	
0.15873501739847956	0.924720099490063	1.4787450216975582	
0.18500738955423845	0.9818573979888449	1.3276878829109382	
0.14233583676693615	0.768557489915291	1.606361298618866	
0.15123438724375024	0.7660178112692944	1.7387570633671414	
0.1383099336114523	0.8769857028555101	1.5888043028410332	
0.14771756243340037	1.0312325913907479	1.4012487339357331	
