3	98
1	0	0	0	1	0	1	0	0	0	
0.11075445649085272	0.8550197118385762	1.8193892322323315	
0.09331005445544888	0.9695777599191181	1.9761641512117747	
0.10485814178565721	0.8029569290181914	1.7525849331470722	
0.1025263327225712	0.6813911196228005	2.261431085197131	
0.09366069858032888	0.8422565133400678	1.9926417421950244	
0.10688198665723564	0.8578966098450665	2.096337495618062	
0.12604120194156163	1.0171408254554823	1.9265900950794195	
0.10688135826652492	0.79446868793279	1.9806445178268024	
0.10777141650598512	0.8049530388072502	2.052884251720527	
0.08462692568806494	0.9625250292344826	1.816876600127177	
0.0822300081244865	0.7276622924181602	2.2248734091443234	
0.09921090823680706	1.0764052101596182	2.183206269774288	
0.09819237579830203	0.9666922478854082	2.275152098026857	
0.09303791247596421	0.8252208442610206	2.3814676714759186	
0.10699424300239763	1.0643179849003592	2.395604032812855	
0.10380440344660971	0.9855460308249493	1.937669109925879	
0.08544758801367772	0.8786125013443036	2.487348344623463	
0.1083351365369111	0.8304049147267558	2.2885139121327187	
0.07561122904972707	0.7967271920704607	2.099836390390646	
0.08484939482942495	1.0177408191901114	2.0433369098469987	
0.10933795452015614	0.8487211472156897	2.219178724911106	
0.09961670437280667	0.9252948667687172	2.3631535862978	
0.11095209685490551	0.9223347646563432	2.156241332870469	
0.10967481730716894	0.9859385673493041	1.7705861454527645	
0.10753656761083422	0.9439681396103593	1.877205325191851	
0.1046034341102805	1.0073181408757068	2.168016336318088	
0.09324307820130184	0.9230080744334254	2.0473765241521074	
0.09882119257158001	0.9763340293797863	1.9516850470845772	
0.11583268325690349	1.01134141552678	2.008029465097027	
0.09038126694323675	0.8222361479565377	1.9522063464589505	
0.11066650048599072	0.8315032149216502	1.6959845024561706	
0.08450419834834783	0.8942047876546788	2.112776133626771	
0.12010262510074435	0.9515790058670952	2.0205568964228453	
0.09395433845545054	0.9427798833689653	2.5316255028044083	
0.08679109567570718	1.0140288504927137	2.25298582238586	
0.11725356659810093	1.1089556187657474	2.0467124080306336	
0.09883015031216918	0.9980055948097816	2.175552298657148	
0.09798321951229565	1.0401304728897698	2.073557081090589	
0.09793458566539419	0.887406108594457	2.0877304617007755	
0.09542259676865034	0.8794572711822827	1.9095135310824674	
0.10713296527838592	0.8677161641275558	2.027004372869817	
0.08917413343076153	0.8686014941658678	2.1560189059234145	
0.09336968084876868	0.9187985170998876	1.9762944821536286	
0.09489383090986145	0.8401969427425474	2.488005905542407	
0.09119764807065714	0.8726583472447235	2.6390205861113527	
0.10250281761146554	1.0828465188872403	2.2379869231663885	
0.09016177951529065	0.9938002951599513	1.963926375864427	
0.10020929432220656	0.8921529704891203	1.9123101615876914	
0.0924153146166255	0.9305302457362719	2.5328677834637836	
0.10481003673773437	0.968904639508152	2.186865537609315	
0.08712533180660592	0.9787367448833573	2.027771853311347	
0.11703717222290516	0.8190347372428058	1.9579035245008112	
0.09650384110815992	0.7745368297320225	2.118097209572496	
0.10089569549693617	0.9487498409222246	2.2500658044217072	
0.0900426401958884	0.9190968096981457	2.2872166268660576	
0.08547895924941168	1.028281765851575	2.389542177706011	
0.1078507089680574	1.1845077145465477	2.405440635923984	
0.09834932662562408	0.931501887670918	2.2068623773782567	
0.10746337013020585	0.9691071202692094	1.7987080367465211	
0.09732606309847774	1.0153495821262162	1.8594939032631204	
0.08247164972149018	0.9100226241663868	1.9486140522843165	
0.10556483427019359	1.0616631229447413	2.518362037430548	
0.10044214103072449	0.9831544052290903	2.386685931430397	
0.1118014552739286	0.8213317175305042	2.0319233890883885	
0.12178198547508248	0.9874842342898503	2.080433451695107	
0.12095342276080763	0.9923657300202466	2.1227261554144543	
0.08359039431876554	0.9103421948612506	2.319237932870931	
0.08099063355265604	0.9894118210922799	2.088594107019882	
0.09799349163145797	0.9035548150715355	2.1638161319923936	
0.11287503385102396	0.9172425018856729	1.8600935354276897	
0.097294341207179	0.873194399723423	2.1923294992753357	
0.09546715985370302	0.9343646400489309	2.030869326532117	
0.09738623565607685	0.9362821693007369	1.8033600013664677	
0.09276361704915244	0.8175813140701933	1.830653664205871	
0.12359528233879868	1.1159486955460116	1.969737402653157	
0.12043312307167164	1.0621138264436463	2.0665606714497144	
0.099941404681355	0.9830780619194986	2.0342965002502535	
0.11354930140652951	0.9200812341366246	2.4443758113696714	
0.09911170928175228	0.906472717609038	2.01705774504252	
0.08070995179432117	0.91027623818973	1.9314860790098733	
0.10223796700515334	1.0438310235483756	2.086323271636625	
0.0918207424312573	0.8639963140108793	2.258587494826278	
0.10644555670086325	0.9777202764053566	2.071540190425906	
0.10031141306129254	0.7722982644508997	2.234368489581342	
0.11226698791409594	1.0219945488897273	2.414910873230051	
0.09278892627732876	0.7205060435164364	2.1905633527899826	
0.08453389737685674	0.9770521696368252	2.015064183352326	
0.09877698134248998	1.0313719546742748	2.5319995350008573	
0.12654885466564292	0.8886903056723456	2.5254272230779855	
0.09057240881909084	0.8720593976236859	1.7976332535779156	
0.09913988667366995	1.0048462567331884	2.315887129216776	
0.10058048858116585	1.0288928217829827	2.0808139848744087	
0.10056676832152359	0.9090663822260342	2.4529693490593645	
0.11843099174866306	0.8632156955812321	2.2232330502013524	
0.09331429192509105	0.886784641701163	2.329989925973018	
0.10449110488023444	0.8266830360613527	2.06936409098159	
0.09207387237150925	0.9922801974898117	2.1970637410625	
0.10354217060445543	1.032097075213228	1.9962231874959218	
