8	37
1	1	1	1	1	1	1	0	0	1	
0.10288108988142453	0.15289016978449588	0.39515719063643445	0.5483635879477412	0.9503168331060384	1.362514264917682	1.8911424854564547	6.74679203140272	
0.10535691437122718	0.16153290681516422	0.32147922463442546	0.4314663890199129	0.7854433427608648	1.242670238807366	1.8125543678812375	6.680495701312646	
0.08410356478625274	0.14859533835817376	0.4065756420445925	0.576267726992797	1.0927202425657236	1.3233200702675454	2.1861203321711975	6.804393792739093	
0.09710125189890302	0.12060073203051802	0.35302307379263337	0.6181635115912334	0.9134209976644259	1.4680236599607208	2.255077480393547	5.290124621407702	
0.09520767325666536	0.13835551653758354	0.3954548692487786	0.6301280354287532	0.9141705625110634	1.3178506647360313	2.2281864026642078	5.44325691361237	
0.10650778913452114	0.13255938641155543	0.31679635421613433	0.7858702531997532	0.9298314901255867	1.3841779276891433	1.9390725022225088	5.639535133008438	
0.10884633866823956	0.14727536898613527	0.3910533134463126	0.526752685731655	0.8863336676617722	1.5983663966622892	2.0337557218582187	5.205694248015364	
0.10541475387868789	0.14891307535681594	0.3458231140645149	0.6382397575054518	0.8849764614387848	1.3787194257359023	1.7934409096885224	6.799505410164313	
0.10038104934894879	0.15310770786245761	0.3364696008755959	0.6765305733425919	0.8908965721354722	1.657198598103776	2.2000124050701952	6.430408161462176	
0.09684302559338853	0.14151187595382592	0.325895893009437	0.6629248013558908	1.1589235024782192	1.5888546367040322	2.3419792551804917	5.621801088212388	
0.09406619403292077	0.15067822593257243	0.3462111450529108	0.5668303141122804	0.9611068793312578	1.4433035278827164	2.289427228588799	5.451285301650511	
0.117388579243807	0.17820678539420473	0.38847456027406413	0.6678531501466737	1.1469152912553866	1.373000380593216	2.1620616860408686	6.911190035029733	
0.11958047571119264	0.14748595567610953	0.33793854232224213	0.5413645924384589	1.086477641477517	1.4574305497291418	2.287331328891326	6.375863632266595	
0.08895506860623509	0.14773264997780552	0.35786766089288824	0.5819028505644553	0.9012247395298494	1.318501263650066	2.3213844902707863	6.697703729631257	
0.0969965100290329	0.13973110000824274	0.3470300353267106	0.5796136198057512	0.8402283364150915	1.4474593115233287	2.0844676269038165	4.561913839822387	
0.09951756607309466	0.14613056044199363	0.2985246725770117	0.5520583000753958	1.0118310441034808	1.3769654559260678	2.027492461503436	5.774732018637785	
0.10069353966909614	0.1170868993279257	0.3526821085213146	0.5571466564284108	1.0116055605794816	1.3624756705306773	2.262465645512609	4.967049125142775	
0.11420519948726574	0.1681699817677267	0.3561529166042944	0.5784915657457607	0.8564136722543289	1.5747638156186143	2.1591752446930674	5.374394475545211	
0.11861423976532202	0.14279039278055286	0.4228105930606701	0.6105395179647338	0.8362614022906502	1.6742284423354168	2.4467117763961186	5.339303546279369	
0.11372447068382041	0.1637373201636659	0.3670801697794295	0.526411996398205	0.8915503948804812	1.359028767064756	2.2095996726470184	7.502496292021479	
0.1112976465379802	0.1358023048358847	0.395827031930889	0.5648839561881157	0.9474005153822473	1.491866717027824	2.3434852212229016	5.068465384409737	
0.10916035636298196	0.1298605510722175	0.3552796960450251	0.4968997643520646	0.9630949521023645	1.4929042851232255	1.857628004074007	6.212257522600273	
0.11118053016138883	0.12798247730709253	0.3740233720009117	0.694464767939188	0.993314440290885	1.3519365532522178	2.697579383405687	5.7419811546872905	
0.08146988763491486	0.15887614367596567	0.3360992901293433	0.6711023818570799	0.8150236056181558	1.7794162870450625	1.9035371596940418	5.5808045628347305	
0.09381023332421781	0.1531251102542834	0.3975460103062233	0.6985973556354542	0.9887140872127291	1.3354467080448884	2.2569584864762477	6.283359460752995	
0.08527336949361636	0.1557739770892028	0.4255197741701023	0.632441792190362	0.7070720508134034	1.1995899054345918	1.9993911720855264	5.75981011781365	
0.08471715593900789	0.13722327249388822	0.4249312829860088	0.7174628831298765	0.8446270279857648	1.1953678196244193	1.9192284501310477	5.901485565259595	
0.11488963743969188	0.16500665915866455	0.4694210616407494	0.66988888122511	1.021554525161679	1.2056340012273132	2.1898888592096997	6.1834466128966845	
0.09514807336651826	0.15566096027376092	0.4188667885178673	0.617487244776919	0.8828330794874455	1.5933138637873046	1.9343091978207787	5.694404503676721	
0.11452329728262763	0.11152426181637794	0.4506967328070574	0.5735641667088016	1.0244462940274142	1.4940254772220412	2.0960984512823457	6.609211242786138	
0.09873364769640551	0.14210156848266256	0.3511909030873887	0.574942295151232	1.107417939320909	1.5450064898873712	2.0708258325223845	5.8172887573001475	
0.10437883945314519	0.16069056287401526	0.41668480781235445	0.5146536561524784	0.8363702859214153	1.42128708878941	1.7835578142778472	6.669926964333169	
0.09430020946527579	0.13229917472167016	0.3817641429131728	0.6548719107212423	0.7515594898746008	1.2045765479690196	2.6250601794786395	5.125496637472806	
0.11398821156742858	0.1535139339779036	0.4511536081047998	0.4995716724578247	0.7669022836624945	1.6972103842902941	2.105045212591228	5.559628209813007	
0.09463820912123959	0.15690515534482743	0.35701873938226447	0.632556586750583	0.9320711966287367	1.4091240191095245	2.133813083388655	5.813080070292354	
0.09506610709011823	0.13654524688615408	0.406331375338068	0.5482669867938187	0.7840864496686738	1.4732754608367122	2.0618275954332854	7.004902094993604	
0.09877505630628054	0.18093314430307073	0.4596284588769847	0.6630390321129432	1.0166653665305687	1.4220571802204105	2.335953216286645	5.615017763407001	
