5	36
1	1	1	0	1	0	0	0	0	1	
0.10320665080230709	0.15223246129357224	0.4352137467311087	0.9397353109055129	5.7643146219419314	
0.10868022171840369	0.157882060392791	0.3749058668144197	0.9387820214224215	6.615081604255572	
0.09874804699308706	0.1506628331190558	0.34079612519763647	0.9424841146467052	6.099965322362745	
0.10422645961161983	0.14736621380243298	0.37212652103630806	0.7349440268712665	7.099354093254779	
0.08540617288117755	0.16029415175777914	0.42839242251838017	0.8329639790221844	6.213142157935744	
0.09779147945999245	0.16483083567675297	0.4194885280681135	0.9970713447047735	5.265146322053513	
0.11074027888743583	0.16482241832176328	0.40091910866834557	0.9142693425242125	5.7462908296819775	
0.09715695733425886	0.14252909645242556	0.31034075922974697	1.0341061706869483	5.911650542216053	
0.10107800578858371	0.1739672017928043	0.35688650618220974	1.0864840191595322	6.25932803914891	
0.09746174950224766	0.1435706660647952	0.3830607661299479	0.8295976030748626	6.622755985239895	
0.1008663254943562	0.1400371370796974	0.3850439039413033	0.8360055240437702	5.356854549062225	
0.08845666746909626	0.15690582706873443	0.399328427155061	0.7754841959649051	7.422385072828652	
0.09197418464645984	0.1338295866941194	0.3467787706952566	0.9050980858421392	4.791105856890876	
0.09072511933406474	0.16994080780413734	0.3871001659702163	0.9415516490131498	5.661107092459944	
0.09851827642528084	0.13019352925648237	0.38648506331061006	0.8411815520982968	6.034867147413881	
0.09163934584110241	0.11209239743539864	0.3694201383869549	0.7940577202698744	6.028200919242648	
0.104799614116098	0.11985575445291036	0.40947778727170503	0.9957458396854189	6.0168861051579405	
0.09040166072240831	0.1705863307514017	0.32517563590614573	0.9347406123570602	6.169559921621339	
0.11262550031440893	0.16709147834776303	0.39364761025101286	1.1257963232722166	6.784675372390548	
0.11368072267846388	0.13433119210530292	0.3715528932196145	0.9757615773853955	6.309985649590251	
0.10741625558604005	0.1559558057301997	0.41983374250837113	0.8443310958601199	6.499980518676216	
0.09421821069635251	0.1648054165124497	0.32546100863337246	0.8373971364586535	6.757120181925441	
0.1133667901059483	0.11995435328216054	0.42988686156105815	0.938814411188591	6.444024424229286	
0.10884291396203116	0.12687759469270699	0.3508355278700702	0.9862889257766962	6.269844276254235	
0.09497056259752787	0.16153427314511612	0.39260091815919285	0.9142822911414374	6.291366892543228	
0.09329082680128661	0.1649965988474024	0.4463101465697648	0.8981973620348589	6.212722814651668	
0.09745515869190254	0.1380851332996723	0.47305401357183746	0.8916848719110056	6.225626934996819	
0.08767791190909582	0.14391330786439668	0.4237026381278417	0.9606412423941243	6.606598354980912	
0.08950314055142686	0.13586581208322304	0.3626247053414883	0.7834009403500521	5.767546908039533	
0.10169690387163613	0.15467534277167552	0.412428125437017	0.9975132325589384	6.341192373139134	
0.10237629647233193	0.14389243555405318	0.3672673072177152	0.8686234624018918	5.016174975926116	
0.09011347908411876	0.1435233879683978	0.37938982742044697	0.8657510720011945	6.603170462237423	
0.09963943249402568	0.18235007835308367	0.3712567626459395	0.7970276988168488	6.585915968554573	
0.0911546369685689	0.13142448831339706	0.40227390874733543	0.822523993888561	6.6365452317632805	
0.10787969863250035	0.1635914953272213	0.344890500850393	1.0942645067286674	5.624760565368692	
0.08939507362614052	0.12634743624112987	0.3554745126714403	0.9128809652686282	6.407912614390936	
