10	65
1	1	1	1	1	1	1	1	1	1	
0.10195355000739599	0.16666831928751205	0.26572120518646725	0.717312197517027	0.8946249802177111	1.376888669710001	1.8796594332286116	3.3174652358324037	4.595078767097802	6.859518326970622	
0.09709949689945908	0.1339857894087899	0.3653785441022631	0.49392736453439173	0.8612426724637686	1.3770576005387518	1.902877496177632	3.2900636475165173	4.690591168607098	5.679930333681719	
0.11842014635101435	0.15696028862117262	0.37219494232988976	0.6812118758424619	1.0292993596082938	1.4953332668716315	2.49176505801026	3.1214371394059657	4.242324250469387	6.728557686853297	
0.11752596794113501	0.1395970003642736	0.4394412688439236	0.5756783414780673	1.0053459642184415	1.3476137891865403	2.1071546685498252	3.322782587725536	5.536539906819828	6.610983471452334	
0.08906155293739104	0.14684563684358645	0.27612495251700947	0.6583874775695391	0.9028971420323347	1.2574793695598394	2.3253034589498265	3.5296673110496677	5.237572447082254	5.678274569746986	
0.12440846050571247	0.1635452645191903	0.3801877951276212	0.676347517093189	1.0285055573193254	1.3972203328032928	2.158498128462265	3.3335871334307106	4.312545591507165	6.244752314360712	
0.09377845583045746	0.14805211650875708	0.2858993809648911	0.6129548965110939	1.0040517920315344	1.2477399977740116	2.355411600503134	3.0847135213101233	4.5587839008913456	5.107358750602665	
0.09435120961600718	0.17798287146885847	0.30915857637008004	0.609490636435084	0.8870979930184317	1.4619438814043297	2.281668513698532	3.403927117391441	4.208286639746043	5.9421703713917005	
0.11206130730697086	0.15362135619250153	0.38602596709574744	0.6214146290055024	1.002639259468202	1.1736114829782682	2.47628553118211	2.9047282847573155	5.020885519034078	5.73536467784151	
0.08489019276345727	0.15101889973971924	0.3684490027621004	0.5822117680566752	0.8877512851002083	1.1613219441362488	2.0418963094260114	3.1724764640241543	4.954890074958372	6.146896905640167	
0.10633267351699072	0.16718911300815267	0.3728146177324252	0.45458773024147736	0.8256648287194369	1.545050755531842	1.8840674657425063	3.1695197306036835	3.9408563876022997	5.549284162252538	
0.09786217006324759	0.15440359190591788	0.4003778763394628	0.5605012231112627	0.9835129241071761	1.7246459299185275	2.3564376210397064	3.698768927093921	4.056144878134173	6.90774612036681	
0.1110357258683663	0.14504490964822214	0.3710386131178079	0.6290174517635356	1.0342032766083773	1.3185140289689763	2.296986557939432	3.3978821668815304	4.839365043015892	6.571321373983821	
0.11056753956834309	0.13884171822389313	0.3373699835049299	0.5469850659600467	0.8358167877408216	1.3827618462464757	2.4263907562476468	3.0736915006377084	4.6359088521692335	6.1846602779727515	
0.08571053294155323	0.14984066518313996	0.4200926475403292	0.6655146871703925	0.9187633524531506	1.3934265557100896	2.212023445259178	2.793747166303443	4.129814302107264	5.103628623832524	
0.11481942108379908	0.15774981448684033	0.4022697057652696	0.6173029330431007	1.0231358215732869	1.4524182006497293	2.1799676339435745	3.2798806582554816	4.651106292404826	5.292026163528985	
0.08675183181854232	0.15249098959602447	0.4053800192409624	0.6511899451813195	0.7564319921016698	1.6239189463628636	2.438984799166006	3.3175694674310923	4.276173658966593	7.0041490297465785	
0.10764577634685411	0.13708351796597662	0.3868538894564608	0.6168430356406401	0.8679082344833329	1.1626551627874542	1.6435566770115617	3.715940205927023	4.86761600622906	6.254453021158905	
0.07500234153260789	0.1537513899763391	0.3759467802460125	0.6079288114028465	0.9231957820432244	1.1942682701911693	2.276159608685776	3.2702941135985575	4.558572160294265	6.500507754729194	
0.09720342762457938	0.14481696707419836	0.35823398883689034	0.6466502919163933	1.1270807367863593	1.8433229310881216	2.3249329814346447	3.729052442862407	3.8435786529159977	6.342113831529833	
0.10309165450523167	0.13517986085291817	0.38817649476077626	0.5736058372789656	0.9424993855088111	1.3997430345427488	2.2880136288175787	3.2336800856320593	4.909179490502333	5.081776104846414	
0.10501422578050433	0.1421572428628045	0.2877212990503325	0.6893633629001198	1.0019848534107236	1.2720274888837806	1.9529389535050792	3.2568782516273735	4.707363912373973	6.827751760595957	
0.09689564311681953	0.14463035810210137	0.30742352372421217	0.5386513501229601	0.8415617044906925	1.3116312738311229	2.3054456123972114	3.6927927259139857	4.00468811700665	5.876326679013562	
0.0905069408406657	0.12788250313444335	0.37547220228256434	0.5976015405844334	1.008339424850748	1.6932425507060138	1.8514884206195688	2.643192896488776	4.537666364264689	4.756192991960365	
0.07797680354580576	0.12224060793782239	0.3627149302296979	0.5886279305699217	0.8704147460982702	1.3278288443975568	1.9333244069719027	3.2296190603956463	3.823643624725513	6.97596219617305	
0.10282481491064542	0.16135649259365242	0.3703460135027205	0.5463036310853224	1.0224897642247206	1.5108261673774013	2.530150022473469	3.348385521411824	5.12601939592858	6.34149084164801	
0.10995800191732218	0.14055737918962372	0.4468723534638635	0.6413825651534358	0.799985908662107	1.3981009536588087	1.9102889314039673	3.065778502127304	4.127331783658268	5.053342413281038	
0.0990106810741697	0.1494327288754525	0.4223633829960296	0.6041662790826523	0.8566053412818957	1.3602933535482118	2.481182269200319	2.985204615854305	5.5604570891511	6.153845728610714	
0.08034310187968431	0.13385585208112938	0.3195230040167375	0.5823392904826489	0.9512133292323623	1.3422284765250958	2.207456430602372	3.4004134209207697	3.8262910903949123	4.4467045900510325	
0.10029321635453475	0.15634979770726196	0.44191113126023446	0.6727715999214318	0.9238838127786541	1.3129082183905463	1.9019294774696267	3.577250600492254	4.447432782376757	5.693933086501346	
0.10903419741632259	0.17114139608452095	0.3013864330049163	0.6252785003435832	0.993488578259368	1.4000393386650474	1.9100702159564364	3.18496230891612	4.156167030041646	5.357228779327402	
0.10729493680701281	0.13236089250054336	0.33632103124512275	0.6680407802137348	0.929038732118925	1.2608982569010427	1.6815722577281367	2.795283991620603	5.170269331544013	5.58658423354003	
0.10179699900911861	0.1792121339149689	0.4305925781049986	0.5002433282098083	0.9470282220983609	1.1098294483074993	2.353525040019214	3.6845012244006434	4.198873350439569	6.323344946897359	
0.09689702949675316	0.1464762950083319	0.38765814149389227	0.6848824374617816	1.0081906890398986	1.359487461005871	2.264272123941484	2.704512185246051	5.156902792984831	5.346728982140474	
0.10752645471109312	0.14459378567355252	0.36740076859212334	0.5074347891002631	0.9290112463800885	1.502936125083503	1.9317100404406227	3.5061090211382235	4.098717346362559	5.506649386522573	
0.1016631970957908	0.16636838627054143	0.45467256842189696	0.5874368474742581	0.7535938316753746	1.304419473634242	1.9093355074205731	3.7751384515610957	4.481225074954071	6.740285597852983	
0.10245086333846308	0.14051121542359563	0.41804725327504777	0.604894084402747	1.0030796355782672	1.5100818882813845	2.462359913317917	3.7426710700895267	4.536087854823726	6.647191958885271	
0.1162827809448922	0.1737682315217671	0.37963670893530976	0.6421341383358349	0.8334188601676636	1.5457434733719722	2.029682447422098	3.845396682829308	4.734855887736119	5.727695725842898	
0.11658696697604265	0.14120377703076667	0.40141940614583194	0.6160736410328731	0.885511734581598	1.4642425511987627	2.448135445220731	3.551812188594904	5.786063566604963	6.559263771796985	
0.0933650628395776	0.13467555182997837	0.33930544008150687	0.5557880114460445	0.963609407723066	1.5909155521236131	2.0690627961182875	3.208284449701061	4.3335466506549105	5.143469953718595	
0.11797545299707067	0.16539451348747555	0.45544277428306584	0.5360791562223465	0.8808057972472657	1.3754354568894682	2.3911614300285335	3.6626889034651517	4.348366895704681	5.006453865471759	
0.09682378463021858	0.13107114907171838	0.44239310981090124	0.6760385260403936	0.8637577989371628	1.3939206407839801	1.6627064337268878	3.178298506715017	4.287831259598171	6.0598393307521645	
0.10367277025919086	0.116222144538242	0.42229935515322475	0.6540121299459186	0.9344905177063789	1.604729339868125	2.2800108761063798	3.0885069656721607	3.721019056250987	5.74679015581269	
0.10803228069528843	0.16053065782679535	0.4844833959526613	0.5913789566267854	0.9057612765443245	1.510062474838828	2.0491813655751345	3.001400660173972	5.265015216305879	6.2428549078431885	
0.10858038007537336	0.1430363446415019	0.41434609323311317	0.610856325016994	0.9193763222445216	1.4564770176339903	1.8459808059315839	3.45220734588921	4.90032317676546	6.802199374153352	
0.12219546555869149	0.16671650070100877	0.4357567872004048	0.595285589202229	0.9548138182314815	1.3530435413261117	2.2473390009641356	3.0934976582757443	3.852779837629228	6.499127047254556	
0.09833179829654988	0.17668051221734013	0.36551499218425465	0.5818886875757577	0.8165851086919361	1.4682883407385892	1.7348290761819478	2.9365111545780236	4.440443682952307	5.424977491841226	
0.0881354546381687	0.1260918477022552	0.323946394158008	0.6522282785009957	0.9424819697442907	1.3403998957844394	2.4729468379311155	3.3578770242325686	4.9123465952570555	6.307255383920373	
0.08374501286859515	0.15497986277141135	0.4029162838650995	0.4702575338540686	0.796412252766863	1.5124268308535647	1.9631364779262477	2.502315995711956	3.8001405195899696	5.666326388158381	
0.09393849124260528	0.13452906811681464	0.3435826451675997	0.5872120246360247	1.1041790251903236	1.2017390190427493	2.3245328418217	2.8410633179657867	4.811968206021638	6.690701146502798	
0.09408427156014601	0.1764802920529124	0.414400914739947	0.7737522300257833	0.6847029162325006	1.5621629960500663	1.8801252175976149	3.2636721908114206	4.323019467103838	5.148027387455345	
0.09516348050260992	0.15287214195017224	0.4289507480368055	0.5258522531481814	0.8594128367314712	1.4483745359508995	1.9693172186112777	3.4221637667662153	5.456947409892383	5.947877046340119	
0.10170543509451678	0.1527752119927379	0.3744967707213585	0.6095155525380241	0.9257658912470156	1.4674868871713085	1.7970610790762742	3.097986234826516	4.63219263627723	5.4206815134467465	
0.09251190972332379	0.16121007990614852	0.39549444766855085	0.6663660693672357	1.0625002115571458	1.359628370735096	1.97551252393023	3.4474974327218844	4.467462369635093	6.725305349328338	
0.10218631352080532	0.15828328832951719	0.3704852142456985	0.5348083922825619	0.9087740826172803	1.09584393282104	2.2308800511936466	3.519944806412833	5.33119260192716	5.8308062298756	
0.09941557796305327	0.13496176325797113	0.3622622250193548	0.5857262941347144	1.000868503152229	1.5764844024742273	1.924292235118949	2.5649677296230533	3.700336880003749	5.925457811176194	
0.10315571617918534	0.1618745411465814	0.41205486149266274	0.7028731051573078	0.9913133808715203	1.4632248550721825	2.4596574363908608	3.0411006077754945	4.737435050833236	6.590008771629204	
0.12448366338815037	0.15172454800262564	0.352029529051181	0.5763070676517593	0.9803636829468263	1.3760411635978238	2.2974089070449324	3.006354681649967	4.585641651059963	6.1267390481770505	
0.10897015994224746	0.1467460195094042	0.33930175550959357	0.6113359587241406	0.9355608194699486	1.5652034168692495	2.333746856333928	2.8968631302401113	4.415460050011004	6.615965269450568	
0.09569850682715422	0.1840696029698102	0.43288826864800184	0.5163585939901348	1.0239343047711136	1.3125170608914543	2.380538425021303	3.2628966416861496	3.9894199512825455	6.101468386318009	
0.09348821455524715	0.15500650032338073	0.39586492536885337	0.5837944533448111	0.9796822069503566	1.4616520631232637	2.2461636863898637	3.1257581878343608	3.2878779219455914	6.265810829975251	
0.1096308821275074	0.14248184938660852	0.3936774045606654	0.657125572356676	0.9677079970774556	1.5595556931387442	2.3701001500764267	3.443788091552151	3.8349068166818943	6.418159720925658	
0.10714920785972276	0.15891044421091413	0.35462841303606296	0.5323399379258784	0.9632933741438042	1.6245141740321178	1.8322904935617468	3.072740024731169	4.951731024328113	5.717632684307285	
0.08426006739334715	0.15635807246849293	0.3684634014774375	0.6257204817591624	1.0581812618248805	1.4352089956372815	2.0537347530543903	3.5556783137988446	5.001892814611747	5.952288887842471	
0.11411773544767244	0.1551879436485725	0.41677536596056625	0.60116642482765	0.9356838058343233	1.373024833030028	2.299545635996956	3.11994615339535	4.883135968789494	6.48962081791713	
