10	55
1	1	1	1	1	1	1	1	1	1	
0.10347968848591214	0.15245966863283422	0.38873683203987885	0.5832530133744791	0.8646195075339987	1.685693064706615	2.0613713091747363	3.0452607534832277	4.253022458468746	6.063952542974473	
0.09836017842753852	0.14921542548246694	0.3590879558193511	0.5855340404283297	0.940644379806313	1.4978282330750807	2.0738825737271225	3.711787974516898	4.168021620511508	5.3986718050879245	
0.10921124669265936	0.16602610133514795	0.4229691207407468	0.5835782342084364	0.7064562213089008	1.4126290463764752	2.0437896406851137	3.0910086793300073	4.239059490720847	6.275599124102667	
0.0985120067408158	0.15316986950826503	0.37841991309196965	0.6257541787289961	1.0406117751981452	1.6499888791056372	1.9927585813392446	3.633540700155462	4.437222641773028	7.574667685594208	
0.087582869624744	0.1833572082998851	0.36917343141261183	0.5619800268952748	0.9152634781317903	1.4368451956099306	2.3374100076986895	3.2335353212083278	4.412535818277861	6.861602616354747	
0.1016819932024514	0.15948579898923035	0.38939308761635044	0.6762186351219522	0.9258151002412537	1.5314890146641627	2.218813425098765	3.6969212384143897	4.622383089710484	5.791233729830144	
0.09407020676932798	0.12989941910249297	0.459854647584089	0.5971965834973891	1.099533017979187	1.289776945164352	2.0074510381347412	3.1695408773757707	4.616799436619528	6.6313275587945455	
0.1046523339110974	0.13890731808949638	0.4044611141052995	0.5063569395302993	0.9006254262374157	1.4241269805323507	2.4036059338185156	2.717226982045446	4.215783036931181	6.78299612341516	
0.11664051872470034	0.15694706074733974	0.3615954853562732	0.5569377786913547	0.9676109263730911	1.7222004357611016	2.116239145705156	3.740451271738813	4.231829970933887	6.300704740236609	
0.1010371202222806	0.1626010941009145	0.37371802785163816	0.6323985035054253	0.8140528192747967	1.7246964823686826	2.529742477707384	3.395186204796878	4.507086429460255	5.474638552427239	
0.09955409933334987	0.14532404372997473	0.35816093349648986	0.6639771202874579	0.852007084615038	1.421078799888785	1.47876599723424	3.9014411469463566	4.6133507290637406	6.238011641496767	
0.11580966829408737	0.13982529968535282	0.2889342776304972	0.5285979259403424	0.8740234079014848	1.4414389949199922	2.1684570536540217	3.3790676371211403	4.523498865937142	5.779337594799284	
0.10677564705698445	0.15861073119382038	0.34613069200242763	0.6198685674996528	0.8227094961211338	1.164275384100775	2.513988338906523	3.613066813586187	4.054671309000128	6.207051319297943	
0.10868870017535917	0.12078037388359826	0.339796338737541	0.6007275551043304	1.002450005492345	1.1610294681394513	2.582258506207385	3.2758928600169237	4.9110862868507015	5.241829584600632	
0.10763309719524741	0.10955772186362221	0.3179697957054026	0.6145796604413295	0.93097530188381	1.3792836454229058	1.9557422493772094	3.1459370221136442	4.84126759542914	5.619248586518222	
0.07859971834218733	0.14361935272222984	0.2897288393401829	0.5462385084299018	0.8568177425602096	1.4622865767806594	2.336193771354489	3.0958512817171937	4.011571815325199	5.526781322491113	
0.10084112609145997	0.1650413201263576	0.4357759665364134	0.673562976473021	0.9877274703602131	1.3375876392252246	2.266323186596661	3.50275800152175	4.549604053495317	5.562119325773477	
0.09728873661637842	0.15608072820088856	0.2607112876790617	0.5703709971769593	0.8622020153684763	1.5885040514639828	2.457412289697608	3.265539873450498	4.7664893609213586	4.997918273403087	
0.08765592759214853	0.1585041806583465	0.30333635391531033	0.639218983160444	0.9439115492028191	1.3299776672351005	2.2651586101175796	3.4504940278659038	4.297600857113457	6.381628359092334	
0.09850332599298824	0.14822582023896416	0.37755974131847186	0.5213636343069913	1.0655829138538915	1.419075821556407	2.1621273346962298	3.4178914695415106	4.1165821844976085	6.387009830981258	
0.0946926529225604	0.13162960907109764	0.3761873187462176	0.6352076443571434	0.8094402465259363	1.361068159575639	1.9917325166652884	3.537054874542748	4.735707894361789	5.70579262692329	
0.10383401638656649	0.15109682422807305	0.3515535811454881	0.5931449842638638	0.7949466860230149	1.3405336147747582	2.3331220918996274	3.058779492791909	3.852074501458771	5.869565999305905	
0.09745221880215336	0.162676549639741	0.39350299521899457	0.6581179435453846	1.032314480602063	1.381261849039009	2.370500055833593	2.9962065813431136	4.788404543228088	5.907067691028251	
0.09842282419574296	0.16699422769017588	0.38201446180230614	0.5179313779763105	0.9537101958789753	1.5101708589854776	2.0881024532477497	3.9574223369762045	5.466174473650437	6.433228068794595	
0.10762935781032297	0.14216019211313785	0.34114471506464383	0.5999956586757407	1.0082304911788667	1.5944008188780767	2.2126542728276664	3.340797975857834	4.641493905132731	5.970097018668375	
0.09839972577887529	0.1346783512583911	0.3581571271393526	0.5679934942769945	0.9669231049901957	1.4061162378718752	2.2806870519489486	3.9823749733142564	4.962905495433664	5.9537025510509345	
0.10020072754427373	0.15629621090339385	0.4112697440466723	0.5198476897806305	0.8919122395609006	1.3070578890584685	2.2071376351926104	2.74087773596583	4.500215653391935	5.2542166969975375	
0.07944788066389726	0.1419171873539246	0.38588433075249345	0.5378762714920732	0.9802984673345813	1.4832499843052516	2.04553406933925	3.7079954704973352	3.225007444260595	5.944244667788343	
0.11198253685164408	0.14185504038013272	0.33904843871945467	0.680737860258157	0.9039452647971407	1.3777172146953336	2.4608049862511745	3.6162518275584605	4.247430171701409	4.83514277510898	
0.08858226413262607	0.13745120236267308	0.4171069316548968	0.6189506001647473	1.0299035758694606	1.7096887926752933	1.9162779713102684	3.3954095782937506	4.360734089562546	5.767471496026636	
0.0942027163620688	0.17721311476655996	0.39308798656289673	0.7131603735933881	0.9056708440761116	1.1360175197136326	2.035399806097974	3.3907293426849843	4.4736855375922975	6.30272431953839	
0.09629029805373242	0.1734255939083551	0.4388984998766648	0.7063612725844999	0.8936619675079897	1.4153474814397153	1.9548753656497244	3.7062227808591888	4.558910826106734	6.131426835314798	
0.11092816164162728	0.1527592726995885	0.3676380598789172	0.5634455473116491	1.1115555105672086	1.2669884852337212	2.397665706314653	3.021383426563275	4.745960729074415	4.679412300872177	
0.10747630843348902	0.12064510917953825	0.38071240395166317	0.6165331779703818	0.8762669108390799	1.4758345020188155	2.1352727111949084	2.946304626734654	5.322083671132788	4.9791814140172335	
0.11556020576751219	0.12565452602960148	0.4115422309948203	0.5357609408749103	0.8823591405004878	1.2075998925865425	1.9709705067327519	2.7293424767680907	4.791870280070317	5.221470833261609	
0.10133991257427169	0.1559256478720247	0.3933238278806336	0.7056094892856858	1.0068454710212622	1.3369713754979766	1.9208091370419411	2.852357092172025	4.758674487028967	7.017522234897416	
0.10905883081897057	0.17534009006719922	0.3856029730006428	0.5423926096058951	1.0288193261961243	1.2620823037661242	1.8974455774607533	3.0824826275068045	5.348710743612785	4.850577312559793	
0.11483655140803815	0.15236853247930762	0.4377515659169338	0.5852017369394215	0.7799293863299248	1.4063106836847057	1.9261662431551336	3.4906269200296483	4.51591607966206	4.942120067734635	
0.08453154133640789	0.14506919317387554	0.3504870507748744	0.660337485037591	0.9448188741313494	1.3010816515562431	2.466083717859983	3.0973780115262546	3.5451837710908642	6.41189083225959	
0.0886777430912613	0.13833080954410032	0.45755807002316806	0.6433732329158438	0.8693461530396301	1.2777267345993149	2.302095773633094	3.636552583342551	4.322190534867218	6.708464754736191	
0.11035025449269485	0.1512224865423692	0.37569705124708885	0.6797300697968792	0.9001521716777012	1.4467267546078468	2.2483127330766766	2.8627278216396714	4.385064731257815	5.467582409686887	
0.08365426600843173	0.1487626755726009	0.4187267492317088	0.5698614780570826	0.898009902924147	1.2590229933603194	1.9063662787384272	3.7430631588810215	4.748106810386072	5.7014729296799675	
0.10036802454343499	0.17248717599258556	0.47324582366113366	0.5836071576971127	1.062924211845607	1.1794312250683026	2.4285348063439725	3.396150192040829	4.266089578427407	4.970817571703977	
0.11159005643728975	0.12751283464972668	0.368108773877216	0.6281307223676696	0.8266037483597003	1.3635858957793237	1.8449936349016747	3.4007651162667907	4.786861222841758	5.100726338691555	
0.09340185572558146	0.1364250929878885	0.40700482487559353	0.5373144335801313	0.9173472351301236	1.2022469700982792	2.5141807093425146	2.998802059489326	3.767967084207732	5.7299072576968175	
0.09144380473549443	0.1543586476992384	0.29437894644341495	0.6528278637741556	0.8624200421285616	1.1686371170545038	1.9638176924395563	3.1535874631478715	4.738123380044188	5.74567218879629	
0.0993652522971018	0.16061404236052906	0.37076021713052987	0.6593767393543339	0.918256466358126	1.3537402852451756	2.410404430493768	3.7222316049044513	3.616866804089149	6.6087628063496435	
0.10658663266348617	0.14840672977651043	0.3074545167410753	0.5704904750660937	1.035245596989617	1.3991186190668703	2.258346514545485	3.5091780186120296	4.270685104762865	5.840224980107723	
0.10486994170085029	0.15035803874376327	0.4245825752849109	0.6256818818428551	0.7648026632873685	1.3460027673245811	2.2763195033601478	3.3357853559605255	4.093967604386697	6.1717008814944405	
0.09232830109294753	0.14442232790524484	0.4064007686028372	0.5673296609713514	0.9733251462546627	1.3483439710554264	2.344727367704212	3.4702820642775563	4.233325898755872	6.092771345126537	
0.1008828096608273	0.1794352584859997	0.35254721047007465	0.6433454663638842	0.9950598813796068	1.4465639131351442	2.547743743403173	3.413922393130016	4.3777350256673095	6.690243742157088	
0.11677659236268761	0.16244574373817733	0.3910039966180938	0.6397447639242823	0.8620564137538511	1.54857228190408	2.2825243913559037	3.599700349427389	5.398583387753356	5.956519174906202	
0.09169388013565515	0.15160595274583205	0.41310535114095415	0.6726804137418928	0.9186716221361703	1.4517073698893603	2.371438488831385	3.1062700155148053	4.835694738565228	6.029103020763185	
0.0903687826968146	0.16665267733802516	0.2680057242665921	0.5926451663732689	0.8439188998583925	1.3714566650544027	2.219467274032144	2.718053400775179	4.1229506717299556	7.248137399795279	
0.11249536763602207	0.14049084140188847	0.3585474626108529	0.6314676872969373	0.9088944278904773	1.3644387941110445	2.2541938177413345	3.3724788986450402	4.137212354691103	6.826093391085381	
