8	34
1	1	1	1	0	1	1	0	1	1	
0.11104008628523494	0.1321065957578878	0.3573887954244663	0.6714385679269947	1.687610701542311	2.2117415808450467	4.259189220234564	5.775146843569543	
0.10558675679069754	0.14476523035109867	0.3670297938795849	0.5226749774322719	1.3699973713645577	2.4516470275305817	4.335615011470971	5.8383466515470435	
0.11126056687935858	0.1766765526287041	0.3562511171079033	0.5898641470074119	1.3695345149984584	2.245487441580025	5.1654400068015125	6.770927400235573	
0.09219826348056195	0.17583994293908553	0.39930282768250025	0.6800269857760072	1.379078694411742	2.0599511788978155	5.317410734068259	6.563785582565314	
0.10859115037004413	0.13640753267653888	0.33028707869124446	0.4336171759332023	1.5140870991248316	2.136711038638296	5.161230521682981	5.114708477662299	
0.09698969955007222	0.13502899973068283	0.35335031111174103	0.5550256295994483	1.308038493422325	1.774344482481877	5.077729480329642	5.627531757872465	
0.09626680375658729	0.15008076301997522	0.3676892184680849	0.6958935015740234	1.1052997614822258	2.098921270931641	4.587137292266064	5.589101275789633	
0.10614243934283085	0.14084318843283367	0.357977697127457	0.6648692803412198	1.1334831735824773	2.211866577750061	3.845605179785109	5.7893566663955225	
0.1071702994201284	0.12329481711241747	0.3447933863659961	0.5863615571933742	1.6013588908137402	2.3056028757413554	3.6825207255615156	5.609967910003122	
0.1016744464954523	0.13864741194041588	0.40784757163726476	0.5998727282180114	1.112444950504642	2.2158427188291925	3.7872564353989975	6.937184208362432	
0.10285515376524397	0.15197201066815635	0.3627863370756353	0.6122081090068232	1.5718203503942643	2.2223677535007154	4.508892248627522	6.2063149163751365	
0.10174044715193178	0.15673281686309246	0.38312291568216933	0.6374417082097631	1.6131080028690774	2.1191562146447183	4.407773782378732	5.590876173275009	
0.10498669778018575	0.13733177491121806	0.3578540716095745	0.5667680517031388	1.2580318769925707	2.432392508779135	4.085576784310792	6.666007731923964	
0.07804485826806565	0.13018420162763425	0.3788645422381203	0.6966144596738827	1.2861366471847673	2.1301473713387766	3.9429803253060376	5.612438668302936	
0.09123062627107385	0.1609977167315664	0.38591875169104395	0.7045190246995104	1.1813981907638367	2.0842541538785357	4.295343071303486	5.458019807261493	
0.07265439485396201	0.1270483766591579	0.353752376127433	0.5148549158646045	1.2083932407741664	2.3495309665608266	4.784296286261103	5.695506512733915	
0.08210158325280066	0.15365417410856344	0.36609931128855855	0.6084232921876326	1.103523062401841	2.1287434790691058	4.606461105842793	5.79386576891851	
0.08160118391634559	0.12948151475451908	0.3087018905635444	0.5584324759449361	1.2308304434725548	2.3313371333116413	5.277450554848928	6.052783789613956	
0.09264006229719948	0.12956987150825386	0.3904048756939965	0.6053041954811691	1.4010818265408713	2.085572643172451	4.534159529415981	5.347738004480988	
0.09049857561219435	0.16565771467229704	0.28182786864637716	0.6255380309069637	1.214010192802631	1.8415492824575148	3.901803113627298	5.5188230471920345	
0.1035842811675689	0.15447170350334757	0.37681545385288545	0.556218744644037	1.4094591086193147	1.8676164561499224	4.745140049822149	6.059001876541226	
0.09517563619034412	0.11174710810556454	0.4284713151968464	0.6764001074145171	1.562793404390311	2.1545825703619954	4.288602427400635	6.979932968970095	
0.08693398590708762	0.16295359881066854	0.3930442670121819	0.46938461249627955	1.464600633373607	2.0597292789677035	4.444077564167653	5.94255036464256	
0.0994528708655019	0.15078426886703153	0.3726983429054769	0.6999753026075038	1.2090294876635692	2.2417780099034985	4.574337531666572	5.5283078981045035	
0.10714131449577197	0.15511407885407083	0.38811733120240943	0.6666045740930807	1.3864516017803077	1.728446454514006	4.9127553784358815	6.53314119439256	
0.10674684175912769	0.11913902884538834	0.37223753876403576	0.6340838874793407	1.6074035680845884	2.194394715016608	4.392816193597176	5.6816818376737785	
0.0909087392967237	0.18349570111055036	0.3729852393450914	0.5861740375999079	1.5010611465129322	2.6885273218685923	3.947082930690267	6.413265693976994	
0.10300918605433484	0.14837211341722842	0.34091002096730205	0.6280572574760486	1.3443965709119625	2.278750738355074	4.298672815677283	5.616309469921861	
0.11146733044830795	0.15534720325056403	0.36212171778986435	0.5751713150071445	1.441235889360935	2.4913800976778613	4.071892113929106	4.848752339122359	
0.10386156000320608	0.15592802780784526	0.3068724180165767	0.5782875796346933	1.3840921566766584	2.2878174542769907	4.05764556687564	5.598197666770361	
0.09622646385041202	0.17449970447874277	0.38781111407774227	0.602811495572272	1.5588374152225308	2.064830981613436	4.5387216349726085	5.70696925327431	
0.07917782496296275	0.14593891135719295	0.3566112306493567	0.6024832165880597	1.5038545909277268	2.290229791952921	4.154138634312055	5.641754293801746	
0.08639620928524411	0.1514789622554504	0.40602755260954193	0.5779019428686946	1.14435971124487	1.85974115872642	4.475841426174574	6.256695259091845	
0.10235219299400913	0.16362424126850397	0.3938905932602281	0.696083521720162	1.379812059477747	1.9605718203679048	4.751550685764339	5.674560007409624	
