10	79
1	1	1	1	1	1	1	1	1	1	
0.10029816907408165	0.16539347026892656	0.3667503017805212	0.6493732243932714	0.963914160959226	1.4475287305926632	2.1267612637144344	3.0844519626712703	4.4253811219809025	5.770638281237763	
0.10418813754320777	0.1329830915629132	0.38273913875431176	0.6909730944208605	0.8890884094918025	1.4926795266644053	1.6504940488571105	2.736260847535506	4.440147879470137	5.954825163420124	
0.10041343792193483	0.18286191464163146	0.3578491404905535	0.6050647766989155	0.8633765620632309	1.5353756162063135	1.902672547745469	3.0228233131825664	4.094339107084576	6.494220814512264	
0.10125987083206739	0.15425243093406735	0.37263107623012826	0.6725559113704705	0.9155916581775315	1.7110403845387934	2.4229306966132222	2.7703523588282897	4.787340783531192	6.760690859108342	
0.09592264521576915	0.15617184595707514	0.32383963346174965	0.5402390891148243	0.9065979663116874	1.2363118507779653	2.1618667077914453	3.461373995804893	4.087838966587293	5.1956880934529135	
0.08421132611238291	0.16818617352404214	0.313801612543269	0.6177477069745602	1.051447224600245	1.2901501266532633	1.9685481619232015	3.3070947596960023	4.60830185110589	5.700949715717595	
0.09702952373405574	0.15136279432977395	0.3646454691025371	0.5777750636949994	1.1106429454434605	1.5749204728690331	2.384774399136512	3.139158236138165	3.726556820707301	7.485653043183323	
0.09383216875779059	0.1546391196462493	0.4097811223363221	0.5651720681411148	1.0138371574381755	1.431288604755882	2.0933418550117504	3.061209473620623	4.051533276785188	4.882309579526648	
0.12813773217610624	0.17186010110748975	0.3839117204473643	0.6936010483446879	1.0629160822596733	1.5153052910554552	2.0758255203786766	3.5990964284813427	4.90887549682515	6.474700304553419	
0.09662781257591081	0.15568412141219692	0.3903894908611986	0.577156931110434	0.9644075095977489	1.60914783576766	2.477995640529533	3.4123192483302653	4.42528469221494	6.512827841177359	
0.09127917626753586	0.14434350147139277	0.42845630670502405	0.7123060339518278	1.0360114939312697	1.4183321880768387	1.6792209929833817	3.504792044356416	4.735654831568028	6.331477442687481	
0.0856594752682716	0.14504090149808876	0.4508814235862871	0.5385675315048071	0.9837889482612647	1.3361612159235383	2.2591082475551776	3.185336941943557	5.042923697451915	6.024754823976268	
0.10994701881827654	0.18166886676337382	0.4174714205299237	0.6345942517521047	1.0376297301313397	1.5104576761173827	2.0192815326185762	2.9750880290547737	4.810564604940302	5.624817842754474	
0.09277666311388214	0.14714090903761695	0.31440777762114847	0.5607668648767505	0.8615908261493823	1.7820607351223405	2.3114890117357256	3.1130593480601485	4.154907243193692	4.53723451012078	
0.08535340238166964	0.12509827300870438	0.3428858167823971	0.5993789413594098	0.9125306480181588	1.302306538955679	2.1390558193382314	2.7842271782947643	4.699880245973949	6.458381583727084	
0.10492884912379062	0.16640872152253222	0.32234053766937154	0.6023870306744422	0.8413912214617753	1.2652892641952056	1.8458591191229383	4.055494034537848	4.910091948721802	6.973510795162056	
0.10352761471065337	0.13758182686019801	0.4055309122577939	0.7405619901753868	0.9787942737046267	1.4139043729837872	2.20839241819066	3.612510473306611	4.492775968475448	5.929952612833912	
0.09322383641303522	0.1553208034616591	0.33177394249858133	0.5769169862583803	0.9180514211184112	1.2784217719908009	2.145151275604064	3.559874991865495	5.152733647059169	5.857991771826764	
0.09544981210039921	0.14608668098885302	0.40377739377067473	0.5625693190566514	0.871847148352652	1.4687577149725566	2.2615421105025457	3.3152844600313927	4.555772644138844	5.709334245035899	
0.10020344066281184	0.1142503875200431	0.4388916198079912	0.6096672007150454	1.125669471007308	1.6142738722610497	1.9747537850777315	3.1316674847815444	4.004001579312858	5.598254102572406	
0.08436159440180702	0.13614575551000951	0.3406661356956227	0.652891771126547	0.7792881198026929	1.7482999812336821	2.0808216929439016	3.6878143842613538	4.066120678958444	6.466890599079573	
0.08531555178187485	0.12788927167038086	0.42159074739596686	0.5926844792970588	0.9115653837694564	1.2865307885572275	1.9626847948643524	2.7312962524339475	4.264512110216753	6.153734987367211	
0.10079231095432939	0.15134643337677994	0.3019849131161676	0.6118034540993078	0.9003484175118898	1.3176033138216354	1.8844483462096697	3.465782687980241	3.5432569008453534	5.259968644586598	
0.10147131873757782	0.14228853109292894	0.3943714564316029	0.6057820821081733	0.8668322506094461	1.1879299059457609	2.3119269628197454	3.1938063575213023	3.9080975709760777	4.740400485815336	
0.10332534401424179	0.14046992800407285	0.33646623028663775	0.6706842678830358	0.755628287987544	1.3942803705238724	2.3058133917818715	3.40879787536403	3.9134422992467592	6.790399348735107	
0.11419876134798466	0.16536626687515238	0.34706656593070273	0.5864812261487675	1.0470002638852909	1.4935084618706662	2.012786444068766	3.18085846689621	3.8138558061480237	6.689523229904244	
0.09898074461427214	0.17614489633688893	0.31061300881134263	0.5417096612485623	0.925088927537689	1.753373214327147	2.166700710894277	3.0030653081384893	4.5079989827507765	5.5945059980531076	
0.109463172875402	0.162920166540259	0.4411895151480788	0.501470827093058	0.7621288648275694	1.3966927271722873	2.3254009456234117	3.5830064181026424	4.6080313244444335	6.488424885651982	
0.11514986012790102	0.13818354143042905	0.43574990087567345	0.6898544323916176	0.8786675387570074	1.2942713928248164	2.312936192454927	3.896964872065757	4.119992214051723	7.15219395733129	
0.0903952459878132	0.14670062642502033	0.3370806287187793	0.6258450106134729	0.9426159420569137	1.4371029649155025	2.015048094695539	3.111139056387992	4.470085099566955	5.843372455897946	
0.0995731251898184	0.1275522019693889	0.298267008146441	0.6208183235688507	0.9653023096749371	1.463510863455742	2.2634683330255068	3.102868172412791	4.341735676323561	5.713132976463839	
0.0818987920977607	0.15862144552109428	0.40984298372347594	0.6559112890849805	0.9010969414170978	1.3273933292288753	2.0488407358348772	3.0824619837281655	3.5984405506638426	6.178285313354488	
0.10843662501966254	0.15324926091910196	0.38085683589768604	0.562364757180245	1.0008684209733194	1.4174629804021206	1.8879721645135754	3.6800315835454485	4.79100339143628	6.992948540837141	
0.11162810442023062	0.14065486789794343	0.3691665864995688	0.6606926827278665	0.8206996208018764	1.6667927099080844	2.2204065188422843	3.519086448880093	4.6453431738376825	6.032033008424664	
0.09709646020106244	0.14780244301488035	0.2785118662711425	0.6337655885675978	1.132622194655154	1.3114257582579603	1.834354439060944	3.7598493588101367	4.669915601479713	6.542797434523288	
0.1050330012522353	0.1360899310908283	0.4145365281645759	0.5704207286449295	0.8531844213094348	1.5212958832839636	2.187146571499384	3.3842688740346	4.669859139260745	6.498179213506534	
0.11296712898461814	0.1531730720013447	0.43489474167489983	0.6679014570682832	0.9987992357299279	1.3478097750057163	2.360636407897896	3.3889618646971167	3.8959546383577535	5.28944470438335	
0.08785027713933667	0.1321026037783676	0.33836561972531376	0.6501913355406347	0.937640955993914	1.5562434065297204	1.9092011695780933	2.748899436642497	4.111570646108234	6.415751000914435	
0.10748113917304346	0.14659355186257225	0.3922523204395534	0.5696042393335154	0.8625156218937888	1.48686446518226	2.292521066819062	3.831914682975933	4.050710659744454	5.326029488960364	
0.09504670101892032	0.1591979676222436	0.45629526080142196	0.6084991667845243	0.8498238034943206	1.2671131792765802	2.024772590494831	3.3245486704607314	4.820664895423575	6.131147317208288	
0.09280155220068309	0.13038096015841852	0.40492113643959177	0.5669590111412334	0.8864869118911813	1.2849965370674792	1.8158612759401727	3.7846026925360494	4.203623311197176	4.821377433377542	
0.1016293267835174	0.14777606294549175	0.30883486002582533	0.6684488646536659	0.9915957219856806	1.5504790284658392	2.207578381644695	2.826369559521871	4.471993420938274	5.711511686456818	
0.09349879399936097	0.1745458194670706	0.34233166955354044	0.5722111037711448	0.9335100551923688	1.486322817454989	2.513842488968253	3.196857678342851	4.630911887868774	5.277424848044673	
0.10575511999952794	0.17903186125242246	0.363758856892454	0.6481816550750131	0.798832409714211	1.3806625478580437	2.086586252002843	3.364426164832624	4.437174230458231	6.677539579376991	
0.09486330170664586	0.1609627354686744	0.38613442114129154	0.5352753352180128	0.7227553166224854	1.4509723318887415	2.002814424290223	3.339478737900892	3.9327560307783314	6.320119511860812	
0.11568476463402888	0.14640914786632223	0.3041494581033647	0.596657503440713	0.8637360145436052	1.2945164872748274	2.104936547834665	3.5739071878394246	4.24039860498928	6.41845528326023	
0.0978440226000046	0.148641959160777	0.4214891101539216	0.5832208505102083	1.0012475766143014	1.3974869771315082	2.2703165698618455	3.1637074694685383	4.577026645535446	6.154315610174068	
0.10675706080573383	0.15719720599874668	0.3479165384587115	0.7092089398392148	0.9324341344426682	1.560910279168817	1.6361597694757346	3.5111027140658466	4.844389102405919	6.140375664385516	
0.07743424098433513	0.13916719053585871	0.3410977713555668	0.6697714780352522	0.8180860174612224	1.5092445400525993	2.0877309954133074	3.601959135294159	4.6030080491328915	5.612699069965912	
0.0922555805962082	0.1433745873226465	0.26250416902660306	0.7062313792746381	1.0521920049043885	1.4397271418632174	2.3520179448985394	3.2382176332119297	4.6963414806890205	6.592142245652495	
0.0976154959203006	0.16160943554640672	0.3117251138204858	0.6128743832567164	0.9286604535625236	1.381357359700084	2.105558603397883	3.171372962430411	4.998599256063579	5.965062414825543	
0.12821302969483966	0.13590725435572937	0.4010787344625361	0.653691379724063	0.8937688986713739	1.2564670065918622	2.0529215547470923	2.820656844352181	4.129410792148952	6.232289566835191	
0.12590029510847575	0.17603349606679006	0.3568951398248201	0.6567397838740204	0.8961832943092223	1.305582759078764	2.132217602197502	2.5388493740859923	3.7436832027457587	6.547840660640224	
0.1136392915380628	0.11264980968050933	0.4353792467486397	0.6695171066816948	0.8975772165120404	1.4950636588513095	2.5407168253823555	3.6484401972926737	4.722338010483791	5.61975888384441	
0.09589865064799158	0.16048961846342621	0.4005890743437069	0.6697146549017859	0.7956319807467552	1.4936291643303845	2.304646438079246	3.171285394612741	5.5719031293246575	5.481214892380033	
0.0994379952605808	0.16096415518154958	0.41281297297758296	0.5852778867941644	0.9070115171900781	1.5299163805498814	2.2498226876184684	3.2799329949953195	3.6630368148077785	6.088633103804323	
0.11615270906698966	0.15884167256175385	0.35052164444911427	0.5124776799416003	1.0191661417845974	1.3642531708966714	2.437075909791152	3.67650957750567	4.433062613214623	6.1950174658695625	
0.10449862893186275	0.13199719902958737	0.44484722264391713	0.6299412087165707	0.944232212690597	1.57106751220871	2.2155805058197227	2.896493674333278	4.137509740831179	4.712592599895053	
0.10066069480446392	0.15828740377380554	0.37287519360975885	0.5306603487265754	0.8839585920435173	1.377257066194889	2.336487063767208	3.71534205326536	3.268632144675106	5.952706995900938	
0.09395895046555701	0.14608975410533553	0.4119990387118687	0.570029486829795	0.9936516158355967	1.7147653278302228	2.0531988153323506	3.1794694618526473	4.392257986843326	7.432194544760181	
0.09499888880457896	0.1720495234473969	0.37863562536154266	0.6102161588629513	1.00703384551402	1.3767024991472858	2.36124213674103	3.1600375333604758	4.019159502240274	6.610016490963754	
0.10610319126023199	0.1412083226923807	0.4238047263347837	0.5409374888834045	0.9693284764902331	1.1879432574338702	2.0663050034195023	2.9762805874129965	3.9333281800614768	6.014707130742636	
0.1033205483626213	0.15922190236335812	0.3800638544055746	0.6258517376256416	0.8255505142418833	1.3041226217024138	2.1461692766575164	2.9652654027401284	4.502494982134292	5.609995085124874	
0.0984147303495763	0.12503330527677928	0.31493828204749563	0.5569782835098128	0.8066110690705877	1.0547140665404153	2.2537530741844023	3.5656824695051847	4.893838039801785	5.913383513725671	
0.09835294740201347	0.1514891655152422	0.3551241280945579	0.48944435644764167	1.0404351027596883	1.4320517076826798	2.139870725721387	3.147075141506879	4.767136713282631	5.929156408248881	
0.09510615684619811	0.14496552880950989	0.3824662804884662	0.5308393342011739	1.0615231946883068	1.3431862420554002	1.9790371496613333	3.1271756087648956	4.90912155682137	5.83889556330025	
0.11164208789056412	0.14505496053998435	0.3260085612496772	0.5499025903740331	0.8661921506297471	1.5227470740740952	2.0514649045755395	2.866330132502327	3.8485935018238524	4.901055480502991	
0.126536270622196	0.1387595148112256	0.3968238517122286	0.5275961279054244	1.0441705507043024	1.3073848483842834	2.552208534289342	3.8908806594041083	3.998060681593886	6.743423563826711	
0.11877402448202945	0.12595989140247116	0.32348881582075134	0.47443249876865506	0.8426074738682017	1.2862063813886073	2.0781919575778285	2.8350802257409	4.811280151499348	6.018284152488161	
0.1042438914808188	0.16544382348963224	0.3899973062483308	0.5865674509039515	0.853615252118562	1.5583446085620922	2.2081472214121387	3.3211025206075995	4.227642264061849	6.180134290070534	
0.09218375586636969	0.1546501336215615	0.36993801061239695	0.6429332431659781	0.8064508994088075	1.4368026349630216	2.301104340989406	3.2742353405222446	3.859953787300654	5.553277788563326	
0.11267231543608157	0.1489383910610346	0.34886706118927147	0.6752542372855113	1.0741192004231548	1.2614377916073207	2.0418599259284025	3.138079617520703	4.739943390526101	5.8917788552933725	
0.10122430141707771	0.1478094460333628	0.46359587219176196	0.6344108988935088	0.9026944105121518	1.3902671661336616	2.251725635416456	2.9395758799114606	4.621558922768081	6.0955660904398385	
0.0913538093991399	0.11528132784716473	0.31399537941330075	0.5862289772731469	1.0143527643447328	1.365762507105644	2.3361904393416295	3.130831862741265	4.026999817503954	5.232990030121612	
0.09073424611698767	0.15211105633274613	0.378267069391575	0.5851098462834976	0.9107901010035464	1.588020847103043	2.5541087052450253	3.0102073789314354	4.415350330603071	5.26718279103997	
0.09985457498096932	0.14527637461791776	0.38815732177590206	0.6526981891499951	0.8174997302282485	1.3996049533501613	2.0904484052156556	3.3016046982594736	5.130193995809858	5.609705531810443	
0.10609188358269779	0.17508296554224106	0.3478539331359235	0.6088347840213303	0.9428839733457879	1.2446408862540586	2.2745206466264274	3.6148813432090927	4.199397827061377	5.82621554775771	
0.0825303442665786	0.16577987473489256	0.41288375020203505	0.5426529690213105	0.8516585474965817	1.3731211814618773	2.4277800259149602	3.2265467446515497	4.568298217673399	6.091146563650216	
0.11372685617246413	0.14440326052061722	0.3748444100847249	0.6704620421782529	1.0382113843910348	1.2806674976788741	1.7315702211762092	3.2476594461020714	4.791018635998268	6.189046427835239	
