4	90
0	1	0	1	0	1	1	0	0	0	
0.14746640634855615	0.6621089784077892	1.6336028494527355	2.0760971679096336	
0.16066535633364978	0.682523399294405	1.4714662328142063	2.12374638607479	
0.1430663698587867	0.6076258289993525	1.6633048879984937	2.2329045918025585	
0.1606054611522428	0.6179608988341964	1.428535624491338	1.9630189121942152	
0.09479524455766267	0.5827335206218223	1.4853571909092087	2.2421964957032747	
0.14804848012470384	0.5642282852062359	1.4810757665880103	1.8819139474164606	
0.149865159398338	0.582006766936653	1.2601990911069414	2.1416744974759214	
0.16725469590978162	0.6297363440173679	1.431830173643323	2.227444956295209	
0.1314760054308382	0.6056637335738421	1.533432747172808	2.117546779913413	
0.14839598902332954	0.5068404115456078	1.6471363831093442	2.2083121611038234	
0.17237803321369863	0.5424422635862698	1.1612621157138017	2.297824328232417	
0.1648868196895308	0.6146433517957296	1.541025879039808	2.1018557832788543	
0.1498516417451307	0.6115929777044461	1.457471550167594	2.202353381610656	
0.14033895351853357	0.7366911147335554	1.3398713538156168	1.680499067766284	
0.14218768200888737	0.5959948357366174	1.2501386330985058	2.038969165413558	
0.14608945964887307	0.4686888580822401	1.1311057449685487	2.189324373598474	
0.14810364457840955	0.48073342701422467	1.5689485596381756	2.000231593013323	
0.165218801041282	0.6168731659503047	1.4673657562602922	2.4379572018573605	
0.16533281379659756	0.6028571247045572	1.2941648794489085	2.0360111825142884	
0.1526102560987636	0.6966890723252268	1.2482953183599397	2.12256680330114	
0.1572965729676944	0.5326358992286133	1.3138523132512092	2.128347455179061	
0.12920858200432025	0.5460289008591616	1.437763759508815	2.038775071011052	
0.1205963567623988	0.6213544672714733	1.4150534864453683	2.022202607833969	
0.14697164817785047	0.7017834797786989	1.5582257643081765	2.053077023716119	
0.15165067166829	0.7181580577428354	1.3019146566343636	2.286290444109369	
0.13756121236483224	0.4930486886908844	1.394302685683121	1.6672404489920585	
0.13315590316625686	0.4776712253017957	1.5642786944363372	2.0477007356419628	
0.15343980754193756	0.5418586742947864	1.4851543178790705	2.068845385686604	
0.1246091271522727	0.6775103110487577	1.4646536069369303	2.378556629160126	
0.13402058035089587	0.49958453010708215	1.605764809246901	2.1375592530087046	
0.12984050116341023	0.5340796853878839	1.5167918707529364	2.2071160703453163	
0.1718761126474245	0.5026873459440422	1.1514171112469316	2.8068291614326206	
0.14328002243218335	0.5198186051164074	1.4547937251195624	2.3761764477780347	
0.13943103126191053	0.5562602368061359	1.4924093103929557	2.5950546500970506	
0.14102299656920392	0.7170881740883218	1.2512686025515356	2.2108811552540955	
0.150327319877636	0.5452343462847049	1.4922619248361755	2.286342957463793	
0.1749575993632947	0.6038883172546966	1.3619909407504627	1.8809780348780594	
0.1510660605588026	0.6759800113947315	1.5284435316908105	2.161197223233712	
0.14929341472929067	0.5531567714770174	1.3951488192122472	1.6484331138801185	
0.139867262253526	0.5334562675409923	1.2562395507732382	1.9386841905582979	
0.16040996487935855	0.5918408409758047	1.3262774265492547	2.2928195031167973	
0.13859924835129864	0.6566025890081547	1.4275900305902243	2.2284992681186995	
0.16361100607840287	0.5829876495032489	1.2513407431020118	1.7594439008112375	
0.14450460275570792	0.6577303650778142	1.4083514165420628	2.0947762787380877	
0.12506331195875642	0.6710987453131617	1.3350120539318604	2.0128126488543114	
0.1636234550528358	0.6237205871887057	1.4620659469386312	2.1617566832716224	
0.15646026484779127	0.625334086302178	1.4202223704358758	2.1740955577561984	
0.14691238934587317	0.6452478146997113	1.3564200091781593	2.6645400285917575	
0.15574113825809507	0.6245255131980203	1.5008993827579797	2.103952845316064	
0.12897937078855687	0.5238843017433245	1.521308443263921	1.9306925916622928	
0.1679870748626565	0.5895423470154875	1.3937953915905987	2.3170668119268765	
0.18629954933406553	0.5882304296168247	1.5026872397987563	1.9900858234296925	
0.1584913128596077	0.655195709691415	1.1499882199731255	2.2330174128472833	
0.15145986948091025	0.651710191542868	1.429353584020348	2.5900810333977	
0.13787572473790452	0.6641421466865901	1.5238145770006937	2.4839199675753965	
0.14860967439828618	0.5858434177968443	1.4313862862989881	2.370410401726853	
0.15491834408682523	0.5983220965695839	1.3705306340147863	2.092336314436045	
0.15576610494628415	0.5854772936710867	1.4486476083949995	2.0102273261225365	
0.15604262223778653	0.6353731268048698	1.5448356859908192	1.9378672910479295	
0.1522616147510383	0.6917289997218006	1.5135370424611987	2.238010375170838	
0.160049004546823	0.51403253080808	1.662842012682614	2.2057536320980278	
0.16418180169070726	0.5388710462651656	1.1528367996794397	2.387019490375777	
0.11567034888778929	0.5825446235266082	1.4116968162513068	2.4257713567132244	
0.15462037538120962	0.5699534083056391	1.5383139610188086	2.121115961595965	
0.14507188298480483	0.563446722884091	1.4452290957461147	1.943624887711786	
0.1604889679443938	0.7357780238769461	1.3890290517339225	1.9498735185888556	
0.12874315831826558	0.5497557196746712	1.0328922034044	2.176275264244887	
0.17469201523611386	0.6418806268963272	1.3401326503404885	2.307021844700641	
0.14534687667797863	0.5892427680231633	1.5110612093878728	2.0337764124131263	
0.15953609843885042	0.5057534526539017	1.357454531520099	2.2395028324128408	
0.14731951454586154	0.614002911697389	1.6332010071148941	2.009834396221455	
0.14171228422351154	0.6582346227598728	1.672089916932947	2.258270695171332	
0.1714460547262528	0.5259888941934396	1.173690125898768	2.2259310028777906	
0.16138737870002387	0.5414824346411388	1.1521493843701829	2.2532690929231722	
0.13988710725122305	0.5279414268278493	1.4361203055903171	1.9238769772905735	
0.1259703317794859	0.7209527951894721	1.724433367210547	2.2692994688487023	
0.1293161463185942	0.5969365740012955	1.5656498216037416	2.306197733898762	
0.16670898388777486	0.5649341290977152	1.1455539117383395	2.531689334190613	
0.14252461458262575	0.6163963786749981	1.3205622148374623	2.0461192151826872	
0.1466212928916029	0.6863383625347904	1.3470235591430435	1.8315324614451545	
0.1715110044632759	0.5965175857192098	1.324747358337193	1.8552050451796032	
0.14546695144867502	0.571506400900534	1.375273471730546	1.9152031407960408	
0.1384100842783627	0.6781791857874565	1.469667607138592	2.2542099254234946	
0.16611051013527464	0.6187549058002747	1.325336634341255	1.6556249131521126	
0.14722277505957526	0.5703063803675821	1.4716850185836292	2.0067533550306025	
0.15990805557469054	0.5968212164803492	1.5567221539826859	2.0957155970818286	
0.16846341118997935	0.658972711015552	1.2191427325561275	2.171520527241963	
0.123044069525364	0.6155972300460458	1.3960894608468626	1.9618967664656646	
0.1490703263117672	0.6145241302738643	1.170144401681054	2.0761667878942682	
0.17702689849591952	0.5984169007030188	1.4634868450216505	2.475552664310995	
