6	22
1	0	1	1	1	0	1	1	0	0	
0.09605653824338807	0.3388281988133405	0.467174060413194	0.8814323687597805	1.8022280509182076	3.3136981069444382	
0.10633495377804024	0.38445084453763245	0.5285360861073592	0.868053523335974	1.990930274157038	3.2004333173856767	
0.10555890916170048	0.31643934110093075	0.6454886870919452	1.1283829219974588	2.0572713213634954	3.9427523274579346	
0.1026694583820511	0.36898878977825067	0.5541268864609861	0.8899606484561429	1.9128223796688286	3.0460228028143215	
0.08917922298786307	0.3050050141858251	0.697910153792931	0.8835288087698283	2.1641941998480796	3.2351599923987315	
0.09506916926265373	0.36199485409997184	0.670005284064944	0.8670843564736873	2.310569026165986	3.5131689508885056	
0.09729737478844962	0.3745795330994768	0.6346125429940012	0.9397171010371234	1.8544470696081725	3.611505297110334	
0.11489148050585658	0.3822208786523026	0.5132986099093135	0.7962689744710597	2.274918856065292	3.421658344771624	
0.10026929419305478	0.43368272992389023	0.5501523054475232	0.9782093274505949	2.0101601012795633	2.599563653416701	
0.08471325046161027	0.368347489281665	0.5866394886811549	0.9215197288980717	2.258947470435121	3.511241126269238	
0.10972529242169611	0.375409696198093	0.7187542357321747	0.8743315107111103	2.0007428093883792	3.267615465983508	
0.1089570453858641	0.4210470504732567	0.64895227985489	0.8927583220890061	2.2067849978497844	2.823364933162225	
0.10298883792797778	0.3852539877150437	0.6955566369948094	0.9322160527679642	2.196252269376416	3.408021253425236	
0.09494948701876797	0.329967661091269	0.5758802015453489	0.8022642866772519	2.2187852584068817	2.8726669318273923	
0.09689823921847812	0.35965968997951714	0.5583625652747602	0.9818471067085697	2.198643885969585	3.780283818707827	
0.09392087677917235	0.3978074065434153	0.7261890158110165	0.7877085165980267	2.184346679458098	3.364321469725635	
0.08867614503361151	0.44478489970133595	0.639699592426807	0.7752895436460665	2.128035320259361	3.2377989815155646	
0.11616974092257755	0.3715792956848804	0.6661680320396279	0.9093075076440829	2.3569695708242517	2.960139695466645	
0.11625293429320052	0.38921965222472205	0.49384167358439135	0.8481647564614482	2.4897451058426774	3.3074407678832687	
0.09176338302495418	0.3925324944355212	0.5658139474932429	0.9456830314446039	2.3742402732194394	3.7843004531341746	
0.10941636517393608	0.37139900288725536	0.6656560479711884	0.9921288097570118	2.270361638781057	3.5422865715866836	
0.1049274516283659	0.3947865747609929	0.6358030761433296	1.0427961080642023	2.7731901921438835	3.2823369283257873	
