4	49
0	0	1	0	0	1	1	0	1	0	
0.4238705080301629	1.369897193546651	2.5151921049179564	4.387699260869287	
0.3652518737865601	1.5010185768723852	2.3338251681842963	5.47224905246023	
0.41275627091649275	1.5831641516222568	2.0255266172130537	4.931498193381192	
0.40377271337419246	1.3468578074479256	1.8542505497238713	4.09368195280434	
0.36036963921394566	1.4022018290294416	2.310365764265063	4.926105442436372	
0.4464550482051042	1.4909823648262328	1.837583487164189	4.0945989503412905	
0.37129150237168507	1.5831119162251515	2.283656939397031	4.158422963093335	
0.33768184810666185	1.3392920120626886	1.8840203011874335	4.44616266291259	
0.3969074130917613	1.4723146024195477	2.0478468171204516	4.512678740810506	
0.330357389861795	1.3319338042450704	2.216874989868688	5.512402086741876	
0.43118700188210873	1.2428774688133204	2.3315399968981647	4.578920435844557	
0.38772627860179026	1.7949647154888628	2.0456476802270993	4.7375606475563945	
0.409200111913897	1.3306312515933036	1.7000192326743921	3.9017932349285642	
0.38968830519186026	1.5581668573610126	2.2663393235678813	4.738054867444182	
0.3927049380020331	1.3118054421534773	2.144039868557587	4.782632957442519	
0.3979050198471839	1.6644318384839902	2.024829988419592	4.246312516180222	
0.3533043290056234	1.0392095165976676	2.282032302536226	4.5019025026014	
0.3707410374925305	1.3134190561763022	2.268596925809924	4.507797352834263	
0.43870061526304005	1.4334624982976643	2.240089375093707	5.207417298590297	
0.36744844461041787	1.3679778858217375	2.456714232837745	3.7983929288769893	
0.3701345233582362	1.3893593836498677	1.9684731565155926	4.737772250063285	
0.3583359582099835	1.445065356827378	1.9494755357053586	4.628461941398001	
0.4590277904040079	1.4225088527621843	2.1478580659312456	3.9657619601612857	
0.41201407159152	1.417658761008232	2.234468469436037	4.927126229532685	
0.3731202083324883	1.5759951110699655	2.3835519825428912	4.652935440715837	
0.3875788348954053	1.4339859766761087	2.2707539735565856	4.732477175208069	
0.3256553463441691	1.3339473068189462	2.3558041692847063	4.611667126664673	
0.3717459238432973	1.681951307694615	2.3245782520255465	4.985922702394344	
0.37161493630812453	1.4851235121014288	2.1324913882764966	4.034182707013637	
0.38748391498483054	1.421760954738266	2.1340228496496985	4.945821755470431	
0.375791133840358	1.440019056211907	2.1755348042280325	4.726209020956963	
0.3913251337120762	1.5282386449765484	1.8741189356082182	4.56490052445159	
0.3757397015555169	1.2417699259774972	1.8397990548369476	4.217447408858599	
0.35523047675164693	1.3957900119809743	2.1775548142048695	4.7223415584795	
0.3329526331572304	1.3008165985404354	1.9630572350334212	4.446467488697122	
0.3810667862811334	1.5728685255783226	1.952832103442675	4.848887761111909	
0.3237239130099888	1.4327482333847854	2.2685943101325567	4.785028453792734	
0.44427168612712	1.7700253020118517	2.2371609228910696	3.9068086458499076	
0.5247482740742818	1.5933207554126383	2.371517881753768	4.307791059130908	
0.37536833357224164	1.311970465197677	2.2945817577505254	4.291401401803016	
0.4073054083493339	1.3242074585284285	2.354344618604947	4.627257536753753	
0.42831930364662874	1.731939296817008	2.2109057830477985	5.114328346728691	
0.43205627303618743	1.4269614648793711	2.205929248062948	4.622075711911453	
0.3634198806920419	1.3689343563379957	2.41330876418325	4.180380500061296	
0.37432425685233833	1.3832863014925592	2.2489599186614484	5.535182890483046	
0.37280147255186724	1.2238696835525769	2.1728308385691646	4.062224386385058	
0.3897654019720781	1.3210372744565273	2.185062312971533	3.96285375410371	
0.3698991917303399	1.2880165996652124	2.4194469506157796	4.174113075418816	
0.40106848823047603	1.4556054743538809	2.192766375834245	4.667850306976267	
