5	68
0	1	1	0	1	0	0	1	1	0	
0.13247809512085465	0.38002959963185146	1.1059573847036752	3.475852702935343	4.269882856229108	
0.13151720629077904	0.45249838451786484	0.9054762238010157	2.808013604186743	3.8025511701155947	
0.16769674412264002	0.32472796076945853	0.8606466743094221	3.211504565632328	4.72308643925826	
0.12890236050319362	0.3404597934321015	0.7887618217519399	3.1841103356432234	4.530910412563534	
0.14204369787153873	0.4919542550656495	0.9906172654926868	3.2397436512326365	4.850782092428612	
0.16993214181558178	0.39784293141700433	0.9822380052115491	3.4145770308972097	4.825392548944441	
0.14394316103055824	0.37684368190487477	0.9411334390242928	3.0996657114735835	4.985341029784532	
0.16082806174593242	0.38521995209772875	0.9786392401410138	3.0332419191885034	4.681588135587612	
0.12128481218452766	0.3934457245616709	1.0507355215678602	3.4596547999393907	4.007985715230372	
0.1494434988999749	0.3568516114005593	1.0367031986145527	3.4595589895390986	4.69583556817682	
0.13267764577399335	0.39621845047758003	0.7785499863456257	2.910262642218616	4.21528766947568	
0.15805720551796273	0.34092760633274266	0.8932352822697721	3.4285274633549325	4.30220779468396	
0.13488816879508062	0.37820659548737534	0.8469640044957919	3.3840278756869697	4.4577894424084255	
0.13430411894143635	0.36707828872962506	0.8906450171716738	3.5359293160376333	5.095714256387419	
0.12226539486938744	0.426030510703035	1.0320032841208329	3.4032200345196655	5.290155648804407	
0.1516328906876568	0.3154980525735545	0.9458073348001752	3.5355538579522707	4.819738102819692	
0.12596056018509325	0.3289094690240114	0.882154332652873	3.2699212523616956	3.940572922581134	
0.16057314830808686	0.3683029213211096	0.9819006428814191	3.3916020971305927	3.8120403057491217	
0.1576815994166191	0.34784431321311216	0.7894857759904061	3.49044226302862	5.455215613444498	
0.1666819514220661	0.4219972796853018	0.9595403867450786	3.327056298892768	4.833047367827901	
0.15698917125525938	0.44054838215895353	1.0034131677518272	3.336561164532147	4.497546327322021	
0.1662090317016911	0.3801326034513776	0.7707516185154569	3.093946491761582	4.274291323082946	
0.16169944018405272	0.3750823239153083	0.8775984235759082	3.7596103392754516	4.4409592546028	
0.14631679619136176	0.3990921306093281	1.0036893216055884	3.106224833817174	4.548325413822808	
0.13167405006944377	0.4286469478242553	0.814078527693802	2.8767987273181252	4.535253298813186	
0.13946102876018757	0.41697902850954194	0.9886688047943122	3.3922925969486597	4.491022603157256	
0.17026034022853495	0.407687121588183	0.9901772170111158	3.1501067112951446	4.980077471167426	
0.16805446158619014	0.4456007766025316	0.9640868364031463	3.581819712173785	4.672896126342623	
0.1581446978139557	0.3848295509740165	1.0115902248670594	2.8074388075096706	4.092126692923507	
0.14329534400545976	0.43511250004996194	0.9255090659831465	2.963194252563571	4.970597683549432	
0.1585536703347293	0.4336868547513442	1.0572903227956498	3.0978648173590027	4.432626027347097	
0.15304893439558342	0.4633136985519939	0.7720387845084554	2.8173824458768277	4.79353780704786	
0.16187745169645484	0.3857395175428606	0.810888007438839	4.1484088432490385	4.677494495115733	
0.1462249047681818	0.31012456293764895	0.9105120964806127	3.4108896876066925	4.383798362541423	
0.14120273017255486	0.3603982608981102	0.9337131851769355	3.5790389372319575	4.232256589946091	
0.12827579832928274	0.32098742848198775	0.9250524339367119	3.048109292912378	4.186097532932372	
0.16462856771426895	0.40873759478680183	0.9813580360004296	3.5714858905941407	4.3353754145379595	
0.15779862594807356	0.3621208756909984	0.9728819090872699	3.7486984759439714	4.677273864734011	
0.14710913298536885	0.37963696123002655	1.0126669991287107	3.615959513201057	4.7173180708256535	
0.13367351653559204	0.3837011872794579	0.7990796844206872	3.0630443156400293	5.372875041711391	
0.14966398589388416	0.38146477533997636	0.9999818678651274	3.7334728904114423	4.120027107576054	
0.14924426904913765	0.3437738573493541	0.9082506080784157	3.1781327495391802	4.539969072482245	
0.13013526506505155	0.3394803511995469	1.0225767776099257	3.5108211743892475	3.532829613059739	
0.14706918676067393	0.31011008268929435	1.0794220162650392	2.9348423161140764	4.472614623387597	
0.13764259789341932	0.4555140845652789	0.8921563046336504	3.1226592217661406	4.705011647016434	
0.1650869162067116	0.3108830152819404	0.8419510220632895	3.437424430462911	4.618417257319511	
0.15554348974459914	0.41657321793651164	1.000309554280267	2.4595524299117177	4.000043837788357	
0.17612055471028823	0.3891391163423708	0.7469501432791682	2.9873922387829404	4.6934366262162435	
0.1330317750776969	0.3694346007907709	0.9355149833972097	3.462629355076987	4.310156733409458	
0.14974143689014202	0.3025583771313419	0.9628643936176917	2.8134391196170183	4.713795168339029	
0.14228391086205974	0.3750161244220275	1.038612093987279	3.5681398942944096	5.282591991522248	
0.16569349168991213	0.31509386979928783	0.8278060897578428	3.3038388945640613	4.29672372130067	
0.12301328947628193	0.38163710682955554	0.766944932424956	3.1347186518318657	4.859895056569137	
0.15093185991725774	0.3481655517394285	0.8748321826399512	3.9143678895784384	4.415040292072659	
0.15548576722618906	0.3707370599667045	0.8773464545320787	3.5039562156368476	4.4660932416867976	
0.1422683296137404	0.40933738045658025	0.9537031911768732	2.654431950863674	4.384692117544824	
0.13968937723767313	0.385976502188248	0.8959259980235775	4.187866045443699	5.103058277647486	
0.13344022651030182	0.40814733147544147	1.0726451143031779	3.3678432147539756	4.811098371003859	
0.1660381684151295	0.4436346926851163	1.0972453381901794	2.7073401257679923	4.124235371730122	
0.14931720502012438	0.3498920017132741	1.0933418653187352	3.5158817091267336	4.5648300358644756	
0.1567414885585218	0.3417273779239732	1.05223927909442	3.383890710968084	4.461606945578472	
0.16974430328119994	0.38946364850063264	1.0023874763940988	2.5321045323807834	4.1093400643960365	
0.13250032428017716	0.3359776307699724	0.930926752216442	3.8680793182889297	4.075656087083936	
0.1607716698415518	0.4441651241196142	1.120534159759248	3.053010978755673	5.148850897264746	
0.16845766765638084	0.42198989645675544	0.7745724796790553	3.14553141076305	4.679115579870977	
0.16600750566160566	0.38841714785697395	0.9736818503728957	3.4419908100101715	4.226410612145674	
0.13798197256157255	0.4076623857957287	0.8483479800324547	2.6886979212779956	4.54337959069425	
0.14986512664754104	0.32887235105031004	1.0380019152315403	2.9542835739731514	4.093013514286096	
