6	26
0	1	1	1	0	1	1	0	0	1	
0.14921075200758113	0.42700405601930563	0.6857640823649421	1.5877384769240594	2.0557705201027616	6.4411719921436585	
0.15989172309334954	0.37399595881709113	0.6267105570466239	1.6028357789781056	2.119666459848574	6.720752524375216	
0.14621170103160486	0.4202757241223287	0.602856750358424	1.46808184546643	2.1701635161515074	6.482384329324297	
0.12725382737004373	0.39656731857953664	0.5196597404339514	1.3165301992608984	2.464771067052708	6.547136918487651	
0.12839619360564186	0.3847905486613867	0.6543009816371305	1.410337570814472	2.317648942243028	6.96987977043041	
0.1607668066440919	0.3636207456268497	0.5400740638396067	1.5667031058839487	2.363140402065251	5.697200134438169	
0.15976330936929647	0.3844178013877885	0.601076132632435	1.4074764571883183	2.5168243623605613	6.018257819341756	
0.1438148966932437	0.4509222708871176	0.6546737891951336	1.218678998051778	1.6060197775943106	5.870446080537604	
0.14821019971227384	0.4182815201971842	0.5829734244839061	1.5423496080493602	2.1254239250225897	7.250944639235331	
0.15058711330540647	0.3707187783287766	0.6385091496119538	1.3599467742737623	2.129810651876027	7.54676734334331	
0.14180483818988174	0.42579583992778786	0.5606153859976264	1.4714583729598325	2.4548261725332923	5.765993121366663	
0.16316385558765595	0.3698772912411431	0.6878426656302337	1.6636953942084285	2.5481664208449812	6.426814830170681	
0.13364589037906557	0.34335968752866824	0.6047016388834958	1.3285803632111115	2.26873440982133	6.229263368812141	
0.15666160962994072	0.3059021695918141	0.6840098841444048	1.5438865654648606	2.4893914751358537	5.04250455688939	
0.1324510966463005	0.3669262807028441	0.6553416443313984	1.6635230717776435	1.9396047596040353	6.397882674069625	
0.12144056743929128	0.3889542430298168	0.6032665971392833	1.429548278249143	1.8899174958308973	6.2900163424818025	
0.15351613446974058	0.3275137091585827	0.6036729356564945	1.461300583615708	1.9277100215030867	5.745631117224594	
0.15408346521278973	0.37972542774827	0.5539662923907955	1.520173688810388	2.036672354644338	5.876682094203071	
0.15097464190613935	0.34062952185972817	0.6495700099001978	1.5654811877884454	2.4224454128996666	4.73582800874102	
0.17298712293659552	0.4433873056844022	0.6115262865829069	1.2895973122767366	2.475230849403721	7.223837552978809	
0.15057773779889488	0.3227292401007781	0.5643146844353899	1.4607906979425933	1.9103782676047711	5.960914184809882	
0.1493575935287141	0.4346761075925313	0.5992807615173752	1.299749576029068	2.3432906549801142	5.238288597490007	
0.14369009392293297	0.41891756649842715	0.6059094297341804	1.5780792041631173	1.976160981559703	6.081632129244289	
0.15084911657684733	0.3788580832736017	0.5642495433033938	1.5174798415475403	2.0657118147819897	6.723065492864917	
0.15541698332279802	0.39758631786757814	0.47205033219930803	1.3623940568985144	1.9078809882794734	5.148292432058703	
0.1648351955154116	0.431704984965443	0.6133359307746468	1.3141436001730897	1.7665274495565455	6.15963890803354	
