3	81
0	0	0	0	1	0	0	1	1	0	
0.9863654186083853	3.095267615687188	4.262348655835884	
0.986460009668842	3.323990423141805	4.313582237762492	
0.8919055187822482	3.3074708032113875	4.4866691008993875	
0.8634488159049615	3.6550138936802905	4.27464651410999	
0.7801322162458973	3.0841068877443227	4.196997529943884	
0.8649177755852876	3.4796100154776077	5.169900739130149	
0.8316304829747553	3.400408345411689	4.39685676054535	
0.9832726555156965	2.866496956371923	4.493007351582786	
1.0203906452040241	3.0748675314000016	4.89837463255988	
0.9674290233679501	3.201930222651267	3.9858382239014287	
0.9826237407162927	2.8994655803232567	4.323043493419611	
0.8999394029588026	3.2586751334843065	4.23916596907955	
0.9826000188380124	3.670142801758366	4.7215155939207065	
0.9346134662989224	3.0509866496055973	4.861966854774689	
0.9632372481497529	3.249604092890228	4.8505788678401	
0.9620661513573635	3.6677832865155175	4.266441016008304	
0.9309359264426438	3.2216867473984054	4.199223592248839	
0.9849263532797772	3.6716029872764038	4.082482007228248	
1.1558974057180522	3.3696887161541658	4.487781424790444	
1.0262505834615951	3.959129125172367	4.46253998024378	
0.9148974147893999	3.2351990946601976	5.08462580125276	
0.8601953462305877	3.0581032563225548	5.146703768957866	
0.8866535894030472	3.043340292069402	3.673418048443202	
0.8782583031141421	3.4704424722060683	4.303435048009548	
0.8447832896142778	3.0499150994425115	4.733673232413409	
0.8034098024731692	3.3388760597125566	5.057097045777284	
0.9794183950590556	2.937200195512614	5.102396460709757	
1.0109892831655014	2.8258722048887304	5.02615148044333	
0.7890081387479699	3.2351239427516116	3.962468967184688	
0.9574879326711206	3.619722298684792	4.7865495276095125	
1.0648975086255008	3.5817262671396106	4.690692765086288	
0.9652729351700851	3.1462089008209113	3.9172506570425636	
0.9580201946552688	2.861752889524036	4.099044598488631	
1.0336487197315576	2.719157940196036	4.899836195547131	
0.8418715989508194	3.4135861939762346	5.3913343045809325	
0.9324345602180101	3.106930285452839	5.152063847561842	
1.045176551384726	3.152572212938744	4.338269829065131	
1.0446940299924252	2.639877326216769	3.7901467197067684	
0.9862427738920778	3.819115905008623	4.32420178146243	
0.6535213040763751	2.9751561245647378	4.67367192134211	
0.8896311006335643	3.1189252766043483	5.117661020003915	
0.7424148721743803	2.9110221590377945	4.279237232175342	
0.8269585836679593	3.294015713100931	4.564012100451087	
0.9263828679841827	3.4619355517758663	4.98746665957274	
0.7637638031595664	3.418537322046042	4.261148321732012	
1.0133272749763826	3.2571313246737588	5.095391843662976	
1.038072225871681	3.2796623338722513	3.942886571553367	
0.8642220443945104	3.4306916291696474	4.522912121088197	
0.9316797036109136	3.4815391640749858	4.414762889565043	
0.891134660380081	3.300128146951879	4.801846149056497	
0.8654208747439881	2.841607277870682	4.697444607110401	
0.9462551148942393	2.9648071916059	3.7971404008974896	
0.9634430819989273	3.28503185765901	5.2948495611319055	
0.9168129954042421	3.1822179063098903	5.151259500255234	
0.9119993975715078	3.2817617823464578	4.56074213459564	
0.9399824118389161	2.8583859394654656	4.773699320965988	
0.9347807925423396	3.087539921539338	4.5610791389279814	
1.0549116763427313	3.7075619964452207	4.085459242997704	
0.9462742875809025	3.0654987932146307	4.82310672115943	
0.9596282299681302	2.914083895212909	4.74648003230293	
1.0378653213521956	3.211380727255855	4.946049441594878	
1.0257135002251176	3.340817447425129	3.770141693617588	
0.8440040101644085	3.0466032369593954	4.2261499574805415	
0.8611985025268525	3.3614478751483823	4.591006216499002	
0.9668629309832634	3.356164356740418	4.170610614239981	
0.9189827894872048	3.4793754213465165	4.5200344926008205	
1.0218950094082717	3.328870414040671	4.6193504979815945	
0.7898181000834013	3.3119451422271	3.4900675941171055	
0.8735396583549837	2.9284872832090003	4.282241149547047	
1.058550222244593	3.21556118347358	4.926825403827952	
1.1183382232351535	2.6815473850796776	4.4173171574252805	
1.0258613084192927	2.7976694741973147	4.3601600779552365	
0.9562199960941346	3.7052106542205463	4.300928614109962	
0.9383960464755231	2.8540542362647097	3.6203500913711	
0.9532794686607978	3.526408002111195	4.883746372372318	
0.9799403896359795	3.0459163028145677	4.783793640246673	
1.0359766891914404	3.039467764073809	4.499343813941281	
1.030522670315838	2.2239855977077507	4.37683463753368	
1.1384399313028892	3.1561918198060113	4.7940494451919875	
0.8990414047584357	3.472320100875298	3.593344071953104	
0.90165286528249	3.2590020826733848	4.679983777892826	
