8	30
1	1	1	1	1	1	1	0	1	0	
0.11205429077471357	0.15203125662634248	0.31718898551466446	0.6488214995544034	0.8138343403287801	1.35447208881138	2.306853750785212	5.349143364827205	
0.105253511000947	0.14297336240316097	0.35520265323914085	0.5700304558157172	0.9152229077506042	1.448429918441822	2.3198174132390776	3.9956908520637873	
0.11045131044858399	0.14615776735263955	0.3996570090009349	0.6362680330031284	0.8968447668724091	1.3136890042295808	1.872430633442913	3.6086423039660347	
0.09288064164765175	0.14023338450372982	0.38849812360070884	0.7177506907008047	0.9164460390839909	1.4151030584721145	2.085718468486666	5.0631726525519625	
0.11351558654017385	0.1696526690169734	0.40017561964228576	0.7066458189534194	1.1184871679298372	1.6540527283149595	2.420669040533911	3.8741932861479103	
0.10813344883802758	0.12818773883177031	0.4040815429326652	0.6610873912874151	0.9650002287470155	1.2787556749688895	2.36568997199579	4.614828924317262	
0.10309507819839248	0.15994924134349622	0.4058932540257868	0.6000144450414905	0.9459775495234471	1.5780393028084492	2.1891550106612208	5.432464304070975	
0.09735177549628454	0.13932933840090697	0.42314517196080387	0.6300206035362214	0.8754802046849459	1.2713136330644568	2.2901831926801464	4.637771159065775	
0.09626175615784653	0.15618597641621082	0.431575519151396	0.5942840383957254	1.1166286208689715	1.3252426196962617	2.4466478658644055	5.028598379117176	
0.10521835943908678	0.15627970415113146	0.4293501692211967	0.6560001291524998	0.9789243461891464	1.5162010409506477	2.2272472714630616	5.24124793250459	
0.09636469050631155	0.1554257676941506	0.3512385597112707	0.6135774654786655	1.0001691743961014	1.340896468629498	2.5345164277056873	4.669281403018171	
0.10078965629199466	0.1329748170787242	0.3810604123752037	0.6517524041709134	1.0136972965739453	1.2316310163701216	2.3347264847480003	5.304713871225054	
0.10125274900519624	0.14826366961142298	0.32335265702952476	0.562406267717126	0.908927166215663	1.3491553705182449	2.3769847708646035	5.02233762262825	
0.0997159013832495	0.15459094100256568	0.3426608154329354	0.5093216254736176	0.9261524605017225	1.4511464610402733	1.9207174398347808	4.419841142542883	
0.10543233811401763	0.15592649475723766	0.3607305813728195	0.6206022078196449	0.9415191909802136	1.3768827179882854	1.6737366876793605	4.835693338308018	
0.1024891054821157	0.14845846542190694	0.3259206935882556	0.58049491212334	0.9265586983208193	1.4615980872196692	1.9870991212934497	5.080824129850181	
0.07159244081394148	0.172136652646381	0.37129674013846314	0.6262699904241047	0.8513710618532797	1.4494436154777162	2.0605368403559745	4.637903442428524	
0.11469045256371646	0.13397992826432553	0.3848334362466496	0.5986796784512738	0.8201644655051843	1.669490094455351	2.153911118492418	4.588401155468239	
0.0889590065977405	0.15306498082364686	0.40845380764649103	0.5238246127407524	0.9436194102324149	1.5972948559349962	1.932555532809024	4.525986826233732	
0.10834757140209594	0.1342934844634727	0.38850059321098834	0.5043914222488632	0.9050562815024427	1.3496845275731917	2.056194071379627	3.987296827939375	
0.08246885971960116	0.15620916925984502	0.359614890691514	0.6352166528670772	1.0520489823512378	1.516360394351372	1.9183428466769992	4.51632848886735	
0.11093358773683525	0.15554321664150733	0.37639091266780544	0.6072999016672678	0.9218024459463361	1.5439074564530737	1.9036909174542644	4.75162683312979	
0.107328162722051	0.15410890381363512	0.38624901689161906	0.4931716177298001	0.816044403017041	1.3171338269471176	2.26178622668065	3.852518558193495	
0.10268477432422735	0.16589247219759345	0.3741350170888241	0.6055293288094366	0.785002393702379	1.5473667380293457	2.4576524508052358	4.103669963196132	
0.09138023127609107	0.13928414331336272	0.3583259604086578	0.6430778229562338	0.9172918467915915	1.5408176789430836	2.1887477932287465	4.38202930921223	
0.08919059413976661	0.1821854591713192	0.43020710957961533	0.5466842451660909	0.9323961899660352	1.54435461060449	1.9691453218082045	4.306925714173007	
0.09769607147623066	0.12967082554876444	0.3706738446658804	0.5000829827757655	0.9414696795500012	1.2921541824692377	2.183037768222922	4.153623414885755	
0.0982818693384556	0.1368978133702054	0.38691800657156916	0.5741371911326592	0.893906291284552	1.7155492148996272	2.067743422623689	4.105781559531865	
0.09448984706728901	0.1326582536060842	0.36485895114212685	0.5647891756510345	0.6679659807912784	1.4609400621202564	2.0867661763154284	4.629683333031429	
0.08645757474457497	0.1362232577515823	0.39040124431260226	0.5612698926347016	0.8971164998650191	1.1605558268891059	2.1728350692810796	4.963647994865536	
