6	73
0	1	0	1	1	0	1	0	1	1	
0.15816769833642663	0.6068396153635015	0.867107679512953	2.2016107131257674	4.895339651313682	6.0521091114332375	
0.15145926997689388	0.5476329943287794	1.0364110462050846	2.3745775143007846	4.315248365091076	5.925426924310203	
0.1712133100903549	0.5319857507371526	0.9861988203963666	2.0298980387768073	5.300135044538238	6.038068037199203	
0.1689056777721006	0.5543203590923322	0.8138868325438431	2.0996342167017605	4.618207556076077	5.693560990790152	
0.16137461139412448	0.5874027859313742	0.7364263439557057	2.268854575526495	4.10285832338378	5.783041570994089	
0.17329696805309033	0.7063687034472654	0.8764791105363686	2.2742241255858455	4.25147647930981	5.827876212660838	
0.1409133687765217	0.4965393791762109	0.938840135807235	2.211955558193426	4.198049214609988	6.652675026862266	
0.1434587967435717	0.5617672905084591	0.9789647899840539	1.818323372155906	4.908005564266263	5.758698505563382	
0.16483929114591134	0.6772878315497494	0.9895342701392141	1.975425742063413	3.937125732082018	5.139556401998858	
0.16654366052551967	0.591911993267989	0.8742723731086312	2.121602337419138	4.986279544029376	6.4672438712157305	
0.15657759233563281	0.6382731634455843	0.9467560290612163	2.2149543073187314	4.599461354017971	5.999963252623468	
0.1613006082574692	0.6216769263720238	0.8480935021070529	2.2637079928873702	4.611261179870686	6.366848081349059	
0.14843689629577458	0.6487044188260295	0.9242890047694475	2.305634132619117	4.29458781782227	5.767647567540629	
0.15903078784815186	0.5800935963753153	1.1351377906115792	2.2717856721574905	4.51121556876939	6.4919404660553095	
0.14278979385035223	0.655380889153981	1.0132568751497086	2.4195098224226035	4.30163571089314	5.266360047517353	
0.14084768041196177	0.5831021690416351	1.0850506788792131	2.621927586262466	4.655098037089792	6.00563436481116	
0.14475138254288683	0.6494814210126519	1.1335380694552113	2.5339579416054785	5.012089475672625	6.673981518668314	
0.1624846482938117	0.5971625612574879	0.861501015303706	2.1455249707944923	4.690052820959109	5.127819660769023	
0.14770573905950685	0.5504440587245236	1.0242872279793371	2.031812693536307	4.647699149391444	5.579987824238653	
0.1739654898894137	0.49795458380792484	0.9742531550464889	1.8753896012854143	4.270800307281817	6.123712022210704	
0.15383035546975257	0.6137560104657247	0.9441126701107216	2.01200348369721	4.426176004610035	6.018980409707348	
0.15293040595138324	0.5960591716315807	0.9978519091515543	2.1700781985824524	4.590596685429726	5.77040859101309	
0.13421337110078366	0.6092417358439483	1.0422924820885533	2.245430164607039	4.132127726453343	6.488844015491162	
0.14497324398309064	0.6428792388288171	0.8957019845646571	2.2259608845628844	4.266676198519044	5.704168502117799	
0.1265060194935639	0.6307244891496695	0.9644257760382914	2.2416851839961023	4.623898752509315	5.5426499800060185	
0.16448848896740367	0.6595667580055362	0.8566939157391359	2.2644066581402407	4.89374603341559	5.717941035993767	
0.1455594646613347	0.6320468044927071	0.78953933144447	1.91596879737019	4.054601246458697	4.9222101811047025	
0.1662740966128122	0.48071209114849994	0.961909291699117	2.324511929872372	4.36788182051403	5.598979425161253	
0.15349263676104957	0.600109980035669	1.0233259522047267	1.584867954814439	4.086581635733342	6.336946130349633	
0.1507567116416169	0.6451220495518121	0.9543678577902887	2.121031531403118	4.363970200607923	7.395033009525353	
0.17302419411047265	0.6297303058857132	0.9372971420907027	2.265698498110988	4.872075623042809	6.251296011422706	
0.13872929814920162	0.7070706460634706	0.9528973651811238	2.58299495653381	4.584216369094801	5.85260798872468	
0.17076210186069696	0.6180712174846661	0.942408305009364	1.891921695786842	4.797098012311123	5.704013770226455	
0.14328313186389038	0.5705670692756897	0.9708301466266631	1.8198941011812264	4.405119595773387	6.588167394665627	
0.1313149669598999	0.6103727376560751	0.8712798539148123	2.0632059793148887	5.244818517175458	5.009706489872995	
0.16148445507257425	0.5713243038733672	0.880927249381453	1.9110140963650222	4.8392548367731365	5.88515723022959	
0.1452349587930802	0.6065902157522445	0.9141632973060126	1.719852105852992	4.279129117660188	6.537264534568995	
0.12740075303831538	0.5346037260086187	0.8903084002279371	1.9939909649930143	4.4874515330362765	5.344153948992755	
0.14418218214285938	0.5971203281040399	0.9903514587073413	2.4176297180114132	4.382303780765952	7.132836144747495	
0.14724143129183215	0.6497325088953919	1.1096302193295904	2.179951307985726	3.881913020290109	6.0545423143245785	
0.14082535667692633	0.5835340783816528	1.114602850072055	1.8871058640068665	4.635210070037636	5.473367231806965	
0.1453851308819863	0.644690540112269	0.9595892467429911	2.1016180621732583	4.2075898536309175	6.189646915292169	
0.17561530075730053	0.5459188834425825	1.107784741347573	2.407891951905907	5.1162090154099955	6.185059428557761	
0.1675669466326484	0.5394701230529624	0.8678719165700886	2.3146499699928844	4.633130274850717	5.910972444901338	
0.11246086664088865	0.5738715571177097	0.8208129984322614	2.256109876931973	4.4139741621447435	5.623019673500098	
0.18964365723936455	0.6622904686016541	1.0281961091461136	2.623476256106667	4.860986302207399	5.537427594316281	
0.13668155472462393	0.6578941655252541	0.7384800519809086	2.1332773793329434	3.522994030099598	6.059306105033704	
0.1628110537606793	0.616764932076218	1.0172441703842656	2.5724377924568813	4.435407703232096	7.684590469967329	
0.15319004934255231	0.6569499037614216	0.8731711675454488	2.4981525056205967	4.968769589344183	6.882870781540798	
0.15081756632660934	0.5246749461370026	0.9728169618851629	1.785140740135444	4.348716388370121	6.114648261979351	
0.1856583643876615	0.6191129167165164	0.9429769846247228	2.1364480288324117	3.896059092855742	6.0514955040078044	
0.1515432401420516	0.5418834902727769	0.8196326578581621	2.046462303204937	4.529219840357712	5.725467491171125	
0.13423686825522718	0.6173563351202582	0.9801146146477383	2.1760790074827803	4.24665777875538	6.3569046127393545	
0.14714194065409528	0.528654977559291	1.0263707250151302	2.2260042241422955	4.446319362436917	5.057368677099165	
0.1388270958129718	0.7211139427429756	0.7897241882450952	2.095959904877036	4.492648906940871	6.192286073646933	
0.12754243596260378	0.610450575384276	0.7731921919901338	2.1709471911820346	4.206420936445689	5.480478439849314	
0.1625222573800138	0.585863625398167	0.9740551048564042	2.258967785946231	5.071479070029796	5.275045355027385	
0.16378523493779637	0.6009876973462828	0.8948344140256278	1.902911138374089	4.772965887694288	5.446665287199669	
0.15776709880465714	0.7156698463780279	1.0211378647534175	2.4491583799073893	4.176447850248736	6.4576398276791975	
0.13283677567295413	0.5859910258455231	1.0919383012283783	2.019313925618306	5.000110282877892	6.609388039799829	
0.16612111875331256	0.5239798814327237	0.9788436898394582	2.116331308327874	4.9898235858881	5.006999760163893	
0.15551681833598405	0.613582512170404	0.7449191434358491	1.9596346234395798	3.676431504097417	5.564186818846256	
0.1582382562699772	0.6117219345389164	0.9457542074952001	1.9264541565797528	5.004202721179739	5.988708192983196	
0.15050555718386263	0.6564239741367678	0.837804845464594	2.1991377705224635	4.690558121220639	5.672659109823691	
0.15978560071139664	0.628627390237774	0.9205905657581995	2.121587558621005	4.735596446042088	6.473082624007914	
0.1509434987610996	0.6672113676244108	0.9912429145060443	1.7654802508087346	3.8677964861060357	6.709341131412996	
0.14629840302793654	0.6098505493678484	1.0359540181423004	2.148621588265054	4.516770424315207	5.478762460324962	
0.1555499176084128	0.6351907331380094	0.8762569891587344	1.9517654036642385	5.681830164837853	5.94425491809103	
0.13974461490586063	0.6423951867175356	0.9252761547238061	1.9165602404986477	4.717374107243151	5.488127418554509	
0.1736468700323345	0.6296702777851441	0.9042501205190743	2.173509608874754	4.906479654494187	6.111576752136479	
0.18183164185850323	0.6681520509837315	0.9753474851831845	1.9485480371956758	4.433900353244104	6.287324982031471	
0.13765707876362793	0.6776056124977768	0.8394033672146423	2.012996474920131	4.246965366797303	6.44629467637988	
0.13792595449243839	0.4920014057748567	1.0311876117258394	2.0544569487023043	4.019171565531629	5.547084868078477	
