4	93
0	1	0	0	1	0	0	0	1	1	
0.15006089110844925	0.9115989648595878	4.302699688112324	5.211113087383534	
0.15314030381818552	0.8467113528035868	4.488388163875459	6.235162826189047	
0.1637078915790424	0.9371437164072073	4.279575557996033	5.986684348382289	
0.13915772141491278	0.828067636750786	5.261921864320072	6.210057391176614	
0.15216448423608023	1.0212244123752363	4.9646875363092295	6.275372021330083	
0.16418706558921717	0.9798688500488616	4.3344457155396094	6.53306103142638	
0.11038195339151481	1.0282667247298747	4.2054440827212805	6.277788445203659	
0.13161330869255375	1.0784658752994623	3.936863195299749	5.065819385489584	
0.13735172151897407	1.0057824486003675	4.444261376257968	6.814050942000751	
0.15021570800981032	1.0228181490823132	4.6696892130623215	6.004019662483747	
0.13220751000313702	0.9351963289406497	3.6320900705004644	6.10338999410842	
0.15341001934182802	0.7150804332674836	5.8939851064750455	5.521020601061106	
0.11710256260476258	0.8963528388565395	3.8734025217784223	5.867495104792799	
0.18796218792595348	0.9221542423980896	4.369307363619743	5.477558226097164	
0.16605343724127347	0.9543226787872171	4.838352547253322	5.719728192484078	
0.18166561337340467	0.9119714073924584	5.003137564564427	6.7079391229326415	
0.1827909665633108	1.0173845913537896	4.076431566120132	5.583890423122221	
0.160352097814028	0.8747706419630199	4.131843650139615	5.908249027237128	
0.15517338658252824	0.8776496043716241	3.9984732343084852	5.789306646970648	
0.15266276632356593	0.9370050537484405	4.276226396455639	5.53355766690177	
0.13766476382660559	0.9583562075661438	4.361622423026112	6.338844084132718	
0.13273200810449393	0.925371164826735	4.962066803474195	5.7186517028800194	
0.13739774712350353	0.8866770269105638	4.5252521932428875	7.068392713120963	
0.14815391694142402	0.9954591286139397	4.3636297260562005	6.909108806945736	
0.15489703004591968	1.0003601936152975	4.390068858145646	6.789565565909339	
0.18370217770999567	0.99012576065094	4.314959258365093	6.597018978528771	
0.16471381322784323	0.8553996710869111	4.924111173866007	6.489150757806817	
0.16727233071413622	0.9626572171428247	4.761768841759214	4.789478439851992	
0.15302927413749753	0.8409671760389205	4.506593858257504	5.873373077310381	
0.17783931037476092	0.8254853213023106	3.962980587477251	4.944065453366717	
0.146597974395507	0.8806433745644773	4.919955922892365	6.122825898581631	
0.1233530578424356	0.9311331509596342	3.7722302433270722	5.438275660252911	
0.12823824332715283	0.8964650409914081	4.793313393052542	6.550037480452441	
0.17151773320545258	0.9789002669577064	4.293797543599707	6.8942800672528906	
0.14753922828772056	1.01327720144454	5.087703817444803	5.668560738653804	
0.16486341964134738	1.0013625706073184	4.701925384114811	7.27294268602399	
0.14702993638303902	0.8306453527785741	4.510897292223392	5.951630811722742	
0.15818733254817424	0.8186659920696023	5.037442481822433	5.6558362779198905	
0.14998094968705833	0.8194158709479705	4.982104540314809	5.677094715340774	
0.1416121215235079	0.9850447006726727	4.142860178671652	6.077765190745726	
0.1363811901129222	0.8784194434176823	4.4689249298932525	5.652037536252832	
0.1508479550441567	0.9448722897331058	4.110888462566042	6.071873451651079	
0.14119747852557926	0.9810228446686668	4.744078575390331	7.023087276276319	
0.154691288068695	0.9300897630147381	3.7788690149493136	7.326673751888073	
0.16262714120171753	0.9219032623756984	4.431143006132929	5.762305070147332	
0.1647820318877077	0.9894984543366807	3.7686643838945684	5.6261735131610315	
0.14808373967916538	0.9356721863323206	4.3728589243614655	7.497779002656808	
0.14712419690348072	0.9257547698179734	4.018494825286482	7.063089547879471	
0.13048820689096052	1.0957162034104904	5.033547446317275	4.623917213891318	
0.14815261662061302	0.9139349077564778	3.782809212554657	6.537363788860682	
0.14978414916763313	0.818245646698342	4.870171260963382	5.631932852429043	
0.12936648846616725	0.9090759656218457	4.138141231783288	5.894785600086957	
0.13078930670507244	0.9032272308748029	4.594754215428237	6.265059763589844	
0.15001700599886997	1.072694229019546	3.9798150385157767	6.231905784876957	
0.1624486335320363	0.8619656589569544	4.347839521325895	5.587451981346524	
0.13502436535856358	1.0427538506147238	5.142158370281514	5.547100942137717	
0.14487305778588835	0.9358231904213135	4.724455867323446	5.961596617832553	
0.1284568461948788	0.8413655246887669	4.413483927988778	6.8916347290000495	
0.12990673775555597	0.8650796140997186	4.264095036065235	6.325006414003824	
0.15074199644208297	0.8009240134058399	4.5161008908599785	5.169326618601231	
0.15487676936055	0.9972155081395997	3.88379057534303	5.740007842112623	
0.15602720906998077	0.7441874559910315	4.847162744051312	6.367446437671521	
0.15563074541991415	0.926443401404344	4.3074857265420485	6.666206391356063	
0.14628173864580482	0.9299745847085944	3.532379184646403	6.374648454681534	
0.14944300053816123	0.7755373468400142	4.444507839732908	6.702770571516315	
0.15429393508574105	0.8779600117113986	4.169612555025215	6.107446984001562	
0.16420719003013992	0.9135119777849102	4.5332884209942295	6.105988102728788	
0.147685417802457	0.9783774892561768	4.317648444093251	7.320065691979601	
0.15132669134489446	0.8458974789532903	4.64865094686885	6.6169588525413605	
0.17155896061169332	0.8507385674693942	4.270919430695137	6.208010379149593	
0.17805113946250614	1.0893622776167171	4.082135879693006	5.547407242908941	
0.16005072303133389	1.0219175643270648	4.412934349925095	6.166779125402249	
0.15696942494304733	0.9908177699054328	4.183206573605709	6.686349503573124	
0.16091895943305137	1.0749364943956743	4.8592694541902	6.415694353289927	
0.1426378271978679	0.951040937846951	4.129276222911192	5.596808022608306	
0.13135603349696123	0.8477528187196195	4.598990714135579	5.232190630606887	
0.11608548900229645	0.964242245307957	4.265468568940593	5.672430994845579	
0.15230594836962633	1.1628049062336496	4.481453842796519	6.260874391674472	
0.1636366375576505	1.0381536338350965	4.781410652450893	7.1603603557680655	
0.16815759342083558	0.959280116704127	4.157131710095244	5.654535340426288	
0.16452656127934098	0.9343423449233962	4.501893721340037	5.09798721031392	
0.1364663266596128	0.9555119078866965	5.189949510342034	6.262990025970309	
0.1667726074828444	1.0551220105825414	4.593874652420077	6.255847458483769	
0.1439867089449477	0.9815371585576227	4.339150621065793	4.620504805587985	
0.15745313287424556	1.0866351904117422	4.582841715128195	5.404940806768089	
0.16744327985978807	1.011509497689211	4.481485842564645	5.62516147348438	
0.16913237244308527	0.9684163867504197	5.01299611468164	6.294734373690296	
0.14158953758040427	0.9761950961483742	4.739171720849164	5.823539333174107	
0.1494454580916721	0.96216205237454	5.5613772668152475	6.2676844289078275	
0.1354128123225262	1.033980583181808	4.211066549283939	5.6623050096564524	
0.1382462401425176	0.8653478973016099	4.370136531723695	5.785183444475732	
0.16566300144736879	0.9469815849336124	4.898642822412627	5.506871188496917	
0.15816571045683325	1.065375398925385	4.510946195126836	5.563641454891724	
