6	25
0	0	0	1	1	1	1	1	0	1	
0.649529933557052	0.8992655327599927	1.5709853904089037	2.355998523650401	3.8798714035577335	6.165313434003103	
0.6120941438855289	0.864088224848462	1.3643194841968067	2.234715817318907	2.870420725778945	6.733544916292589	
0.5640581076561106	0.9902818568319091	1.4212757826150149	2.3382993781760226	3.450565797471838	6.223473353245129	
0.5680199705715917	0.7732967028915656	1.2865394051690608	2.3439499831692876	2.9570075746441247	6.396943150788798	
0.500839182818274	0.8779867787661071	1.615782399399627	2.3784632498176475	3.813749044096825	6.948372996461991	
0.7048237810357904	0.7983174992941197	1.3821117742944038	1.7666383106461445	3.739840226528984	5.0520197454056115	
0.5082610946577725	0.9666842350613588	1.5008145076169481	1.8715326363166744	3.549545132905521	6.779357185519638	
0.6360355702050956	0.9623164404849284	1.5827267024946412	2.185627017109548	3.29224139242097	5.490016207408729	
0.5335659922828437	1.0811671564957275	1.2658239887120537	1.9877863647958978	3.257249969509814	5.553397902049873	
0.5807685405717261	0.7552560805708946	1.8348405044440956	2.048414854573712	3.118744096780849	5.953124353064602	
0.532252562768334	0.9660018903990628	1.5220226028908728	2.3879382129263127	2.8642161417368497	6.248144785814729	
0.5021421719352138	1.035250890266847	1.2325664255609858	2.1966198004301303	3.1747204613671136	6.643511495276101	
0.5962252634116769	0.9274374536159978	1.8184118713854633	1.9569360913760776	3.6337413417209685	5.514715114406961	
0.6826997355633365	0.8542446818744535	1.4384768492750812	2.217418054612364	2.724616934973248	7.098490994589201	
0.5933835834278466	0.8525547546208107	1.40755224991994	1.9615323067932744	2.850890700281728	6.237924793406213	
0.580676257337275	0.8038522987789143	1.2939797252542935	2.207465295830317	3.424640188358164	6.424957875762679	
0.6650788787666406	0.9221778682617182	1.6072752903843885	2.0445563537131872	3.382573869364389	5.776677769701486	
0.4928396041973676	0.9350747297507411	1.5670819223963166	2.4049072524024813	2.8221398603928742	5.793646880486467	
0.5426359346515642	0.8843280145070224	1.1576613348114717	2.2610568560315922	3.0808576979644626	6.075704738150147	
0.5861553759842507	1.0497151486507947	1.5751882512118878	1.5842475390519117	3.8359105383414667	6.336627521757189	
0.6110369983703914	1.1333094197939264	1.4293562708019634	2.343383855319392	3.5002358074881506	5.645744553133627	
0.6215077915711953	0.9759200826117623	1.4496388199037935	2.105876456293642	3.02626860566651	6.485227351053171	
0.5394522422046122	1.0187123136749987	1.4158390095715754	1.8506903530881502	2.602479988061831	4.6197443210642035	
0.6124337160297274	0.9716165566968538	1.3907244975294786	2.2268266553082667	3.23199803275565	5.143943082418596	
0.5345955246478121	0.9099711755113111	1.3235649593595595	2.2262190758712834	3.207475654648786	5.735514013139267	
