7	81
0	1	1	0	1	1	1	1	1	0	
0.11872393407589432	0.3399270022617878	0.9386712357713531	1.6558940821437171	1.9866579405575997	3.3413558559074588	4.042906714234268	
0.16162383557488988	0.4062475252997745	0.905630393738497	1.4250779391840303	2.3018945786354292	3.6275974278137872	4.751167886865668	
0.15797429713850508	0.38184054166249526	1.1321838770474861	1.3969582280258201	2.115970881485093	3.206928895134123	4.425065577112973	
0.13520126224340562	0.37625040429380463	0.9876576788575336	1.6196123534903102	2.0766741298570435	3.60267579625164	4.442228180256454	
0.14256462884757223	0.353866300541932	0.8989139550295809	1.5565956467212536	1.9112707362708685	3.0746387172874208	4.383612189220021	
0.17739274492469959	0.3285489694903684	0.8931646065684323	1.4192326116084213	2.296974136442506	3.2979265528308077	4.910417239041826	
0.1746166600961572	0.31905817229927996	0.8432703039764561	1.3728065086727104	2.368422926220808	3.7658700135079517	4.704382516658708	
0.15039756206741128	0.36992700996624994	0.8158557895941819	1.5976192507507108	1.8629420773952385	3.5895311049902032	4.60382542899846	
0.1573205085031367	0.39339602285427816	1.001677964678325	1.7734880591786406	1.8716085709285228	3.8006908497029843	4.16686789590535	
0.1626964881410349	0.4291738952650182	1.009788838490875	1.5201152396716187	1.7578373454847824	3.28902880471084	4.370989322801426	
0.17446772419563814	0.34512150714077394	0.9521995817025649	1.481728945391092	2.3659973248261017	3.5207031037462464	3.9014749757883003	
0.18971803562898046	0.4093877054272183	0.9220108548111409	1.6208181632380747	1.9629871255829612	3.5354415715436973	4.357092770656537	
0.14178088639886627	0.43566738238726493	0.9248074005160394	1.382602611190452	1.9774792729388082	3.2244811224347063	5.730627420529228	
0.13848615692189672	0.3350405110786626	0.73146123493165	1.598643480723645	1.8853151252460332	3.1453427259742215	4.335625904631307	
0.14648046740284992	0.4620769414865414	0.9388581480369502	1.5145947797172943	1.6032566881159183	2.9333861033611552	4.141670858227469	
0.1517546846664611	0.3931630635815547	0.952074428595664	1.4732365693030378	2.1516732564944703	3.3162886587589613	4.192715285238523	
0.14343405808549067	0.41995121300648547	0.8604365960933625	1.4419215107767909	2.2295816441510423	3.6948130399381416	4.262795270563944	
0.13822075834873368	0.4004425562036951	0.8227109651635516	1.1670961760549732	1.994213428605983	2.5098397500941707	4.98165078454704	
0.1635398752820693	0.3920509590453222	1.114014626473681	1.31425745268536	2.282519126760802	3.5122973223484535	3.8820611881116793	
0.14700868487814012	0.3887869389365712	0.9259125734831524	1.1662742927313516	1.7811985119664173	2.529827459055241	4.467712703569901	
0.11638573040603908	0.383952343782452	0.8549154001477186	1.5074256640114967	2.1890852582236073	3.0699803270786123	4.576865933168316	
0.1580752514823192	0.42665415815465935	0.959318604341464	1.423831730048005	2.1791534968954838	3.3496748094113813	4.936300557976451	
0.15127007756782718	0.3607494515336585	1.0153468125171188	1.3174732116544552	1.9543266986747	3.269135442935606	4.036726109602439	
0.1665514021074903	0.46918790931349297	0.9162681398667495	1.512974433965505	2.4449185297799287	3.281577611164606	4.7499273107858455	
0.1519566549155303	0.3645230316276815	0.9846060436696344	1.5139879940186753	2.2513839338356894	2.8514370958884636	4.060506709660069	
0.1609483075179543	0.363671680305416	0.8619028640456924	1.4953031019248602	1.9493377211699192	2.993145019818964	4.432394366743081	
0.1502586033579825	0.3557084404923123	0.9859730732915065	1.506481261482465	2.482436178437604	3.0515998247997986	4.927482473150488	
0.1613295381784834	0.4031740556120974	1.081439579562669	1.4590983806568	2.1288670348012615	3.1535763061633553	4.344446060438942	
0.12427572002460484	0.3932093826827035	0.9634492297257677	1.286182807254799	2.125598841138267	2.883388729728916	4.230325743807979	
0.1478963767427556	0.4065973028767776	0.687042022582414	1.2743219956352856	2.0598998221326585	3.4343436543907124	4.634463306225821	
0.16068279332718854	0.40262998165555386	0.9797167289266014	1.2134763717190986	2.1767024979290355	2.6892209549088397	4.655477362291432	
0.13297885216486827	0.36640367558235787	0.7531907834537587	1.4728644649737799	1.8101396285666551	2.5597043792870977	4.621965195089431	
0.1417250585216104	0.37053757089682104	0.8647359207090214	1.183719611937045	2.1063776907130687	3.275076961532457	4.5215672555604	
0.13875751879794104	0.37028415770554296	0.9193732640358626	1.389854499770189	2.26403698898411	3.640461633672273	3.866509618285575	
0.1510923954981759	0.3738481226863064	0.9706598701886995	1.4137729034101658	2.4936005478386654	3.140482352200065	4.302156091499095	
0.14009674019326077	0.3870429965829118	0.9628145670267854	1.740929520622024	2.079346221607251	3.7124567005102347	4.7955865244461675	
0.17733486116106706	0.4506272738343854	0.9299218722233553	1.2602456699924158	1.8972248832166503	2.8590787889462925	4.709921779018885	
0.16934363921569956	0.3966316124947427	0.7900970061224788	1.5753879755593427	1.9259983499453954	3.3531983838130053	4.286956144648642	
0.15582658026668142	0.447116045240019	0.8897722982567647	1.4631442277177344	2.2436654972271417	3.5534348279908676	4.788576171524668	
0.1553388178234642	0.38802944976575704	0.8938593511260357	1.4636691561137352	2.1800698794963065	2.5160424156775183	4.324558666271477	
0.15361210222118668	0.3839819301741149	0.9088411875080604	1.646505280085295	2.2515303103054736	3.5815089510324007	4.638854231377693	
0.16142789398402094	0.39886567958235497	0.8120155357827467	1.3326528726124374	2.07028809693535	3.273305977076578	4.20080484454583	
0.14907090173403367	0.36434015878678144	0.8222650095144242	1.3575802445735785	2.513874132499201	3.69625054548283	5.023105711679637	
0.1567176302948066	0.3760817150882563	1.016156458653678	1.4867730975841638	1.8486314891618403	3.308197693588767	4.007851061068539	
0.14805773511089756	0.32624217015992896	0.8333617266938822	1.3492072596987317	2.345607725964824	3.399556098789882	4.777764141970501	
0.1405603044301571	0.336010600790335	0.8839172962416568	1.6111951940018792	2.4374356772679677	3.0680782325706484	4.7359617571098855	
0.13157955058562762	0.3032431705627744	0.8728664022043453	1.4544446716280541	2.2369677788312394	3.3032277037333775	4.525629920158366	
0.14113938299870463	0.3356230267957946	0.9348438459044018	1.3820411108082382	2.722334461131299	3.56833552330222	4.716868992920763	
0.15052716247092	0.3340915086440089	0.9277879569546811	1.2937840120639548	2.2419995962973576	3.34123024315994	4.5905879592644006	
0.13434261726165933	0.2702530031438351	0.950131420428288	1.1282724332184986	2.341704600818984	2.757222136151568	4.433655657873316	
0.1468781746518207	0.39030434847709383	0.9927890251443784	1.6579610789974397	2.1975950893747145	3.3083752869996577	4.913685450726616	
0.133379640638699	0.36853659282264745	0.9741895487705807	1.481050526365714	2.304797741598619	2.926139428119228	4.238429929941611	
0.1562409540160944	0.3958323941405703	1.0647926747362757	1.1621425204366984	2.3118339664069847	3.112894956491596	4.793125101818573	
0.1453984005077831	0.3754666334759695	0.7839839274256062	1.47022707865125	2.1622970794113234	3.0277774677610685	4.326509098579477	
0.14390497656839454	0.38338002081308464	0.9643120706980335	1.4659158475831497	1.9723974773983113	3.713485271742731	4.468824723777702	
0.12345619180556362	0.43694229893199615	0.867212126216082	1.381578067880543	2.2271135239955413	2.9506890297036774	4.044657822363057	
0.1474849117305289	0.34318951728543917	1.0421130979891142	1.3503013363674843	2.4332210705611645	2.6370082849762917	4.409682803811908	
0.15875306240270942	0.37910669840542105	0.9228675332741066	1.459402044808002	2.4219009773063216	2.8307075514499025	4.133415312663279	
0.13393175963779883	0.3743909809420507	0.9671879306810083	1.4869775129839347	2.214489235085641	3.4928321216803853	4.552481872439692	
0.1632136915118674	0.3638544255879938	0.92183484517786	1.2730116237918168	1.824376039865037	3.4845737140171265	3.7639456724448386	
0.14860380636198023	0.22554427542793948	0.7456283046716422	1.233656641507729	2.2044123599010623	2.806700445376096	5.0214931298899526	
0.14171880539596804	0.3907606495142427	0.6971380392330702	1.659282850070086	2.3476335099375047	3.6407109409832907	5.021122460656255	
0.13844602078294727	0.32972154652564434	0.8435337227912741	1.49723840293945	2.0544547541819806	3.343360194465843	3.882530379401033	
0.14884383104148438	0.3611143581534299	0.8241542131446843	1.456901378810406	1.920567424258817	3.768996589827527	4.460583773514596	
0.15763040200579556	0.3992359003757246	0.9164940052844709	1.3294751753819258	2.0682644393182286	3.314841665290281	4.691981751057423	
0.18376296445247278	0.32466703897990207	0.9727961790632716	1.7479692982389587	2.2817810928130613	3.171257853767971	4.749583751566959	
0.1632131400026545	0.4021659607588078	0.9267776481230998	1.3275283014081982	2.537538895493046	3.045366679760343	3.766698832193427	
0.16097061146992	0.35530322539510484	1.0075012196998747	1.5011589029461445	1.9887793891550505	3.12909399770482	5.036681134230835	
0.1582737113143327	0.40934019441936065	1.0768563124724035	1.6233103400451054	1.915782800956501	3.0380182902455957	3.997606503092091	
0.16247174555943722	0.44544682191010987	0.9459152759768279	1.547841399150378	1.7991542747348415	2.9079648213055043	4.174779816627689	
0.1760879032680625	0.30380088937427596	0.8476497829322823	1.302799023956583	1.8829607501487597	3.409718484683913	4.2203754765468675	
0.16157849428565435	0.3245833348657552	0.9632450366315715	1.5175930330317722	2.585155963103695	3.454319259183886	4.3850413883594275	
0.15287664163299516	0.40500580311823003	0.9249127632423696	1.5847680543997114	2.0669097233879903	3.200859121931314	4.864327478374143	
0.14898297193247442	0.37763537453496154	0.9786374549088555	1.5392460788506779	2.485411720235526	3.6621998513187575	4.868190802953359	
0.1300184549979889	0.3976065891090912	0.9031758741293632	1.2887597195527232	1.8342803487753645	3.281240327193629	4.966242854538555	
0.10869341820612614	0.35162960960194745	0.8604878619657361	1.5383166979253498	2.0783331601133384	3.0369339845660592	3.726647915883696	
0.15069137547666606	0.3657972424360129	0.8952905168241271	1.3328517995020446	2.7108777356360707	3.4886534653501693	4.288103064127411	
0.14734011396710572	0.3726712189115557	0.9326852263966704	1.4825274683631715	2.4248217090904713	3.622833865377499	4.487800262289305	
0.11724122578361913	0.3751405039432579	1.0042048292394856	1.2789965989286032	2.0632566747838363	3.324011358537363	4.949190936492036	
0.16052777768090765	0.36521373902933657	0.8176012782261375	1.2725317896699622	2.209361401197098	3.6552052567108757	4.310389815309521	
0.15811176154802017	0.3619405671777469	0.943042476742504	1.44380902073046	2.0205855743935164	2.9761658635678425	4.626407852486178	
