4	89
0	1	0	0	1	0	1	0	0	1	
0.15879182776865783	0.9463236091968167	1.987149680996356	4.744129158756371	
0.12951720995061863	0.9971707009070114	2.2082156560624653	5.494645876845598	
0.17624336554609105	0.9566131718078422	1.8975131478009584	6.571948411575205	
0.15969391601202199	0.9711194204672865	2.252730029735081	6.623112345884976	
0.1342731840440333	0.8685465494960932	2.0899669599634785	6.372535697624201	
0.14218133023277815	0.90450589259568	2.2673308022771588	5.740552196219506	
0.15989837293155965	0.840276284924606	2.0050474645524745	5.665478139620743	
0.13709057698265764	1.068806217754431	2.013360980884968	6.496727244523871	
0.18206027548780526	0.8206355605956831	2.059933199631308	6.9498216162240904	
0.10804717985876482	1.0449998520312531	2.187629816557421	5.70622075742109	
0.14721932226612075	0.9858856466816883	2.055326045998569	5.636660982563895	
0.13062325435399408	0.8570927326969554	2.0479787470603443	5.54704457566521	
0.17001056132320444	1.1208858732734774	2.125565198133645	6.129406837134436	
0.16833402662903954	0.9132907038055071	2.331435297364876	6.926487199282823	
0.14667609355714037	0.9580513689181577	2.238300951571544	7.234322154655889	
0.13347493220402276	0.8757035268046843	2.3018712194353137	4.958915064579889	
0.1542891857131183	0.8034209966184025	1.8825110643576421	6.664589078443642	
0.15559841134122945	1.011951706916741	2.0850220102156536	5.979327290323792	
0.14050611670647958	1.0151671390476806	1.9982373917320426	6.109597997179063	
0.17290828923228352	1.0210117287883909	2.090850091230329	6.414405575022619	
0.14572069949937175	0.9340871218525681	2.0832260795056103	5.949710973177081	
0.17829576716211548	0.9012998094101442	2.285088627450634	5.548664017945681	
0.154486469266749	1.018691888437053	2.0094194076505554	5.067836951725723	
0.16051866723705208	0.9040053130262192	2.194221517752788	5.557169328417398	
0.13974400963920644	0.9690007912590451	2.5997722717830047	6.1312075143884694	
0.12797082455793407	1.0787934685643013	2.37710194462225	5.743758078929257	
0.16074122654225148	0.9044047972483288	2.3345095910485187	5.266999065343982	
0.14706518144762729	0.9322694237920448	2.0671523606156987	6.06799910234011	
0.15138692139891122	0.9765854933226676	2.1824282580579166	6.400988736160592	
0.17579051798597486	1.0946478795115706	1.8474209447244752	5.893795303830843	
0.1307141333005363	0.8443072829025582	2.2541595395176914	5.561256323448072	
0.13443109901945025	0.9499702788594556	2.1925580371635167	5.677575600763912	
0.16566400865577638	1.0235188497442318	2.2956735172241927	6.2040948539396	
0.141236254942511	0.795333408630628	2.177834947953926	5.260728216417144	
0.14959506164103117	0.7734052162415942	2.2772816954041697	6.843638780691211	
0.11413504846756212	0.9772323183670955	2.319188297329354	6.082590103680117	
0.11406036444649054	0.8813151580353601	2.4257010606769804	6.830952466571378	
0.15364849489480423	1.1435795761426573	2.175929923359384	5.772901701643322	
0.170041383331934	0.9656017852787089	1.7928526337504127	6.034422520120884	
0.16319128977450298	0.9095426080248963	1.8689663787333215	6.435315320344434	
0.1777852354463186	1.0363075492783669	2.192107974680827	5.872578319993703	
0.14635222253441624	0.9351944631529311	2.555655881119843	6.903640275739299	
0.1416470098220521	0.8445110815777899	2.1456463624735096	5.851784401245256	
0.13378525590327628	1.0989788192166479	2.384015046980337	6.408808596306866	
0.1320227192428208	1.0287501489569364	1.9685465448225734	5.551029036555578	
0.17413675125030234	0.7704669231409498	2.101596711459051	6.240173803812385	
0.13479951157317352	0.8507183302336009	2.0640291447103407	4.660668265020598	
0.14914016109730627	0.9901708321898267	1.9714683166586304	5.731935905877777	
0.14496066916241054	0.9033360015449375	2.1202783802093323	5.747814818995426	
0.1668953848692293	0.7351862318857535	1.848809914976403	5.516736112090666	
0.139154338016827	0.9980764550897103	2.439531026357006	6.056881553826374	
0.13721647955165225	1.0034893404215377	2.352327665123849	6.834634200484508	
0.13888015359972664	0.8457407525880226	2.2796351160894806	5.99168636562753	
0.17941767130667144	1.0642650960891493	2.2389391571528976	4.6130551441745276	
0.12974345298795445	0.9304851481900085	2.174912466448838	5.354857274178792	
0.15619106657554394	1.055297997267099	2.050586862981757	5.759737796776932	
0.16182049456135858	0.989704269907734	2.2056149066777126	4.91439265442323	
0.1666532772299452	1.0017518521982458	2.0502838385791833	5.9921072146509085	
0.15435328211965313	0.9729051512224126	2.2122362538805356	5.003094194435468	
0.11932580294224107	1.036263914690525	2.2963208883747295	6.5330716365250865	
0.12918128142599758	0.9286298432874353	2.3531843210915713	6.801907283252437	
0.1672007525162208	1.0067410191722772	1.837757060956985	6.210471520576711	
0.15177140387898572	0.906989238549287	2.5146952078589853	6.241344264050062	
0.15416561777980572	0.8389727501642322	1.8470076766113355	6.144379598924944	
0.12635513518160266	0.956699752995109	2.249652431779032	5.732383356569157	
0.12056692269900363	0.8087178632457983	1.6457075585404086	6.271652389434255	
0.17052396836489228	1.0053059186697224	2.1273213946071166	6.496337367913132	
0.15278424819946923	0.9512956295715067	2.280439694972498	6.134349395298532	
0.11023504093644783	0.9158019443797561	2.619941927144265	6.180445262259109	
0.13826483598117234	1.1115296373737686	2.028860957386498	5.654199071369722	
0.17410423336177402	0.9264565887018977	2.175495870324799	7.105249443260002	
0.12663497412676328	1.0410751071141215	1.9375305925204023	5.90609172768888	
0.1542662506062525	0.921393180877434	2.306782969008182	5.3919604272254675	
0.1447347124984695	0.9968151456080938	2.3763238835598046	6.344031099643283	
0.1717284027435619	0.9042189019667716	1.7911493332126769	6.8977613563288465	
0.1395024780370478	0.8007713595216107	2.028039671870923	6.094015630592123	
0.1519047130811649	0.8485436589261186	2.0808234677336386	6.294550235756392	
0.16448557696355737	0.931994231520832	2.018448216272068	5.650864761212889	
0.1706663934473087	1.055420823057835	2.1073398537778796	6.508820051184637	
0.14963653247673436	0.9770120195604446	2.2137184578824978	5.7526865434341845	
0.14228250849522522	0.8002454261254623	2.31615055145714	6.185439358691667	
0.16157343725175244	0.9222791712874926	2.4154157336618516	5.217741336865304	
0.16192044826068705	0.9734514118705908	2.0033009855463066	6.026132024098379	
0.13281693022096333	0.9458766906596544	2.413782543460898	6.449510679503325	
0.15670726811321456	0.9184520718965901	2.516720486501795	6.688186956966432	
0.1316124962081335	0.8803576331478625	1.9387254020487952	5.872920789158567	
0.1622864907287477	0.7832965394204255	2.285644901220631	5.332812462428206	
0.15657301756753014	0.9841085943194452	2.1246896937023476	4.711120843170621	
0.1249512358282365	0.7917392960955176	2.251009009419694	5.482234216076681	
