4	57
0	1	0	0	1	0	1	0	1	0	
0.14405345557577956	0.8209250870406026	1.9649295656726178	4.186220539096209	
0.15693117039876617	0.9749491014762622	2.1129892861138413	4.765266807156265	
0.1657951080741085	0.7785698847320205	2.440843273406325	4.6828632805481	
0.15965791820003225	1.1472041747707746	2.0569182428603856	4.676227431031834	
0.13923397012291938	0.970664330812475	2.0177617878028293	4.532556715351929	
0.1664835425774547	0.9732468052368511	1.9865270823503727	3.6542489803838647	
0.11311098123971419	0.8408272369298502	2.1329935518198178	4.701608865482158	
0.17070156054423777	0.9705492293203	2.417369397224213	5.3656361641993096	
0.1146472143369607	0.9424869170715384	1.8148173783141073	4.647242527266643	
0.1464648578348094	0.9063551211801096	2.18419339325675	4.523727598596113	
0.12465265254126726	1.0132821439317687	2.1544248303939035	4.544815372587403	
0.1492542473189296	0.7350751317681868	2.1322474723651688	3.6822220421791485	
0.17823435282877378	0.8252445998563599	1.9463994036980403	4.708040278098997	
0.18416062347508882	0.8571108004349475	2.4806147668291274	4.406865551462261	
0.15034742707027482	1.0978209754633619	1.8794604228193494	4.235384548825421	
0.1311738048345445	0.8613338613377537	1.9091769210304812	3.3729888457476824	
0.1644401074315192	0.9511477796972758	2.0392175996214084	4.830586019655687	
0.13955547142201097	0.6459797732923921	1.9906508156997365	4.344915302215469	
0.1463181237250581	0.8645256111892905	1.9611397455869288	4.513592005719575	
0.15297229400889067	0.9212687006047413	2.2696020957757144	3.679229351690716	
0.15715683468701133	0.9394015789097817	2.0607343863657044	4.270448060116846	
0.14519609849193169	1.0508405537510492	2.4626830503329775	3.4948496571487815	
0.13643888422528175	0.9904989121873083	2.27569971760262	5.000175480474336	
0.14709657581751356	0.929429475981918	2.1929879676108532	4.778010573735447	
0.15208237175769418	0.9323575310629507	2.3527584499987966	4.685240652490468	
0.17078559258044035	0.9530606467317946	1.525681847074812	3.5295618255141723	
0.1414656005575679	0.935294263958213	2.156367852083708	4.744475879990883	
0.1626297518709873	0.8713526195756475	2.156700954807683	4.946519857577266	
0.16108357461196923	0.955652634425865	1.8714293579626982	5.474533751286991	
0.1501022793093347	0.8907660343664203	2.289938260592233	4.489633820826246	
0.1780657715555271	0.7976992719620996	1.9995829942104328	4.460386602196835	
0.15909888204503783	0.9277531256790877	2.3507809861570172	3.9356153710754223	
0.11994021811182078	0.8875187774340908	2.011547416768128	4.618643983902002	
0.12129997402502983	1.018625500798409	2.299439992637423	4.783656860843207	
0.14686948768246044	0.8896396144772103	2.300660065771352	4.503045576642305	
0.13126322203454877	1.0905873597566205	1.9692178901831714	4.710005518242235	
0.16275062097203186	0.9622097998296133	2.17042780600067	4.458184489339911	
0.1464178116660418	0.9330930158840259	2.1138489142298518	5.301970434740554	
0.1448089171444446	0.8231951707007664	2.422152236211847	4.379970869937211	
0.1547910446850136	0.9578798514532006	2.3180301475375673	4.875463008786133	
0.16620043672826243	1.0343893772143968	2.346540356581307	3.9082827859225215	
0.1425001969361997	0.8508845944701615	2.3261710539965645	4.842057085796431	
0.15841818477371258	0.8268285385690969	1.9480860407460372	4.12817490609921	
0.177088472029679	0.8993896738083929	2.2269388926268063	4.099595649754721	
0.1466388428111751	0.925013944287778	2.014380678525148	4.850360119471112	
0.13997986663834974	0.8551812383726906	2.1914736259709904	4.689960273322161	
0.13943993425986526	0.9942841206289885	2.2271218675384747	4.709478575602924	
0.1364963850847151	0.9121203185502317	2.447954266833501	5.088183992450452	
0.1551987956690818	1.0001411085797172	1.7877727822102463	4.348749203123507	
0.18027363229502402	0.9281371603594976	2.326154144242165	4.517060480754988	
0.15991719284794145	1.2373810526551763	2.4973821214133607	4.7976819769316705	
0.16430335701718454	0.9053223774531225	2.072146884310848	5.0508205844795535	
0.14828783618114688	0.9113292351021091	2.3073639547559592	4.691455044224432	
0.1603985644708953	0.8695209425263998	2.392234502783842	4.483800677030312	
0.1695166321252712	0.8365792137437599	2.0268079465211577	4.373637982578426	
0.13164385886906788	1.0197919690753792	2.1591475724361207	4.328272791888834	
0.15992103512324077	1.0505983507572378	2.2322924775334063	5.015381610922569	
