9	50
1	1	0	1	1	1	1	1	1	1	
0.11129255192125553	0.1632437947047867	0.6009632515444626	0.9106854934546	1.7184458377524854	2.5507267138509393	3.377378243368347	4.5928397861253805	5.310642245398315	
0.10044800300494297	0.1681224826211555	0.4841220043053791	0.9860050025714482	1.5284121297574447	2.2985577904390055	3.037669292560501	4.355041206775175	5.627705253094456	
0.1198908370356449	0.17336694922946208	0.6223617958313801	0.9330985087000616	1.428860791497535	2.0826407321738394	2.6392717641926082	4.518086994139819	7.216580142991933	
0.1029337146187943	0.1407279694387974	0.6155460406808734	0.909490313094536	1.2876059525370986	1.909284292853315	3.261708213720265	3.84243555357041	6.010121317585735	
0.09914760469981143	0.16080250618228883	0.5903752510803051	0.8321665230924562	1.452032130232493	2.3745461336603233	3.078237843065709	5.222909451728064	6.069003378500637	
0.09642495172683307	0.14061149245412508	0.6117420063451102	0.9213357684339992	1.246112292173518	2.49220986604472	3.1406412797583396	5.212471972357751	5.345051095447849	
0.10961614680620553	0.17033497706376075	0.6763555868529495	0.9672168390649281	1.5724887773158414	2.2507146021645226	2.915072582318961	4.685871858585714	5.3454848465398666	
0.0877468523959085	0.1541976417386249	0.5645441839267674	1.0778367215217461	1.670884333266499	2.738724365553171	2.806676861234463	3.9914372109369816	6.521221647105275	
0.096839478150868	0.13915165863031415	0.57701326801402	0.9232622164628537	1.52470571096983	1.7601857622461032	3.3826371039708283	4.413624878199241	5.524416337025716	
0.1138850753063049	0.14355578905001612	0.579405697945243	0.9040149969033293	1.6532608322503863	2.1733670406373182	3.2274378601668396	4.897718702608155	4.659983451068781	
0.1020298357829266	0.15326782204337394	0.6496364898604646	0.9573109321353767	1.2684631209629018	1.7933725626453065	3.457283694816004	4.278886823206249	5.802879376463587	
0.09142654532057956	0.150209936290517	0.5956501266143961	0.8163996859887993	1.5402172121371254	1.9965448841200473	3.7135507234100507	4.5951833062703695	5.947615605589403	
0.08491146455179632	0.15810462772188225	0.5976098483922591	0.9459206611974854	1.618318502565033	2.336978927408138	3.612307463362152	3.414691120930443	5.874540671352115	
0.0840801337873607	0.15708144820654296	0.48707393753528927	1.0279719601743933	1.6544909853317413	2.11045477284867	3.3612413008173374	5.198406550424682	7.253094092969668	
0.11686309891535805	0.15808237417749219	0.6968367213424769	0.8402012403231027	1.3321504085019227	2.351178138739075	3.258880604114947	4.80368752529326	6.549367124918497	
0.10930961618540025	0.12222542291782795	0.6408784875485986	0.8712513290653933	1.4665392608380436	2.0543542730105657	3.1126278274177124	4.220924849528737	6.455619259766126	
0.09832019103744634	0.14626432478954543	0.5800658762870547	0.9846243650666326	1.307793398326837	2.4917853274524786	3.0370992106365566	4.302996272110279	6.012711380915206	
0.10473759114024879	0.14724483864501664	0.5859035669564155	1.0306591343446818	1.1051617757733292	2.026089173881553	2.9818519516061155	4.317690702427097	6.835729579151892	
0.09317466866308019	0.14858790581380188	0.6328637589747111	0.857105556125714	1.102896672737785	1.5999274199733517	3.682928436849299	4.7040623293803705	5.803397656751502	
0.09657836019736055	0.1372465508679253	0.6096790844364574	0.9972409108951309	1.3019668844856194	2.2055537458814998	2.9693618391218823	4.458856831404447	5.663315450536439	
0.10909191244868095	0.15011409130744535	0.5309289434265938	0.9222997801789052	1.5711596644349917	1.8902998722597943	3.1606088694354932	4.3210324794723585	6.125944719550408	
0.0978756919927329	0.155493025695912	0.5570212509870821	0.9139061925626135	1.4006002758491807	2.5349422182054377	3.351673679166183	4.880063900845656	7.104776147127513	
0.10251738940150948	0.14656007944217256	0.5407664340123479	0.815324740908239	1.1213766782284307	2.3402098486350438	3.3986967620833157	4.395194529624846	5.845034130082385	
0.08999587049811557	0.157433791997092	0.5638828476203706	0.905538000284728	1.2712548243748065	1.948865190443123	3.5527061066840053	5.000645773269991	5.257628372754694	
0.10594355519826276	0.13890155300520615	0.570085305101932	1.0416841997610353	1.3890801262426153	2.086697446548363	2.7164913766183307	4.347928544650623	5.6246647819779785	
0.10459100772433827	0.14186686650879504	0.6734229365037893	0.9668429939927078	1.4581820502938094	2.3010684182793684	3.315212642042259	4.827290570270901	5.911645058815389	
0.09911786877412802	0.1379266918753622	0.5571665235909746	1.0509382775349951	1.4967188557363311	1.8190777840274805	3.593705932670057	4.556418915917731	5.524381557587636	
0.11785574905084258	0.1688798064809048	0.6453265069454603	0.9447794553562078	1.478655581820024	1.6841151597165795	3.4932442640593835	4.581451182549429	6.1453431998942225	
0.10221151985415843	0.1429708351011242	0.5430303682677738	0.9386328975193292	1.2393249973666398	2.2105635563859414	2.915821114651649	4.9347347037419365	5.144152825503495	
0.09956307337829104	0.1511226973573709	0.6731642210800547	0.9537695042649433	1.3136697603984278	1.9582647918741611	3.720245338282547	4.483285396249747	5.883507337575361	
0.09305161903892582	0.13180936027993484	0.7140370317059602	0.9359004138608773	1.2725740537674117	2.309603102785429	3.444146672093389	3.9378327184596156	5.64926459987717	
0.10458576987885722	0.16088169883281395	0.5542738577350704	0.7565277447934023	1.4651854935664848	2.3341703366060043	3.2310660714677026	4.362284031839065	6.951954105467815	
0.07988112166210415	0.16085459878765293	0.6470013617179294	0.8582371729770212	1.099229515751097	2.312946004119989	3.3545735638720813	5.139581907171336	5.661134120830894	
0.10174542445486952	0.12482930668047157	0.6433873219722362	0.7875678775187319	1.4247169775678703	1.9262385395002044	3.359836278227473	4.415173498995216	5.863119763551818	
0.0993798690747171	0.15048152325773093	0.6843402095772464	0.9738964693277695	1.3321901601164579	2.019932101321811	3.579493972657764	4.0181599729358135	6.0073130156902215	
0.08311711955198225	0.14824342554238584	0.5338129101655552	0.8696156955695844	1.4570467633104063	2.280123448127252	3.0176522487145268	5.005035331792701	5.289245036208035	
0.1078273578396684	0.14373575077002818	0.657337238574398	0.8910472347691161	1.3305703464719583	2.281015326231122	3.3934289407694416	4.256389779636712	6.325104858967269	
0.09867736659330341	0.15220916960413397	0.6202304042420835	0.7992451033657348	1.4303825136373027	1.8355442040748333	2.9091045607220303	4.450879541205376	6.586531542284779	
0.0976645408588203	0.14468358576085041	0.5728977404922303	0.9664677866502968	1.2699485601521163	1.8478574810862594	3.6895220224085454	4.686396274681562	5.578927454017509	
0.09357911809809133	0.14166308992289048	0.5216653510029986	0.9008658707529268	1.4332319854458042	2.441417127805369	3.284374947075709	4.833938006287468	5.825184876899701	
0.09541306721177445	0.14990761155434804	0.651367296432602	0.8743100351201295	1.4617818272786027	2.1919289414834986	3.2420081855475305	4.888347773393993	6.0252639949774585	
0.09859226792056863	0.1491988247101521	0.47291627998365343	0.9152253354866949	1.2776823692464077	2.1055524986548337	3.242254240554392	4.7063744483932055	7.208364138932241	
0.1134496239927477	0.14984119651711278	0.6335179752629932	0.8927560710569901	1.4574029665060508	2.195979535129611	2.9313517701362772	4.2926280167197115	4.9815551147147925	
0.09824555453332469	0.14946113658960974	0.5956230355428999	0.8368625539846192	1.4185835742696422	2.1848656714622265	3.4000189189066905	4.62081460730697	5.812280713842664	
0.09858228510389262	0.15383768803049078	0.5745310533694761	0.8506686187692417	1.3758998960910636	2.233177539181293	3.4845142848920885	4.91942959883574	5.491175693157783	
0.11925019290389278	0.1393953795070795	0.5863736925173944	1.040655974270027	1.1916824504433556	2.1780575949628744	3.15638942647994	3.8722142816958507	5.171851871489606	
0.11122172547362466	0.1577413514696433	0.6569002241823926	0.8332974903434984	1.4711517722004848	2.6353669812719076	3.1729488983114456	4.522673481817457	6.006672283494405	
0.09890658645856375	0.13830871673981646	0.6026301099979194	1.0813773263103539	1.4227931314807252	2.4125229927227276	4.178260914949853	4.133871084156615	6.324165483506796	
0.08835660692692782	0.14789003598091394	0.7497012576427672	0.9901668868949645	1.473815945591528	1.8957118996218554	3.0533734675881097	4.124029692205734	5.382145146740705	
0.10828806036332894	0.16034700418837888	0.5901102936495322	0.8791830931223584	1.5338513142804329	2.512175074535305	3.5721880848345244	4.549211042040853	6.553259325955674	
