7	95
1	1	1	1	1	0	0	1	1	0	
0.10460761507965954	0.14502689379340297	0.3521339401418061	0.6268285022550832	0.8879567365313836	2.9603863645047985	4.323837430273511	
0.09364879320297466	0.1592652228910119	0.3852916646730753	0.5442322124670407	0.892483682984871	3.295356647688256	4.926561755011251	
0.09938719010164229	0.16099290950581746	0.40760236222366486	0.6781453210100262	1.0080092289461944	3.308189449623949	4.852572491789113	
0.10722955102199172	0.1616566032708078	0.3658088475564317	0.6430053868365512	0.791890863097542	2.905368799023921	5.074418266607658	
0.08992990241272919	0.13613779945716353	0.41369572823777373	0.5637483184424859	0.7967858848514342	4.259274558660008	5.100229332463565	
0.10364183407580918	0.16247346439372218	0.4608261013805929	0.5042351471615462	1.0222285437041654	3.9991279148737675	4.579764760403032	
0.09426324080906244	0.184869314917286	0.4155360367115998	0.5631153644472883	0.8878842858930289	3.3102638847961283	4.247419171512288	
0.11214268102633221	0.15713424431697148	0.36123388433805104	0.6916638618438659	0.9218236909863252	2.836413355518033	4.922267909221414	
0.0911083489945323	0.1842453202129797	0.41511442672879284	0.680542288923145	0.8540434045049299	3.4687799677551925	4.39954653503095	
0.10448278858453458	0.17880716366665667	0.42934311833772026	0.46942548014412727	0.852387862289959	2.746008116452093	4.81703935779968	
0.09458254071137875	0.14374960358538266	0.42212914101560356	0.5871395462983192	1.0283869584089702	2.9442777603666945	4.5215361842811514	
0.11339662850616974	0.1653073394381122	0.3403431696817886	0.5729957166414384	0.8857811963573529	3.1226772013907804	4.846686394142951	
0.10539762204019608	0.13486595068922108	0.36638633396623105	0.6479424277505984	0.850650454702367	3.339075821662249	4.799231430072413	
0.1076213413928499	0.1682964085517955	0.31052672547925525	0.5171973313679337	0.7666071007016296	3.0210828603422346	4.084880637459625	
0.07942891387106932	0.15041468954204534	0.4084360535656502	0.6037040115282951	0.822102641544587	3.1831328461037907	4.476739336224326	
0.09175271036903042	0.14060420482640967	0.4168572827527565	0.6665371663290568	0.7832494059325894	3.0173454420860844	4.869090909367703	
0.07386234706880253	0.16418970249112635	0.33223790132542375	0.6429581730720932	0.9040007885356072	3.4359047156715596	3.5206649303572695	
0.09390405869806985	0.11963841763115916	0.37718990138626407	0.6527302754735301	1.1034442780348825	3.2587086678299557	5.282555610101989	
0.10181737725922578	0.17825466293831022	0.388866936195088	0.7083431913662184	0.8682310248489745	3.5217627961369153	4.445787960253019	
0.09928275423329436	0.14966693824283048	0.3391598554453748	0.6621193589271203	0.7777145811667501	3.185533793775087	4.92600657463826	
0.09818399574743254	0.15260476719230776	0.41636735619648385	0.6298882760197182	1.0048560859635938	2.896866347127489	3.9690352116488703	
0.10379533495096163	0.17003706991598783	0.3936598434418546	0.5420112210985765	0.8059083341369688	2.5910235721073303	4.064090756662242	
0.10670230779043036	0.13093919122551909	0.44021371766873113	0.6180626004996695	0.9600889991646707	3.423277835494215	5.133462854675328	
0.11372472106393479	0.17907152069448692	0.42772129148632043	0.6724543599045335	0.8914421153757272	3.3116864830098014	4.650769426332439	
0.10463355633025768	0.16355630225274284	0.41409942791840654	0.5402357007576242	0.9633694193850575	2.8367490961996547	4.281640565381986	
0.10074542708633955	0.1549369115668596	0.3373324099868255	0.5567446680778747	0.7504746604676482	3.553332590796157	4.182721550421369	
0.09828109098590154	0.1461726126620726	0.37114553511342774	0.5919711063902678	0.660740291816808	2.789900609457528	4.652190898060166	
0.09500031853589554	0.16920390286170886	0.3918739347274635	0.5886447139033782	0.783458833219069	3.1517831374824823	3.9440374242332603	
0.10304567455760737	0.15741501755261225	0.33100356184321766	0.624629122083591	0.9276162470170787	3.446712247133048	3.952577358946799	
0.10675064800562582	0.16119494201397722	0.3846892395926942	0.6923459423073234	0.9661989397186698	3.2575819800891717	5.0646866020092345	
0.09550953504596665	0.1390227165307779	0.4038957108186035	0.7000659427553463	0.9329688517913235	3.1372531269918635	5.089117290810988	
0.11169163340701999	0.13939514084098945	0.31443737773124464	0.5787213975436576	1.0131601606974578	3.818649941184834	4.519865667252495	
0.09527636527507587	0.147468243633966	0.42138081877371636	0.5582119899475473	0.7605465523277729	3.670884856455282	4.349977609281699	
0.09930610424703014	0.1662556000893176	0.39684903324143045	0.6228840818710613	1.0204668817451616	3.276791453770697	3.9018683190926486	
0.09943898440757054	0.15081878040569505	0.42095860769816273	0.546274357506367	0.8270825973348205	3.009577536989192	4.798786649811529	
0.10078401977732104	0.15663861022622427	0.3430368949774545	0.5929290849421243	0.8374742598650485	3.375262599582607	4.075369383466023	
0.11185510912403765	0.13848490835263177	0.3471141121388619	0.7013522066740393	0.8792596823577528	3.2302951178563077	4.930140448582558	
0.12290035554684176	0.1697371550290909	0.3621599128222333	0.6013952624118638	0.9964829755452859	3.3304157297140784	4.826702697078863	
0.08379188527427901	0.16045522344596022	0.36931728935006775	0.5904362827154586	1.064278212354871	3.9061611993043885	4.324953702859653	
0.1106649814427603	0.16839013607473788	0.30592577408492316	0.5248786114055776	0.769500720170759	3.375292023601262	5.029093627682851	
0.10416774094149271	0.1361325707575691	0.41008001466838895	0.6223002889666144	1.0030241366755774	3.3762922225438063	4.731547718066641	
0.08773165553137492	0.1423207369431734	0.37260999233320874	0.6570717084150011	0.8829778323707387	3.428867999886846	4.906831353731726	
0.0948463179036504	0.1551467952285774	0.32263074284886106	0.5997037205000079	0.9903598931212984	2.6369801141444964	5.0751634349465355	
0.10430364949512497	0.13374397575310354	0.3745275501538454	0.6121613098265534	0.8815581807936723	3.321872445674406	4.374885833010231	
0.107127263702206	0.1535372382983417	0.3778359068138376	0.5459393765274894	0.9612991407649539	2.756276537145738	4.400902683109344	
0.10490692233565586	0.148420892771154	0.33648562087635925	0.49861802525439847	0.8974522226191493	3.3477243924544697	4.795313056573695	
0.09802304216360391	0.1297692302059592	0.3817892981854415	0.5797843588480733	0.9086625000827223	3.4573365284602384	4.046520269479919	
0.10610422918619562	0.15974537788258472	0.39778636115788324	0.5172325471736309	0.8487659235772268	2.818177570303583	4.682354177634249	
0.11887190723744308	0.15214528951915104	0.32659090615771574	0.6604042702759699	0.7607286415691686	3.2664969071706147	4.524596169511803	
0.10724338535224745	0.14668336253717706	0.35491882418628384	0.5477252545532506	0.9559421256822597	3.5456124428510307	4.114601831699667	
0.11545518909423354	0.12657067393969149	0.3487669487505809	0.5874860453114855	0.806957013563795	3.5539999393345507	4.674610306558623	
0.11982044465619368	0.14101758067119918	0.33237721594248837	0.5864104741162822	0.9097955296126056	3.0838651395945567	5.306208185185654	
0.0903109066415804	0.17732148256072766	0.3780966861731837	0.6826393133466078	0.8844484079196209	3.611694770161538	4.061945587315407	
0.11478585207454642	0.1537949816854745	0.36486510381625037	0.5275920992940214	1.0045318243965824	3.0567726245616096	4.846262116013034	
0.08922414063122225	0.1398584554884617	0.39664594296131367	0.523354970610526	0.8974834595798445	2.7063083466903506	4.102742037899451	
0.09651387104301204	0.1644010885833915	0.37810893771155973	0.6259075527304975	0.8684052504007799	2.927956267239392	3.7335593755687144	
0.09394945235282384	0.1494147965797182	0.34684427663980777	0.5956443559436607	1.045610274027123	2.910646231007859	3.222080778040626	
0.09668263623681664	0.1478797620711395	0.4479421427225849	0.4836337636377599	1.0965893166284284	3.8698856015041736	4.214376850886023	
0.09456579170454109	0.16589438500224254	0.3596950634899	0.6555210889911428	0.942385268341506	2.8037462400411184	4.1291417348997586	
0.09292576355057422	0.12191368247372467	0.3623923517613078	0.5656623507588903	0.9157361641141963	3.8185260845859355	4.49361581342653	
0.08295687675988829	0.14967249485261466	0.34218662084146473	0.5410262218573512	0.8954231347840863	3.888962125757012	4.313550410169779	
0.10473099230639611	0.14056279827384913	0.35660914890833817	0.7287221146801888	1.0630788257490689	3.008702915045908	4.812175968730777	
0.08893286394041455	0.15221706858485232	0.4504123794824578	0.6907713796787983	1.062090328419017	3.329351083823535	4.811358438078667	
0.09403335964078287	0.14025258998322673	0.40539538393848124	0.5932308976538797	0.9608890140694504	3.099772394535786	4.273298467142774	
0.09558262092496433	0.17211065716055854	0.41865919984145744	0.5262734938766864	0.7993357778537449	3.6184414373769553	4.821688718272028	
0.1296626999596129	0.12489141938466322	0.2960653725257381	0.5103742669887418	0.9747709836596099	2.9307721494895906	4.407753498359483	
0.09768540781141166	0.16921793427324902	0.433180076402388	0.5391335742556509	0.7968206010335456	3.486096845542975	5.1857453168662975	
0.09717260102052117	0.1513979365748123	0.3734587768170017	0.48979936467581947	1.1208410751653175	3.553054079324477	5.060905117035458	
0.09847077154077855	0.16019506732044225	0.31467550365110514	0.5658587953398998	1.1459871957534846	2.7590702017161983	4.0905610282504075	
0.09385868303557468	0.15833678013797936	0.3995910429856813	0.6420383889132651	0.8821684294911628	3.849601446604295	3.7354638601804515	
0.0962109573378276	0.19975772018341634	0.3811147506331221	0.5876867845789323	1.1124099227490383	2.9314309498321145	4.613087178185661	
0.08990739284834433	0.12293031400046181	0.3549110376109483	0.623799796568476	0.8689011385983242	3.1706868588261736	3.6728018481308293	
0.09775478993600596	0.16146288982420176	0.40002129955716115	0.5992705160292868	0.9674069784729972	3.6561774534646236	4.454884729529767	
0.10036475865217807	0.14228547761546395	0.34511034135266755	0.5913916170621245	0.7767598949659562	3.535087787834607	3.6187623568133898	
0.11878585721102007	0.16159599795769014	0.3971869862738787	0.6024684974755166	1.0867660800934478	3.71298087791593	4.571760389072256	
0.09254557493976057	0.14323880162562358	0.3856060395960157	0.5953696469986427	0.9119863979749755	3.43861403172833	5.063079640045177	
0.11255496898366224	0.14371639722984217	0.43486224160653597	0.5091404686666674	0.8941282520091793	3.500214361692059	4.816818514445114	
0.11017281621943376	0.13986094547851946	0.3881826021037974	0.5977643052255228	0.7677829135850738	2.80764042939659	4.471471024811976	
0.10582688515974886	0.14897514381566587	0.3980694000429943	0.6469255218553959	0.9369587553481884	3.044243846013715	4.493601083475508	
0.06993693620960761	0.14036029015910118	0.4358218794499061	0.5177598029432713	1.083029493201416	3.7673906233414263	4.338980061282485	
0.08766596887074903	0.14551926444295937	0.3921990822877983	0.6341479131319943	0.9446638158756541	3.3734814687961325	5.090093451038	
0.11358917167941916	0.138936372293595	0.4030750252392135	0.5725332186376285	0.8670592901438883	3.043467121891447	4.6050474168346085	
0.09633366777045377	0.16334309283599777	0.3917779182009819	0.6264594315724709	0.8662490469957328	3.3684586484472763	3.6563633116164067	
0.1103077397802481	0.12501329817493975	0.3675988357840388	0.5977464020052079	0.9440291113043442	3.189001846354972	4.558103154153109	
0.1141549163783588	0.12901489960315057	0.41957076766075885	0.6149343592788422	0.8648044080916663	3.0941736573294447	4.84887626130608	
0.10340929029631026	0.15606837177919458	0.4099812897808339	0.482580197346253	1.0186487620366944	3.2599998257848934	4.519497223124134	
0.10486070375573575	0.1405532633964144	0.3585482795644252	0.6587141017210751	1.0169382773589344	3.1750421974317193	4.982125422256861	
0.10294076440636418	0.14827536509734762	0.3695788157617096	0.6377135516105531	0.785092287248752	3.4556783032992726	4.161787934957473	
0.11162465957808765	0.1360699209064297	0.4415388854684123	0.6228954030600874	1.0562044182581782	4.1324855057069705	4.748377694264863	
0.09937491428255532	0.1249437176682125	0.35884069326625795	0.5478418584855848	0.9698977010488659	3.287523471079395	5.738808053862552	
0.09345017523636848	0.17083295029133766	0.4201361989627029	0.5988767367597585	0.7584881311723524	3.3654429682628737	4.673575632740265	
0.09749626917217186	0.1467908193447157	0.35663269451766405	0.6800022408848149	1.0635947036859466	2.968265597583908	4.589887269336217	
0.08399731540218823	0.13985762468874163	0.33664292384247485	0.5831132941753355	1.0456606781461144	3.4942634185905344	4.027016026650438	
0.08366648279966055	0.1295238298355904	0.47330788141807173	0.5532364995390475	0.8722199334598336	2.901234787776036	5.20639677428183	
0.11096322470986822	0.12621299208755155	0.3976870039808927	0.4994624685234312	0.6651351806320926	3.1218657155311447	4.850193691175841	
