4	83
1	0	0	0	1	0	0	1	1	0	
0.10385403197920705	1.1635568324882866	3.4210120846238437	4.6889738778892465	
0.09055426463996497	1.0544949749670953	2.9404213147498965	4.50061046354723	
0.09477512884902177	0.9209909349301937	3.610413913110423	4.566120385321297	
0.11392158203998129	1.0146822736498222	3.0823992441351575	4.401950879373348	
0.09536781921463229	0.865759453129507	3.389170944776005	4.75903453546039	
0.1070779290729524	0.9717476517023403	3.925763816483596	3.6270534274475112	
0.10712517202423462	1.0736448764104534	2.867751520664353	3.3362293061141353	
0.11266698828133133	1.1849316840439155	3.820757441723071	4.807527490583036	
0.10293148394387071	0.8273605725599558	3.0105815350355387	3.9171385893385073	
0.0770332292024018	1.072832021356642	3.917463262503097	4.295104967308586	
0.09208998165953233	0.8982143260696523	3.5467271023071487	4.706295140546304	
0.10473288447751504	0.8065159905753787	3.1952480391337046	5.059859537736028	
0.09028631395666649	0.9482031791931225	3.336341618003527	4.444310464724441	
0.10475780337534604	0.8377984776761082	3.0061779861981943	4.1716666313659925	
0.10673963032881113	1.0113135701121518	3.316567092091649	4.051660107864981	
0.1104581217555135	0.9576428561947782	2.9335522765741597	3.880854838582607	
0.10475987558899301	0.8086115884745735	3.3105239880619406	4.115481390383229	
0.09144092318257986	0.8302975536692563	3.5201622144021423	4.629344923416768	
0.1098520938011815	1.0271023114076263	3.0241108690060257	4.336813574058352	
0.10789722927749422	0.9171315294296999	3.2814937733398155	4.557034857257272	
0.10318494035696464	0.8367910186417373	3.79576825046151	5.123126309806865	
0.09291303768182582	0.8876659404951432	2.8116269741842044	4.705019380340998	
0.10262418863942757	0.8356525506547231	3.372730635967776	4.428641386765776	
0.09972604453032662	0.9754977425316946	3.569763866718933	5.125064042198361	
0.11937804155363073	0.8891795595694093	2.956572840609864	4.338495314988284	
0.10345459271855442	0.941838206338294	2.901023579476278	4.196814942075355	
0.10621603711854576	0.7941074591756254	3.1730096461308697	4.3596805002995165	
0.10332997613521147	0.8975377644971004	3.5498780649295614	4.131685160914208	
0.10384553553945444	0.8481436077323037	2.761357617675676	4.575916912828844	
0.11102534784710572	0.8686866789234599	3.557227625991774	4.572409715824301	
0.09295783826168053	0.8468687039982957	3.721577607182683	3.810099054493583	
0.07287951232963336	1.1202067277956147	3.310659577839931	5.0118910375669525	
0.12845363257910328	1.0731614608834354	3.489552797992497	3.7846988802822836	
0.09486458289873995	0.9691572894741488	2.8370740921477813	4.609828722319189	
0.12212208350183346	0.792480262024847	3.339997234410776	4.378193357574291	
0.10257932535252952	0.9289348076434805	3.6536163497023084	4.488971862653712	
0.09389497250835449	0.9497022284387749	3.5963004668447107	3.9913899903688836	
0.1091399182727833	0.9060829438059679	3.5600559466389314	3.808707057598729	
0.12310643125129402	1.0098935994662495	3.432799772023648	2.9662990428883016	
0.09131945834382887	0.8763814881534719	3.4929020715455548	4.628275451439792	
0.09508728931670307	0.9607128587239224	3.5093783767897935	4.455489348497898	
0.09157960119237347	0.9141236215936888	3.489802567674865	4.443128571681017	
0.09393047934106608	1.0094668280929835	3.491641130661219	4.214265673708361	
0.09661778471683032	0.9412643567092611	2.8731886152853443	4.980884699288776	
0.10396215869762437	0.8714706308269669	3.6368686656866296	4.844452304402031	
0.09702138941182645	0.9824562730907749	3.4429677250607136	4.62657433011046	
0.10133556951515164	0.7423259854957031	3.6135797978767887	5.173181926303944	
0.10154292218032822	1.0449696608269665	2.9273258021677124	4.494254244368145	
0.10294315796666774	0.8673152370317541	3.137094160138018	3.9843491166331466	
0.1132906244250165	0.8355758226602287	2.7480790725736477	4.475616854509955	
0.08094321709456347	0.9394389204977656	4.044267165604409	4.929053491912554	
0.09805979201829877	0.934402198231727	3.2773892761902843	4.706336863093715	
0.08769079979084388	0.9569149792084333	3.692895793625879	3.9525768788347744	
0.10120302886890986	1.0260914288678187	3.5325779642715425	4.663008426539806	
0.10143414126126137	0.8984098276048926	3.049666601596312	4.31568804614827	
0.09232005690938733	0.8444792261638034	3.894251018049459	4.719383315357065	
0.1079488129426489	0.9341906688805959	2.6853702991050996	5.113149566328954	
0.09271713511410055	0.7937120028485941	3.6623867454309926	3.3110859844838583	
0.0830973060851305	0.9690832178921337	3.0179168402105074	4.927355953670184	
0.09978129233571228	0.957033678471871	3.796877528581927	4.2775697214898845	
0.09040596520296085	0.8859112832807957	2.8843080044278637	4.03600344146146	
0.09568164060896361	0.9635837083920712	3.9114708973321055	4.532794327408053	
0.11332691741949288	0.7883209060570244	3.5453797085311045	4.739868400259725	
0.080789361753215	0.9436805476859174	3.225656894293809	4.361217375968334	
0.09699872863019915	0.8679613689967007	3.0306981321037063	5.031534885865195	
0.1180939303738078	0.9595173466882548	3.2713502143212434	4.887610733329919	
0.11420673371219346	1.0128957313188975	3.643816572656137	4.5428019620026205	
0.09496415728317456	0.9712991696923732	3.209066636919796	3.90912405486131	
0.09454797301737539	0.876780329492733	3.434983179478376	4.965698956657331	
0.11102977301597652	0.8985192200258207	3.0208406250733897	4.774870074457912	
0.09133109917214804	0.9231845553463819	3.3365446927906866	4.198057924511909	
0.08718310571595336	0.8403186381792166	3.5599207095486487	4.923246707188819	
0.09567405319219147	0.8600867259678154	3.0097145992422987	4.6122499872074325	
0.1040677087538833	0.8471998742372705	3.3756199697641254	4.980974521050213	
0.11133053872173854	0.8413181281610099	3.2119312047496495	4.118277736812501	
0.10969355711566556	1.0600144603944068	3.1873080024761755	4.244195887788036	
0.10072196617089364	0.9265543378312482	3.2308741859222367	4.445992265385858	
0.10942004971848546	0.9003037135088233	3.40449557115495	4.2981217963702685	
0.08765805816372357	0.773395844518969	3.20051034300441	5.346663770008716	
0.08674160455026678	1.0528353084986999	2.9784158503416123	4.410489487172515	
0.09822414194227692	0.9400386076492959	3.2979640687458502	4.770119813329192	
0.10035560714094333	0.9386000385211553	3.4436128226328004	4.465236675897168	
0.09849178487336085	0.8892645567167079	3.394776173819926	4.46784192846973	
