8	70
0	1	0	1	1	1	1	1	1	1	
0.1435083977229209	0.5198467422790681	1.0111326997248062	1.594074216857124	2.0556531568598393	3.704663213268333	4.836131876673696	7.034484276247149	
0.1607029642538512	0.5594900794181569	0.9264742046253134	1.5208088501345856	2.1053453512131233	3.1127558582613326	4.488196641628553	5.178114206071027	
0.15130503541080684	0.5992679839835799	0.9173468974663828	1.4610474587663553	2.127892361001672	3.3727365268282123	3.6699461294876867	5.672310293930649	
0.14041418029303263	0.7433970108652882	0.981338230223607	1.2884209734462009	2.00247276763066	3.869264406838642	4.087421266160724	5.773256569084016	
0.1634661110014255	0.645669996810329	0.8391332234612572	1.442770123653028	2.157135923038591	3.062215260539244	3.693660765024726	5.182014697603757	
0.16239943367688703	0.5163111605530963	1.0357546083310756	1.1602532773037844	2.0147713898655044	3.7482664566230373	4.549268390815129	6.311709475932139	
0.16080450645431651	0.661540857547502	0.7309625235492895	1.2431189341769433	2.010385950497954	3.467739347596636	4.942722711235625	5.991419924164313	
0.13820931169775239	0.6471124861150951	0.8354447041282819	1.2611407344660843	2.3226685928192996	3.2117386724198953	4.556563212746569	5.982861372180588	
0.16750301929561676	0.5899582850469383	0.8446082455101342	1.3805360789193504	2.392242945383056	3.216578302996652	5.263955196970744	5.430454970261175	
0.12208253077318605	0.645511624730957	0.8224242726043614	1.5050151501895124	2.2844769342844247	3.000367519734206	4.356158315848875	6.436825962653808	
0.13728136841158178	0.5353779595327496	1.1395776304903864	1.201725085601235	2.002111405204858	3.1975871812456034	4.372272594978037	4.874866923096707	
0.15056058720573584	0.5065858130854699	0.9425086546937173	1.4390290531717764	1.973581938117244	3.277268471091771	5.346293006983612	6.547927626924511	
0.14601329150201672	0.6334718723832473	0.8474458712652078	1.5065249156136857	2.042402060950798	3.5488503925974957	4.437930363782428	6.216612975651203	
0.13487744005188446	0.632965050074569	0.8640352972680068	1.5208559754488107	2.1534246616467874	3.6894778743137637	4.109865785978179	5.76106557553061	
0.17010128932432078	0.4448155841758361	0.8960296996927102	1.0488827946673824	1.6490767978903254	3.0763015202365214	4.650535295112519	6.427083574788094	
0.15100636271728854	0.6722470707769214	0.9187615960407344	1.4169430749159349	1.957235869551794	3.32175973326404	3.6438955027762225	5.838572151765915	
0.1478404759416211	0.6981625719963979	0.8981446960439553	1.222244984709259	2.2938532928032416	2.9367522860078803	4.735498103220411	6.122768003353992	
0.1441386790082882	0.6591297565354353	0.9144293815180604	1.4743230795756264	2.0644115651570716	3.2186113995153915	4.150121801786289	5.3125927009491924	
0.14882157865501788	0.5823919751292376	1.0213289950382278	1.3579225606299243	1.9017371310249582	3.1829095566942507	4.3722568788900436	6.683997509067183	
0.13635423181883816	0.611933147781982	0.9106919567410545	1.3359309003912907	2.203619932022204	3.3975394126151013	4.127958821429421	5.360616918994663	
0.16057382573027884	0.6187175889928559	0.9951791976552631	1.4305306803995779	2.044338149489516	3.8438069569643414	4.473806635649532	5.101696189185807	
0.13410246409341978	0.5940264787727776	0.9065680725171429	1.159645956829949	1.9690548428867036	3.609055258367983	4.662181413855047	5.768809910825436	
0.1463592622235658	0.47579541879468085	0.9512729437933922	1.5726058718171492	2.2487181924938238	3.595861202986373	4.434383848772086	7.135899790367648	
0.1568040140590922	0.5798554420873457	0.8318128585178308	1.506663622534058	2.3914263884712668	3.0169532875480765	5.380580281585294	5.926807832097211	
0.1488874347670458	0.608368489125345	1.0314795580702982	1.4961830933185654	1.9718856904548323	3.0871694301936996	4.616731984757029	5.810099354107088	
0.1651284567387667	0.5992382846710336	1.0025408540392335	1.331250451399417	1.88689583463916	3.5120401016449376	5.450146821274752	5.767800024968072	
0.13263261368342694	0.5508614632344719	1.0328453721673507	1.4671018303969319	2.0516438109248223	3.543503745173751	5.12402041308087	6.094758583982484	
0.16024631070846163	0.6227739528857229	0.840027897956467	1.5536007271487773	2.474043026460169	3.278260438118209	4.8152065520763365	5.847287629553972	
0.15650464131090133	0.46949894989261926	0.9852223252027723	1.2099721445895084	1.8120849629230924	2.8661895540901	5.01004837197844	5.4234190241647475	
0.14114609423342994	0.5618244985535964	1.0516986803562776	1.301751490666774	2.0252673926597526	3.2434545843304834	4.348990555494997	6.131439498592821	
0.12689029528608825	0.5972576677568646	1.0037655402115158	1.6032616615450974	2.2036966632362853	3.3024283419722256	4.147108355234473	5.051475621874773	
0.16431100589733275	0.5592355549675682	1.0334799581815408	1.1992244872767417	2.2748068973890776	3.2997384801604954	5.171574125221675	6.086713677146879	
0.1715531419316999	0.6304244557643051	0.9915678843169876	1.5667959507452458	2.347063117760858	3.2476718220238685	5.049298377528524	5.396761618618811	
0.16221490904109878	0.5761381064735384	0.6455707044182037	1.5985796837129085	1.9712184369504187	3.414289921904065	3.92077882872237	5.79229792012549	
0.14699846792060103	0.5911554190642608	0.904149307833396	1.5119182986766064	1.526869661985016	3.1348960835150166	4.599451073441222	6.240552552426009	
0.12147722700712402	0.5176873833189172	0.9458889646954223	1.1703921260613996	2.448639021506052	2.998842559656975	4.3278760959088896	7.0559548084921495	
0.14224495322767886	0.5221205134567464	1.0058743307864444	1.3664772769802764	2.2018633321847374	3.3310332084793988	5.175218304056666	5.719650443943053	
0.14340190692134108	0.6520465973017426	0.9877681187273836	1.666932930270058	2.334874753822083	3.381353033847085	3.5245568156557963	5.236503463696259	
0.14890485460306768	0.6293439595960026	0.9553550784240188	1.3613386128324434	1.8505093114720461	3.798230133282649	4.408517280284786	6.456105790651514	
0.12944416567873088	0.726132087449946	1.167021249627517	1.3757501022959038	1.967586987217539	3.3671255948623404	5.16166249803351	6.25668419767204	
0.14072869881177527	0.5249122158497707	0.8464870852704529	1.3764669971422558	1.6334712662960866	2.9013786573896647	5.33392960853663	6.549861636313349	
0.15696114914074025	0.6437787629853219	1.0775991507085052	1.5556874171487742	2.390794297675038	3.247300194816266	3.8055557019295057	5.45015414025762	
0.16642795148292894	0.6072621264980487	0.8829329429487659	1.194125623734247	2.3739129569338524	3.6201467703479095	4.591113158039742	5.690700406745339	
0.13736592233051423	0.6260377293432674	0.8348680319663505	1.5023254818302643	2.302284135320511	3.115110676114935	4.197611391555723	6.644158616663743	
0.14445577669274925	0.5834175279969035	0.8795507630669879	1.4236970922883276	2.2444259116027396	3.476735464790737	4.540387203097496	5.62616945226012	
0.13718065976735982	0.5323923047493017	0.9571003447443658	1.748368974777784	2.2128463960773397	3.017742949106461	3.986291001182221	6.406286274262374	
0.13269133869641378	0.6346947335455682	0.8705731360221808	1.2575546138845393	2.102162620536469	2.8214190364607976	4.560842545405771	6.414754179914809	
0.1543306805667025	0.6473803536658419	0.8774637431883058	1.4016808859065732	2.1955717385408478	2.706690733868415	4.6602902150365155	6.470627120789135	
0.155547305545922	0.6641387216180802	0.9823561472992185	1.4960905806567033	1.9548524088393409	2.456855452960598	4.315950996513818	7.41639364593731	
0.14009406644931213	0.6432362507462493	0.9800192678815159	1.3735304997288063	2.2793553941473035	3.8379653207693822	4.37956137922954	5.757684323158215	
0.13197245934638344	0.6826457681728203	0.9114798690989521	1.5036514565516053	2.266402217046166	3.1300580458475107	4.692143259285271	5.445554896074867	
0.13415704319322058	0.6479185155223387	0.9914416289433916	0.9907098238764297	2.0423284258045244	3.1980735876616198	5.029067025128842	6.005047380706364	
0.1689121132296626	0.5586447047154969	0.9589621340391244	1.640530860881284	2.655325921859305	2.672540795944573	4.128400600743822	6.043769194124634	
0.16350841590427065	0.6161568193576883	0.818082683474033	1.1100232937141628	2.0068000952697136	3.628349375463827	4.8608829970101155	5.82603949998041	
0.15579386340249107	0.5994719569857481	0.9658272763710571	1.4843430620981326	2.16367294394775	2.862559868595014	4.343316661118115	5.77766728174699	
0.13844932833625573	0.7184412280255478	0.8965039792260935	1.2809973522009097	1.8077735072723364	3.498157709058484	4.3883657005491425	5.685022517567432	
0.1465331245671799	0.5835050742706404	0.8740989456885003	1.4856813061926093	2.0098825339732325	3.4478629863425403	4.2582603478755665	6.06443320799843	
0.17317444608432989	0.6702728864994164	1.1035116464197656	1.4313415015727944	2.007668981025751	3.441330958548602	4.422102559256914	5.775542599736853	
0.1332931307715777	0.5518377153339773	0.9609698710684519	1.5580942121483392	2.0353203670309243	2.823933003755813	4.289549207420368	6.059640609440313	
0.16562570150215286	0.5621826347079529	0.8985007999177258	1.3373656129443232	2.047908430808847	3.226558121601923	4.553051533997282	6.007630654229063	
0.15989703727537113	0.6233078845109035	0.9383706208050646	1.6001683524318515	1.9928095389904155	2.9450971695123327	5.068107306760138	5.875342732175859	
0.139748805822782	0.5422700360797689	0.9378918796159088	1.3918806439561107	2.404807376881354	2.7400675019556857	4.156249981806609	7.393313867528088	
0.16203120939909385	0.6566510090025012	0.8932323169207621	1.5401112305571485	2.3692389656912876	3.572374533602313	4.920246949383307	5.835706398313113	
0.12525901796309877	0.6918861260999923	0.8768279075604756	1.4008965324111644	1.9987962529288468	3.2440778402586288	3.733100785940258	5.450892406628302	
0.1624910261071539	0.6028136536538539	0.8892261469782264	1.2625129181454653	1.7677306563275201	3.0889841125532707	4.421303480136665	5.896034790054591	
0.15690545039108855	0.5592622343280123	0.7843496903941798	1.4103870288385176	1.915372349086386	3.04955575469308	4.587565128166408	6.05111111756927	
0.14080713805079373	0.6254570626608952	1.052668054861164	1.510525728596585	2.110410010795693	3.7550134758709035	5.333506049837581	5.784730559300459	
0.1369360405975176	0.6833264561095447	1.0830056687835241	1.3738546630594586	1.8605669587055234	3.132769344254363	5.273824758039118	5.146225426201366	
0.13946836239172208	0.5642874890441002	0.8683292798027179	1.3233651156624893	2.4704430467252623	3.8893895048727485	4.39882826786292	6.231725497614555	
0.1508505892763172	0.6360882829262575	0.9591781113404848	1.5265249370177691	2.2092563072659828	3.122668846399239	5.055822590567594	6.135782980299817	
