6	80
1	0	1	0	0	0	1	1	1	1	
0.10344183739580276	0.44724538151570975	2.211314220404716	3.058201613731695	4.063338367053413	6.047760829358921	
0.07670188980952311	0.327985423021508	1.8130264370786733	3.15516864758657	4.134898490057057	5.059557645387687	
0.09752768773507359	0.36672186610784735	2.0803189994690956	3.506920585701382	4.341404273410164	5.78342557980257	
0.08449340256642626	0.42889275863906107	1.8531065090262369	3.260498996156708	4.3050762672459415	4.902304998261959	
0.08487095392830718	0.3788459891046389	2.206513171315805	3.027358740997359	4.72227669290352	6.124293121468684	
0.10027744407091964	0.3493491191095648	2.2861603920521896	2.816953730214306	3.7669186130145715	6.272008985200332	
0.1014903735142156	0.3210310111972344	2.132407207991968	3.2687110307375837	4.897170148932786	4.874608282371871	
0.11071278462342503	0.4121081248583157	2.2690831960659894	3.424361142216668	4.657909536445501	6.2737619615602105	
0.11220493710638357	0.3344936983627389	1.8332410926210412	2.7322425159611825	4.2546906823303905	5.3633883763306756	
0.10540907319294662	0.4079168995589132	1.6729335239272427	3.4999540550727346	4.970521396169948	5.461079315980547	
0.09635656841510419	0.35249768801720666	2.224498200380204	2.771059970878329	4.518321158211554	5.114916045037362	
0.09592998917882184	0.33877635624829566	1.7099742397632944	2.5781305744640837	4.436146924977096	4.434781918128007	
0.09125741976339469	0.3546091455100723	1.984260233928395	3.2937883658710243	3.9251979342997045	5.768840328275137	
0.10271352049087101	0.3102067809444433	2.153358931823188	3.3229040742733993	3.933485174639378	6.575512085586595	
0.09546447266399222	0.38706986420457357	1.9911661534431355	3.561376496785759	5.1590159622681995	6.128960749405664	
0.10603802690810747	0.3393350698475885	2.553508090125847	3.360188541959391	4.116419869763334	5.299066275938506	
0.10071312680326848	0.45035492584381065	1.8568085850402203	3.0330209951055793	5.019849989351137	5.953290728848836	
0.11187416663404226	0.46531854809021406	2.1065569527959465	3.119676327042186	4.610997409457111	5.811066219317949	
0.09614815681924097	0.4311548030454547	1.7640325263116587	3.495902012253926	4.702879666759125	6.031542376282737	
0.09285527286440472	0.3410437789794534	2.358399452589765	3.292652336231134	4.24782516993254	5.278511718167235	
0.1069713682491551	0.36049145203351146	1.91232730616242	3.500777187525959	4.742394126987508	5.449214160311562	
0.09603762153705568	0.3969078639316929	2.2221591481089447	2.9195110813984178	3.791327285131157	5.378465491384631	
0.11316930593827748	0.3639258552450875	2.2503027901305264	3.6455676732370925	3.946990991945675	5.4868188290668645	
0.09836581458981528	0.4019063507115614	2.0844437104408624	2.7988150826546385	3.8325795957898707	6.2205083020102805	
0.09494876578187822	0.337991932461581	2.231930203898499	3.6185530030295783	4.239276676607684	6.386309229721341	
0.12174301974379449	0.37452070489455636	2.2072623598239973	2.9166097080591946	5.114133318210048	7.305176130036941	
0.09477604653229715	0.37842944848849375	2.0261963829457366	2.6797306533294485	3.455633519019863	5.164457420780777	
0.09936476869924105	0.40445773711803895	2.199398502530772	3.1957554032792586	5.2751428780848055	5.581680994348791	
0.10242640361601218	0.38316443239333614	2.267575607036903	3.8035482122741002	3.787139563717788	5.985053078527397	
0.10097722028404088	0.3632652328784404	2.0565685834835334	3.4889667771832333	3.9618207861434422	5.927678631189281	
0.10826709591178757	0.36238274845238033	1.9088070491002236	3.1475120246149597	4.588359929755177	6.801430466356609	
0.09998630790379083	0.36065177226635525	1.8716990021904214	2.9319718604627094	4.824911418319579	6.643580566457587	
0.10664257036147087	0.3453628102434699	2.5375780857342964	3.5229947893546227	3.884046668559126	5.835721443236997	
0.0985440697066954	0.38809669664304114	2.132672369177147	2.6123395164191323	4.054170136960762	6.0050533396706385	
0.09192750723560196	0.3248883882059079	2.2161864966254723	2.7327954388068343	3.888568135634562	6.04119685313504	
0.09102366490675794	0.381463638594384	2.2101752568736552	3.289451045257361	4.5514912990173935	6.766130923964315	
0.09517331105126936	0.42773971068071137	1.9740947791050265	3.0329275828482047	4.858940255611223	5.614169745985646	
0.09234033025159331	0.40387904851345785	1.9113957255996117	3.40562208765393	5.1564764675793215	6.32029099088114	
0.10399403624047324	0.39750760054590745	2.063923962008791	3.110020329584493	4.282054788492964	5.63297521172005	
0.11732854064053565	0.3913943677039076	2.493971872838271	3.569243451204506	4.300728065734936	5.616753821381334	
0.10802452904625282	0.3486586595719538	2.3903543412004833	3.113568350581531	4.931199145231537	6.895896484422213	
0.10785196717155353	0.3517897708714924	2.151003179226673	3.166831733957871	5.045011658442017	6.58568391371715	
0.11572839125275364	0.36153173945690315	2.0160451717089223	3.085069251534879	4.379299868972699	5.952221444813961	
0.10373813272631822	0.3623373966641907	2.2054957512941833	2.8907198203418782	4.030456315231705	6.345827011366101	
0.09099525577946947	0.363775276004564	1.8482663781290078	3.0051191998680347	5.404513557375576	5.763176255850374	
0.09334634651581619	0.39469731005888514	2.3162131768369907	2.755279975174773	4.397593936706169	5.845852683295535	
0.0969462673733338	0.40390375535546574	2.105211522972477	3.88833089484007	4.924613866626583	6.714231314188189	
0.11192539789798346	0.43490383934868104	2.2669377684295644	3.5987852792375636	4.698306081733356	6.514743576319265	
0.10092523761399586	0.336464550822729	2.063890687958532	3.741134529034529	4.6162129618148215	6.271151453708069	
0.10388671993854824	0.32405044598634464	2.076780913780625	3.6627659637680074	3.926040302006069	6.307354383489673	
0.08900029054276401	0.36042646383051563	2.0545136694009916	2.960940317845451	4.882980709364459	5.796312203103975	
0.0900551631859256	0.4247788459986084	2.213615227542972	3.2414662049011023	3.9714499423220806	6.235494710637029	
0.11338892621782422	0.3679410329941362	2.4453993369258438	3.109721526487728	4.181845225153516	6.120382623388506	
0.09443226006959674	0.4523229675805884	2.4168528625177563	2.9217281291572053	4.449617485003828	6.065128376760683	
0.09344786352720014	0.40361088535298467	1.9512280380787779	3.391707840969914	4.380733324601073	6.283289191172647	
0.1056280528388331	0.40845172765566184	2.074721564593993	3.2903492317547283	4.8132771614079894	5.920425051246945	
0.08695056606032214	0.32413384993043987	2.451725322067153	3.3107015006955693	3.8830034825898525	4.956651295624708	
0.10041551074708983	0.394696894484222	2.278943826309261	2.9064542393866324	3.948404612031614	6.4810226935941335	
0.09318947442820665	0.4039968156280087	1.9003902092913285	3.1512630918024898	5.316044178678373	5.878109077535779	
0.0873986882228881	0.36625879219131663	2.082436115545503	3.650998467049075	3.369150372994887	5.992793621347388	
0.1148533211151833	0.3795375885812048	2.3101435215074213	3.5811600638068457	4.6649573523944605	6.133181569857192	
0.1199531699893025	0.3429684740766885	2.045877065478137	3.2477720102598138	5.079691309625981	6.774045009452626	
0.10523853778817689	0.40327685277515074	1.7794885479381952	3.277475336530636	4.737001756638972	5.696112734694168	
0.08702093055888588	0.37902357012532933	2.3356232618670956	3.582038304157528	4.037514682123037	6.688235246459263	
0.11136401060951469	0.4096208586644611	2.256683746785447	3.3742781637056383	4.329028762533684	6.23801844742474	
0.09983547462565719	0.40835237153763204	2.2072276075411112	3.56238393984931	4.508433758339077	6.451797279910476	
0.08557562048860455	0.33671348908686366	2.3507150034599418	3.4595757105187626	4.066257311529521	6.554465297907944	
0.08515539658262156	0.356353447661892	2.0665715500364294	3.4470281304478925	4.485046603469676	6.545130636730699	
0.09152053144073538	0.3219540169964365	2.1212395662317585	2.9144491121893656	4.960670934097473	5.324945755913592	
0.09202274689204969	0.38940950093265597	1.9586782450393287	3.319410767954526	4.653403914270674	5.922963814424264	
0.08564776058637769	0.39007843861612307	2.05882811684721	3.5527349340016414	4.1930849786909326	6.358796821961517	
0.0964215198181503	0.428466642399253	2.2930268286655133	3.0917353030103696	5.121532049384946	5.922068504862585	
0.10126003496130971	0.39547554061411544	2.0063509481351502	3.274284647771095	4.15842297964798	6.043327774085001	
0.0913161892753618	0.3495845978074391	1.8669374073005196	3.023112107416243	4.169901824222013	5.930227686850627	
0.09063181279041017	0.3482110589669271	2.6810698158538315	3.6446326001171383	4.199233641359381	6.143784712397181	
0.10690459609319397	0.3560679068017531	2.00113455519801	2.9495178187315036	4.3165928360131804	5.950060673079003	
0.10180321420403511	0.40947631704348564	1.9518343983457944	3.3039575450346037	4.680801626100702	5.71337036884818	
0.09690391864788186	0.36805458976283784	2.4838566393175427	3.0612741205435654	4.517797396031402	6.962902287106665	
0.09999036473324119	0.35465980709647854	1.8587234503628325	3.1813830653104014	4.538967701208975	6.548174396283365	
0.0931462651623905	0.3852255503676016	1.7469730367706782	2.5589586513485485	4.733655736518908	6.8764719591845544	
