4	61
1	0	0	1	0	0	0	1	1	0	
0.10228722280951184	0.6302183368720805	3.21670487592369	3.9048087503691606	
0.10006480417937508	0.5617642885211809	3.542746007245881	4.9092829551565345	
0.11185906069928293	0.6464858559527646	3.13408170248416	4.54963368432785	
0.08372147725575296	0.6214937091604538	3.561085298228837	3.6268295288766104	
0.0916149214771256	0.6220489603602349	2.8509453988087174	4.248522710721998	
0.09730796606527126	0.6707059392139463	3.2252733927115544	4.416904989478974	
0.09680945378875144	0.6018790282170916	3.5924147895671674	4.414787117187331	
0.07595665653449957	0.5860861056424939	3.564540967594345	4.040301875416438	
0.09420069076910574	0.6159487456047507	3.2991383833564263	5.1150513391684465	
0.10845858385313063	0.5767771042931452	3.426830488259867	4.563986197534043	
0.10791968544387565	0.517180379457719	3.1114256515595957	4.681913323260849	
0.09555520961667152	0.6004097404257899	3.012556683436126	4.459140695653022	
0.1002422957729257	0.6294511119186007	3.086430121982675	4.44275160549422	
0.1097600142616888	0.665319457137232	3.5509562084093607	4.658369940083501	
0.11161216108572217	0.5931392786822103	3.515824828359697	4.194000994857858	
0.0825869598285297	0.5931911582905524	3.688745437761491	4.549470778028342	
0.1011979038061832	0.5633278488810746	3.493495164200893	4.607066883303572	
0.10850199093612417	0.6173885799679734	3.4766310828498956	4.761322738769362	
0.11001316820045673	0.6576979628032469	2.985644845180799	4.326803776418331	
0.09197670877084017	0.7185262480038407	3.5223554801682493	4.535197155250658	
0.10029917851326259	0.6714627987964742	3.115245657032045	4.609496174152045	
0.08543225514268686	0.6575031202934978	3.1231437789427527	4.238758787554808	
0.08436750954635201	0.5809986355659973	3.0814794503609524	4.36343686201295	
0.08754820338285887	0.6262207343072327	2.8079019117476607	4.5227770540782	
0.106041744374	0.6286978864863799	2.825077993258931	4.157278127446355	
0.10955998136184092	0.5919947454784209	2.9481678898932344	4.113381214586473	
0.08706340756977049	0.5916821784326026	3.7943607587939456	3.430147365591024	
0.09827976181975402	0.6592739618383012	3.4398188439171893	5.1473241052191225	
0.09160666032770086	0.6402203813638007	3.2533760952977886	3.746549270738348	
0.1049294736240871	0.6312479052368684	2.4965616500551153	5.014365783396726	
0.09520963370788767	0.6053006306551988	3.1866021822967245	4.260355307671926	
0.09295918231368105	0.590508240013223	3.0331161777721545	4.400611395785607	
0.09209981409556739	0.565635851367998	3.332736165032861	4.651916455323323	
0.10049638557412661	0.5615588592974671	2.8864910517144335	4.643039567522907	
0.09117104317983227	0.647496974164651	3.3824335570884942	4.468153507232097	
0.09332682155761884	0.6919233657129205	3.6196001958841486	3.402277988279635	
0.0921208462001722	0.5883132807995165	2.856994493821878	4.64057669239389	
0.10338307878415183	0.44531569551110073	3.417232250180363	4.4632723465420066	
0.08568849372616602	0.537070649273391	3.5237382527583985	4.088796282508291	
0.09315763809706734	0.5884504222946463	3.002758255271007	4.282341848745917	
0.11448869205743054	0.6077886691282821	3.3255372956830334	4.810957980804124	
0.10354940874717025	0.5556436989573484	3.6189146113496222	4.6974699739685395	
0.10119003460259596	0.7009600574928726	3.3609870065507903	4.941974175864558	
0.11446903013567729	0.5204173423920997	3.273154261777416	4.274492043931701	
0.10460593242479573	0.5373017266300297	3.163389643208179	5.255423565245168	
0.10428923200316578	0.5796015962612463	2.7555329719764123	4.12828534767337	
0.10302981575067299	0.5002474542676718	3.192003527083502	4.473887366649314	
0.11367146013998469	0.619119390448661	2.403503394846159	4.58215290145074	
0.09869506191277112	0.6579079460726426	3.8024049738303694	4.829206802560743	
0.09401739581527807	0.5987993710303275	3.327114330316821	4.916595395980491	
0.09304343167229234	0.4505885340726836	3.2470651241846613	4.45357270290907	
0.10979852441555477	0.6605376493190748	3.2832695959446077	4.199672181680633	
0.10619102101018207	0.6444899712288407	3.3865023345452414	4.175186500320334	
0.08442630580173019	0.5965723940597711	3.7473394244213645	4.5505490512145155	
0.10058155925775161	0.5427889355443787	3.5878333193667493	4.348669457081425	
0.10637001621795428	0.629338332262373	3.083845714358573	4.349650435298964	
0.11010708747163492	0.6053562883924444	3.531746111295461	4.020580115324571	
0.10710535056447588	0.6507357780173276	3.428672719987368	4.536684297601049	
0.09481564943582682	0.583543201738177	3.175674618091212	4.973210544769122	
0.09982995771295483	0.6012874344874368	3.4778601524895563	4.775240209748525	
0.08486660183256295	0.6522590151584978	3.2304795268653157	4.6455376014373835	
