9	22
1	0	1	1	1	1	1	1	1	1	
0.09020782827798168	0.34410550844093135	0.5975777452640056	0.8420876405511702	1.818919714799558	2.254815005274415	3.089542932758911	4.5828325821142695	6.441484425789715	
0.10217791864627018	0.34350879829108666	0.5934060571279643	0.9077146175556631	1.3649896528294314	1.9718445501183972	3.534543862892843	4.711975321882975	6.277922685023431	
0.08147619114606766	0.3648456377709121	0.6749909577180698	0.9665582462217306	1.2635950412754702	2.5083886076797057	2.46207988412901	4.557398186510228	7.029435331832859	
0.08431909591259755	0.3618973165321501	0.5156401892769203	1.0612784804801985	1.3128641993784451	2.3637525708608855	3.7013860347360064	3.921720614342359	5.1026443376987345	
0.10479165928199337	0.40947334336468877	0.5957696805041418	0.9323793829874077	1.641617350141367	2.098408444423138	3.6973354921083708	4.240655883649205	7.438539445939911	
0.09115141747947866	0.424996920048479	0.5420124127423928	1.0031532391475664	1.428902172127683	2.209747446180282	3.4663654893235316	4.610686980893309	6.094696460274719	
0.08141972993484367	0.4323859988533033	0.6917400607898418	0.9200903220477132	1.5096519102151222	2.443668391223841	3.4454131829950874	4.260792115459011	5.279354818198566	
0.10634460405146057	0.3852865246489274	0.599675057297914	0.8591567968449267	1.3812445843154353	2.222398607558742	3.154324629958623	4.514745350837397	5.981359048894809	
0.10657322587687112	0.32541730087418386	0.5786389362024926	0.8275271438731244	1.4522389232685398	1.9758438348647196	3.5553324313768875	4.314970755314115	5.6542849133697235	
0.091667054828959	0.38953851916753685	0.5238389630254798	0.9213414870197664	1.4133601482949434	2.0377529879969023	3.3211617543555763	4.291653404394359	6.170723987190177	
0.09455066920134603	0.35173519497191763	0.6153494381901558	1.0050612030824906	1.8385075471777295	2.0768448768328467	3.501008413107497	4.299968312751945	6.453806399089046	
0.11302115537383442	0.38489104837534155	0.6426857670917379	0.9713790884926065	1.4315886111490685	2.0581989110197534	3.1360543942438923	3.9047866555209856	6.6225831632611705	
0.118713464884725	0.32642700890955917	0.6622831441450364	0.9258667576808143	1.3384886416525517	2.180787931352715	2.9889856997668716	4.605408524920556	5.823791083411572	
0.0965634330350465	0.42471328287947985	0.49500247514030493	0.8772000920017602	1.1468981458686012	2.178151394438579	3.0891348321462346	4.1753053592073455	6.169699180539525	
0.10611650731954435	0.424940460672741	0.7758468224085321	0.8770416219789533	1.3335215529802638	2.150990121162297	3.278296303711556	5.280062734748312	6.312978865728863	
0.09055693248614488	0.34197235306574986	0.6408805108567428	0.9106838779218194	1.632464291772733	2.2608312248919753	2.9105173816872156	3.9708586061473143	6.207051873653086	
0.09658497209064432	0.4233004760275498	0.6203628769903146	0.9597158716444164	1.2542193923060654	2.047408250375201	3.234680764692987	3.656481503097771	6.373867398420106	
0.10853578600241563	0.359882464362346	0.6761121386347291	1.0438910440791078	1.5048976318645715	2.1369271559988436	3.573620692065843	3.829428311097074	6.044912535874744	
0.09155745315256776	0.35481390507893024	0.6269997006830815	0.8551958405077332	1.211164154911294	2.6273842764365964	3.0535625033775418	4.120230799160426	6.71661372461098	
0.09397978883112412	0.33175009522793997	0.5450703754360342	0.8899028507602794	1.2768718778723094	1.9709057042459175	3.104595301921055	4.937208654044975	7.243340903341162	
0.11108988549064439	0.37134538971407977	0.5153646712438092	0.9952371686034872	1.2836761522975044	2.0705797824910883	3.7751688613676717	5.266979154471706	6.106947934933366	
0.11226882773908137	0.4252795295272742	0.6394440979844821	0.9047604535398712	1.3505305126058613	2.1595610944219183	2.832951689765558	4.285277506634855	6.358995560668457	
