3	95
0	0	0	1	0	0	1	1	0	0	
0.5851050472158779	2.237224967114874	3.2124778974410293	
0.534569554307379	2.1439772221596876	3.7792268368438635	
0.6749751282417177	2.374135424604705	3.233227481551301	
0.5155063470555129	2.0984544636073665	3.322839026102142	
0.6617914933748782	2.4360274826783566	3.0321360965887196	
0.6130417383391608	2.0043722545320537	3.2496536627499295	
0.43478194447375557	2.508230891324037	3.0827793819296088	
0.5896746212559449	2.0868806394528923	2.8345603207541066	
0.6842227445095558	1.9995161522461946	3.32673761389355	
0.6706202761813893	1.7999511779777995	3.595568801930862	
0.7256662387521459	2.2843197970580933	3.0983516605891093	
0.6003457272326483	2.2248182559991925	3.3715242416508584	
0.6257871252678654	1.8689922909342183	3.0322132485668027	
0.5687647699947402	1.8725764738793846	3.1848362822790457	
0.5980889952929821	1.9524699342946812	3.4730771048657805	
0.6223804189734375	2.181408973728821	2.9154885620966557	
0.5870273195295511	2.2489917563612853	2.777605826103232	
0.5809076881097407	2.229601152240175	3.114093380841387	
0.623067541804437	2.230049285152869	3.7496256000562154	
0.6186578376532221	2.1247321893321445	3.690011756259415	
0.5565431227912181	2.1776004516816947	3.575106417255501	
0.46576337786658134	2.2524621148720723	2.87752938710288	
0.5368907565143124	2.079738855458703	3.495014794922401	
0.5002825327957803	2.1485447778633877	3.3472995882758445	
0.5708206428798102	2.082350546443434	2.9298507870914423	
0.6074960992108912	2.1228400583858344	3.5953939279854055	
0.5740146802557813	2.120534812777273	3.267125291103456	
0.541320312703612	1.691553808071809	3.6386655367291367	
0.6365949273617286	2.2924279443092197	3.2467316172618474	
0.6254507602807838	1.7350362984382564	3.3155164921175824	
0.5987159613176781	2.183920377690216	3.483254307442397	
0.6791436260662954	2.1323520229978334	3.059757453005343	
0.6619474138594705	2.1401738137559456	2.585023972812917	
0.5399728433368357	1.9548470565878773	3.3262057834475023	
0.5903808283568798	2.385209743754979	2.6350887451006653	
0.5590854210358255	2.134481744570431	3.2922412555486726	
0.7098829719222232	1.9730400954604552	2.695627815853818	
0.5587690611699802	1.8781258972564874	3.5379826417644735	
0.6455003462099091	2.305412972477848	3.3141962898252184	
0.6067661606599634	1.8701186996540602	3.0975539513178036	
0.6127982187128947	2.3245499187793754	2.8688107051542584	
0.6010240568191655	2.227292322408305	3.1475436297252206	
0.6298855789351144	1.958290404266112	3.252148159675273	
0.4743784190635569	2.0093312494762388	3.4197577866530295	
0.6331661459245267	2.287571527119505	3.726113742272026	
0.671253011403325	1.8283076029977579	3.5744886636622333	
0.6582796337794444	2.3319017185674107	3.243560104144117	
0.5888796433625967	1.9674032135253807	3.2826287225604656	
0.7325951040730115	2.5285881236628436	3.2927081114022863	
0.5524418927705503	2.2313461342174965	3.0480995948160428	
0.5847003358238273	2.331507512095921	3.248861685064086	
0.610106381554615	2.1808172110595723	3.389492733221877	
0.6026318401980184	2.076913666873703	3.380519777146642	
0.614224480288347	2.244817750232389	3.183597216107303	
0.5908890071669243	2.280736740228392	3.513469306392524	
0.6339251208908042	1.9782706468136153	3.3790003514749536	
0.6470938056096857	2.4664321914385385	3.0949949008744957	
0.5940829506380628	2.0143850757390007	3.319467502963637	
0.6997963049981734	2.522115586124757	3.7696874498061526	
0.7057075369898567	1.9582938825129412	3.2885570666341306	
0.5694597260556651	1.9037767612490224	2.965283953140166	
0.604771181334131	2.105258790136291	2.876524537800677	
0.5693865627174762	2.754816215321179	3.2670008645608943	
0.6422171774805562	1.9397472788576904	3.3449358994110896	
0.649532687538793	2.2353891513410193	3.1779716230129673	
0.5627376744801684	2.140574451311024	4.065751477319934	
0.5723300253736743	2.169077495402866	3.3661894839204773	
0.6220995212886649	2.0512786349312466	3.5136976209028714	
0.665638136119059	2.103826128496152	3.07933936080658	
0.6480902713707097	2.3854271100305153	3.4701971335901693	
0.616056996633755	2.155547828790767	3.4044666907128005	
0.602623555666858	2.291888247428091	2.7681649074341346	
0.6317906950392252	2.1901451450697205	3.2405827775438074	
0.6970081773467428	2.14367674600818	3.1585699344907665	
0.6371216540964456	2.084774249256483	3.23680474842009	
0.5477008754642454	2.101522467470322	3.1718904754882926	
0.6136193285164284	2.1447817675133996	2.99085568569001	
0.6144005367360951	1.9688273392085405	3.5629283650964503	
0.6021414116224287	2.038953802027951	3.9734557129620223	
0.6133470995801374	1.9296416412404997	2.643517984228788	
0.6400438038618173	1.8144850402136916	3.4458918077518486	
0.544169284264272	2.0191776264425947	3.303422702240044	
0.5393885683425819	1.8290811294834755	3.15848587358651	
0.6978840911755054	2.395455304739674	3.2637351261793386	
0.5829738297161454	1.8524634950223278	3.3177370987501678	
0.5297893365299431	2.071555692969807	3.5603519023972576	
0.5666999888009894	1.9143830084389262	3.8714499907951074	
0.5818574362063369	2.1712740069874785	2.98728419661305	
0.582246574039307	2.3464859409999574	3.7479317838815738	
0.6507529585921402	2.4868090879064084	3.3430751324675643	
0.5450702016394132	2.0762627440831385	2.7871760448262246	
0.5373263138973503	2.2020666220434046	3.2909523419372713	
0.6000896731679906	2.429215079594776	3.2142385403869267	
0.6226959931996622	1.8499280310282753	3.3448192465771864	
0.5449806866766503	2.0017650684484827	3.7268079891386368	
