8	87
1	1	1	1	1	1	0	0	1	1	
0.09029865144538164	0.15021043485430666	0.29742663779095335	0.5027725201899257	0.9422465339774411	1.2578723207589695	4.133477924923864	5.870066394099762	
0.09111933184432737	0.15091694779678766	0.4228221437287557	0.7592574864524866	0.8729912938580653	1.4659485400147434	4.98273020659114	6.253092496531152	
0.10704510243890314	0.1674034789404854	0.4532161202556754	0.5319593118331274	0.9999914572840408	1.5121800902722475	4.876747573875931	5.37849511676893	
0.12058006868048157	0.14909357821154348	0.3358477512985878	0.585149931695123	0.9425117265277276	1.3963931560999359	4.516158126841328	6.271232431549233	
0.09867224403405489	0.16151298812031378	0.36321860203418904	0.586522532726316	0.9063468295299824	1.7473952133971609	4.681301322274405	6.566353123808351	
0.10929249938945217	0.12131579845522335	0.4446282894089266	0.6505362799919193	0.9900956329734621	1.5553899410025636	4.450826135360129	5.405561736948286	
0.08522244270720329	0.13682065437787336	0.4027228217624515	0.5943102115350826	0.7754434931837481	1.6749127261821384	3.922570793491648	5.692040157119862	
0.10559481676674563	0.13715295348916176	0.42454956913193936	0.5874564293686301	0.8985892067356348	1.4697964661502068	5.028917787302847	5.154601923823404	
0.10192182197465363	0.17332961031078067	0.4570349129103339	0.599845904914031	1.0704914682029294	1.5449300997736564	4.749857169029594	5.705527113515939	
0.09669471786800768	0.14362035677328863	0.4666914463669794	0.697825320944603	0.9338259040037801	1.3977145410544167	5.020289462712743	5.337454410782064	
0.09702777568042042	0.13812471108796198	0.3572400770369631	0.5223602023792191	0.9632045878668349	1.7523088493471075	4.584917276789683	8.191762213384585	
0.0953546799504825	0.15869981206825826	0.416920539741033	0.6249610838525822	0.9247438638517348	1.2308113640146834	4.98627014616374	5.1716815645912835	
0.09721151968208624	0.15991462754034108	0.41926260516529124	0.6468638214279041	0.8965325682863082	1.4196703413454204	4.405417971044491	5.795049612212324	
0.11473272229871011	0.16060156376522194	0.3876067906303776	0.5889490272629052	0.9321849304848399	1.2365115568938176	4.806438852124158	6.312735325778779	
0.10468494743326434	0.13033050985600192	0.37417011138682466	0.6127319421454182	0.7719712169902027	1.3362825972199632	4.963761405267127	6.034729378775314	
0.08056162888370458	0.15912098392948168	0.4498806270723791	0.6340856563947378	0.9367701047286904	1.61398061508362	4.574311640121371	5.798736808948746	
0.11197393691862359	0.11481039812499627	0.4281672501430547	0.6125394061080426	1.0241898660189828	1.350118091769704	4.28409293406423	5.736548027862409	
0.09270129793146122	0.12383203217280261	0.32709289028582617	0.6017686011642136	0.9309988945663593	1.386233080925584	4.278608773446798	5.832089811136061	
0.07574067037546624	0.14323603961131018	0.41780793320118326	0.5552144340353666	0.8940392075104946	1.399691004678883	3.707005377055618	6.4411994944807365	
0.10685541173422275	0.15194814146182073	0.35871173394713024	0.7766617985655665	0.913320686486543	1.437515526745936	4.645831820749434	7.097013398671933	
0.0983703479241046	0.1512172715887112	0.3766550770644355	0.5473245616706284	0.8140887485064996	1.449465038219546	3.9553017501318424	5.819086001466966	
0.10303133989596387	0.1324881833041114	0.36965860320101984	0.5910240363043407	0.994575092421234	1.2999501945985605	4.203547982431634	6.026233499822164	
0.09339733310363926	0.12265255469726696	0.3794030157234305	0.6437760233703395	1.0703934731084306	1.3019349255983153	3.636841504886088	6.10494259348936	
0.09125425749919605	0.16316170996079501	0.44680845804693053	0.647245128980766	0.9177799924135721	1.3001520984238364	4.2574859650494705	6.273928108329839	
0.10127313690077387	0.11480743942153984	0.4421627339476036	0.6749758130305378	0.9844554530029247	1.6013208657616176	5.107239347961456	5.428023309015909	
0.09527500665550653	0.1577125255843942	0.39048948809095624	0.6888893566224213	0.8508951822160314	1.4287849901011467	4.6846686712476675	6.041443159866722	
0.09409872312871434	0.15922983046070993	0.40213276181288754	0.48068179748151163	0.7823611147341762	1.3181829234386053	4.126800410662983	6.205492085136913	
0.10387975972059771	0.16826807463000235	0.38075601767977585	0.5342036493757337	1.0345768669122262	1.4360712502492714	3.3040676129045847	5.902043284374129	
0.09430305853546755	0.13582050440194093	0.39893197228410776	0.54242346811408	0.7558156014158752	1.357533486625374	3.95429147903655	6.25070737567545	
0.10033004924609015	0.17548998273248567	0.3565015225505182	0.551784380101407	0.8727243391327818	1.405231534472119	3.8888104325472748	6.470489867457026	
0.08005610962503218	0.1675622613202412	0.35812021594020327	0.5971023081925342	0.8544403139369153	1.2398896463426465	4.454385466251094	6.995803699045624	
0.1089482996133008	0.13249026725561688	0.4494717172286585	0.7455832112038728	0.8563562909436526	1.5456301673933923	4.331654702933038	6.406844537757205	
0.10323634970775	0.1813963962253362	0.3321617501587352	0.6382992379428458	0.7652315784760247	1.5765031715368283	4.125916414364504	5.859614009577895	
0.10228655147942455	0.15644222363840668	0.3382637447522183	0.666875031831542	1.0959264353500915	1.3540584292992117	4.383634117117749	6.960263575701258	
0.10607797337899927	0.13235479476999515	0.3841952763717045	0.6533096102944715	0.8379496351328287	1.3964197147953283	4.613280420520631	5.551306683432712	
0.11469472784027485	0.17281990470830713	0.38281325114801773	0.5499626707747481	0.882823705772836	1.3623850972051998	4.49116299292949	6.806697461757987	
0.07908324148682583	0.11875634288249831	0.4295899690314583	0.5649418819993333	1.1106882621678482	1.353766669232287	4.334861276054942	5.346136344536507	
0.10075750692894309	0.13998697828913798	0.34486809452038164	0.6034092789691274	0.8546321805940859	1.5643613611708627	5.0224472599828225	6.361767681630067	
0.09075784468434546	0.17997172418662782	0.4167694458063599	0.5447654498780504	0.8663021814743003	1.3361853522564653	3.73090073567606	6.743503194843806	
0.1132860914774706	0.13657234996444614	0.3389853157230107	0.5379546544210699	0.8539759777062784	1.4243186335522418	4.571779753226052	6.398331946914421	
0.10337099003502698	0.1738202897507479	0.36811889552551297	0.5954329115207002	0.8529544292275906	1.54921599214036	4.161408341534987	5.5953888584763085	
0.09552823748156954	0.15137366062493726	0.34110794137366857	0.6451220110334007	1.0639556407067454	1.4569110834476213	3.9792369131646144	6.749969053127938	
0.09347105614944935	0.16604172229800293	0.35711862831719476	0.5949519846035686	1.0355840055574133	1.5356041162831633	4.808680369476852	6.368528062935621	
0.09376795816139653	0.16101275046522906	0.3834089746931713	0.5755257590130199	0.883801173904855	1.4603995232166829	4.684680147083426	4.9239788453566256	
0.09281965903455743	0.1716261011977443	0.3920934100402321	0.5490609868671374	0.977313768086949	1.375478170694033	4.31267522873941	5.718954098699932	
0.11177142543210872	0.17087156465368775	0.34512513200093736	0.5909154252690849	0.7818658784659727	1.4562199233574507	4.350283256544689	6.243771148457553	
0.0830494572085827	0.15023861868447744	0.395187735103923	0.5395865509311225	1.0546316062994088	1.4903471677369875	5.441287891903695	5.2207359862103475	
0.08685125926360769	0.17335327454275304	0.3956696549112473	0.5678191351312968	0.9209615520475732	1.3368495685391242	4.734694420646119	6.02767277689122	
0.09576726672873688	0.1468878095138522	0.40959436193074245	0.6764911776335701	0.948467655963133	1.5871821420682286	4.7602073633446444	5.527564456396113	
0.10995545203221163	0.14141596657691105	0.4892729974859637	0.6717586698387955	0.8494403788172805	1.4875772659088635	4.767976912132504	5.974310112891704	
0.12340532660194281	0.17856275737441948	0.38033058903640626	0.5903118679894603	0.974759630011411	1.470894016528072	4.5269977678774955	5.246503870985337	
0.10576139300516181	0.1565031605074065	0.40501919334973446	0.5355255381856326	0.7116915840667277	1.5319571994408807	4.412755869488125	6.161388727795302	
0.10460962850188682	0.13072188092118728	0.3743838148373476	0.5531716511760252	0.907999780832455	1.5895417692346192	5.340216137756634	5.936880270706505	
0.10183608859283184	0.19156969283017194	0.3914972760506831	0.6072914988795988	0.8825754558092778	1.2661263010363977	4.666169697760688	6.238993618987118	
0.10347742932355511	0.13487748041842987	0.45826598336512464	0.6253999561064625	0.8900435107759174	1.2520165718914444	4.8933683310042895	6.79088488792898	
0.09549758857544222	0.17798263519892685	0.40737608896845895	0.6602918674422843	0.8905906259586797	1.211218900837208	4.409758359658405	5.527423050346338	
0.11384783044267169	0.152683814264124	0.3243948837364893	0.6021349814273554	1.0016891379496133	1.4614302382206008	4.502128092323467	5.641270798783633	
0.0983498886965067	0.16879552016021993	0.33496339165164485	0.649350064075186	0.9975085134021098	1.4120062221031116	4.738835934943433	5.612021427898936	
0.10956462837729436	0.1732154218327254	0.4045832307477106	0.7048820234021943	0.8654319483400212	1.5171366505165982	4.302526654168219	5.8090498002947255	
0.11179837843082573	0.16430454207318398	0.3673445920587795	0.6199039570307311	0.8475177800340238	1.1921282625348513	4.280872002934795	6.120218015871314	
0.0899264152994868	0.1412551584022821	0.3945131299568203	0.5850169988397811	0.8782405127952739	1.6540744020927816	4.5733848943649775	6.810266232411068	
0.09909763837834462	0.13956282206018578	0.3565680044749259	0.5782008076020874	1.0859358847379934	1.4946132317477463	5.016137242489367	5.260585710430727	
0.1060775650389218	0.1370233298911699	0.3396091123858395	0.6366237378626396	1.0275397400430166	1.405939328292066	4.6146114251123835	6.196517096898846	
0.10344922348853469	0.14672611948525283	0.3796286164321214	0.6291091091359408	0.9842566090830839	1.443873568154966	5.239920054632449	6.019524249131894	
0.1033755471538097	0.1486436229146544	0.36685966662703096	0.6256589693918121	0.8552123578318953	1.4651079751989322	3.8189037340190923	5.900701676973713	
0.09657859250301233	0.14475262529504757	0.390862702098453	0.6287897406843544	0.9426669743584029	1.5724647439138475	4.354458319707989	6.084152912351058	
0.0978425009401597	0.14079829330864074	0.36785033738755785	0.4421326050674394	0.8642696441627634	1.1233297699014584	5.2357602342342755	7.242386930469557	
0.08850669919765547	0.16897721526935475	0.39634339393755075	0.5298915767592816	0.9499284068434631	1.4177749994381366	5.216640419040231	5.528775723191336	
0.10086389567461825	0.1354137258640824	0.369908551851384	0.6282551473971658	1.0991263398403743	1.3378178543938122	4.474168285579298	5.7035450825705905	
0.11194522507159627	0.14691763619405157	0.31125471844804276	0.6011597134101405	0.8693586110531903	1.2244247042269556	4.091129163619	6.099317903464815	
0.09697959223353896	0.1655112777901294	0.41349219004299437	0.5963245801022441	0.8984263795815446	1.5062640189256353	3.6050419042696253	5.7416134473590414	
0.10214150187561716	0.15315411592116882	0.42507070293606725	0.6964043778689241	0.818542668191402	1.5449409661959725	4.780273066611273	5.485739274468158	
0.10920777129299974	0.13668226624633184	0.4242332760081257	0.6294680365685718	0.8648159977394896	1.534123158708027	3.9942167921193397	5.522817795737354	
0.0973726606819554	0.1753525509642227	0.3095900525741375	0.5755930063558374	0.8846392995038092	1.4585810830988002	4.450872689092376	5.245111811188129	
0.10231087333752503	0.1709151721848661	0.3861967827259956	0.6462918264884788	1.0209211643088405	1.4625745167079882	4.437183099009347	6.09483432111839	
0.09794492318421316	0.13571521541711096	0.442060527656364	0.5889241229750276	0.9980251314791292	1.3043022622992968	4.4313418161143305	5.579651652651462	
0.1106418115023405	0.16656135445449208	0.4203173375516584	0.6033877275172503	1.0729411785783134	1.3842386775764688	4.923124949689403	5.899305090651108	
0.12191502347445758	0.16045814908184722	0.4020007996641349	0.5839992812814025	1.0088738889641364	1.3174282224488432	4.571243709201526	5.96890536125485	
0.10613229064850166	0.15227001783669153	0.4125183270691892	0.5238474984913403	0.8855455869166916	1.6031625245632228	4.288617702528257	5.954120677257574	
0.10183989022939695	0.15287132939937126	0.39513466742317527	0.5881099277738278	0.9376714640290211	1.5480087029467577	4.052384061386456	6.8201202136631665	
0.1087998856799901	0.1682582863248807	0.433158362020885	0.6335912791590136	0.7657212464546118	1.2744066381601153	4.60321779702011	6.251853154476884	
0.12631114670328336	0.16421530936386677	0.3657760432181524	0.5936563602357096	0.8212307509680695	1.3743589239646479	4.650012880795979	6.281648623259549	
0.09563697578141489	0.14081032961738518	0.34933385989721	0.5182096352634755	0.9550105547097982	1.227385742823118	3.792633923187526	7.043471037762633	
0.09184958963410979	0.14919984310904955	0.35662460799199336	0.6139540944599893	1.0066820778303245	1.3261507290687726	4.585909407279536	6.324642923591985	
0.10710794580416053	0.15558226325601998	0.41108466720554687	0.6213662557962956	1.0366038757204634	1.5786896842406648	4.536472347489328	5.813864698916856	
0.08811771569071762	0.14098861410847385	0.34793414787905896	0.5098269217101566	0.8766924774011439	1.459899536558479	4.632446630626908	6.26245091903106	
0.09614984901547138	0.15309357296748574	0.43216961192906617	0.6423640088989163	1.0307799441338867	1.4016906918066365	4.5253408374446495	6.6037892111015175	
