10	45
1	1	1	1	1	1	1	1	1	1	
0.10153333918589202	0.1472105287046998	0.3738567483158086	0.5844300288726884	1.0857077491108609	1.3766317338457839	2.378171894130591	3.2672357315739338	4.510862979806865	5.253094766996943	
0.09161802206905219	0.15374801236624633	0.32817884509572726	0.6342619214199489	0.9475796393656226	1.500636555655447	1.9932174372476348	3.421242297695643	5.124665374587531	5.90129445880018	
0.096843794433212	0.15640790947152855	0.3758726078984736	0.5892369777875247	0.9878327194874532	1.55542010961437	2.132648361504623	3.300886023931404	4.283194815682158	6.0074637337216314	
0.10326348155097553	0.1465459284948132	0.36099434053989915	0.6095810540800055	0.9219298964912229	1.2912541506035866	2.2464298418992588	3.4039454363881627	5.335368708247886	5.643244905823853	
0.09528294948114394	0.15788464098413277	0.30446779368121457	0.6100436441075114	0.9327830629533245	1.5994277528488554	2.0369585165030126	3.6536365646428344	5.066703249740846	5.786116712674134	
0.11278263802329647	0.1512614065081937	0.4100697831631845	0.5810522648549928	0.9791180622562917	1.4772152824911542	1.9679785262164655	3.2524956172740964	3.785189375354951	6.299912830131316	
0.10325570392293915	0.14976065944470904	0.3767108486274491	0.6423279361168897	0.8459630593208537	1.5744739587983445	2.1391351154243345	3.5372485445326944	4.494144685477135	6.643751535439057	
0.09430951591161069	0.1618216675375659	0.4065851942044399	0.6084442763096495	1.0964570245295486	1.4759871862557123	2.017491266741641	3.1690729445772168	3.949094902559789	5.7255184142159035	
0.10772893551095747	0.14139392076392862	0.37009897177418005	0.6344044124654332	0.8938331541745037	1.4688880781833824	2.1754030335737307	2.7717443398107675	5.010452341044007	5.720036993589532	
0.1119892790051008	0.15300509618007133	0.4031225648545388	0.6570342840645536	0.7221116840121267	1.626837390857238	2.3953850411252007	3.118675114929294	4.484354279110217	5.964311244315095	
0.11104834936834883	0.15640789531343588	0.4740655419107964	0.6345790006497803	0.8926205022025742	1.515554213648706	2.003755171779733	3.8069228786374465	4.366295599715571	6.024881799594409	
0.10151070009727192	0.14919995574377326	0.342989146825481	0.7275174246762103	0.9326190991678764	1.3622392445935068	1.8498298159985087	3.911218580529084	5.1602018484193195	5.373651362320039	
0.1014413388612867	0.14562760511601006	0.31759652870982513	0.5907024022876184	0.95787911010747	1.0232057013316551	1.8895328159546958	3.8331341704228152	4.041613055034783	4.7075501203335275	
0.11086920879862168	0.1656720541890435	0.3290198190907347	0.5877997454219266	1.0854802175788143	1.5090299790206634	2.037654131624282	2.8598164867979516	4.880390866901127	6.175132887439137	
0.10977476391023083	0.12145853311011108	0.30388636503288363	0.4776295920055457	0.8257236041419719	1.5454947473284188	2.0275205614377882	3.536151269156189	4.430438763377489	5.7173796146540035	
0.09664002212795736	0.16704158674385516	0.3340225149166233	0.6099314640414617	1.01132300126119	1.4177070378134673	2.3055763633878876	3.3010176784998553	5.4135249132371195	6.576428098535392	
0.10519467990040132	0.15616104486167484	0.36507350624664864	0.5634284942193045	0.9259419405131081	1.4203476526091405	2.230998197430913	3.211563913094716	5.3056675194669785	6.537647853086314	
0.1002040039341293	0.15645514643966085	0.4420705549332999	0.4917038422062718	0.8845551645576716	1.4011489551312581	2.528019370329694	2.950200306285838	5.122243559482243	5.377204484833329	
0.08336127277237897	0.18771112418397953	0.38312884326341645	0.56989444165513	0.9684032758302535	1.4354082242474866	2.124282662190172	3.23846130963276	4.226129465239851	4.703703546379139	
0.12188922103645249	0.13131000622289032	0.4013830978551207	0.6276765740915491	0.866733478080515	1.6909653113945171	2.052037638777459	3.310018973141307	4.19157488233327	6.691845914424109	
0.10254134161278382	0.1616781646144927	0.3475842588133919	0.6556078213749088	0.8678276166143128	1.4185798015889282	1.854359201625616	3.3336648186872275	3.9882680715401966	5.9973696716391665	
0.09195190228080469	0.15982330129278055	0.3221477566446994	0.6555835922330882	0.9266882773695806	1.337659888368407	2.377933254169022	3.5359288098569124	5.2433267674991155	7.1374357162407325	
0.09060404998209037	0.1622267126770909	0.35211713594903754	0.6168364043553879	1.1729270263788079	1.4364236933371215	2.3760344865287464	3.615726334111151	4.6166376610986415	5.157294303486873	
0.11179428010446696	0.160879403579653	0.35210753936128236	0.5888789026450074	0.9534753929765614	1.2223153561961824	2.6351655270487604	3.79799172605148	4.4706863622568065	5.752138470714061	
0.10692839277129902	0.12503336940935886	0.40129161718224515	0.6172714488984793	0.9416762370070356	1.2807873468756166	2.065322553306309	3.041667308178437	4.642500753454884	5.432944686971259	
0.07879592653630448	0.14692378796881625	0.37711598991868334	0.651217475087278	0.966387932165845	1.4059469799190876	2.1175759148411744	3.329763729728296	4.7069583250383165	5.711101450782651	
0.088393156157655	0.13851413568811383	0.40400043183262596	0.6750404031282525	0.9204638711232483	1.3935485297283945	2.197524393781603	2.675096544743655	4.195911393696334	5.382224026116188	
0.10058753331303394	0.1452554569011526	0.34473162271311025	0.5642577562113282	0.8916478287163847	1.4961571406057976	2.428726722523289	3.4206293491493063	4.379348083907836	6.762386191637686	
0.1161846373842379	0.1584781856780228	0.3608423918598986	0.6253205628694998	0.8899765609959336	1.281300655213883	2.3266078003338513	3.3315260795258097	4.632275624105734	5.4831529873425815	
0.0995674940091394	0.13442751206461265	0.3995697746748481	0.6295851814096761	0.7290304305438513	1.6825748218153556	2.1761757161058815	3.645024356295453	4.573111035701258	6.248210191072949	
0.1256193699414809	0.14994540614005797	0.4132835872772218	0.5443753909103403	0.8673012041458734	1.586598807214767	2.2095644620227115	3.7267149681730363	4.906773067889418	5.5482514501296265	
0.1025054698492775	0.164416905320958	0.40322206367094793	0.6290129717688414	1.141055623394461	1.7090093966486681	1.7852799248818836	3.083575421680849	4.293290306355504	5.415528694809359	
0.10339428861780463	0.13306210856625109	0.36752426518848175	0.55168013435685	0.8977673703235207	1.5394039491953053	2.0406452489525218	2.6982011233390852	3.8073778332190296	5.614896208238888	
0.09255981822931252	0.16898640094258421	0.3792018357769355	0.6377749898447445	0.9664851596771604	1.405802486163497	1.977300326124149	2.6935279513195916	4.408815198953619	6.228351356618279	
0.10498644143332099	0.14357718173149256	0.39111175914650864	0.571055897488688	0.8212987772341339	1.8034966900284355	1.8998494730234425	3.1213483671270716	4.098548571645624	6.456618470377376	
0.0858389468641635	0.15998673535564617	0.3938996757842858	0.5416394777376599	1.1082599927908752	1.730197627310199	2.1204623046934636	3.15794159287817	3.619176151991286	5.586717263514803	
0.10234683722600002	0.14414155966145314	0.3606396876219772	0.6182118625863239	1.06679458542041	1.4557092488396388	2.1273827136944243	3.1841262820636294	4.661610271205755	5.658039273620175	
0.0988614666934362	0.16977552185190195	0.36021853089040473	0.48557016404229725	1.0522877602466227	1.6238093673056457	1.9688073540085997	2.5276544336580513	4.369179079600005	5.63992288353749	
0.10475528197574319	0.13919265723666333	0.4219124346029812	0.5429017530540933	0.8533315950530841	1.3673106738735425	1.9814195264788321	3.493677929259203	4.453423892127917	6.134292230661824	
0.09705528364045987	0.16941147840330223	0.3169542563999413	0.5914847169095022	0.8830988866836831	1.4300134240582678	2.199023640535533	3.5077839228972256	4.652976814758996	4.284479582231127	
0.09446410063952432	0.14338331136032573	0.36128118782647356	0.6318393217346361	1.1038684381935333	1.4095162638057488	2.377137713675975	2.918400489375915	4.963456944925853	5.789883399614451	
0.08860508199365415	0.11443069019948045	0.3910341593991916	0.554779938566261	0.8725605034120826	1.6201793819235364	1.9104647304130333	3.037473224513385	4.516448614841207	5.626688942361273	
0.11458169843254502	0.13665305864165597	0.3765547174418586	0.5880141074627347	0.7690086592636589	1.4519130109461913	2.2576582969125476	3.5203602861263485	4.070942803834392	5.8755636061595915	
0.10020083080218148	0.1723180206368802	0.3931698181808598	0.6276172875364244	0.9564849921220739	1.263293903830183	2.0377127187212296	3.7438511672683337	4.203405935634481	5.570583896092371	
0.07254320760818338	0.13784533710117497	0.42264671229327777	0.5926447075141291	1.07137760539404	1.2180308948089722	1.8529452656653596	2.557678428776682	4.540303424361796	6.698244515106367	
