9	78
1	1	1	1	1	1	1	1	0	1	
0.10015343937121937	0.149205559777706	0.3227800482715934	0.6487219780562047	0.8925921609389343	1.4106003301558332	2.1950511981566256	4.040297708929216	5.664839137398694	
0.08573182062864039	0.12338992049967028	0.4181042341393038	0.5611328937060784	0.9448540410743934	1.337740102735454	2.2148482585169837	2.8327737459761484	5.975792032682721	
0.09516921850208784	0.14518547135079268	0.3600243555052334	0.45788901537698523	1.0372941192006289	1.533353739651966	2.222712273574771	3.909294282869142	6.276499885354104	
0.11698911268555989	0.1483583805661791	0.3618663427156993	0.5774917661990315	0.9110765916715704	1.3109601049540012	2.5496968075006197	2.947999203820717	5.885134610815924	
0.10133429622202779	0.13774874752216634	0.363163777144717	0.6394251149459101	0.9498188335225647	1.364258629011279	2.262875645922683	2.987638293082423	6.1633251759646015	
0.094990800522253	0.147964257772795	0.3596399439644595	0.48094489389811623	0.8123463051939689	1.5999451949577261	2.3261413075579647	3.0269978846049796	6.924564383081277	
0.09340591006111437	0.17154782961073994	0.3423916844184274	0.6738715997652337	0.9111456804881266	1.564149187802191	1.8359200102935167	3.008298281035427	6.893997988722857	
0.10795836935154823	0.15947541174828492	0.3614962313346503	0.666458986454531	0.9799699103142103	1.4833352848837231	2.2024823522577197	3.215337393718225	7.048085358760943	
0.09452805878700178	0.16271859767446337	0.4023546470402745	0.6131336381645299	0.9888655832508249	1.5408158402649226	1.9974902521200517	3.256373722108657	6.102478748612337	
0.09952898171620123	0.15352950220029457	0.3898405103235135	0.6620556631490506	0.9286917639325194	1.500051898958603	2.236524642446765	3.126986216551092	6.824269115712221	
0.10194160404514895	0.15237261774572503	0.37363919980291405	0.7232019882674733	1.0705386299061153	1.5354352878935322	2.285748820030535	3.7747168993456537	5.91759799782568	
0.09523136187067571	0.14782236870807944	0.3795078135995595	0.6227753966668734	1.0014058860791974	1.617780196040248	2.242167324806965	2.925199629420369	4.938073306270283	
0.08705890484219987	0.1463622342461264	0.42016166212274075	0.626800171678089	0.8180980966875251	1.4955670166760984	1.9115105343329286	3.3316485581045057	6.427947756755979	
0.09777855207513445	0.1499920993729063	0.4640162493754639	0.6210086864049051	0.9307975172449268	1.5402373042298032	1.785540400020818	3.5557695209853515	5.749675935838383	
0.10864912432327847	0.17671912924924174	0.37244145621430047	0.4933339198460914	0.8494289821493841	1.3737137904378438	2.0392703239077923	3.9865845569158114	5.078273969477827	
0.0949403089079156	0.12118050673788575	0.4279238914843355	0.6187095914408042	1.0107572346865665	1.1650551683865635	1.934805612076207	3.80083629185892	5.81234538528989	
0.10400185413346819	0.11553090649969863	0.3800267170168164	0.6457265098250973	0.9638590218917978	1.4850430736747666	2.3684062029969755	3.4224762009889393	5.9559802772581225	
0.09349456795649835	0.14946893701866643	0.3894266123923122	0.6611691698405731	1.1287813795112847	1.1348833688853646	2.028731100329052	3.485875962977459	6.264014958957859	
0.10488395901616195	0.15433557729658406	0.3510856724211616	0.6197675070676625	0.9074036776435285	1.3296793381869276	2.226358581444295	3.0066185584953358	6.08169843915274	
0.08167313056056191	0.16446149930561468	0.34105421967685096	0.5404968116346169	0.9038030084908293	1.6341129910102057	2.2070836582948323	3.595860193261763	5.272206735012972	
0.08212800868258088	0.15322072974472203	0.43429964635898577	0.7277529386968993	0.9871837783002622	1.2591592613125373	2.2115497603674634	2.9309047365670544	5.880215208536777	
0.10223011922791861	0.16605677261355925	0.4086189589844399	0.6397208533420803	0.8201965493382067	1.340490383111364	2.458568441570951	3.3781114784699455	5.720434756861053	
0.10253659418482426	0.16558855878349127	0.33896243220639105	0.5810635712380113	0.8347640585309357	1.3670318741437957	2.3524614223796703	3.052309595297552	5.816951884705904	
0.0948491389164483	0.15917073198158949	0.4138881199825522	0.6320727839353979	0.9377683648314209	1.612982734066609	1.9382893448328467	3.484737843969911	6.3886961980877155	
0.10649138261922664	0.18467662929660245	0.3411767477722227	0.6459910284027867	0.8188314147994706	1.4417257182464356	1.9847020043092845	4.066582091713785	6.189815717885446	
0.102726815767266	0.16570566894317043	0.372231605361108	0.5891298046500298	0.9755881296845185	1.5229466043903819	2.069047963450775	3.130221925204694	5.562669463858045	
0.0980430506880596	0.15325321155209012	0.34819584588128294	0.7078280390524208	0.889292875594487	1.4183297215128736	2.0732575966563873	2.9073609941703413	7.949942810325522	
0.11286980152873721	0.16983210521542272	0.41679687518092656	0.6012433838199879	0.9357047391312576	1.3626624017209903	2.360413414539195	3.619306997377942	5.669952770294566	
0.10964662680447045	0.16072724052095178	0.3598906455866261	0.5745613887906442	0.8630477704809694	1.7303455547065614	1.877523586408459	3.286848872993097	6.146512349113992	
0.1045374050980109	0.13550464942052567	0.37140597272769926	0.611402789296408	1.0169899442236756	1.3461481178353605	2.1857089811440287	3.003289121806025	6.400634975107193	
0.108139720453395	0.12200784090222498	0.43666881972144694	0.6049071160348714	0.8698163797547882	1.674571044969523	2.316444006602584	3.0738454820011367	6.65866088123507	
0.0902154156522391	0.15419636533283532	0.4105902761252106	0.5720117501126697	1.0509973106108534	1.6477938559640652	1.8542814251760764	2.82487980175591	6.357544034683654	
0.10927503021001639	0.14755647049708004	0.3498628128841365	0.613364254067376	0.9630545819784787	1.6390285656354457	1.7751778871700579	3.481751794251141	5.889421395466059	
0.08998987148276949	0.12054015890442363	0.41761805838996835	0.5762242719886401	1.0660754530662986	1.245950905698223	2.0062925943342207	2.4162397706272203	5.84039276874158	
0.10512108501341298	0.1582468001726756	0.43191847647911913	0.5771957153707139	0.8774448956634098	1.5098491237300113	2.336784373328341	3.481020853878007	5.8179402813597845	
0.10274098337636293	0.133532891148184	0.3829845824118743	0.6234766500866191	1.0274150675239595	1.6288831515283164	2.631119378760211	2.8520199688751213	6.830567420348514	
0.09904374985431418	0.14524145554391482	0.4034856116344881	0.612742119001112	0.9664546841054513	1.5728177249423012	1.8944635403792172	2.995037125588043	6.528091334929489	
0.09577826542747313	0.16588898364495866	0.3612663412493334	0.5561039622012752	0.9842139212885528	1.6709076355034047	2.560492586926335	3.055960487911044	4.941773847871533	
0.09756157916605875	0.15648815892474807	0.3198757661404682	0.7348439177499354	0.9229804997093236	1.3345929987485758	2.3220716258092264	3.284839722230333	5.61932463459691	
0.09201594086933775	0.16371640189577857	0.4181118487226198	0.6241858512635088	1.0318705459517108	1.4725543793551705	2.014807632052554	3.2638641309871854	5.254825121895043	
0.10114351500061317	0.15097626235480463	0.4562812520396805	0.5959703808039215	0.8142073716418495	1.2520821461751683	1.8877597710197525	2.621547863898189	5.011194883899801	
0.08773481235152251	0.14555951368075548	0.39667650673858734	0.6280720785221718	0.931670446094142	1.2200936680541066	2.3608535521725194	3.336367610717128	5.992332674156571	
0.10651648793467283	0.13582212584732276	0.3273953805716779	0.5994371984793165	0.7841467080476449	1.4524256321478886	2.2308904363364936	3.37072290017488	5.5868882966960385	
0.09146386666171075	0.15547341579265708	0.3778901777460213	0.7429572705307299	0.8258374809632109	1.3042328224859516	2.3389440158830097	2.9112562665243753	5.730801069036003	
0.10025474626677017	0.1589261432713456	0.4293374886826838	0.5366135869890442	0.842191234094969	1.8026118588776332	2.0083530960776157	3.244260484560757	5.439351061648429	
0.1019247070281225	0.15729066016867538	0.30873189226867265	0.5318870958425652	0.75113943296041	1.4518071790033356	2.189315113930649	3.105398057740836	5.231471479052929	
0.10564029993977185	0.1310884664252999	0.38942358852811265	0.5910877365367903	0.9535127396749025	1.3775851595367263	2.2791211892477468	2.665605360539181	5.954154322181392	
0.10168401686891054	0.16744835787376905	0.3769949233580415	0.5418818420789775	1.1409112769592458	1.3541688023943632	1.9192996682112504	3.165211033503014	5.505259149399924	
0.09630220874159506	0.14946380237810852	0.40933174203898404	0.5726015224391755	0.8980580986246771	1.3235711174506315	2.8471251610615176	3.377642407799504	5.965229337876371	
0.10138181884301185	0.1573623598317839	0.39423210214589505	0.5162040813023584	0.925465330323833	1.5053495204298142	2.0044548011146315	3.318251026467172	6.579895307816367	
0.09332095411046179	0.1517509171667477	0.42888716360714707	0.6310379945066527	0.9516365103734331	1.2216872672685402	2.4395550477164085	3.680125584223117	6.041462438774957	
0.08634750321044915	0.1620882958467523	0.39502485254735453	0.7049695574410322	0.916252102877884	1.387596115292332	2.1544604618294665	2.7717326579542982	5.751505986768542	
0.09853056178190567	0.16514422514529262	0.4177352544822765	0.5818990508575229	0.8564746091892187	1.282225583692587	2.325878938289479	3.2745739676724113	5.736046072697037	
0.09755024807257662	0.1261200169528379	0.39154299580297036	0.5665585977367887	0.9010122742590216	1.1717295756560044	2.1675436134899746	3.759394679496274	5.221828884942946	
0.09351658487530004	0.16284962681752393	0.3657058095053013	0.6506321862669678	0.9070934184298238	1.5794612030063921	2.018147205031574	3.441335516119317	6.4218859491274785	
0.09049756679936721	0.1438854327038479	0.4070458576946452	0.5177901020038962	0.936074970391017	0.9595471444198467	2.2257110311227466	3.412788665952375	4.831347659283003	
0.10315641177261697	0.14157781306200845	0.34414679722177316	0.510538177634493	0.9354033771670217	1.1950194730670332	1.9562631547489	3.41816685824993	6.329109833699948	
0.09560433142086333	0.15444315185474902	0.3364989264649175	0.6163079734175471	0.9317959372550738	1.4548204834440044	2.1479513808072577	3.348503286521128	6.344655647703491	
0.11958406234244577	0.13229955345882946	0.3251029691982791	0.716419125782297	0.8441884479989863	1.1901418067233775	2.178044672643842	3.69221670067126	7.114294769016742	
0.10151395772578785	0.16377526315798493	0.32858863875717703	0.5854426011478057	0.7621078874353352	1.2531552351533763	1.8984631506161513	3.165519824032303	5.278089399697418	
0.10314968408960111	0.12892468179825292	0.39152640341070627	0.5718165013896268	1.1036684413645073	1.5431887858691304	2.107173728454159	3.487823012101324	5.984728574707641	
0.12043970941866969	0.16527438540656111	0.3713293535943745	0.634570389846404	0.9286106685247192	1.7339291635645866	2.1462565205627686	3.1318381933030253	5.685220065479713	
0.09322723571121605	0.15062291063001312	0.39916529504674186	0.6960240226689873	0.9450196401046957	1.6131800006202006	1.6914859958051138	3.1134690139458194	5.605275216287989	
0.10979961388091133	0.1429752029607	0.36512219052079786	0.5413430067418498	1.0824098047018829	1.5683083400635727	1.992446822319094	3.3702719804290737	6.825588765435582	
0.10358821009191886	0.13720493677658382	0.38847160137792663	0.598211761495619	0.7128486746439053	1.3984883360253124	1.7706973181402104	2.4691304063385346	5.40791728545804	
0.10458015299757271	0.17453670602495194	0.43318212199533224	0.5082274268081055	0.7969441090828175	1.4344229453093245	1.8889497700737305	3.0355961755656025	5.862110756890264	
0.10713398632102399	0.14945640523809195	0.39720558725041044	0.6034908574027975	1.0557124195142056	1.4105651695728838	2.1482110362217215	2.940789876031856	5.962540910009256	
0.10540909393890903	0.1652177991558251	0.33852348011722244	0.6527819768678293	0.8506530333017405	1.1628703186269227	2.3299467036513075	3.2445233617770173	6.792598903368845	
0.11880339942883505	0.1278974129118257	0.38289650530099006	0.6322927741946638	0.9609438728406996	1.4114190238560842	2.1981314170750847	2.5544180867799446	6.158127408230683	
0.10026421656597005	0.16178134576630215	0.36889791016965323	0.6051619009849422	0.8982524865886934	1.5681495163621555	2.254219061392594	3.20052654968316	5.660063756074929	
0.1003542948135393	0.15136343459991536	0.48875205679398687	0.5803103336186956	0.9319452728734685	1.2845250054519726	2.240252202364701	2.9414735197618245	4.9628474604934585	
0.10883322475474554	0.16924834460171978	0.34573921303987365	0.5719505220128058	0.8987514756006509	1.333124762038871	2.4359686080546843	3.2241130245869325	5.213978162005523	
0.1193881236381843	0.14739822921292636	0.28942153229429063	0.6321107428968732	0.9573100101563083	1.4593053372662008	2.0551088409425438	3.401251318519433	6.320893071488266	
0.10020542174019349	0.1399477922030617	0.43055608971017595	0.595832700744688	1.0433742081761737	1.216849582453998	2.1878925131336806	3.5823969781780467	6.067520286951505	
0.10485951018928319	0.15822379412800167	0.33409306434787195	0.6718954160446936	0.7160595814041482	1.4918237263576704	2.0568646664877095	3.3449538056414427	5.946787516035049	
0.1079915733608581	0.1647859440348384	0.3819909073555914	0.6590690307334798	1.06194727560939	1.5036485341920756	2.2416302277786935	2.895096834998961	6.239242827302206	
0.113073178710222	0.15268854579124355	0.4165273321537974	0.5844644422819752	0.8420435179781613	1.430411626219411	1.538590717342561	3.1363739373743966	6.3870787383643695	
0.0929430381812165	0.1603475517013737	0.35964590123757534	0.6405903036388111	0.9653407090476546	1.3730363425375203	2.116928085685118	2.986576759785358	6.001006780379947	
