8	75
1	1	0	1	0	1	1	1	1	1	
0.10003327419583195	0.12176746756380705	0.6308131318117735	1.4609933129505488	2.516408911315987	3.5512793695761964	5.0007765345972555	5.3226954515908975	
0.11118224319581092	0.14707655411237272	0.5584849688794545	1.0946053783567857	2.4323746040032685	3.1575136952843317	4.445001436928723	6.1926221207187915	
0.11862299802347154	0.14661246210439077	0.5990740368189015	1.568516807922887	2.089990375807063	2.9798521822992163	3.515232468524194	6.80177043810023	
0.10238728328356078	0.15819086606345734	0.570829608776166	1.5272033625954071	2.024483781341371	3.3028679471593922	4.548511780887879	6.67760260751191	
0.10647006649911306	0.1406018832838407	0.6360765108677853	1.3775016979313635	1.9753708731898332	3.429068387648641	4.587296098027089	5.282442024721586	
0.09484796370642358	0.16118114638043365	0.6233468972606709	1.4916395262805235	2.5467480735925476	3.5736996634256037	4.447446147060245	5.757631803888517	
0.09319869985110214	0.14310325782353114	0.5040514736935776	1.2560982855886893	2.2914186588481043	3.7488027192506874	4.524854624330869	5.5784269449516195	
0.06595513514068148	0.17555793925462926	0.519688648676939	1.2194883119951951	2.0860479882035876	3.2362440793660294	4.504663400899447	5.487035062948484	
0.10415713323697949	0.1421735108121639	0.5701826711058308	1.39014395899888	2.004463412567434	2.8423558803540203	3.964946093894401	5.336909260418377	
0.10456077697472144	0.15598678023097035	0.5838746175577036	1.3986683447599635	2.4010208578295003	3.417117649610841	5.20419842108219	5.65361312357713	
0.0883504433951705	0.1649535649709529	0.5987660364623856	1.3151941325776586	2.2550917079016544	3.02086967788038	4.810048175809956	6.291571002574782	
0.09774036542300715	0.12470001646945743	0.544610173215666	1.6471246674090383	2.525277714899722	4.092807922477072	4.680172005033204	5.3459455823509945	
0.11339005997921177	0.14603747840616133	0.5590606332859012	1.4778683958355883	2.5578397446683976	3.2157745427164026	4.507650712344157	5.080711180770335	
0.10107752503349406	0.15998221577387362	0.5947413353918748	1.428070098928781	2.198404571653714	2.909017404207468	3.4750253673290414	5.938027089941307	
0.09774381628471354	0.15855002911939356	0.743826215932042	1.615331398926438	1.7077458300396757	4.0692545961907145	4.798803869682297	5.841192701581	
0.114763887095906	0.11170312792918512	0.567328165599644	1.4581826712284471	2.164474352458001	3.7420752832975444	5.031220665861305	6.409274181229758	
0.09723036145879739	0.1644199865356015	0.5641161265640767	1.5404418145936074	1.993269816226593	3.3456130250306604	3.8448817716822337	6.62131128207659	
0.09555426013962925	0.12946437991043544	0.54218063834625	1.3861764592634027	1.953874871112093	3.484054417417395	4.375019075010078	6.560982214815059	
0.09717096138397753	0.16075618543598544	0.6005390834771867	1.392909159555193	1.926264264116958	3.2720519785881037	4.830928196712901	5.58749257718389	
0.09987529593029934	0.1417263383316625	0.7161730370523561	1.4746149173027978	2.1693379327485007	3.092130219848818	4.897765575553114	5.999592841997795	
0.09935092314789686	0.1489006776249603	0.533641369277097	1.643904919783421	2.347715587050267	3.25289895835036	4.453603801367731	5.471043497876513	
0.08523982110642392	0.13678574981548058	0.6686177241861383	1.3747021733737605	2.3827136475394886	3.240249505603417	4.109213938682136	5.55959683995666	
0.10246599581909265	0.12570761471524208	0.5539778618603739	1.3651337596280586	2.326417956181069	3.341956438229077	4.58432937674719	6.27802818263387	
0.11034116730906006	0.15075852019812438	0.5379430911706803	1.4568685592710218	1.969315448210149	2.577552346256899	4.5850200346414205	6.3100374114754825	
0.10346864966366567	0.15758005627352548	0.6668808288722884	1.2914229673785245	2.066579178134955	2.8316948299902407	4.702204039478399	6.737287869212025	
0.09455524545186542	0.16083459293115618	0.5538387503001317	1.5223044241971353	1.6697215268093166	3.744857964793781	4.009376851075124	6.101365904784261	
0.11404804551935521	0.13247963712252386	0.7055728363097737	1.7307415451995567	2.2981314625365354	3.255463296660865	4.416837990761774	6.344544299029447	
0.10746190640756222	0.11980391714890083	0.5829100862848816	1.346386269268797	1.9931723127690382	3.019343721332662	3.9176480363754	6.929923022495559	
0.09412689802151814	0.14782740175574496	0.5812497150900623	1.3515278748515849	2.239649101040733	3.148529338797059	4.772418027429106	6.942030538482067	
0.08899827089095064	0.15484225257190126	0.6175946428187381	1.261919149459669	2.2889254474559566	3.1647533768690423	5.210683459453785	6.599400798277575	
0.09999495790126266	0.14675404241988188	0.7039553366135853	1.3471589358229625	2.2068584221505936	3.228834259004171	5.037688652002397	6.7630254556324605	
0.10542396384639895	0.14208292403378647	0.5906101982047129	1.254078938472565	2.2035110324760607	2.987859654821673	5.507474802698164	5.671407238627651	
0.11025789429834217	0.1729272569482471	0.6497302131121222	1.3575507885123634	2.0257104486362354	4.206837702919345	5.388275655640058	6.182082874023505	
0.09661627817215715	0.13694982720273388	0.5628127651772354	1.5315740911819609	2.6472757853985875	3.211390322571545	5.039314441244729	6.539092463216577	
0.09707519664881589	0.164986085292808	0.6618083913649548	1.5611036721113951	2.061289156515198	3.483060780831746	5.03506982440296	6.573453891756974	
0.1107781644038757	0.146954662830397	0.6643527907166789	1.6144793001303648	2.0517631818256303	2.800178483781448	5.236013699539326	5.722481525924581	
0.09257413402776933	0.15318436982218847	0.5838014960544612	1.1545488309036829	2.3417409082851512	3.531706027065799	4.035884489438451	5.9847233335413055	
0.0898278482587606	0.13711851251125345	0.5638856583991709	1.5055862975117433	2.58240535189033	3.115692874465033	4.877531492019463	6.478577937323447	
0.07870231737466506	0.12922483895994263	0.7227768993773448	1.3576121533897918	2.2474116037517646	3.359458846990494	3.542371515293171	5.590771816311725	
0.10726661502119102	0.13593305063466857	0.5773141887489103	1.257815199234669	1.9692880365367855	3.0788097629633793	3.6633766332639817	6.702935406282136	
0.0861140876922373	0.1474136015724308	0.5553073653757563	1.583990007449882	1.8850378692512215	2.995829433597109	3.8982906221942333	4.555140731010914	
0.10509089331057547	0.15048452101556312	0.6131449989217934	1.5458995334109857	2.1732417715719103	3.1056955815415113	4.616836274393262	5.696107095113016	
0.1111235107742322	0.1445688398616163	0.5928458749573483	1.5210296641068355	2.652264540927817	2.9177904985330794	3.951739280078324	5.852998196905149	
0.09251770659235582	0.1604994459948516	0.6118465185740316	1.2699183327411623	2.311134016033528	3.8504924581885303	4.140436624182503	6.195159122505705	
0.07805328320617227	0.14447838502408947	0.6185797835979349	1.409785780672419	2.174206260880018	2.9971341944253997	5.067007982739617	5.753605978356921	
0.08770539215277073	0.14941795742617725	0.655374312541164	1.5092901051538294	2.0386875751103917	3.8262770323658355	4.4663681403646445	4.972591896039726	
0.10594382370773892	0.14794008559277447	0.5955571395488481	1.5571006616418985	2.0938797940473095	3.1556929496956805	3.93591395305349	5.682334533787742	
0.10244976901645034	0.14118171024859635	0.4998375034647398	1.5231632343529016	2.298883035557327	3.4775020507084062	4.083505943227543	5.987615271962273	
0.10239645574889661	0.15891889262427134	0.6370156506412096	1.227968144268267	2.520260793559081	2.857245789043223	3.7659762049145122	4.239759304215287	
0.10698531121077536	0.17173267546771737	0.5620523155544724	1.1771779394232316	2.3380256720282038	2.8281896543155223	4.778545648164221	5.4453094108152005	
0.09560922938470304	0.1547886766951878	0.6195987059631936	1.4452658170974024	2.466087995441671	3.8071562212700556	5.306545013220668	5.89435931291552	
0.10106080496156278	0.17067421220619872	0.5608971976264312	1.3685449760192991	2.1544826640542634	3.243730568786937	4.371118211092406	5.4390120299857925	
0.10854261134023618	0.14418919687875367	0.6093813313990151	1.4289953650025216	2.2952115959602706	3.398279908475444	4.385121327154186	5.751022445860257	
0.09889255541585415	0.13335300882214587	0.5517436609963275	1.5058618486017468	2.2143643266214887	2.9360386365121647	4.446075688567441	5.062136265900906	
0.10135251450382868	0.14495783457875852	0.7257030364239784	1.5139629886570856	1.945071713651862	2.9357520563755264	4.786979600227091	6.527595229812032	
0.11858552411625337	0.1673453868083944	0.6286286603034821	1.6335129568154418	2.1660338726877675	3.2597715759846877	3.954302888374987	6.905021819945669	
0.10132390978281498	0.14852074603755225	0.5523597207189361	1.6052288144285771	2.3621032770326122	2.9567733200353215	4.72971724192246	6.47759055510892	
0.0875372357387797	0.15961858466526066	0.6264595612882892	1.5191145235596262	2.577142739333068	4.212539483292853	5.056303511526031	6.156295930114595	
0.10638241599367085	0.15651041240745908	0.7411049981915938	1.4496487475912154	2.0609337012372695	3.4283391452349954	5.439474216754783	5.418813068176712	
0.09328103754758497	0.13909124166401546	0.5281753390056726	1.2939826436289448	2.3521806091875304	3.321439146364484	3.917764727070028	6.411406966273482	
0.1034545451118756	0.1642746009348692	0.5637598213720219	1.2545260221959416	2.296174441463868	3.518156793522825	4.003000829046527	6.142859955841481	
0.09383737184311501	0.16456731569777866	0.6397304665783536	1.604279995748073	1.9691357565802774	3.0258386142779243	4.333233908729505	5.6819695833342365	
0.10368451999965511	0.1338437970472501	0.6912722169990905	1.6793673817217045	2.388530186715599	3.4125272052908366	4.444576672802631	6.113345142188831	
0.09243708565730235	0.1523614701477981	0.6201207514354066	1.3119752208317272	2.4986027953210823	3.222626410371611	4.037074095939762	5.876814636185729	
0.09397483396888204	0.1373956595689852	0.6942794628272028	1.4314234719131769	2.3714034357252882	3.38372216819033	4.714482016684552	5.99178337805569	
0.09568004170279655	0.1694994992460608	0.6392547915224295	1.4041371131237352	2.3637931837750945	3.740792030910802	4.664721473935496	6.930847061952358	
0.09522818122320109	0.13650552964336954	0.5794216460672303	1.4358981330397576	2.484405643767114	3.126197544261529	4.672906746514039	6.66058143748976	
0.10467444429957513	0.14259652793338073	0.5232832605174248	1.6042977594336874	1.9237145164911398	3.1269346740939663	4.515273982199663	6.758060180531791	
0.10997707569951537	0.15222514590834435	0.6727667592122727	1.6348754613079535	2.047515158810491	3.1222102453812037	4.837137471042162	7.018198479176824	
0.09305163583781355	0.12236817276786408	0.638975834969952	1.6250999318474166	2.177838367465724	4.106058200797051	4.1232813542436455	5.554686131385621	
0.09244231797513168	0.15130648419317574	0.6066006759653935	1.3199216699045129	2.3915167640138253	3.3370370349790006	4.034331829533446	6.368239108185422	
0.09579640374537259	0.15152365451612684	0.6532389425977885	1.5728725505880552	2.347061522896514	3.2661517177258697	4.061340247772971	5.8088320973167145	
0.1002319411522681	0.17319273543930247	0.5684356396019805	1.4588511465042502	1.8849129767964008	3.360673056068891	4.479558338346054	5.922464502174087	
0.1084662842819681	0.13971383889420588	0.6840527554349765	1.3213754688351909	2.443701523771686	2.7312471481598015	4.637629665575741	6.366178067002675	
0.0964025083073156	0.1541667378975658	0.5781843399044172	1.4940295721318524	2.2038277801924444	3.970502690891849	3.879638302359029	6.120555911952398	
