3	23
0	0	0	1	0	0	1	0	0	1	
0.581689517561154	2.345024945099782	5.7081252736302766	
0.7664093183873448	1.9868151766474735	6.234020608838533	
0.5045786129776363	2.230036441203856	6.385964807616665	
0.6137129188829352	2.449137779027973	6.497968326090895	
0.6457723112114369	1.7461196275021948	6.462142023111551	
0.6588014023147686	2.1440165768959236	7.073675302142659	
0.5446416077962329	1.9223539841592652	6.980206647543534	
0.5957269792010708	2.1136533485038163	5.632874547143707	
0.5627388489979068	1.9021749530456245	6.020764702181093	
0.6259031169314703	2.3426779320366915	7.0375037007509125	
0.5554077356620345	2.372333741697211	6.225497998848903	
0.6509160359288849	2.0656020787255747	6.4644346496267495	
0.6280604915078043	2.0919673113509645	6.5254362372133965	
0.591682811219164	2.3474213493177714	6.1497547409694455	
0.6217401847737666	2.2454222566724713	5.962391164584041	
0.6569879493743563	2.2447344277070327	5.146033731589702	
0.481841884033222	2.3863629674871616	5.552284691240608	
0.5576424713838106	2.3323540794123847	4.518455695879499	
0.6330974190923182	1.846201034326543	6.426065596634855	
0.5862443756484909	2.0809923683730034	5.737760247366971	
0.5399358695219316	1.9334934389421052	6.781596684963805	
0.6107871199370034	2.2091175055401706	6.042481677813186	
0.7383030913323587	2.0462028869410664	5.957544860740176	
