6	64
1	0	1	1	0	1	0	1	1	0	
0.08346477505840744	0.40735607967468535	0.5998872207657131	1.3963933258304833	3.2113658303538126	4.37114430693838	
0.09638797729504511	0.34087931660930815	0.52021697789738	1.4348324408456712	2.9441338991435755	4.3412437029003925	
0.11024163216263215	0.4204124318895308	0.6356324709379816	1.4154221818968034	3.3387643575395463	4.350305489301519	
0.10698072295992414	0.3395710486622615	0.6499936643223765	1.413100503419554	3.6789684599263572	4.205786883283591	
0.09956122310034166	0.38100151645698255	0.6665229174961533	1.4529128479773252	3.4076444539261557	5.353216776800123	
0.09089596798369382	0.3248903990329696	0.6460929935065154	1.3471917400965474	3.6979803810421874	4.517438197050695	
0.0982762136106559	0.41907975118596835	0.6266283300681058	1.5343267471385698	3.6280851376289887	4.30290545406014	
0.09454325874579683	0.34854774733579635	0.5733284725070779	1.4265943075643028	3.3407474414136855	4.376715076262404	
0.10201100641314138	0.3957697435611608	0.6078350270534416	1.4187922496078746	3.624176661266513	4.88884548511524	
0.09661517928019567	0.3647933779196559	0.5336966939874428	1.4767934686394728	3.2392645575267607	4.546094233366756	
0.09594483031282332	0.4278914008449388	0.6079405343467494	1.4339596958009448	3.1261513933554017	4.497595191864473	
0.11329236597704556	0.32569409183752707	0.7148623969030157	1.4802077166086562	3.2920694824763053	4.6878235130883406	
0.10347059053470756	0.3670613192314242	0.5821598964003339	1.5226106574282103	3.0724396362682014	3.997985688428784	
0.0990297925273946	0.38877946604388397	0.607947058476822	1.6013040974953499	2.902658161808238	4.602708186725817	
0.10659291054495648	0.4073496696920399	0.5987973135652851	1.677358643503349	4.0245969841860045	4.803464339824135	
0.09896156950041296	0.35343166329626163	0.4581025457920894	1.372487423176498	3.4569800881727017	3.7946487910825293	
0.10794252079064462	0.3649913626647772	0.6186866624475529	1.3458924461722122	3.7106648706757746	4.744732633309692	
0.11233075898649408	0.3062835539786714	0.6407242458477318	1.6334890588293578	3.3073291924531647	3.877146028473776	
0.10321998658185899	0.4079934248369577	0.5944049450450201	1.9557999394000027	2.9557000260121846	4.584916846841884	
0.0930944405575168	0.3441729669774348	0.6491675243987435	1.5696399471317606	2.8892089681379165	5.396814180698766	
0.09513172512496423	0.35008764607341014	0.584552583018497	1.47836238780766	2.761608359455159	4.32266776059798	
0.10754437541833438	0.3949475345430193	0.5260483108845305	1.5877976393842412	3.2613127558067663	4.530508007295889	
0.1027082070427027	0.37538292027751663	0.5347253096937292	1.2776452061142909	3.0651829872244263	4.5227607598635675	
0.10917175567779046	0.3823045982871832	0.5662409812799488	1.3589734142899148	2.930953407741319	4.778088950070502	
0.09718033186290413	0.3914765344252139	0.5905351773451211	1.5063346143053895	2.9809714369287956	4.616037277982623	
0.09317780503519779	0.4179847391506712	0.5604611295854585	1.3759398311688977	3.2782789504996934	4.718552992736527	
0.10309256051004928	0.4491746596762109	0.6212744605125088	1.541986876582138	2.9053363251848805	4.879380037552332	
0.08838028381490598	0.3978266880308345	0.6158558374561881	1.7984432032181763	3.936611817161736	4.471665791069274	
0.10196706413844758	0.37162388633709814	0.595418662649643	1.1984976920442572	3.0465315792083087	4.193398184717544	
0.10029407329603762	0.3482834349340862	0.6444851755092141	1.417302309725813	3.0590180299643857	4.317757350293772	
0.09514783991972003	0.3283967002627989	0.5626506480888056	1.3187914312852909	3.4243504150592248	4.118114197395386	
0.09608617062136886	0.4011340559200184	0.6160115218581469	1.5226535105432808	3.2246973066798037	4.461861901871306	
0.11348856781703498	0.2973614007814765	0.6524639632265429	1.5059182940394555	3.9774357991801352	4.424008268894014	
0.10436203911818293	0.3607477878047704	0.5831905449111535	1.3265340343870282	3.2909617860297957	3.935741824862702	
0.09036503227504537	0.39310508650225673	0.5415662021708185	1.5996900471403261	3.281910801532951	4.301722545317629	
0.09632821690381933	0.37097259640413544	0.5511765247217122	1.6311387668975081	3.5567529140069	4.432135895972432	
0.09517385210372685	0.3841383016899556	0.6112152023227212	1.4151040797869159	3.3316196836044725	3.9575145845532353	
0.0938619765128786	0.34060794082089	0.5106286104364165	1.2907999579893088	3.867154435397015	4.962915010721101	
0.10580421145985959	0.40634713000404454	0.5830892810350633	1.4657064360463088	3.4441350087266622	4.109676567873224	
0.10504435914651844	0.360151243227909	0.6089067685145487	1.2083796486177631	3.3406862842574605	5.0126737901637055	
0.10002149581334095	0.38126160485674415	0.6354233833476078	1.3888581428299875	3.308087672678999	4.525071327496191	
0.09481776718504872	0.3953485399054659	0.5350729429385779	1.4615672039326502	3.7854803773987706	4.231566443927881	
0.10670654848255559	0.4001719258172532	0.7006263876867104	1.357146410395855	3.264961957465897	3.618395601780885	
0.11617633774121888	0.4151018067296529	0.5828317685504822	1.1371441383179737	2.8452985157493633	4.091173573504639	
0.10274345583417158	0.3727776883208129	0.66697683465811	1.2309076508262389	3.856285953702966	5.732727058794489	
0.09576722834634105	0.4341147154012192	0.6323734522215759	1.3020975247556716	3.2767033173849893	4.082110206996593	
0.08155920121475413	0.34817031742808485	0.5045164373658568	1.4784798150627754	3.7595368504215263	4.0435070088668335	
0.10129009262361742	0.4402505453599014	0.601764262743303	1.505898130047162	3.1554220974815315	4.542572865332439	
0.10167912784207322	0.371985006727269	0.6385082212926343	1.42053318787185	3.2503015243000553	3.831999744944036	
0.09124856083951283	0.3336099892895536	0.5688364672868199	1.5033589166425454	3.206723454577225	4.54688946503667	
0.10074706408127286	0.35189118723330326	0.6205084840283557	1.4852009208458081	3.8555535893428066	4.715349047476644	
0.11112556137451629	0.357071019180447	0.5805065261055589	1.3663933446614702	2.9639145911232854	4.357387362245109	
0.09371236547766296	0.4311066064680139	0.5625051594846551	1.4757622467137892	3.0308333234428644	5.3119025603483685	
0.09259949630420955	0.3713728293101799	0.7053130743456283	1.6715291033810462	3.050072065289423	4.3749124860867505	
0.09517523081967945	0.3331417538930889	0.6212205495466251	1.4096014835215689	3.2782135592463693	4.72338777196942	
0.09373568967625724	0.30858000786402284	0.5675529002084292	1.3407998675064583	3.69393277507123	5.207845607624299	
0.09641488263825378	0.44952119543994246	0.5855815231830842	1.5300062483859083	3.3093396278684644	3.5237091440912462	
0.08457887961425808	0.32337906714784564	0.5973635285030306	1.2348264586220399	3.405883834042979	5.235370669396466	
0.10123181634815392	0.3639072545046952	0.608293004935469	1.4263517880388343	3.013173394407915	5.035946518284379	
0.11727129270327263	0.3707501121822612	0.7597056008922989	1.1497360682036577	2.9479393660068314	4.242767845805228	
0.08821110783470243	0.3985994705138736	0.567727850244049	1.5923596117746661	3.5711676839250175	5.829028247753527	
0.0953119189554277	0.4280271223319184	0.4127202238332988	1.5437113373258555	3.2818313125400596	3.8594710739112426	
0.0872040476725226	0.412050736585995	0.5782173536765123	1.400980803551336	3.166944300788042	4.942613721559788	
0.0988492351303382	0.4001731770958377	0.5347662785278621	1.4249416763692044	3.2737907168858986	4.7737070599256395	
