8	30
1	1	0	1	1	1	1	0	1	1	
0.09050919316988248	0.1594979130197058	0.6086144644226669	1.1335216474768899	1.600001507657048	2.0222444305419516	4.360689625071138	6.0182149191569385	
0.10341678365809055	0.14293832480577912	0.5716056475075633	0.8670402972390255	1.4627221828802575	1.975462377104605	5.071253752584596	6.70115629774603	
0.10689740203546944	0.13915043181163475	0.6574955606987698	0.999854301577706	1.4531132477337323	2.4335857216488868	4.7843562098584025	6.0360004226806625	
0.09036645933338175	0.15035429346749862	0.6067375749158228	0.8462204144875617	1.4392821312377195	2.2183819010972208	5.036545895300607	6.16700564840597	
0.0930527429988413	0.15525507108867437	0.7202308695858891	0.628443931020861	1.439706561970905	2.2505801282123867	4.169018751437639	7.161759020911843	
0.09820022847575131	0.1552492312172155	0.6358477877489787	1.0164184817443995	1.384664049055001	1.955514250544243	4.606710335900447	5.389830307654632	
0.1016417956301982	0.14105982834885622	0.6303980277163934	1.0185954388464904	1.2269921829413435	2.1584800151760493	4.099235263592751	6.915951324456644	
0.08990798913840804	0.15521273240714237	0.5265028657595289	0.8150075880505979	1.4197901986305677	2.261186119339028	5.012661285613596	6.049927381603116	
0.09110572470725582	0.14964786909435043	0.5712756401894937	0.9227614281324252	1.5784346135582412	2.2745083521709892	3.5224903181786242	6.253190268538224	
0.09920512518353981	0.13786839753626512	0.6833437765828799	0.9612818741095841	1.4443983193110022	2.2862954383131617	4.455986928245362	6.316203386362368	
0.0992315159707369	0.14770096225589596	0.6777592963603735	0.7845941506742756	1.686340180384589	1.9200679548366248	4.51459106467672	4.776113005650592	
0.10081883034240202	0.1572503120256016	0.5698924279479778	1.052191722129587	1.3470135568318542	2.286270533115063	3.49094167081907	6.032270208137264	
0.0936461057242854	0.15077495408279856	0.6459874636243396	0.9061450769674019	1.194952255627731	1.93158121451948	5.220243199676373	5.719870958794494	
0.09595501906096088	0.15479894990896687	0.5341326072183183	1.0433090833285523	1.2974553007776708	1.9564733906706295	4.566491220394191	6.016730417507121	
0.1015443237523725	0.17801160818017733	0.5498766917970367	0.8941393575492366	1.302119610679662	1.804337977485696	4.354226345924858	7.028622503083255	
0.08820437285908944	0.15263058259419846	0.5591911809814745	1.0211316123885252	1.3993988771191481	1.8807334322229348	4.2739800131200845	5.225807530105898	
0.10210067707037083	0.15536892860930276	0.5857721391787671	1.041280591931064	1.3077255879840135	2.2857463385800085	4.319968333210377	7.192203765477253	
0.09187452035251623	0.1547394819060016	0.6285037658959187	0.8420822710119354	1.4209104603321052	2.058553527575593	4.9042542697608305	5.27148523473487	
0.08890338225770926	0.14188098573782948	0.5770174539153891	0.9786407749632723	1.2710177951689936	2.042244733691282	5.104894408093664	6.050582711164729	
0.1051434724146722	0.14665450813793143	0.5680155119522924	0.8654018229500319	1.3003066821338147	2.2666292995051873	4.175183997042286	6.926470494466107	
0.09347420580018134	0.14344630210789247	0.6228841944966758	0.8556426674625963	1.655162511727519	1.8580096094364875	5.237474552247385	5.196795568749229	
0.11382703523876099	0.13206818301863327	0.6373397882083164	1.0381182509900464	1.3175215691186812	1.9771265070072088	4.789785484507677	5.43409861534583	
0.10341740392236912	0.15069117897830872	0.5347292285480881	0.823684660683073	1.3275630229602906	2.3222089296462016	4.788458969569872	5.838167134361056	
0.10152234809053734	0.12371429215227046	0.6622272522719588	0.847218860405324	1.6569309175002964	1.9035785032427224	4.320127933592238	5.53302346859873	
0.09963756637353635	0.16336844769376407	0.6285664223310476	0.9916549419272098	1.4029625630526124	1.6841024022400193	4.795410240147834	6.438554825251499	
0.09499280723630593	0.13536441336219593	0.6091565157692477	0.916823503983063	1.463481150307934	2.248370286385506	4.654299617956812	5.476409593506328	
0.09787113496146098	0.1632028872511734	0.5706738919327357	0.8707231797063175	1.4670917895526332	1.945745364885624	4.444491646121696	5.853379280047986	
0.0855262873120792	0.13852052181310753	0.5073844849428024	0.9763629390976309	1.421510784974143	2.307951349766776	4.598122696841761	5.397288680659038	
0.11984489875288198	0.1616225113510918	0.5623561006440205	0.8709973854915471	1.5116292902628505	2.2828684669432806	4.74262682080562	6.389883682991245	
0.0999096882349807	0.13625845710539353	0.5538020555263886	1.1191953615228696	1.3296569810475576	2.342255996764842	5.061932154124859	6.074024280335265	
