9	96
1	1	1	0	1	1	1	1	1	1	
0.10175273309674696	0.15917302156114763	0.40388518592007266	0.9998529025212133	1.302370203291243	1.9854621872212546	4.0707263280427135	5.109532535727108	5.634427576246715	
0.10685181379052794	0.16115829676263205	0.3721470928507924	0.8938711280636714	1.249694740204294	2.6550059266415684	3.127925460050687	4.301296380488513	5.317914944286766	
0.08817293188724123	0.1332022550625884	0.4145900897497972	1.071234080813359	1.1643223424487106	2.059866682140736	2.7487911776251295	4.968524387265632	6.274380972485629	
0.08488712652277253	0.13792542906584074	0.4257952909468898	0.9275602275505807	1.3043071339265286	2.1450335706894306	3.4113656934459162	4.105209943451196	5.899228489106596	
0.10641256551518075	0.11901186869284375	0.3716585033577048	0.8860076982867885	1.5038763320558615	2.1221222155025132	2.690079457895499	4.352318564118585	5.799533866968702	
0.10471536466206706	0.14124674981931673	0.3818439635405595	1.0062934214618844	1.5127267309574643	1.8823879133044865	3.2545330620512325	4.82646012949408	6.282291005137428	
0.10089910592059173	0.1337881203454959	0.4144187917190511	0.9113177447697562	1.3701236128551013	2.075210887502791	3.169916729221612	4.396015558387498	5.802327976084596	
0.08023791811553255	0.12974541536584178	0.3728813546785268	0.859717055526066	1.3767487297399768	2.062276097603057	3.3069203241728515	4.150218373454062	6.646803707481137	
0.10446088857320746	0.14885898288158592	0.41260992248485834	0.9551861748634694	1.2035853038974778	2.1510205830320825	3.3093001494473264	3.8324395997462006	6.101669465591474	
0.10279807792940021	0.1447158198164557	0.38729952513888544	0.885322794492629	1.7529224643855763	2.1461737030965757	3.011476399527352	4.501811504218987	5.7183499638477535	
0.08282791718500514	0.1618644696759224	0.31794264814017664	0.853848646322033	1.5091877571065881	2.349650464974291	3.1106910602474747	4.547016564471293	6.358017556072323	
0.0834663578783639	0.1715325847270924	0.36615063833355843	0.8183470476772909	1.4398170587693762	2.2057982467603816	3.443000795178265	5.03550820997723	6.290516183268325	
0.08463998452125839	0.13811772044966478	0.35090906074087547	0.9214801561554763	1.306937987674763	2.084903951841845	2.5859626333068153	3.6232395696818136	5.770376809588953	
0.09652191899329732	0.15310603262250075	0.36571360803704345	1.0426242932663239	1.2294541065897848	1.947949700066401	3.360993342201056	4.767068748458045	5.895923947811154	
0.09987351616529219	0.15921071762724734	0.42217948529175287	0.8447445722833226	1.6049599511254147	2.355907213540574	3.4286731101588934	3.955055074700124	6.4563943287844925	
0.10199058264893673	0.17553688693269617	0.3467179679684867	0.8953595141427528	1.1868960662535788	2.2446035002685094	3.0603186012509878	4.559098114379388	5.149206261656884	
0.0965452786862146	0.1341429269325787	0.34926246971943276	1.034948861504995	1.2582730537902784	2.286699580157625	3.1646236088382915	4.726220168108928	4.728573536504772	
0.10370829717259167	0.17012193616517854	0.39829337975511536	0.8203338888403165	1.4168956020657781	1.9423570880243146	3.2711367961366102	5.064450239496071	6.4865278428471695	
0.1065856037630365	0.1373247305988288	0.3765335735556607	0.9183373212089638	1.3455677825779966	2.2431980066432304	3.2029076095380735	4.604677152017894	5.117628809781662	
0.09828517710392298	0.1331555403855483	0.3929306830058736	0.9445970169361306	1.587294498005509	2.3015742248306457	3.6144834548134117	4.462623924946845	6.147397424119401	
0.10989525205503692	0.11235604716779604	0.30488098020029597	0.9221008879969635	1.3266735275755042	2.1539922862117544	3.3883388562900487	3.986944715313082	5.911244264322493	
0.09976610234212835	0.1511243793464308	0.4349346148021317	0.9390971051301936	1.0240699651597531	2.289132953919115	3.3266111343591147	4.38324875661816	6.044438452099261	
0.10672616752785186	0.17351849344233178	0.37999588366004305	1.12080957781141	1.6640958885689718	2.153336675810982	3.2716843772853097	4.4803071401238315	5.498415786773889	
0.09526692928652512	0.11411923812305483	0.44313413056948847	0.7993741780790117	1.3685632570293658	2.1786295050840594	3.4332025073314303	5.56121868933507	6.127419716571653	
0.11141829278365141	0.13019712593973812	0.35809905154019617	0.9414483040442654	1.4789919865112628	1.7693092463034863	3.091314252099325	5.080095592844248	5.209981746169385	
0.11665756818404865	0.14939132968172367	0.3591528636973885	0.9968670343160622	1.4869871018519245	2.0461598606616445	3.005038097022873	5.2771767886836844	6.10374399184165	
0.10603130071816902	0.13846549021563442	0.4162661447075619	1.0718858771930788	1.5610338535900012	1.9683805146825595	3.488437100581735	5.253347147716459	6.433273498434054	
0.09197460820321918	0.14288772702662655	0.309936458879734	1.0157922349582493	1.7378819477528422	2.0457409809368965	3.3887607288296597	5.234199801232611	6.239414160290638	
0.09392780648668109	0.16645369870421414	0.34715045353605767	0.8629827126802034	1.1820969438245283	1.9454078055864703	3.471365899920454	4.305962378228929	6.365247187889284	
0.11773781730704294	0.15104257133589497	0.35965741870820933	1.086941600021177	1.4634046597775183	2.2791442859932287	3.217023667467626	3.8146246276048656	6.015149942449195	
0.10382408609861729	0.14363172966180313	0.382183126888243	0.9980405847734696	1.3710197733205802	2.11412362743134	3.5616965375917418	5.018078512829476	6.391019013897912	
0.09513573993440923	0.13587947380427334	0.38227096187111925	0.8989939166980366	1.4446834806608229	1.684737916902668	3.253763563899973	5.333075971222581	5.936641619084529	
0.08959947198496306	0.14094202025231828	0.3744548297853584	0.9743789470398161	1.4394145428476677	2.1882027847539147	3.310740152143393	4.687507336062245	6.01457833296571	
0.09909305067296491	0.13903565495127512	0.3303420394260464	0.8467132504407483	1.4452948388486817	1.896933493513618	3.091426083783212	5.22457751351813	6.248982699230886	
0.09152294731698858	0.1670894163318142	0.35472133270383094	0.8251310330050505	1.4056805143859907	2.3719755532251656	3.267401358041496	4.8996864947196235	5.987755218226161	
0.09538162636129517	0.1410361775162461	0.312505165614193	0.9558793496394675	1.6317349173811728	2.052410330555513	3.903974678364076	4.702636421081157	6.061396245566271	
0.10070536088778842	0.1739653021064766	0.2786558277547172	0.9185869715659717	1.3124622848071799	2.334191336967864	3.959183229672909	4.661847388141642	5.834068655562845	
0.09953530700608142	0.15506645750271184	0.3320533249612343	0.8932861769566343	1.6614364150088305	2.454331697293405	2.841862483132166	4.517675676116289	5.06456714932819	
0.09804826206467314	0.16615501014828193	0.341936572607909	1.0252848925972382	1.3142085662604195	2.1229504426006423	3.763669946399566	5.024241945582067	7.30636603649172	
0.08162658007444976	0.1558689040268684	0.40084612983951873	1.1160534149855568	1.4456420323503443	2.431825539012413	3.4244398358767754	4.429860078255384	5.836200443656626	
0.1062167686635746	0.15166383072825404	0.3826724470793983	0.8324907368503872	1.4416109772315637	2.099084132559571	3.3595644264085442	4.5128185324186685	5.941373605181495	
0.11988083448900799	0.14932201585069874	0.3875789959702414	1.0848241767340467	1.593677665984316	2.0116332672799575	3.574959909649102	3.8908362814988555	5.287146011316479	
0.1083139752960425	0.1544751889766103	0.4148227322846023	0.8254394939122549	1.404051055881444	1.9647315669952996	3.5477720252196456	4.819874918118422	6.087452435955194	
0.09399114474879523	0.16639228537161888	0.40845556166492164	0.8269718212475906	1.216815001659309	2.337678814304492	3.4797786636883945	3.6342549931288013	5.800576349418293	
0.08987381403120097	0.15766727696209126	0.31319849409129513	1.012900201764064	1.2506352863626413	1.948929351304871	3.1381758912518833	3.8639701059783143	6.497692104389907	
0.11165550664200913	0.18132228702251524	0.35689502783866617	0.8688151928789623	1.2077103035763876	2.2272141452824443	3.447294711187364	3.9034170855890866	5.785816668295005	
0.10288821167388729	0.12592683317512307	0.353681732157732	0.9505536673657008	1.3291533467091845	2.0344140789197036	3.2063573739729585	5.072345993009612	5.755407733852429	
0.09284692694710682	0.1418010050008284	0.384460478429936	0.940400322361934	1.415244169237329	2.3359647418365856	3.092879305008892	4.352273080826263	5.108393093847479	
0.10328294710119475	0.13413848754760488	0.3829476517908388	0.9386401012305967	1.3580690363295818	2.2259803429549856	3.375932661522091	4.238511030607382	5.914398056840163	
0.08837862195409911	0.1555623518817773	0.3775679651046543	1.1682000785210616	1.662279973547781	2.1940756305465148	3.109597556366326	4.735263719284712	5.90845289377026	
0.10761406357814013	0.1235213351906238	0.32203772087214116	0.9386271147467623	1.338102167062265	2.2880701866637088	2.533483928324678	5.052022139836431	5.974391492708101	
0.08895209187888786	0.1359453029722894	0.3734005580239856	0.8793549439895847	1.4093424997925665	2.578981306755557	2.8631577480593857	4.613250844854375	5.43367416361468	
0.0954653270903107	0.1564685450240325	0.37895060473668457	0.9930992277481052	1.5559358998221662	2.464675418160944	3.1492797010890223	4.996649166563379	5.477121551197767	
0.09750604559088799	0.12212606837027538	0.39925313797594525	0.8877243051112254	1.3429280235549745	2.2401307144675617	3.1940134438706935	5.39355875995065	5.054505017463936	
0.11139414174713516	0.1861976459321417	0.3665670906542183	1.0044393574575516	1.3517904568216166	2.260466301013712	3.1626898362049527	3.5282794958042	5.940402131247816	
0.08841641078158541	0.1354612019239644	0.43211184081547144	0.962681217932185	1.3501792007269056	2.257696061499204	2.7799834864871116	4.476494150711114	5.433606092018934	
0.10444072764396749	0.14017730369767173	0.3473232520001798	0.8345809138640029	1.5129065152596946	2.2811880684887766	3.527035501121319	4.8223743998148905	6.624107878241611	
0.08599358483487193	0.15967363225434855	0.39992616664387154	0.9821701078427628	1.4474606765778892	2.080973741676618	3.2382302852605496	4.8237466933758375	5.902974856587035	
0.10405561545663983	0.16602699127144763	0.40574762909887646	1.0841937492437534	1.2765606363969935	1.8458218990478172	2.7506127796691597	4.222335112228631	6.177954476695831	
0.10465794243178006	0.13520585819430375	0.4557353388441085	0.8617389863839965	1.3175150027730371	2.054354673982828	3.135184567021238	4.210597652071588	5.866615749480093	
0.08749272422154089	0.18014251082930488	0.3912270002266989	0.8893360020952711	1.3627835995664965	2.143104243139782	2.564217088679001	4.201346947163264	6.166733042554712	
0.08215506768298353	0.15481013930740392	0.4030177564149476	0.9518536941360904	1.6353371576949727	2.3539398488745853	2.7962929013112383	3.6954159931180053	6.878024616856202	
0.0838713903837996	0.14533122400977586	0.3671831492667108	0.927972248919298	1.488279477165822	2.1377790457644466	3.1203840205845186	4.245036787392798	6.333785223372207	
0.10552047852607518	0.14772563051603543	0.38956653433653393	1.0957407746751848	1.305543197547924	2.0279405249595612	3.3241489207493986	4.388942475209223	4.513543334631935	
0.10876315898878255	0.14673620911900664	0.380632533737839	1.176167750717887	1.442178276382742	2.2046746817995073	3.4190582623383934	5.08783308383344	6.351702403049057	
0.09939055139878464	0.12699801793193724	0.3978713098386736	1.1160522383339873	1.2309504793360493	1.9752501803142144	3.833661646755476	3.68571008255858	6.237677547514483	
0.08922780114386793	0.14063833356982774	0.3977104327288439	0.9162921285800343	1.3196478381393304	2.2658138857071877	2.8181673616628955	5.465413395691782	6.405576951434266	
0.09851578974308545	0.1492654109515476	0.3777740540892019	0.9392922556915092	1.5834335264514297	2.028445828984816	3.2564513060543345	4.090141812614115	5.653348383525335	
0.11132896775219647	0.15555806450679396	0.4563370933603813	1.023104190671328	1.199066834927441	2.126867768125254	3.295243523961089	4.447425945795249	5.265403280454029	
0.09327477052079508	0.15052324290052624	0.38684649698235646	0.8437127802979595	1.3493333623640706	1.8556902079890263	4.235224809350213	4.02514746904876	6.2612169933256725	
0.09796609784465149	0.13766181909203504	0.3380814009373769	1.0072650463752792	1.831001114437588	2.2729205775064987	3.784482930293321	4.3360246321097495	6.045523384173962	
0.09847606216982072	0.2014716974162374	0.34906717947706384	0.8602542927406788	1.5877751069936388	1.8720234768094073	3.486450036268689	3.965778552612588	6.516823796804356	
0.11012970395188958	0.15170232633589073	0.3426237593836292	0.8710213818728625	1.6098244025387352	2.223985608677147	3.2491632208425334	4.328065001333561	6.380973055373016	
0.10797432095867512	0.14913718807313203	0.3609999415979122	0.829353199263769	1.4186073414228408	2.0827500099569924	3.407696829243243	4.756007589874335	5.052699129219084	
0.10450340849466447	0.1468731314290752	0.43078513625754744	1.0195364424891196	1.4792678547384503	1.9809382595247869	3.093564606227618	4.446704009856908	5.409115120701042	
0.10405420777748867	0.16368324999718892	0.42337859911016434	0.9543939413448785	1.7519281522580037	2.178747425220011	2.9889080715922343	4.163763595151662	6.810278715211771	
0.10753444206729389	0.13309083825927498	0.2998620514153269	0.8155699727014278	1.1809373798799474	2.099323642414055	3.0088944420475627	3.9806005877448083	6.200245358131639	
0.10975675414445206	0.15280535776787207	0.38489544943633186	1.030504853213325	1.4624908688783989	2.4776211848532173	3.078382442629218	4.711409674479946	6.080652241712031	
0.09698271085349153	0.14973313182814127	0.36053343489740897	0.9227950681692287	1.4485595562483895	2.2342911131352916	3.3240271019598024	4.102044156275824	5.799761991694949	
0.08838429025867565	0.12369753677178003	0.3546583735210488	0.8592891394626271	1.2189464568151382	2.0805075538554934	3.220205972685857	4.439925011551468	5.80899096092323	
0.09225744447537597	0.14802447108789266	0.46257786116725785	1.0055227033541987	1.3167647492791588	2.2384446679892696	3.176823331128222	5.35788480645097	6.070777789089201	
0.0929665953429469	0.14225335516296175	0.38287695999714083	0.8996525287576201	1.4768404352286195	2.079528128326019	3.783429590175021	4.6657251683530365	5.544082290878434	
0.09118797093968266	0.15183841995939915	0.4026405023769253	1.1295993757921143	1.6677643504324575	2.143123050108256	3.308178111546118	4.897652441800575	6.583383237984918	
0.08980127509280891	0.15529412402225634	0.4109217341118579	0.9231964484216427	1.6814473386037438	2.5537817164948846	2.974261241945346	5.0713475105076515	6.157324476796955	
0.09265551701681335	0.13706123780637966	0.34729990093229945	1.0190088126543133	1.5525647368691156	2.0494783756570643	3.406935428226045	4.714998567567051	5.946714942802851	
0.10354155997506559	0.14201001160847923	0.3698292166081259	0.8890177930354018	1.3181507899275189	2.2714959072867584	4.078340036843927	5.352438241453174	6.294281915194761	
0.09601965019562272	0.15729627801328241	0.3312670257002318	1.155883504270118	1.3203071521981384	2.0298203625812574	3.2306951198043885	4.455272015943125	6.524192699035705	
0.09628262758914943	0.1286286985871148	0.35759107152852176	0.7609607889155998	1.3462600371585836	2.568048697616927	3.098213993805185	3.834630044038458	5.996508721012534	
0.10806888387014986	0.13949315394078093	0.2956107553215143	0.9099429192406068	1.5252791155376912	1.9019394083469274	3.128500298589505	3.741711917850291	6.436727573044807	
0.09026994040781051	0.11097088825574698	0.4070276236721214	0.9104341043831133	1.4433704337546391	2.3574126057425517	3.1814516493783818	4.442989299934565	5.215704835689693	
0.10686670128389081	0.1382373883051378	0.33731759209697143	0.9627391924964199	1.567018464955058	2.421410325655051	3.1820055416892794	3.716181384990619	4.166397135346648	
0.09709139576164402	0.13336549105557607	0.4617969625681541	0.7452468349610278	1.3660174064240502	2.2926553132872995	2.9192262072619064	4.628090013972781	6.71752480296907	
0.11817479071071287	0.11312313567063127	0.431330315790353	0.7244857081563486	1.3911697881434255	2.2183768675004614	3.706917111696945	4.80608884683691	5.721333820049927	
0.10678159438251188	0.15800138471014685	0.4051702462845846	1.0088410845701552	1.313917056934588	2.2485684442593175	3.9069594931575615	4.128640100699377	5.844575645591723	
0.09909895117583266	0.15715406446116703	0.4174569247676338	1.0666526636249931	1.4750332893245042	2.140757485522293	3.2255393481185033	4.772294986004727	5.230443114497106	
0.08486275899793298	0.12163210180849077	0.3875217321800021	0.6957403173850047	1.500809650925347	2.1267865344427617	3.0290210968315043	4.444300113506378	6.349411138121423	
