9	33
1	1	1	1	1	0	1	1	1	1	
0.09996968282247248	0.11933922597749928	0.37222706537570877	0.5792269703775501	0.8624146176316068	2.2468707494375786	3.183543138733626	3.6420996017712945	5.973751721099321	
0.0899209779408542	0.11991702488712455	0.36465711186064526	0.7065603491198795	0.9024763688438155	2.181234042959939	3.065649244671346	5.2935782509479985	6.033641175430256	
0.09503915908605418	0.1536897127594574	0.39925889397503717	0.43707603146834734	0.9478153225636187	2.034679143662101	3.1389985092072283	5.1467517779933605	6.567098713060679	
0.0989112327475083	0.13254163345573752	0.38516157293614206	0.6220112252732456	0.9794690763185175	1.7446857534304325	3.683755275113445	4.304140353343075	5.203876553683636	
0.09817612872520289	0.14652069271106077	0.3842012785789354	0.6320697229426354	1.137350560862492	2.037510949828888	3.303064979231495	3.524399562662501	5.8989405780412465	
0.1040399867123481	0.16215382559422253	0.3209347196491697	0.5823530959414347	1.0789049280448606	2.461858569303998	3.767501923556723	4.227906516321607	5.448686631815468	
0.10006887207403466	0.1504866861335795	0.3445557476156301	0.5696573988251337	0.9096009377764243	2.3622184642547017	3.5055247916380603	4.770041703097928	6.853442420831945	
0.09400196491527638	0.14133007316414542	0.38749114324075545	0.5596131414090851	1.1449821896092909	1.8821620689425307	3.1005321209144485	4.320833038853118	4.677861209260189	
0.10547416000052615	0.17626885953175078	0.4097374259568835	0.6589033942030723	0.9216941381197831	2.497494167285647	3.306456410979947	4.8638851818677376	6.089168663110891	
0.10052399554895244	0.14651511709349943	0.3350514717522645	0.5672831757083081	0.9081415999391417	2.422521956302271	2.646485499071387	3.372049213592003	5.893802796208016	
0.11167383286938196	0.15672689368935322	0.34872343362395924	0.5398212434399264	0.9019259370917458	1.714001636700396	3.3193987238136544	5.010987965098196	5.738910129104332	
0.08497636779939625	0.15218517083458202	0.3171841907394413	0.6099142072260824	0.9426938380020095	2.229490871926143	3.503515444239534	4.890627217912726	5.676599388342944	
0.11700970105515865	0.17584457186199537	0.38749424598719373	0.6708294579860538	0.8615908215092871	2.288637378397216	3.0277371545024097	5.142154580354944	6.010735426684851	
0.09683879111383381	0.16255870228578337	0.3632165443160871	0.6020984121994393	0.8461354046337682	2.09927182098646	3.37571826101184	4.768773497568188	6.357401065596907	
0.09291081786880129	0.14325511809626718	0.37206557830288756	0.671302264777304	0.8881559071962486	2.145770879208832	3.255535116873144	4.880607871585998	6.166365701846141	
0.09788072178587626	0.1512581465262628	0.37848810781549147	0.7375640045791247	0.8511561939900113	2.07599642419777	3.7678607324628843	5.1117082710778625	5.836660630411709	
0.09301480193453288	0.13468011206390715	0.3305199130236622	0.5777481616452296	1.0282075570795424	1.9620377961471294	3.101656031719795	4.613930130973878	6.592481951172881	
0.09917705621486933	0.1512480785288835	0.37615344209956386	0.6254429381521612	1.0920530914662754	1.8275815468657004	3.5774986483521216	4.813287567668929	6.711754192374384	
0.11141255829071808	0.15953991663785905	0.4322176150639624	0.7431493967618572	0.8978865789735946	2.0629479764649266	3.3283001780272885	4.141692993970447	6.37932456518465	
0.089690385518905	0.15838153986024675	0.4467983101853525	0.508475709599398	0.8795266020704812	1.972640586135144	2.700902681272355	4.73390960891642	5.130514687963174	
0.09970481681194898	0.18007407856240948	0.36455323085103025	0.6713798135776298	0.7365715167510118	2.1963744010100554	2.7599358394328974	4.235834571252223	5.159036876920542	
0.10715380993621226	0.16478502972126444	0.40794566783298525	0.6450041218630668	0.9929780184996754	2.086681705497423	2.731782274837374	4.669400817619916	5.765742930262709	
0.09679039769771086	0.170563853877479	0.4296694715829181	0.6853843233848532	0.9630505371727993	1.898227602215744	3.367717663037746	4.415884876524578	6.306192903069532	
0.1160258295890168	0.14898579690077784	0.35819218155404503	0.5730209364475986	0.8120266049533303	2.3761286527964516	3.1589639223739163	4.976616044307823	6.683394279019945	
0.0920073167661373	0.17627285233382026	0.43802867530291606	0.6433416208817111	0.7900972087710131	2.3764324096089453	2.9738928055324263	4.550676911060398	4.986108961662454	
0.10658218128148052	0.1382103336747979	0.3343184738762968	0.5547905251484647	0.9373431018357424	1.6724737924608932	3.085925863913165	5.030675839779836	5.8000613429620875	
0.10980164811681425	0.13709933530068388	0.33542024070688653	0.7069447354107594	0.9765737502455071	2.294867374947779	3.5280761688070594	4.687091464998401	6.000512931813708	
0.11194169039187285	0.16811498283028417	0.36646326336467033	0.6557194282243536	0.9581505220538541	2.373447235799111	3.6553718061668903	4.16728174107582	5.637883331472535	
0.10765402066526511	0.15072257996556454	0.3738530769125465	0.6295987092772715	0.8746497838440632	2.377536031014076	2.740467832748247	4.205247547092062	5.3195114466596864	
0.0924592434636034	0.15918328948608534	0.3573022284789677	0.6289201553939902	0.807929991959696	2.0368224256636944	3.4449303254443127	4.536103547842694	5.9926214724143945	
0.10268364747999376	0.15882950188286574	0.3429899064338907	0.47733974654964345	0.7998502494814564	2.1882653415171553	3.104010876813966	4.961847773679629	6.179281703203621	
0.11321275214553582	0.1569594402478556	0.4036708422721593	0.5365330150922119	1.00407916105994	1.7457709882795351	3.2926116078096053	4.894639296523099	6.77896814882687	
0.09851397078853544	0.14595359565712449	0.34215761779227477	0.5284682757000218	0.8455691448968906	1.8079233022465928	3.465471236415993	3.7897813104832014	5.917609684012892	
