3	44
0	0	0	1	0	1	0	1	0	0	
0.5335739364102267	1.5004361231930359	2.7588625482256095	
0.5810370675311174	1.590792728422518	3.510994513051072	
0.6818276106145981	1.4489866320777873	3.345842317131835	
0.6218851878331196	1.2578447535202204	3.5707864401731952	
0.6597077658969777	1.4146231509689116	3.5241906195325927	
0.5234145976943326	1.5956963532365234	3.205088951273571	
0.6208897865161431	1.249242630482542	3.7015928503314015	
0.5495526507018248	1.4674236807238759	3.502181959038624	
0.6371377067986966	1.258331687765832	3.6838991856634187	
0.6751166598876013	1.4710006283040298	2.7135616212807956	
0.5752363391592539	1.3817224012695373	2.9358348796377425	
0.5782737287008312	1.6427716023895882	3.4362382434750454	
0.6551994566336372	1.662375276612116	2.9463780259814287	
0.6117564056567381	1.325676095485314	3.9178355345063625	
0.5477886174677091	1.479251082273831	3.2031995579927046	
0.5835452203079821	1.5605777486226116	3.1391796369654092	
0.6595595889252224	1.3667413284913787	3.5746542648666826	
0.6025187379179788	1.6640139742628697	3.3488787058587213	
0.696326448442658	1.2169966487814285	3.0252574038680424	
0.4840425741939889	1.34542357887091	2.9449497634028994	
0.6242876138120772	1.419112133892138	3.218539594057061	
0.5338206973977456	1.0431514591674858	2.9424603968985212	
0.7881292681688882	1.6417256473429191	3.328407048383511	
0.5443359168842669	1.25638481861936	3.5928562692143045	
0.5289957163772985	1.4916445852099576	2.847869479044907	
0.6039080778570816	1.401482262738342	3.22807775358857	
0.5718971943276945	1.4471827510143123	3.4832044314113757	
0.6268107238704828	1.494037361851748	3.554615453026316	
0.6108074707088739	1.4679373693967004	3.4428038683337583	
0.6552332281299181	1.4253606637842902	4.073061992654162	
0.6320667900401994	1.3862029953697237	3.6328574813923664	
0.5469592990575876	1.6081871648640877	3.3702586705504873	
0.5812143773021161	1.3109108813226324	2.8185356384044735	
0.5804193511661822	1.4406407030055817	3.060422032296529	
0.6017086983642906	1.345216491565588	3.605059978889796	
0.6993875530010066	1.1780926391965227	2.879983920228368	
0.5526557868987018	1.3048890841161547	3.357669284577685	
0.6784872249242999	1.2711971755312272	3.0939135212997995	
0.5919651221562983	1.619535519948176	3.3720748034904844	
0.5884144364322422	1.4194805140395832	3.4764350988390245	
0.5505748861935239	1.4855580555433272	3.0109209733127895	
0.6646404873734146	1.4455526084216166	3.0212551992675096	
0.7447315094459294	1.6192280166746134	3.3020298241458304	
0.6462462189723522	1.419771611027406	3.474161239414975	
