10	94
1	1	1	1	1	1	1	1	1	1	
0.09379449301062598	0.14106583711189047	0.39654837952076505	0.5446073370153874	0.9588203447092757	1.3799608186160617	2.243498601804983	2.8214621504943684	3.49593317839886	5.668180510883565	
0.08450814516813313	0.1510616296979933	0.40529335099446967	0.6248126427998622	0.869865322345386	1.253076118056263	2.1146515227317737	3.623775122221254	4.206049867346406	7.597636335650091	
0.11234593145180075	0.1733390966541409	0.369424485963193	0.6081978034490564	0.9940228143474071	1.4399263256195651	2.2206407824610146	3.288226862742849	5.081047539811137	5.431234030617064	
0.09423360876967588	0.13893054946458186	0.3703377819044868	0.5547183421014052	0.9658245430632085	1.2855519115446878	2.3919660620649363	2.9380645044289193	4.190188340254469	6.954760638639737	
0.09553024780765786	0.15801363900700213	0.3055821919596797	0.6174605239706545	0.9179605447775291	1.4907270828720174	2.531344475115022	3.201146382471255	4.794969176316078	6.4620775131899055	
0.09895482090615458	0.14901996107183677	0.29957583818149236	0.6344314077624222	0.8383698316993793	1.4600591743956688	2.320428047250191	3.268902271664571	4.696737763758348	5.402993342610281	
0.0975509752676089	0.13008298783942132	0.37338858787090384	0.5467833834090965	1.021390673968634	1.5294796187304363	2.21296262517319	2.8952061699016123	4.431000811339995	6.270511984044704	
0.09082362478334771	0.15796158886559422	0.36593111964608266	0.5999623086900273	0.9510128017778335	1.3776657151158516	2.235082722415257	3.5906352124461955	3.7930907757850325	6.215396964010824	
0.10084442123267053	0.16794042214266916	0.35690749498434865	0.5424845768820277	0.991539561180089	1.554778115049861	2.3910291861837765	3.592526706685263	4.068186455652936	5.448419768824633	
0.10013744269637018	0.15370057172952886	0.3392301872495546	0.509900449214203	0.7950564452588219	1.3906122348879932	1.945228011927156	3.3159028113305307	4.67141487436696	5.210106270038093	
0.10618815715069135	0.16649370023106547	0.41835268948252446	0.6706377519995453	0.8013635364472749	1.4773913264400207	2.05271577031907	3.203880902998028	4.494575719371873	7.032121552491327	
0.09358548756707515	0.1557058911367474	0.3590311015528549	0.6495487163965891	0.9071422143762515	1.4725080397254333	2.3823363396427055	3.7968207169718875	3.795227763891609	6.157054854438252	
0.11842132208811362	0.16234980132905966	0.39002540787742324	0.5839919450770155	0.945550090642068	1.4770124367898736	2.3146623686715517	3.406360696623388	4.64552761186769	6.475695267805752	
0.07922945916004154	0.12862740245083507	0.35078055999620283	0.6365618282127997	1.1674462137053812	1.227825974019355	1.8664529250632038	3.8932977821839296	5.179787582581714	5.358973509188356	
0.09992658033592905	0.1394975701115485	0.39986212784185843	0.5792779357661394	0.936086194611373	1.6844571162015762	2.501101921616347	3.585247236586719	5.276583249732833	5.8930496430113335	
0.09860035988365039	0.1507066922659896	0.396826481643524	0.5594087699248039	0.9595524129301294	1.573558020148565	2.156375809738239	3.1838917173249697	4.681370332033554	5.392634792805559	
0.10011932576598447	0.1585415798282755	0.3756930907623186	0.5987911039411352	0.9799429293166192	1.575496833063509	2.045582929449199	2.847189178814535	4.499644308915634	6.809441944920239	
0.10606540200460911	0.15812271587335933	0.3973955517081809	0.5320693026691681	0.9707146403255181	1.194340569355345	1.9174834651416999	2.8213880234565947	3.5619016298925006	5.795399353225462	
0.0900297876498233	0.13690914349329047	0.3646549315254008	0.5654804911302862	0.9117838185566154	1.2374663046326306	1.763041370251115	3.0519819004584794	4.398080370671093	6.310901614713474	
0.09931426196381976	0.1470499177170305	0.4120042564209764	0.6133926309986422	1.0601749444739414	1.6378467612848957	2.1588050970524955	3.0886729539475244	4.624436211941056	5.959667046250413	
0.10667804003607875	0.13731278370242828	0.3935852593162555	0.5754426340997423	0.9155586323554047	1.5587103487896612	2.3267342754280014	3.091885379362162	4.924451215656177	6.0014749560356195	
0.08938983929674278	0.11513176239218463	0.41106957673614664	0.6258205752137838	0.9807071925138308	1.3582072764933666	2.0383359834424257	3.2641002323621935	5.26219696729681	5.140383867367808	
0.09955708013562253	0.15178079263415228	0.40528449648991466	0.6716950155077419	0.9151098195319705	1.2733585145236408	2.4113122504678843	3.26729645624098	3.7642683689166683	6.2594017699448905	
0.0917204129580539	0.14949373690292306	0.43671796399152685	0.5321974402970183	1.0530983694667624	1.4729302919635405	2.0736129454860803	3.1852612881125886	3.918912719492917	6.113297926135138	
0.09645667961280138	0.1546831642010575	0.3816082752190129	0.5650745540188564	1.0506245350078771	1.4095575929418809	2.0726780297223084	2.7478708716307247	4.206212228947562	6.017103182858589	
0.10288563107607838	0.18490838920197072	0.3854658200446146	0.6506461982927368	0.8258635771645071	1.5549756378099135	2.058906453955283	3.290400530743459	4.294470038242677	4.5769304248490865	
0.08089213319138966	0.16268477172973012	0.3598954490922946	0.5968195235136206	0.9991490239335485	1.257459571551406	2.309360619624967	3.3320376262099067	4.925730305473794	5.908463418245443	
0.10586582262849593	0.15593637474737765	0.4221359014353084	0.6196130564340729	0.9839947232766295	1.4412227053332463	2.262282747444739	2.88125085695452	4.092425821985854	5.419837734295285	
0.10604970652595035	0.17585456095862886	0.4100336358318596	0.5196741157001408	0.9401973302440332	1.3592854402947772	2.225148286856003	4.090748248302171	4.422413114465185	5.920608722740645	
0.112852440511413	0.15180184580579878	0.38067624528875654	0.520401415423846	1.1227270627582602	1.3684344948350946	2.4009626438757343	3.6030127645856136	5.412010399115714	5.6736410484602375	
0.0954037186511028	0.13731992885815222	0.3871599206161288	0.5900428458286487	0.8927778735428126	1.4459137475228363	2.055892619063023	3.416062986358289	5.352480059613239	5.852740831652476	
0.10650788112383663	0.15954101941005142	0.42626293889964006	0.5882645697466543	1.0007980414577686	1.726872652229582	2.133985830404633	2.9961346429374567	4.67191362393142	5.609813649818346	
0.10698137357204723	0.14172819265273737	0.3528882745971736	0.5905323171654967	0.9134737192862772	1.6148879760403383	2.040001113091921	3.3257570183494036	4.006172484454569	5.707545316685499	
0.09180417789021765	0.15370165228883784	0.4134401564897524	0.6639393471478873	1.0173169021893196	1.5012891026193547	2.520604767555527	2.5656290349732234	3.8298133903012537	6.594095207301561	
0.10471485633684503	0.14210469126820438	0.3458845531546295	0.5590557807343295	1.0794023274547562	1.425558568942149	2.202001130778423	3.473177986480032	3.9700055059144352	5.740495534554993	
0.10196717831677887	0.15836294517264754	0.40173296209641973	0.5902292047067631	0.9130607895789239	1.2811291956725206	2.274976829030849	3.3685155977842456	4.359459373523309	7.829556562603134	
0.10032965145929736	0.15934059012673593	0.35532916198092307	0.5882231727256702	0.9042973425676304	1.338825200521228	1.79441174660046	3.5514174902679065	4.263604678053985	5.970410493987106	
0.10293147081538945	0.1639235973268963	0.4150313281605761	0.5068534209924751	0.9413635230488907	1.485075239447884	2.1879132358853646	3.5369630791343294	4.099754655845585	5.654448835559816	
0.11517086699752975	0.13926253685945553	0.402495767667225	0.5670612463252619	0.9432872940542981	1.2139776206508677	2.2857446255878653	3.164327576905706	3.9904255954148393	7.914814369507655	
0.11544666522941037	0.17567699479400414	0.39346840188571974	0.6788056047809726	0.8453740265409617	1.4148862218458738	2.3192346109742417	3.1845990296963764	4.348401547959999	7.212755774646892	
0.1082537957146263	0.13970889605260473	0.3168249391953693	0.5958900538506882	0.9221779548188727	1.5376781354728	2.1570196885657205	3.590784198325805	3.859124682336854	5.8202030685290085	
0.09466283910155494	0.15340308232322972	0.39256210162356786	0.641652691143123	0.7816497010949637	1.2390772619745574	2.446864518028455	3.216511625819464	4.077828206367762	7.337378597611652	
0.09959570726342971	0.1455262546940861	0.3644765402265009	0.5729262736681231	1.0172057991145094	1.4945306881536744	2.213563839407861	3.54933911565755	4.2844736479628605	6.698967219045091	
0.12678901540381374	0.1362719940727431	0.3993847131072416	0.6663867253806197	1.0447945852142564	1.5205117441465579	2.095813490635763	3.1310931475058315	4.355316978735975	5.649001512093889	
0.09784985866796603	0.1506612527244531	0.35153978166943173	0.5853848234481709	0.9215061685027488	1.5256280095209265	2.1243788769016057	3.0813148670333073	4.885228391901277	6.393506116914745	
0.1011258436565067	0.1312100261553946	0.37165684380794023	0.6449708657660623	1.057801922071678	1.8579798906082714	2.005491122641272	3.2394765238257044	4.2226970556347085	6.116318027592154	
0.10678910237426945	0.1561251265663842	0.381519746989357	0.6553546898616377	0.9151169278432125	1.4491912466771222	1.7944863581895452	3.271304432345311	4.148452259903323	5.407030110910448	
0.11128336450191903	0.13501653556635465	0.3970268920825152	0.6353884075119812	0.8071221414133912	1.3760896712410517	1.8765349326095302	3.006193290914381	3.918381705112047	6.294881675868655	
0.11552907084107736	0.13710246292824263	0.3382761526597749	0.6915713588855842	0.9245560162077094	1.3207686321938958	1.859022821733854	3.4529855708801347	5.022135932200486	5.181664744104987	
0.08000667775746235	0.1692096579745258	0.31946877120475387	0.696361857108086	0.9710686780278418	1.4677922987124907	2.0357056742205533	3.1066730085023075	4.134879182689956	5.825286006419559	
0.09281082277733528	0.14581227735526375	0.4186486291894483	0.5347127232929001	1.0079799523965771	1.281934359226879	2.498788210543787	3.183352064561615	4.73561923812075	6.42914420618097	
0.10604046198856923	0.1324736235388504	0.3429824200587545	0.5900590178261794	0.8008446570708603	1.5583874514958744	2.108999592970197	3.3829191489691888	4.803909539785396	5.210464887195147	
0.10444029028002014	0.10273872989204265	0.33574669887814845	0.5904200261565685	0.9303590591064296	1.5347129173066534	2.0550003385093527	3.22422424456258	4.556468792984565	5.496826130771616	
0.10531023974227914	0.1498164323760614	0.4054319440825606	0.563143105666589	1.0520515869767528	1.4244909388421563	2.29820488249933	3.6243543501654734	4.365543534837849	5.3710167290781925	
0.11366343226465428	0.1318261739695099	0.3975727056855916	0.48296506735959444	0.8633237284640906	1.3183776463926982	2.614546669285221	3.300918785782713	4.241815529346752	5.718994343520759	
0.0987355150173645	0.14736941561243927	0.3808669774945833	0.6488725870919978	0.7271381704575082	1.4092845948004042	2.685270584927449	2.986005662180727	4.493433730295028	5.906381466544676	
0.09167762577477283	0.17770641449708147	0.474058346582382	0.6135001558948917	1.067826955056825	1.2689500368540516	1.9343188221963838	3.539923892265324	5.351471967509412	5.412249757964935	
0.09765242561144574	0.1721408308741982	0.3527786737745396	0.5709120457480064	0.6039838241021965	1.350387007323923	2.5551771602291633	3.496301082693412	4.364002978830285	6.245314075559927	
0.08518907954487237	0.1348521421822322	0.3535847310925032	0.5665629719082202	0.967714677114917	1.563200446697918	2.378738230908459	4.182554652271427	3.8909285584370874	6.838014724473984	
0.07605821377391801	0.14360396225615277	0.3843120579441315	0.6645810842588074	0.9578451355231569	1.4470261579769006	2.5137909379158327	3.5197810751692526	5.304646091872002	5.2658259558455836	
0.07538225615940106	0.15884595413286007	0.3676400878393591	0.5964529177403034	0.8815906369523218	1.6937232688675077	2.311069522823716	3.4338137136961264	3.446034571453784	6.101796470302909	
0.10674677021632276	0.14473343174503023	0.3672193930792113	0.6606664185299002	0.9646610153121129	1.6493381510768357	1.9839425812013054	3.6610816446878434	3.889247762357809	5.8903113235809315	
0.10933435031255932	0.13708138901187772	0.3533274368814567	0.48990207322235485	0.7633685139618452	1.4588208046494848	2.497114718338331	2.6261544650692166	4.317330684836035	5.6811668032270095	
0.10402680993581165	0.14583539808291118	0.35303321611564553	0.6430227979833146	0.840987785896745	1.3692920039554315	1.9712056815736188	3.6313024491740347	3.9292374415435853	5.9713883832189705	
0.09979542706974037	0.15774084799270166	0.39015307402816224	0.6018752255974775	0.9829639927134807	1.4202835957838043	2.4453504612264427	3.4816190786573284	4.758589659376834	5.234852249344174	
0.10699516944094725	0.13789628373023138	0.3810948466957999	0.646840463973718	0.9178224785811301	1.6928078231002144	2.147384767604613	3.4096637420326266	4.765877730325518	5.050498111238484	
0.10037400320901171	0.14750681243553518	0.43417882549035997	0.5699443886571265	0.9957950202527766	1.285969321688647	2.23283919463249	3.4308939462238475	4.693252467312074	6.106792725397732	
0.11329382648437998	0.15749255520755653	0.3906306745767357	0.6096513708086676	0.9367516904254249	1.2673874423653761	2.049900796579903	3.592683308187709	4.296231259527552	6.23707258574264	
0.09600995313272148	0.1843005249542591	0.33079074026834726	0.5509242474753693	0.9079824105734459	1.4782495572247778	2.19446187567709	3.0304252354501124	5.237046189068084	6.862285268522429	
0.09559929931604555	0.1541030750441062	0.34711816538766677	0.6071670174420652	1.005819044770938	1.494281844183448	2.0911536075292054	3.6125629579663068	3.7681633800742924	5.85099896789861	
0.08964887126699611	0.1504354267990908	0.38369240434458457	0.714542093599745	1.0212514197182045	1.3244151064551404	1.8378585687671627	3.055297337470415	4.107361386343846	6.248283031545249	
0.0987422526183629	0.17615107747709585	0.3675096028806353	0.5627569557956544	0.7498347223045831	1.6545692596363462	1.92328138164721	2.940286323155892	3.7798538948760703	6.166888583828329	
0.08521390949064388	0.15736471648261044	0.3310530317926283	0.5281913740006529	0.942931625316396	1.4075234175026483	2.0746477708630735	2.6876476947830192	5.267146595424911	6.3891836967861195	
0.10393322014759526	0.1296951968063254	0.41118412345827116	0.6586033910596881	0.9310699209853474	1.5516269689038484	2.39733186049359	3.40023187275721	4.7445444819734615	5.896058840087477	
0.10442085767428351	0.1462422378731073	0.39100415863365295	0.6756342910659997	1.0161235508906077	1.4137718325244066	2.3655915754095713	2.851878819420473	5.248265653566865	6.087478600812441	
0.12359100217505113	0.15113926516131237	0.3830672034337743	0.6674499523629008	0.9456429683411615	1.5583672411997935	2.3315417622012773	3.509351814794849	4.481792177123957	6.274146735834515	
0.10128440835352573	0.1324491618403368	0.36607720328404114	0.6314134708906861	0.8694692299820366	1.6731367775356476	2.167016575643689	3.282304761731702	4.101724601779074	5.100207611646082	
0.09527888602649263	0.1760530053949174	0.49042961675837526	0.642974608942704	1.0265789701026662	1.642794595970972	1.8966625107177177	3.226271716880699	4.6732231219882046	5.844002379696417	
0.09371326603975796	0.15395878058635684	0.345273608901509	0.6037803037044076	0.8816945589566175	1.5054462088875404	2.058057769553763	3.047532339280531	3.7718308793166884	5.774401089018708	
0.10229433725602165	0.14604411893591607	0.3962324032387642	0.5823524980008076	1.025776124449787	1.2231004452922727	2.1649126051746723	3.634842022028269	3.871022559071602	6.715443002945438	
0.08150007833284001	0.13795275578356014	0.37164736575984264	0.604478631026353	1.0388198065663847	1.439990553120124	2.0490815354333116	3.509980983059221	4.239982084015375	5.332993632425445	
0.10788929468210272	0.15296644316395022	0.3943009885878203	0.5734076933557372	0.8398787135116101	1.4646983293952212	2.4571537775424135	3.629276181981072	4.25807829457157	6.540140546666192	
0.10581160313266147	0.1423989264504384	0.394223496248276	0.6198482013274884	0.9618399824257474	1.4095325626704611	2.03462355030644	3.005467101278193	4.465706202384479	6.893915665870223	
0.0910316746328994	0.15450563474057893	0.43819920194696804	0.6322208411568585	1.0093766971633784	1.351238852287218	2.3825939892885395	3.190910695961726	4.416503230340559	6.217654949885197	
0.08080741079394725	0.18457057094863918	0.4605398626862547	0.575590140251372	0.9673614517235238	1.4771365554888185	2.164036490573235	3.265525704267491	4.28714710150541	6.033755306646718	
0.10318790305125845	0.16368408192002346	0.32367112593355707	0.6334069712344012	1.0389515400714358	1.3408596923324967	2.0575989567344375	3.5022508359528786	4.293666832425377	5.8268148707997955	
0.09363153789049171	0.1336479853260923	0.35407412782606734	0.5511608271969894	0.7693125956603574	1.4048695776612274	2.434484373053217	3.383325945605515	3.9490295518302854	5.729386944486002	
0.12231860869386668	0.14937515256675327	0.32952797227578356	0.6529201953921859	0.6853647336791377	1.3591485333315763	2.0409901334267384	3.201635609321415	4.591290687673384	6.811627309199453	
0.08091639187331634	0.1726465337045024	0.4168661181943905	0.6906315882479307	0.9574276127639768	1.3894457307793555	2.0412042413229257	2.968160328323506	4.268471693137071	7.233918526945731	
0.11093027791805957	0.1415161702096045	0.2899461757970362	0.6266016172085539	0.9690721455911884	1.6516348840111568	2.232761965640136	3.440744663113869	3.7565943377503217	6.228007283857838	
0.10393652064140853	0.16829939451574372	0.3452998591338622	0.6874730853714214	1.0130797775872693	1.6982031636887567	1.9628287160428268	3.6446017617247493	4.040373657810668	4.932755571443635	
0.11509089639755794	0.14494895426544843	0.40877664314865303	0.5807997239042306	1.0327506951596968	1.4340937897950574	2.2082933833744787	3.476912321649598	4.799224156018668	5.7842480462733645	
0.09498253359421975	0.13745171412662371	0.369432501280743	0.6508948757009069	0.8507634668060924	1.6280620373346801	2.1476310634142615	3.3251591762645676	4.414017294435703	6.290236867344538	
0.09641247777129128	0.12001651979718625	0.4167014865336121	0.5847668180920295	1.030449451507294	1.2577874980476227	1.9073597818605226	3.225464383538944	4.476317457724281	5.635976701667158	
