10	35
1	1	1	1	1	1	1	1	1	1	
0.07643200390889904	0.11493036095553547	0.4064914175096671	0.6500704197158699	1.0217260607985765	1.3385813058223346	2.4423673461950703	3.44645068898985	4.949844160004258	5.6874338367238835	
0.10191739182032503	0.13993057762602737	0.31755654461750243	0.606536778565011	0.9968209381332038	1.264121850645099	2.2606919167502926	3.471761344258682	4.1969548402071455	5.603531021915995	
0.10325478320477169	0.1380622860596933	0.4396036119650903	0.6861417289329096	1.1520478692109326	1.6487031894187796	1.9255561599017617	2.484911295499114	4.774205732176693	6.122339127580835	
0.10718079071096703	0.15114869038983605	0.41870331820549406	0.5048070818943555	0.8520440637222169	1.160979170631677	2.176588335493518	3.1196363911902254	3.7626697092164676	5.209050033378627	
0.10352555511028874	0.1613737059716405	0.32908228354240354	0.5222227778453322	0.846760794857552	1.423756911369972	1.6824747398078301	2.7988509831742623	4.130387374067967	6.2033497840714915	
0.09906194721519042	0.15588732329865368	0.4177246436828351	0.6850733531718457	0.9266821835694735	1.3059083455618146	2.2122613442615044	3.2680301149508213	3.838000694014474	5.90016070265177	
0.10299094454234087	0.1362434733678348	0.3891682550292949	0.5943348218274519	0.8425833978476596	1.3721604363749262	2.1523840563241072	3.2548184836051006	4.4174379342244	5.847231678115964	
0.094487998629254	0.15898976208914137	0.398166861857438	0.6549763500515914	0.9712244838251308	1.2791845300882694	2.523561850317217	2.957001790706671	5.060604695816769	5.8355889214656225	
0.0839488491631901	0.1411793654388675	0.40762443383305075	0.5450368678106765	1.1193901657911003	1.3917034404423785	2.240966246478132	3.5737611631342805	4.127782654438565	6.475920964201055	
0.09523965065802621	0.14651785883046387	0.3683127750976946	0.6338316019709697	1.006084011391755	1.3444173640547685	1.8140791438431678	3.783824640269162	4.214897124303603	5.832223032325207	
0.09718626554064255	0.17076129084178404	0.4658984426493678	0.5802393482718218	0.9664992079982421	1.6949736378968214	2.054959228131207	3.2945686707486583	5.345499815955348	5.763457143907713	
0.08739088532897993	0.17684965970798802	0.4471284230581039	0.603072844992397	0.8346708688401563	1.5597132197387167	2.1905316175327862	3.274884610298704	4.165720945888443	4.408454600924805	
0.09969411759207389	0.13783220424672515	0.3792609542136004	0.574729871131189	0.7679264777161577	1.5295981099616682	2.4194342658963834	3.2832337048027473	4.407905680495643	5.761976445344334	
0.10798998244108216	0.1391154917742944	0.49430249332004234	0.501812096111986	0.7971979289403259	1.51221863018014	1.9855705570383373	3.0164442759247625	3.9789327151601133	6.1995353371567745	
0.09812427645031534	0.14529068800360057	0.38789146335746766	0.5539572592334359	0.8311800454185431	1.5107241423255557	2.493828070962928	3.0648300296321525	4.612321066692552	5.254606092079285	
0.10382200474942566	0.15747273306911153	0.3907129682245405	0.5876177499673545	1.054292008429214	1.232884368209673	2.3041946974141676	3.4704495583374615	4.560775904744463	5.576549065353863	
0.08434308811400953	0.1590615859279101	0.2981155294814711	0.5217714356878399	0.9453530500363628	1.3303830016451144	2.188171441800227	2.820771367888683	4.596302245097638	5.731100322499136	
0.09890884121026021	0.14569341399505134	0.35052423156721285	0.5123038673731908	0.8957325222441734	1.4319424219741341	2.4137096151011845	3.246637439472639	4.759228047645027	5.778703266953682	
0.09916574564424542	0.16499528016761264	0.31397585528268224	0.5970154630140797	0.9835958125503133	1.2872371664652378	2.2945218756372814	3.82454068462532	3.3815211588745107	5.687260497549161	
0.0854289487998195	0.1513247643503138	0.4496142585621346	0.6007711494363704	1.0896124722060072	1.181594755534871	2.0314974676914948	3.1576639880321107	4.342240254365203	6.338972327173739	
0.07626633112299422	0.12708559661991833	0.3747641651001605	0.6180413371551224	0.982016011947766	1.2744175764130434	2.064876433410563	3.0543276006451707	4.232024500109067	6.757093264752987	
0.10923385722866903	0.1273369048881209	0.4257519702628845	0.6189462294322484	0.8970369123603957	1.3490290150057125	2.478947079231458	3.1548327810617662	5.134704341896972	5.151206906644554	
0.10232092153602977	0.16039643523109612	0.37236046797657824	0.6301128179357515	0.8821541595070734	1.2494735695876045	2.4477128068544594	3.162684196017394	4.605341337848051	5.772124174286155	
0.10736063139455664	0.14285978324238602	0.4163907396110347	0.5919090597527583	0.8785197410824435	1.2954074721702888	2.1043076376303853	3.0710712136037186	4.270071875032741	6.651015155817328	
0.10177482928483267	0.16430883784461905	0.3586932692032637	0.7356286861976509	1.0013776516408504	1.2351283655578662	1.9532606054995092	2.91874751277808	4.734088558743437	6.2319004138691625	
0.09989772217466181	0.1606674509581657	0.3876740611025788	0.5393584401016455	0.8928090159735442	1.7063757965387718	1.802945948281812	3.222368355019862	4.399623541614433	6.122507620978311	
0.10194950588628351	0.15636527121370533	0.3345362903665241	0.49062121116654284	0.9514160213450296	1.4917240522967565	1.9169135313246526	3.352758014668521	4.249220337426162	5.463505505931307	
0.0956395249138615	0.13689619977350165	0.3991536533345497	0.580236860033608	0.9658273287858476	1.5639972727124851	2.2024642318633836	3.381400866528205	4.836909428036904	5.776384245724129	
0.10247608738573721	0.13999300270825746	0.351194463251764	0.6011877386200698	0.9597050189423325	1.3562509552386433	1.919089835051381	2.796785480201353	3.9570602231529097	5.276099028511158	
0.11250997011947057	0.1514006430903865	0.4194285508927737	0.6163604239628299	0.9715894879619899	1.2560146284105627	1.8718877430875056	3.3979445034780644	5.006799711452444	6.405773257208766	
0.1006644492725064	0.14832569424348474	0.38140526612210995	0.5493977497601842	0.8860883293309352	1.6065469859231358	1.94787965639248	2.914586083529792	4.516829635039105	5.546073091388822	
0.09141738550425166	0.18416670221128986	0.38860494781062327	0.6218640980114607	0.885253342979172	1.4274327840232404	1.959634915285388	3.185685364368188	4.623774572761723	5.471990140669576	
0.08319207557589454	0.14943040883556388	0.33213511354650815	0.6095328318236276	0.6879123920178959	1.5087108850013065	2.222206554126037	3.2186711522597444	4.801533345062728	4.610849411752097	
0.08248157929498719	0.1308702466799539	0.3659439622222321	0.4731151298665722	0.9001078013856578	1.509852205524318	1.8556923888978367	3.4413804062391784	5.487914413027722	6.6630806452353895	
0.08356277070167417	0.1565623439751756	0.39314451696907204	0.6179803777918403	1.069654296645657	1.3536473839341012	1.9577482275057283	3.1149004026700475	4.467697523503736	5.081405026789815	
