3	28
0	0	1	0	1	0	0	0	1	0	
0.39417912695983165	0.9591096891457414	4.686007167442822	
0.33965619203007624	0.8505513395677095	4.613750991597017	
0.3650836405659636	0.8462990981194336	4.349061616373792	
0.45056860289763045	0.8854902920367276	5.424696593053074	
0.3939852566259325	0.9867266662418743	4.413698609972045	
0.36034920681746585	0.8917850231679048	4.665050984095886	
0.40312238128415717	0.9048231927991639	5.384213619904052	
0.3783921452827	0.9909091707368427	4.554139553311655	
0.3774757786195601	0.836884516765292	4.332902276310108	
0.4303188106493731	0.7691451223746073	5.090996825725166	
0.45427313106884987	0.839339397277683	4.577369571669443	
0.3457564409459873	0.9688893998258279	4.929727494401753	
0.4382476871187342	0.9918988016317076	4.266080092566574	
0.318265004768144	0.8825149251789755	4.1971811270733586	
0.3607316140357335	0.9759151632919041	3.9091776802073155	
0.38036605332726636	1.0429198746702848	4.084474858409012	
0.38277804535948906	0.7340519333535612	4.500212732037884	
0.32393866236840385	1.0014542999793437	3.980931157729236	
0.3873708149850572	0.723612674018184	3.864830067528913	
0.3461919883835408	1.0257531874541583	4.460782307273541	
0.3213354133728609	0.8230864813255991	5.0810918651902774	
0.3100764850641878	0.9865078458525463	4.303885789598375	
0.39307832193023495	0.8297246074647455	4.183484268878624	
0.2955013086155189	1.090471487817261	4.26900262618778	
0.4088793430815288	0.8164190064925603	4.5881723457325965	
0.40866893269770077	0.8660047144106989	4.44144141495637	
0.38603475634496565	0.8978156422310967	4.293767485775258	
0.34907991365783825	0.9275346238805631	4.499343401470422	
