7	42
0	1	1	1	1	0	1	0	1	1	
0.13607230776604728	0.35880773744004285	0.6271786178844203	0.9801521608626905	2.1557409099864584	4.196531717836106	5.669425677342065	
0.14874467220347812	0.3695815672667943	0.5345067756508985	0.8113930971822332	1.9457765619936103	4.244425614241981	4.772913643639368	
0.14114202878901302	0.3774885563124382	0.5540150534474068	0.6693933053236898	2.4145667928339383	3.999410455806139	5.874263157514019	
0.1629734308839791	0.3811525924373532	0.5668649059482995	1.00508840422764	2.1459625726621074	3.866894101082405	5.386571573294745	
0.14021617278254386	0.44012212187869015	0.5805598766882584	0.8679534790496317	2.1656260083879997	4.353063704107678	5.13812541696365	
0.15197796962162236	0.3466192097544135	0.5789595626471173	0.9267225108909254	1.8941788725911861	4.496950273584889	6.628024084042598	
0.16113207891719697	0.35421661037855345	0.6365867963282826	1.0124715568434843	2.1991879496933353	3.6857788795674415	5.577767844938939	
0.13820208959517435	0.4271803658233419	0.5462871496455188	0.80229931466492	2.311368843991622	4.271155199444101	5.230193864626255	
0.1544844463202976	0.3501992631602634	0.56279768401477	0.9494922369064585	2.2874678058813798	4.378223613249409	5.866902372942645	
0.13684090107586458	0.4082117760915436	0.5399940137977849	1.0291200980107438	2.245402053106219	4.815920390852703	6.166073638715865	
0.13478079368266055	0.34262365479147394	0.6420408030072338	0.9853539224582083	2.321304471087466	3.84844355678764	6.579655379302087	
0.14216691406839388	0.37934458011187294	0.6111871555779673	0.9637618380308977	1.9746740213862788	4.380279984401014	4.702979841405364	
0.13494195738163559	0.36825881491237406	0.5676699704071096	1.1555490349763702	1.9819597986256376	3.7810724187912697	6.248099219688755	
0.14536668424491442	0.30545452705499304	0.5691543314602571	0.8885737715978679	1.7360110595661422	4.385691530615719	5.3497378012729175	
0.16865129305127388	0.37647669810529305	0.7533693726314349	1.0198108303014626	2.3312115583708892	4.145885927369831	6.084588332708082	
0.16108915726677348	0.3883612503446643	0.6970222995344911	0.9548358499298141	2.337942457127243	4.289787746960129	5.74263960587003	
0.14726600907342266	0.33508668737843816	0.5169603408968187	0.9972554400399971	2.3989844153211326	4.692177966832146	6.424673706409528	
0.15951911803005936	0.39280517809628734	0.49862055681289985	1.023728503215253	2.0030472117691627	4.918219050396646	6.028919431861131	
0.1579182158723895	0.33971768275118264	0.5852752017987929	1.0366674357316688	2.279710137815949	5.1502177849390245	6.333471904596232	
0.1331144610314918	0.4117837661921238	0.6035134352275385	0.759849336271688	2.130531690480144	4.681988886461296	5.668706727078476	
0.14009115292215604	0.3836691982096392	0.7276565409842283	0.9233488224937167	1.9711280795766049	4.7286492294194575	5.221579487946354	
0.15967290373074408	0.35958543828882866	0.553015922251515	0.9664778778850933	2.048740517910097	4.660408729696802	5.078180143927433	
0.15321036510195407	0.3027986033450435	0.656413796245116	0.9610672607200464	2.3743574958077995	3.9055031058631338	6.9224877208659645	
0.1486984031113581	0.3648705375767971	0.7081759403316451	0.9225940645283849	2.15620682352095	4.094629826928379	5.804236712997153	
0.17428832903790176	0.38324854566819805	0.6359562018092403	0.9941670713249438	1.8695500710164197	4.581002009699571	6.368146020920957	
0.1638718787731525	0.3522260275047589	0.506171036724617	0.9211058227834622	2.2362547206886294	4.71301187049249	6.046302467889223	
0.1522554876424341	0.330998708727369	0.5557729558728081	1.032783707375459	2.1272568053110223	4.494833465729974	5.771439039449271	
0.14549196047224733	0.4029714168704897	0.558875311085456	0.9215629405159569	1.790894133549431	4.884538391965688	6.15243582505658	
0.14830209133900482	0.3943219581807955	0.5718073590577157	1.0229200251562278	2.027123756702056	5.011474859461403	5.894072184177611	
0.16322317120923338	0.4113304308651137	0.6206201498027288	0.9980829564397536	2.2948462048719516	4.546225884134005	6.1797803061495316	
0.13358731384411773	0.3654035645750262	0.5053140362462469	0.9207357354000844	2.274968580513543	4.826890050104513	6.522284588135959	
0.11518571767115124	0.32801918758289733	0.7310417300260388	0.8705437896397696	2.198407276630599	4.373822713822501	6.067659926267055	
0.15145753466526107	0.39333722045184477	0.5243208796753551	1.0642417587331887	2.305738909004706	4.054571542146876	5.63996742928142	
0.15836059349127687	0.3810813484957606	0.6104369765970746	0.8325125581376058	2.151845103773399	4.46868812349405	4.887167221950682	
0.1392439079119234	0.428655662236482	0.651590376959886	0.8071735439543143	2.0413560303630587	4.312676186508878	5.233268554258071	
0.17770681986879924	0.3090917935833866	0.5423899972507299	0.9220933770204341	2.215058440253505	5.030410030733501	5.243607191104008	
0.14833098271580913	0.3757997567128603	0.5825211684420546	0.9838233420974698	2.0787321774562506	4.338709462600071	4.856351519133058	
0.16157017567699025	0.3355925742999621	0.6517441798238668	0.9127105185949903	2.388218243920085	3.8709651758588732	5.018763195216274	
0.19233347627427916	0.35223700327226987	0.733836731372077	1.003388037200692	2.352206386598417	4.865730123963236	6.072892249931949	
0.1547241321014818	0.3800289265847301	0.7240417720150792	1.034804890517422	2.4136946182760743	3.770413778046781	7.271110612378822	
0.12143031929131357	0.36106787262501394	0.5764280072565006	0.8615735824701404	2.3995525230976655	3.886590650278996	5.855403840448021	
0.15824968897961544	0.4030118539951848	0.5226829038780259	0.8886162435634578	1.8795264090006114	4.471449681024663	5.081497133370942	
