4	72
0	1	0	0	0	1	0	1	0	1	
0.147080814982213	1.4135230952160862	3.1070600057610704	6.587330711466075	
0.1126044776822127	1.5652847874708826	3.0473117204214755	6.056383736021891	
0.15702224454161043	1.3588048864930713	2.9935451487835136	6.033952346245928	
0.13774239678863323	1.4274817464521141	3.2027880203898973	6.13358182084519	
0.14067139730962913	1.6719350286738748	3.5037748106118527	6.23479101037228	
0.1260235388380024	1.3597598939352706	2.89814661586287	6.975427189875372	
0.1402298291519743	1.7751139196367747	2.90789179873138	6.155090077487384	
0.14679973821093556	1.493155618625261	2.719114453391561	6.633756999364002	
0.16169319392723072	1.2127765646964754	3.6469986318849963	4.966518429769289	
0.16484748765842408	1.7448700286049814	3.5176901577582416	5.999817259310042	
0.17843808282151552	1.2542516070698755	3.0409637359961437	6.5089692227402836	
0.14520760909728364	1.447748875518243	3.539908716225257	6.13863492495971	
0.1246293203120331	1.42830182851181	3.4889906566692295	6.060724034044126	
0.17048517429580623	1.1149915366675012	3.5912070807001837	5.490346727175196	
0.14370338619111664	1.3768216617662472	2.8484174018739603	5.256552855632844	
0.13065405487340978	1.3182328060010355	3.048387421585016	5.303195085025987	
0.14057848285571684	1.5133214027920916	2.9649289268299226	6.121747933786308	
0.12612076692597654	1.3134322995299281	3.641609335767463	6.416988321744241	
0.1567592974913847	1.515189149051237	3.424362146295406	5.944579152655251	
0.15084008964970913	1.4691738950595274	2.8476116965210503	5.933718472187477	
0.14654640155528695	1.2963636807727892	3.7609782068491056	4.5497666805665045	
0.14060529555317847	1.706450420524271	2.8444460333784205	6.09997946345176	
0.18077348772787463	1.211939519477417	3.353333251702105	5.711312235302133	
0.14616619504887335	1.3559384308795523	3.3763373438941837	5.7089198996366	
0.13706969832389895	1.6007456758552	3.3117033340310176	6.153439596020719	
0.13385779124732214	1.50887844462001	3.103457483631876	5.520487806599313	
0.1350274473110634	1.6272806141572982	2.6320688979994182	5.5556269891418	
0.12812636710656025	1.489048719493762	2.950035008093433	5.3931327147979475	
0.1624499292781866	1.4696760731363514	3.127590731674334	6.7168325867699465	
0.1405071772747804	1.39403555600804	3.263534380659008	5.062423576553845	
0.1219636988775041	1.292907880553237	3.386276006338516	6.055767859962609	
0.18791745180998182	1.4445163690546723	3.053728084745481	5.406737443989907	
0.16331887477215806	1.3907342111871572	3.0226795720110085	6.170157025289738	
0.13244028112467068	1.3742071702162957	3.9045579276498574	6.749393329899959	
0.1674706007291367	1.4484254930058638	3.480116101680361	6.482488508878445	
0.16224785306492245	1.605335707878873	3.2449453238679573	5.731880266217346	
0.1615822374786125	1.3297857988853299	3.3838881337734876	6.105113811202926	
0.1495937958467889	1.4234584668974204	3.0616190302066566	6.633690775784398	
0.1643570938553395	1.4738045082571025	3.2156946886247306	7.143066170457679	
0.1787267155495591	1.4330752941747864	2.4639823916417543	6.7785510564686025	
0.1680955504127052	1.400830604063377	3.3635305244064027	5.75692014995153	
0.1453570810350426	1.686032798017354	3.221855608823364	6.142365583841016	
0.14879132253947486	1.3230169173850586	3.057154970659646	5.385844620604287	
0.14960513579486762	1.4430761049098717	3.0861861330382867	5.401845650063431	
0.17637383828473024	1.4432982024534968	3.2729284572912603	6.554761425980419	
0.11832640691982868	1.3330193734378526	3.4555929312125087	6.420248820884474	
0.14575347173281308	1.505626146917885	3.560533962749257	5.721275722163515	
0.15698708290221966	1.486871399599884	3.1191656837206407	5.270295635643527	
0.1625009920158935	1.3524903982512746	3.074952943877712	6.571422712492945	
0.16361622388864572	1.3912827242489738	3.011196547532721	6.882474413459188	
0.1576107594093728	1.2302336114222838	3.02780993184589	6.403752271573726	
0.13537626059082986	1.5210772642538815	3.444095069430309	5.767436590369879	
0.15534853135816287	1.6403901044903717	3.348910822550571	5.494862158646297	
0.14362177852849575	1.4233152970650815	3.6250618552702374	6.043583381046421	
0.15235958543253675	1.4111631548419639	3.3839562450909937	5.857274520401727	
0.13777114150544384	1.4552646737292576	3.447373892081313	6.50449646910903	
0.1372660158672198	1.5278885023296032	3.36206239532447	5.350231607294727	
0.14022870431513726	1.5210059821782282	3.325533117405922	6.30041076083759	
0.1651776198124915	1.4787719141645712	3.4062376958286107	4.962234992854153	
0.15566383473240367	1.6316827712389521	3.3790320935756344	7.108519491111824	
0.15743389615957784	1.3339001061476983	3.1264493287891764	5.577162393406647	
0.1489977439294137	1.4524247976457778	3.5613205050687977	6.337900438056742	
0.15542091042754436	1.5968534779090235	3.4242345407321078	5.732396561265451	
0.14467230494992722	1.7416289148226447	2.6793476465723307	5.788630431311062	
0.1533429867248194	1.45536252933177	3.168362974547586	6.858968467567215	
0.16466813527208823	1.1592748320224522	2.9981455394948453	6.753750148003006	
0.156016657380386	1.280038989953062	3.361277003601844	5.443683341921739	
0.12129246856740473	1.4481687676304427	3.2561537610845	6.153543088679972	
0.14815645812714187	1.459457897499535	3.0956269660795073	5.0130606374934	
0.17416659046387975	1.3504165460621411	3.725294405499284	5.531864813715995	
0.1451287437704643	1.1805247542692758	2.965241046255897	5.435359647441539	
0.14781586476376063	1.3870558564874191	2.9539508797039913	5.539407395818067	
