6	75
0	1	1	0	0	1	1	1	0	1	
0.15978969610765617	0.3367678766510721	1.6034029779511252	2.522988856613854	3.628635434072823	5.252643653031267	
0.12044999316871688	0.4069313095936814	1.3212929087984215	2.2117336711364417	3.7489233340024533	5.605826894160954	
0.14433668015386558	0.39051547295835604	1.244456121482541	1.9870609178587366	3.258078688719163	5.81972707870935	
0.1591261163069884	0.48510722534869216	1.444176782536792	1.9690319316018279	3.7109281152962086	5.046708914807867	
0.12916637743456338	0.3573860693313865	1.3895471989656936	2.0168993616488	3.2397584945625173	6.164845141647807	
0.16603439302912706	0.38346515440606377	1.3496416865796004	2.3681487580844736	2.9842424703877075	5.020438352587606	
0.16808934026856812	0.4233904233028169	1.3167013299148127	2.064193746428501	2.951998547767773	6.195974530539081	
0.1759807393705212	0.4067095083466147	1.5781086238893738	2.3262415913135674	3.249961276718295	6.650004262746789	
0.161175458443692	0.43469893717581914	1.364284501413869	1.7763059974977418	3.58970657983375	6.209861712363635	
0.14555930849518145	0.37087419313231534	1.7953201446040026	2.0119281497051316	2.972676425281442	6.051170540096011	
0.16770736316959442	0.4665792754881107	1.5240031897647086	1.8768621200444224	3.8905308879832843	5.988318780553741	
0.13743435852157546	0.33898308663022453	1.54959500686497	2.201348318030079	3.3621494975074016	6.771901871443159	
0.13796768112735533	0.4319138758743986	1.3557605028405022	2.6152615853911567	3.4445901801977703	5.4478568821341735	
0.1196187287501928	0.41073913944660245	1.3764922205334036	2.1165533756778054	3.4990137029815847	6.606248295750394	
0.16835565511003936	0.3353560302814484	1.633902949196316	2.025505252723848	2.5167187712068264	5.292935791883973	
0.15327037638198848	0.34280505864891675	1.4174096409078256	2.2227242848187734	3.191049743989482	5.70338739728597	
0.13123955905517662	0.3808338647121826	1.1347110935753828	2.0025104210303244	2.948470164555253	5.856373889094652	
0.14680005301036095	0.41647835362848235	1.6564372506466924	1.9096775493490512	3.8976706032127595	5.532422640287141	
0.15258790174384634	0.39941279358763604	1.7795753336192983	2.033409297381027	2.666060145782133	6.894227682115789	
0.13749939661806848	0.3662596339381275	1.2701617994885568	2.0728786887944826	2.9768727507332318	6.405865089896862	
0.15121187444582967	0.3541199038966422	1.5724096926622266	2.2048243013950386	2.650034318605682	6.55182198845058	
0.15277301825778952	0.4328478345284786	1.4477201919669982	1.979782489627967	3.183604016676903	6.482351598528432	
0.13843894410448707	0.36326872208991273	1.3982985330601332	1.9028851038035874	3.0041948869957134	6.103530115082514	
0.16803716621479511	0.39205158541899804	1.42344183991023	1.9712767836002532	3.6059271338090757	6.260103299968105	
0.1393990535472114	0.4141486414300262	1.510019519795997	1.975090974886259	3.217052066714135	5.704336363054238	
0.18950306910047407	0.400206305558775	1.4567069738432983	2.2516225570564936	3.698227841164187	5.94997191333692	
0.14115136053201366	0.4120827626677019	1.4049829270618124	1.9199725042476916	2.838976909679281	6.91757793050372	
0.15197466850378927	0.3575964394082888	1.3964901077209848	2.3236006143717955	3.1546432073513353	5.130348162493549	
0.15488761278221888	0.4259172170677954	1.593229397470032	2.0297440633004924	3.6624811133489734	6.127769984202974	
0.1686172101581809	0.40180010714009706	1.2124116515035281	2.525548871564294	3.2668297516396603	6.34607629434829	
0.12983933057292232	0.3992024070029665	1.5877186657822002	2.566093872368657	3.7051299333084664	6.332534822367624	
0.1268343396997742	0.385026366038902	1.3452711321745507	2.200520243085493	2.854694104341593	5.87389985532486	
0.14224225374290897	0.35916967847316866	1.353032225403265	2.1207912359765273	3.343013296690607	4.500903847277129	
0.11435350715493205	0.36712972908296876	1.4017190266070971	2.190658911569847	3.013506484671727	6.005679116413609	
0.15189784807527082	0.35208679231911205	1.5749241825089773	2.188052056962838	3.427762356025569	6.041307438770312	
0.1815550965459258	0.4026630886264708	1.360216955782367	2.3265078801392063	2.717778401826582	6.071760157600262	
0.15478740435137986	0.3849787889589905	1.382269621470039	1.9323612282800415	2.993462221083437	6.0612449497484295	
0.1332972115135801	0.4472663693945964	1.0523516318538502	2.08046085847791	3.2858766327100017	6.304452556699973	
0.13626112909106358	0.4231032021677521	1.230682160734752	2.028282353449373	3.4517429554658126	6.624113138875652	
0.12893998055428352	0.480511398035776	1.301658706467089	1.8678807673315267	3.413382339826309	5.791023927851126	
0.14255921531190383	0.40263447418764936	1.2115967162688233	1.7840411040054391	3.055837406328451	6.6467410436719945	
0.14168917059880823	0.4407679540120873	1.6017451108475802	2.2108334296691092	3.360410254296796	6.1692015750101135	
0.1523957659302315	0.3660828154958292	1.3942231398513756	1.9199585663325949	2.5317360934806916	6.66244236556923	
0.1523588765517795	0.38023603151362784	1.486978224568677	1.9718945472193654	2.9246547806500596	5.829789183793109	
0.1705214772264572	0.3355878409172612	1.054329653976432	2.037898765258968	3.6213774727764347	4.960473585387387	
0.13229574594265692	0.39001477614197044	1.797496706072973	1.857984491266868	2.795996420272913	6.203219021303511	
0.16807011659990556	0.356284248931623	1.1981406356745299	2.2432560824905643	3.449823454123466	7.067193075922949	
0.1598542066848642	0.4114665109021505	1.3925132444268895	2.6749234335664354	3.120603846558747	5.632846727152938	
0.1771427237777791	0.32397898340197445	1.165820601012508	2.1757047387886743	3.249435629935399	5.863267211069603	
0.16490894635682476	0.3454881650730343	1.4391758989643284	2.0725772201827897	2.960353987465306	5.96289594962359	
0.1627889370494265	0.46058158857635906	1.5128569145545525	1.6101704746986876	3.237604472231464	6.0298816745417	
0.16404313514369923	0.3870227914946101	1.6091917151741968	2.2342091823572834	3.756609372586814	5.736752447971024	
0.1521651520094504	0.41141237834481603	1.3481762479480375	1.9801472475525685	3.045460567601827	5.550470629746647	
0.1578384288131299	0.3102772948738869	1.207496286236539	2.5504904958568115	3.0143435656833923	6.120008910703049	
0.12766280373151306	0.3835767221759925	1.3271820465215591	1.8139357578955106	3.684499142208532	6.709539436236523	
0.14838967813928974	0.4179779232417606	1.7021708543449838	2.3121263256289892	3.4058959153407384	6.119369817889986	
0.1597424604728886	0.36617106304739383	1.390441070709913	2.2469416456706903	3.095993917198153	5.780520196323899	
0.1500027999695246	0.4237230869225366	1.2680290832409704	2.3132233780816307	3.5073338341611278	6.471487205578086	
0.13789880429685766	0.3156780986105844	1.5100371675548332	2.190320838649002	3.5764224062980183	5.579677903194277	
0.16140177564384542	0.4200676602643377	1.4163707098899427	2.2396398432019353	3.3741390986953306	5.50711828258221	
0.15796644903426912	0.4416549369542385	1.433175162639597	1.8359011381898935	3.026651377452947	4.932342330689023	
0.16935391693569096	0.40903600126046763	1.358304194151502	1.8451171167766784	2.9791791385711908	5.617033820581711	
0.1516411139853009	0.38287885504153846	1.6218247724784396	2.0010577055949206	2.7598389473349734	5.305812914914625	
0.1496546271833025	0.35231023345606	1.3882427779916373	2.0523827802313193	3.5718274974541844	5.647820587744606	
0.14433986884578284	0.4072567760840335	1.349207586722413	2.240990660508259	3.3577327101570713	6.085059515376648	
0.13298405425940266	0.42673142053183366	1.7475577829113853	2.1518980497274898	2.909934666154628	6.017461624995013	
0.16484790210878997	0.35662286832280693	1.4115674166710988	2.2232406393286106	3.640990551966926	6.465254239853625	
0.16225301954298393	0.3638017948462958	1.487474410589871	1.9947778846680972	3.524795982462694	6.690731784471369	
0.15830045353158934	0.366038397701797	1.4008670206900513	2.538400985292332	3.136019105497364	6.629996500470341	
0.15508337397327784	0.36730281495852596	1.237715189071872	2.1954940818265287	3.2796077816469897	7.083920802875601	
0.13709710956866253	0.4672012064788158	1.4841699057180129	2.2312332825627634	3.0572515563095255	6.188823784532682	
0.15709576392349817	0.4156184370891933	1.290099924314352	2.452457883994428	3.3674600452258936	6.364937337184387	
0.1466858660774286	0.3447305797453961	1.4403996217186699	2.190268543211992	2.7997358128627905	6.475971243099075	
0.1649478695084487	0.35227274429479716	1.2837702949110907	2.0848633039720252	3.2577659065205475	5.8414973940507995	
0.14908623250843825	0.3884161525116848	1.2343375417622349	1.880541440129798	2.365259734199978	6.565527137072084	
