6	63
1	1	1	0	0	1	0	1	0	1	
0.09244829158843666	0.14198591297483848	0.3610698864545194	1.6445111028207837	3.327737162734297	6.411876275418013	
0.09257837152728757	0.15166757716056498	0.4145531682067906	1.591041588575968	2.8145800830053944	6.485143207982828	
0.0985413744593464	0.15548060653861798	0.35993581086068727	1.6481912226079192	3.33455819957751	5.647197617113594	
0.0951107559002039	0.16289114725304954	0.40741800438290127	1.4415215768525471	3.1242844675272634	6.573075914339444	
0.09473832751408673	0.14135302651141798	0.4759911522109993	1.4841543802668096	3.223278617565162	5.733400596600862	
0.09789731816311373	0.16871795996702357	0.4114859958156252	1.3372029683367601	3.142735653015723	5.21073773876273	
0.102631878332342	0.09048432833108937	0.3214392499352205	1.443198942093644	2.3970129633294155	7.3705121707753305	
0.0911333518848451	0.1572568899094801	0.4281757892608874	1.4684041675337807	3.2483370545658055	5.659336381180093	
0.08681927730387848	0.14286578778560075	0.3839151893594355	1.426289948600691	2.9396492103477456	6.6380653735123545	
0.08569439971444992	0.15892364937021444	0.41232678557675567	1.464036809210493	3.7907636115384102	6.2433443992745	
0.11378766446540207	0.10999740351380312	0.4156416961543264	1.5137518891867865	3.423827901857993	6.370310168162117	
0.09518883372570486	0.16138316314770892	0.4476925594503022	1.1614710809683257	3.6367314519728664	5.922710386019649	
0.09340430461119116	0.13184162030541732	0.3944335834753248	1.6563049193715265	3.1235983571196617	6.4000103750389625	
0.09989507650131013	0.12534787496454208	0.373185113461532	1.3349495340551976	2.9206201981555484	5.741801134619833	
0.09681648862295146	0.1650984695699473	0.38089597585934093	1.2291074337554884	3.6421380501811456	6.231065655905102	
0.10280915175654447	0.1631028821152968	0.3791790138990502	1.3532943007837084	3.362636247032504	6.3737571758232185	
0.1038142691296829	0.16216529198738022	0.383817187753903	1.2876309870817577	3.0455181869552996	6.823564382042926	
0.10032732251545995	0.13308745863026225	0.33356951651301087	1.2385295126269424	3.5177524546323387	6.185857411442906	
0.11844733232375573	0.15864216416191518	0.40417909716145217	1.7145478363680215	2.935142621383259	5.09986616248106	
0.10552889898572199	0.14633906684778422	0.3913064796449109	1.6051411918059568	3.4975065879382243	6.909913093420681	
0.09091920111580681	0.1634605905277345	0.35064494691714876	1.668657598626841	3.3956397318318228	6.304125946875024	
0.09417994904114799	0.14202937790053574	0.39540083912877483	1.6800017848916131	3.7642748092272624	6.215088062346695	
0.09578697823614925	0.15859363712539887	0.4276696199764835	1.4602872856631335	3.124133678621075	6.4074764002021345	
0.09760318387668236	0.1446733551892302	0.37786661200710814	1.525324242688372	3.1776768131330018	5.977671686175831	
0.10143457861082801	0.14427278949946415	0.43888306708716474	1.693536267711417	3.151587647707453	5.521435772309747	
0.09536008276479108	0.15668732366814728	0.3767319646587622	1.2471308568214612	3.199360242125166	6.244235725429599	
0.10984638308927748	0.1763536637461407	0.3629726127207787	1.3408495199677446	3.168574415599333	5.4326664390445405	
0.09299753143578723	0.1395857257475179	0.3924222660723603	1.3109019848150971	3.518026780968283	6.689477191556611	
0.08874157329042487	0.1304256482769878	0.3596335743538399	1.372610208614787	3.6614703261237507	5.969798618963126	
0.10419709366180152	0.1562680223420812	0.34653767560727167	1.3941503021222084	3.2458404322918977	6.226552152825122	
0.08565744270029226	0.14108120621478457	0.38043736896329444	1.3671344733154407	2.7942939314490283	5.5665118720145985	
0.08607531391921275	0.17071417488868215	0.367853697080667	1.4206323099655127	2.931854429836782	6.138426604365988	
0.10695067828713128	0.1362568833764196	0.34603816785192126	1.3591300470479928	2.794971405080573	6.228135377957255	
0.10758999133910385	0.1285114151444017	0.4134773555291579	1.5560868095240779	2.3267261755197306	5.337764619665365	
0.09393433273760737	0.15852585025040358	0.396643446049511	1.297736008085853	3.777990118298778	5.579957849033249	
0.09164752937812304	0.1325871239700535	0.37321425120198076	1.5592960117898913	2.957079159963406	6.125052916213324	
0.1020335983595301	0.14952814552977972	0.39224012981700296	1.5595712452000483	3.3387202443213324	6.628064556767232	
0.08899937411758801	0.14336678570962236	0.33824408754133173	1.5083491611478743	3.6470957919808633	5.814202336467992	
0.10281543008711858	0.12758187662007944	0.38081894605793576	1.1907381526557228	3.2697051971416533	4.845978281328606	
0.11694478783777687	0.149240322519168	0.3765863093177299	1.7028921648376012	3.2714699369055547	5.034296923405208	
0.09569192074447755	0.17917761636116672	0.34598042934018425	1.3670014489714006	3.7526800838294685	5.537394327801795	
0.09904580548087666	0.17025681032442744	0.3581970714216714	1.3158068723217495	2.6510218542311352	5.338245342273991	
0.09116589191796941	0.14455308288406393	0.3935768520422428	1.4236180212468763	2.8497469453800983	6.816274616872403	
0.08897973318240039	0.1770548221778026	0.38574842392527764	1.5794875222283102	3.422210222076832	6.903449329468015	
0.09956633900451664	0.1460014648294298	0.3915791605665107	1.390633572965306	3.3974110453837363	6.929883536052058	
0.08309501051161777	0.14885966693165098	0.4636225895162303	1.3741872224354494	3.579461567266149	6.522374436511608	
0.08562161921840944	0.1544521267145331	0.38834773096190395	1.885080126081228	2.3965517851095046	5.027667431670002	
0.0977128399263604	0.1446356115947801	0.34642722469726267	1.3127797881001326	3.4723890416967396	5.495874615301094	
0.09458906715875177	0.16495512902942872	0.4120389023096273	1.3617066773876707	2.773673076243949	6.527567885438426	
0.09060154738795818	0.16937772324662173	0.39593650876317615	1.4023624066768983	3.3925067393703046	4.828783759535955	
0.11480230324704058	0.14686219983399543	0.38634446192920247	1.3475675352680654	3.194501866284063	6.95879718310433	
0.09729978129702578	0.14373540032712165	0.4059611564054562	1.4743894787361584	3.7549747301204035	4.790286712117426	
0.09539494353364798	0.12862770027272216	0.4267922699397166	1.2452127124011376	3.357177803943808	5.215866563230413	
0.09500637358256021	0.13507043425426	0.37973852977764083	1.7200108425090879	2.786725797507933	5.317423787815136	
0.10596980930626708	0.1477075087519452	0.33164041792265236	1.3626407698285057	2.7580695374846287	5.705900609877595	
0.09028171693404179	0.1546639137281651	0.40443908913770626	1.0504917585178848	3.284794691605192	4.61808813084355	
0.1000630779951703	0.17387285323776105	0.3667622886630032	1.4665950483049872	3.489650940526058	6.464068560229544	
0.10834437456528312	0.15652747459420616	0.3513589723465895	1.5221528052773714	3.7342260649200907	6.290966483084899	
0.10190147992125215	0.12487698085660962	0.33960219417444804	1.3272164029136073	2.892927328716874	5.901392426462129	
0.09071431188199693	0.16299397827481601	0.36484792960362766	1.2704588802513892	2.9501161282857873	6.041051808472863	
0.09717848014964706	0.15062653487791383	0.37063041768013966	1.6756725811772437	3.5283952751218113	5.483951667831924	
0.08054291685689824	0.14460043613872878	0.33679084788780633	1.182826329661867	3.457493697334024	5.993785803641063	
0.11122542795506654	0.14889120459047556	0.37169437806339645	1.2477381718507892	3.0465517973063774	4.923389368064262	
