7	33
0	1	0	1	1	1	1	0	1	1	
0.13155225268044435	0.6538830349819528	0.9355954879460291	1.678734714121142	2.554750559685216	5.684157307116465	5.6573933138042225	
0.15339146350942653	0.5670268206885721	0.9124265048987887	1.4613038209337852	2.0744566632754657	4.904952797345517	5.877538835468421	
0.14702304074834463	0.6499915892991776	0.8548560233250961	1.5846300559880118	2.2190051224516436	4.446711855248156	4.794523417349118	
0.15494024077986596	0.6817546315904026	0.8783559826862917	1.4620240552232795	2.001364487049772	4.256053193800122	6.497242721453011	
0.1532656232976406	0.5918468962834376	1.0508100582490827	1.5634183031369895	1.7207965762088149	4.606554784287036	6.524059861644243	
0.1595792061711052	0.5804201969278917	0.80581793092283	1.4459043227879695	2.080414817477145	3.4948967604606036	5.871809611240377	
0.15369805897338118	0.6112133772385887	0.8248164396041071	1.335728191224586	1.996220321154704	4.462449342718076	5.869686281568939	
0.15708395803767503	0.5792318466989341	0.9475993682163975	1.4651252375451087	2.244435306424378	3.582924687607857	5.9257918588043	
0.18813881991928008	0.5311914656270182	0.9195750152720914	1.5560337916238471	2.606186709564931	5.274532694968076	6.180154101848183	
0.12804311289300907	0.5408649930740222	1.2104998135093255	1.4235356918057793	2.298075848898329	3.7956640514829347	6.071439182213679	
0.1605067259889173	0.6676111960208105	0.977322500863728	1.4317092045627091	2.3494950255255813	4.190007736688413	6.407619532149798	
0.17103075637093937	0.6422235224096683	0.9167406513736943	1.2793846940162859	2.3307784824778	5.258737875441458	6.263099813213165	
0.1562282325057646	0.5915643461841403	0.9051926962735883	1.3293206515040834	1.8969972047459147	4.209548568276972	5.827076696400745	
0.1582300026272587	0.611829964641287	0.8310779044302997	1.538143483580549	2.5447028589050125	5.113797858976354	5.023826254849082	
0.14457646022002826	0.5767509299830893	0.954957731757833	1.7243336188232734	2.371960364623523	4.547246652309125	5.487578649006501	
0.1589325164283228	0.5045012496602588	0.9771970060781289	1.4444805304077577	2.4824259491793543	3.9882243263362422	6.206029083824287	
0.13943346481442928	0.6436160355123978	0.9255979905746917	1.3718067770497187	1.840102543896414	4.684792243492076	5.265771765226862	
0.14466525769977093	0.6085655649603602	1.0662168495491569	1.3839699748375915	2.202702317979302	4.74446840449495	7.087700617976216	
0.14436111542795918	0.6054602745755409	0.8173811437487293	1.3425502607103654	2.311443845966445	5.128069519592663	6.227673938568877	
0.15518284095216947	0.6665231389193179	1.1202252054689925	1.1345768828415885	2.022442097018665	4.358020027184394	6.286230643463886	
0.14153807422864778	0.6059863927709609	0.8656602790808956	1.2689732893083538	2.8117185000476095	4.851935297058282	6.676385322485644	
0.14965844261664654	0.5399953081339183	0.9814278859918938	1.3413179798686226	2.4868058698800635	4.466133336403425	5.243846703990296	
0.1581919348440817	0.5674272516190114	0.9476998662675359	1.5441345942727447	2.4035438631980544	4.6911140683178205	7.402210948601567	
0.12695460705325207	0.5936315934610524	1.0822923733045802	1.274982156500848	2.261056226366126	4.336594553016578	5.938327437188613	
0.14978938103173878	0.6706869719206344	0.9333039135273552	1.2097819038973119	2.1449701780814374	4.151486832127838	6.103433127754383	
0.15953809090275503	0.5214603014119226	1.0196187676245985	1.412041561542803	1.8774723195263032	4.5385928971342695	6.396737198703393	
0.1328854070960594	0.61817304776047	0.7889669986051229	1.410014838926607	2.3968898816772066	4.24664223557656	7.191335457877761	
0.17641892795711892	0.5415387322511754	0.9802210448101351	1.3755868799290953	2.1245189360284016	3.607457170999813	6.3102315830856845	
0.16150644666660394	0.6287458588358547	1.1133391632164904	1.2875390763098744	2.153473155058732	4.130455138496441	5.547088297397535	
0.15860659711630976	0.6390695089602567	0.7940786227334834	1.545718916669305	2.1017677882582975	3.967565884116587	6.205275209476712	
0.15414403055299397	0.5598031336772173	0.8833757381250861	1.4210690833156239	1.9682342663077275	4.258734350642895	6.481177719909081	
0.1361879965017075	0.5666054101130514	0.9836115376400434	1.437861454188719	1.7768102847987357	4.331467964735783	6.24094142008936	
0.1669150243867805	0.4974097516641884	0.8669510197063724	1.2341633933901484	2.3871908165602718	3.836384780886427	4.757490629170653	
