3	77
0	1	0	1	0	0	0	0	0	1	
0.15340186893763844	0.5787822424592707	5.112431497098744	
0.1276425479382256	0.629816115029461	5.587233889246497	
0.1554597052970458	0.6138648250792801	6.6268732441128755	
0.15955917938574168	0.5755555806453314	5.8573533035539285	
0.17052412074337533	0.6147028780618606	6.36036052162959	
0.1398390000044204	0.6632804528439764	4.88828684447369	
0.16505143974773384	0.6353308564696877	5.9397415597336725	
0.14430026761967432	0.6309323366052523	6.485939904419003	
0.15370749491530608	0.5605477937580398	6.716607607161932	
0.1663440293624748	0.4129446136410742	5.696281215069742	
0.15022803134621646	0.494930698535646	5.802865071989418	
0.14775487101418927	0.5629524493894688	5.812656023192249	
0.14808138784428226	0.5764407826422934	6.00712855809679	
0.14053540622397337	0.579332935321267	6.235123598470862	
0.1385737754727115	0.4626980554019676	6.5113554254034645	
0.14824828956070138	0.6855119468729547	6.591211006350217	
0.15088243633348442	0.5849342893515869	6.069211646795143	
0.1428643280514905	0.6032231203504174	6.3248542566163195	
0.1457338458894836	0.5151937332064167	6.459215306570222	
0.14098063791648024	0.4388239562999719	6.060739394790048	
0.14233886545593463	0.5346454163947452	5.333796037185699	
0.15097002202555812	0.6309183714978576	5.711795138490984	
0.13428303107750506	0.6349617576477641	6.42861193585326	
0.15195925765295165	0.5430720908526132	6.717827295760148	
0.17989088353456728	0.5546165896228732	6.02763216369028	
0.1517768569233954	0.6162268548714024	5.847901911852498	
0.14331507847020927	0.6032694579418086	6.445954561700217	
0.14772561867849712	0.633549557863637	5.997695891521126	
0.15416049156658354	0.5861813759631314	6.369510338337847	
0.15229656200595118	0.5272876762313629	5.640158289580471	
0.17578757342536502	0.6239584569116448	5.644550683416135	
0.15736780049637814	0.6099204598013381	6.0201929733528114	
0.15227129283613472	0.6847166666517991	5.489476803498297	
0.14843104043225755	0.6241471386515216	4.892291640661041	
0.14093099456428118	0.5697073497315903	4.832598527062038	
0.13223507555132383	0.5023226456660106	6.173829398105184	
0.10603828346604206	0.5625323812918492	6.404159401381097	
0.14737923844987524	0.634522319692031	6.034150421539925	
0.16529689415895962	0.5112553012664152	5.795915089165746	
0.14209885138446163	0.5911775005167232	6.12115154521225	
0.16615946205076773	0.6457411090782957	6.015454494347421	
0.1784419457882546	0.5965567754324776	5.8051057101951855	
0.15329526452291234	0.6671530995360926	6.365634279710419	
0.13477982532143912	0.7774218586727809	5.593401296343789	
0.17674752526498386	0.6651107165796452	6.412296099962317	
0.1701266074164614	0.5851056100263302	5.89394709490036	
0.15846665089679338	0.7383533337054089	5.849534694107769	
0.15568842284759812	0.6622973811977775	5.325771660149363	
0.15713818908755528	0.6417381375735002	4.97088719961075	
0.13798857388058033	0.6601579116806785	5.658345487322618	
0.14368061668324636	0.5687663404411442	5.841583402278914	
0.17070981414905162	0.5043861872327554	5.65970298960543	
0.16093072322682764	0.6034985195164418	5.386148103454101	
0.15212918194883876	0.5974182818307191	6.4594478817864704	
0.1732561147522527	0.5695704496667884	6.639103606063097	
0.13562002312444665	0.5804918318727884	5.506606622289275	
0.1341739174790428	0.5941650217985395	6.4849072721549215	
0.1738314513754684	0.5567604841173319	5.925311467288087	
0.1580986049798392	0.5827650730421533	6.822375756136287	
0.149514755089882	0.6110194237446354	5.768357351714688	
0.15901379969092216	0.5506434147397238	5.647060561426748	
0.13833383895865015	0.6457814719741813	5.395093980079297	
0.1525354931696812	0.5256935427688729	6.495019087385955	
0.14640621564211118	0.6540864562936295	6.0862635141379915	
0.1702134125820294	0.6138084206071776	6.027532405609693	
0.1725733666520319	0.519162318675209	5.637473475163782	
0.16754182748589855	0.6183680188479291	5.239729011417179	
0.17298564212213868	0.5818101239002555	5.55341572757926	
0.14385578060134702	0.5759631818311528	5.065116131120191	
0.16222997965966537	0.5793630832565179	6.596038569614903	
0.139916058848584	0.6287136460385258	5.897638259082736	
0.1607572571643536	0.523711784826621	5.946860238498443	
0.16337771918109092	0.641458681471775	5.45759959104244	
0.15474622166403926	0.6037696742931341	6.5090735109418905	
0.17066424594386576	0.5757557294292578	7.00905950307443	
0.1576202232567295	0.6818238724747406	4.858104220913221	
0.14624983485797513	0.5272921532937115	5.866648788944098	
