7	79
1	0	1	0	1	1	0	1	1	1	
0.12441777796465746	0.43530433103671506	0.8655804601203748	1.3363909851352276	3.3324073372281355	4.114093818606853	6.453434090344599	
0.08747488632426532	0.3999125807126896	1.072757350230968	1.3522413238290496	3.4555849065812025	4.162155008025974	4.444075444025634	
0.08416974067949866	0.3940340504259191	0.856391599166242	1.4336268566327204	3.0507363382084867	5.131333735714994	6.448277179213572	
0.09741620527523981	0.4060129559250308	1.0925217702900765	1.300735070876745	3.3817885380637196	4.869841043533857	5.75013574150362	
0.0938391753428638	0.4030935384457383	0.8676367613512171	1.3517066357912682	3.2855421673973995	4.281946736684392	5.941612239567951	
0.10380614364642633	0.40272885210389575	1.0243446927061886	1.3215250192018457	3.391771016979973	3.4498303131553834	5.538847934814715	
0.10188962867703136	0.41443615646643334	1.0357085182267387	1.53718103365228	3.2459764931361574	4.638018041859753	6.392869289719311	
0.1040928622324756	0.3789426350099579	1.0366176610846094	1.3847085370294785	3.383072500389456	4.732815048855554	5.184971550596527	
0.10309828083451578	0.4551065785733054	0.9663353380750777	1.374267571944845	3.7191726048995677	4.196349465689439	6.783040863498968	
0.10094497012719755	0.3461148245552579	1.0208664096223663	1.3247216177896082	4.262519732678494	4.94559061591666	5.398704040851509	
0.08010907674455162	0.37143346499065727	0.86841624394199	1.5624261810592501	3.332369560572207	4.479186473506165	6.151478143265432	
0.09744188354715018	0.4057377503413824	0.9644537459184684	1.4525535478222251	3.0623904686613437	4.673101131058807	6.293200143645979	
0.11597895995466814	0.37289944486937115	1.0016402175460148	1.5439509763860042	3.3954589974549236	4.172388831294579	6.786696731413778	
0.10201071279092709	0.34804300720443293	1.013506641344326	1.4004627178216595	3.212211634307874	3.791626038526525	6.897246556646596	
0.10516673108065107	0.36856212232412017	1.0724402561413204	1.418199743575762	3.556880463291299	5.46928449403441	5.594777717324023	
0.10759527496931996	0.4372644622432632	0.8968238309465232	1.3608112273747106	3.4260121659556524	4.500592238631552	6.546450606049527	
0.08830990955958867	0.4039033936351378	1.0565379084421644	1.4925449801579747	2.8579264902907924	4.36670500077068	7.440228778018536	
0.0688262405087202	0.38180053182552415	0.9481095487281149	1.3578121475538003	2.9713178565775857	4.588008305916156	5.501227836025141	
0.10047587471978964	0.26767903731139525	0.7806882560971667	1.3062556014984148	2.8498116081839657	4.2624072613831006	5.942549965088531	
0.08479746566440892	0.38048269097988635	0.9181019692668899	1.3903066900678374	3.2305294135557463	4.595295389630092	5.713679427450428	
0.09955591906709589	0.3712632417306981	0.9193744351534232	1.306400043207235	3.8064734820892636	4.425353201365876	5.787291718945371	
0.10438100889903704	0.3741715699611374	1.0183778837261548	1.563384811864473	3.617351405762306	4.040967896590126	7.847227761284494	
0.10073497107899353	0.30899789431361974	0.8310965930130797	1.7240876800747402	3.1262235430279066	3.553344215957057	5.807666902845067	
0.09336042949877874	0.44612209340170333	1.0056658126337858	1.4353748376741888	3.469347363650652	4.311735726830409	5.432861705852355	
0.12182582908795228	0.3539349825058098	0.8431994949282812	1.5244004551838264	3.0454944360794904	5.080404140153398	6.080365155382453	
0.08346153416743973	0.3917441944601674	0.8909295822491585	1.3336821426348215	2.6450301533622316	5.359912846414377	5.537338888270488	
0.12229201029537191	0.38522427387527136	0.9455842897865945	1.6017890464968427	3.405926134633445	4.491280396143208	6.071212532147738	
0.11777605299964355	0.38907677938943325	0.8937527839888815	1.3311278751211049	3.583734228757698	3.8849574544026098	4.736123405233285	
0.08084583963171968	0.3782243047801804	0.8566954060723166	1.3445449564057823	3.4222272653956787	4.92947442129303	5.726701139276464	
0.10782107107418876	0.3605614975015369	0.6682094203963062	1.7053113698387272	2.8112689501687513	4.525942347736055	5.289817689332393	
0.10806738370766092	0.3542746433109536	0.948153248417885	1.3540141309960922	3.188626431587638	4.602623167267595	5.920481259847034	
0.0960270907151457	0.42755723262240686	0.8961799494417699	1.70946399432094	3.224694789334599	4.177970570598914	5.426238296846149	
0.10839921508316364	0.36413496945487656	0.8795198533267555	1.6363546984948991	2.9191929625180926	4.042287430943665	6.54122633910638	
0.12391158103191097	0.35502848944337795	0.9221125054834682	1.7400482690453598	3.255682645506546	4.351539531593851	5.944402333161081	
0.08015724792594277	0.37679757588564705	1.0410006589432845	1.381486642763358	3.285673101314449	3.889859278025676	5.7132221079656205	
0.09975736764749837	0.4152418761198414	0.9344085622923697	1.2346781930742283	3.1849171800376648	4.365902923708666	6.157534242778162	
0.10183372209324054	0.41867573660037305	1.043822440278264	1.2096602783725507	3.1731732516368973	4.552158415451713	6.318761466501655	
0.12027911157393097	0.3620430344317388	0.9285740654338462	1.4581535815552638	2.794647529640221	5.3740267282072365	6.441665057937759	
0.09621065487324386	0.38034733721575315	0.9377371666513168	1.585165929558334	2.9339650580723173	3.5721055901508407	5.869945818675177	
0.10351688788608367	0.3995602159512345	1.0411082679731247	1.2452942325005145	3.5692137676379176	4.913379673219264	6.008596961273364	
0.10044507266129699	0.3850066735250948	0.9362726840363149	1.7472480479002155	3.5299062208395684	4.050032906648406	6.292672693324526	
0.09918149252056621	0.40285787925395034	1.0379544621892558	1.355860372511873	3.2189237647254996	4.917072263154981	6.821702834825341	
0.11043636105920895	0.3712470943709779	1.1055912243079387	1.208068394696679	3.793375999849292	4.746524184571016	5.2387419652330225	
0.11016933638570253	0.37414731159240516	0.9620396504333332	1.2450502633271499	2.876008514652977	4.863811718572659	6.18998443491572	
0.11553132992543334	0.40453087908838103	0.968242501970951	1.4766523141655483	3.6831445844921866	3.967907061084669	5.456870520484658	
0.11260481013453534	0.42017644300475193	0.9427938440633357	1.200383738056152	3.0588057605211056	5.058543486385188	6.462266329070266	
0.09894571556630101	0.3440160054049324	0.9745849675825643	1.2991586022264787	3.2943806023541997	4.417527923750363	6.26186716405341	
0.10549603750146255	0.3879508999459164	0.9251891458220954	1.7508999691610896	2.9802707603307095	4.4041215814892585	6.276377562934671	
0.08954221941262333	0.3301187289070016	0.8791328126302173	1.5597455608453739	3.1042767540085783	3.7301487650326397	5.983025858257942	
0.08807523555452451	0.3590896709729476	0.913912010872749	1.621364255025045	3.2804091129277544	5.058291221733757	5.840787735471457	
0.10056453346074012	0.32405268893625616	1.011446593887638	1.4488764752129035	2.9339038342920123	4.549424716608723	5.728886796879306	
0.11745835440799093	0.39029972085332126	1.1121534205263461	1.2975192662689221	2.793555367286963	4.206833642432702	5.3839093173079045	
0.10992910906347356	0.3610461210630356	0.9237853984583672	1.5119783588102254	3.257345491530855	3.787982735617277	6.088214936622043	
0.10447097376216159	0.39156679713291115	0.8602409655075584	1.319422387523421	2.755162250570247	3.7944059177040494	5.944083562941563	
0.09286194193465185	0.38078717661378403	0.7950799442541437	1.6058766620977547	3.385619916919009	4.220735920479663	5.654547626686583	
0.111967630165423	0.4266095547626309	0.8026890686700672	1.472657001451093	3.315550340225781	3.9431573312363994	5.712258411771141	
0.10427188415136268	0.44457949537069935	0.8577762467968962	1.3303144659850636	3.5965612522629407	4.476448466102122	6.010618139775663	
0.10702620473971813	0.38032799555112223	0.9060032483708149	1.4409327570155581	3.054742319463946	3.6096911445065745	4.878605945511712	
0.10664089624556106	0.35089138673447035	1.1505070368092714	1.3908986744437666	3.6840854422993528	4.071441057507879	5.210589564115803	
0.09111775075064273	0.38678847811566414	0.8863944299267853	1.4088984681710102	2.9391769017164893	4.526502243727384	6.183500304601008	
0.09237852604350222	0.39266965589483654	1.0292836052307348	1.543805260987167	3.5675446896061858	4.743105136013432	6.841450657369187	
0.08610231919411349	0.35391085119712107	0.9325983923819243	1.55074639784463	3.294938704067206	3.88089488322465	5.9801992368749985	
0.0822298986461612	0.3298826647095204	0.986010288098856	1.6081444101832874	3.479884080605135	4.14343554334463	6.47829768459062	
0.10694410175788667	0.3792163467750771	0.7925153590887911	1.5686844045748671	3.2555065416968034	4.266011215612277	6.715515596546346	
0.11912878545885373	0.33707145392837295	1.041437161947337	1.5910619066344844	2.4310576613713466	4.825805138290083	5.475673582419716	
0.10531161116268628	0.33560784009077077	0.9831121654979079	1.4549556111119835	3.3007414671962767	4.921030594690489	6.395314767285655	
0.10689690033562112	0.40314750237211605	0.8893081934894047	1.3030895974378733	3.2219489853840075	4.325321024022451	6.060556299960965	
0.09674932366038086	0.39978534445573954	0.8775877785679081	1.6235259293616922	3.064804286530514	3.720307913789128	5.502160968140162	
0.11059690364449495	0.4030992169366365	0.9249193102240829	1.482446607140865	3.21909698384115	4.803139536050249	6.74908234995001	
0.09081104732934993	0.3627910764262664	0.9347634639090499	1.2340145001505083	3.138149038322178	4.198880027974155	5.657412040756171	
0.08683163135558958	0.3977641558339035	1.0292986272641398	1.3384673295300946	3.1700854704083907	4.672442754529176	5.911089603725287	
0.10776330100390288	0.41889154125571104	0.9393591669860611	1.347445153756925	3.430420100045629	4.63097294073384	5.849742590799271	
0.11294519965671167	0.3570311729321464	0.9883083136738114	1.4644013719971718	3.0481393580176963	4.526613129035301	6.253412127423532	
0.09665759711310404	0.4203109093537928	0.909222339940806	1.355574181151884	3.5587629967537633	3.574083325121154	4.503029496468808	
0.09501324977033329	0.3438099202280418	0.863796369538853	1.5841302010488405	3.388084029968677	4.408636326123958	7.049902877463378	
0.09311728735560271	0.4051269289150811	1.0502095516068737	1.3015197204085924	3.3775249731841828	4.629965147998828	6.08110023593173	
0.0858140414866166	0.41387476465497736	0.9518461819359549	1.5906605708386479	3.155839314219883	4.919543070140229	5.663663493251074	
0.08884445361225322	0.3622717966522707	0.9248662648964648	1.7069034026264478	3.2723215364064058	4.838218326831383	5.833535708009565	
0.09752757273277879	0.3823753268576122	0.946665051304434	1.3309550794596114	3.674527127232919	4.759715574409114	6.369391372745383	
