5	47
1	0	0	0	1	1	0	1	1	0	
0.0743821148703283	0.9233845515410933	1.4612901656063657	2.603628900403589	5.104563217293613	
0.08310096329355113	0.9524528544139933	1.6194094421885978	3.482210353713704	4.242954646693918	
0.10229777426061791	0.9218353316471015	1.409226458554768	3.0680319409733072	3.898211197434513	
0.10428319507878613	0.9868725583792455	1.5273744649985175	3.3784819778538755	4.239027243572876	
0.08344036473409268	0.7671302239250029	1.4097919437451552	2.7411707751681056	4.417012440155763	
0.10332284143858955	0.9945752710779571	1.4028364973189047	3.651987919752038	4.33727797544483	
0.11462087025845764	1.0622417021476696	1.496849515626343	3.0081188923443385	4.574104211438833	
0.08298215902457962	0.8610231896515693	1.4217161195429797	3.3937152374117985	4.701321858111913	
0.10291637225608288	0.823041698840346	1.549329541702004	3.3988301863654153	4.631109101831678	
0.10734194666436465	0.8874959152696801	1.4606059008404164	3.3330837615545716	4.809080000337609	
0.09272705955695144	0.9534256964826683	1.1193842826482656	3.6746364983919997	3.6851829213033063	
0.09378423096398825	0.9123575779313495	1.568234778462289	3.142774768231081	5.23658692726056	
0.10667537025166421	1.0891641587437517	1.224740256966385	3.2919286186054	4.958723385154773	
0.08582588493465282	1.1490806094305261	1.4220858073448732	2.7555134827227774	5.026076205404121	
0.10089039286343278	1.0120658214192224	1.2928008234592778	2.77184247294134	4.561170351449782	
0.10697637040088553	0.9212127270587892	1.395170965814768	3.1865025550300023	4.0691731262787165	
0.13270590597214627	1.0375748248490704	1.4771374162154207	2.856992985264947	4.21989215336319	
0.09967655632872968	1.013085632892086	1.7955981607291298	2.944239066455032	4.25641895601427	
0.09702206519990464	0.9459376986987524	1.1767911798501145	2.703620669485399	4.157628423517288	
0.0986474839878353	0.9026199184315172	1.3573962481084112	3.3390358191871385	4.250655803624478	
0.10552912179078325	0.9272014298903261	1.3397321524406491	2.951330729233692	4.6040795985015786	
0.10588870867360119	1.0592222678569208	1.4799339859568519	3.088275151745181	4.333636832624864	
0.09895187167947553	0.9634698609444439	1.257033579917391	3.099268928525506	4.183481218506869	
0.08658188068249788	1.000868837399017	1.2059326988120254	2.9423010043659987	4.4976191205299445	
0.10722457208142289	0.8963166738682212	1.1720654511673785	3.2861131599454376	4.706509523786409	
0.09454168733124246	0.9543857019824539	1.1162207868223133	3.3152616683349216	4.933107112451595	
0.12105467501083152	0.9327982875149267	1.4026667445316212	3.328048291141887	4.273287405745955	
0.09459133581342744	1.0049562720258889	1.4352076309828463	3.241539050701003	5.152707103374593	
0.10573682533096787	0.926555443040612	1.4040426678447686	3.3931027519035037	3.8368677440161614	
0.1018946507053056	0.9363687524380306	1.436452166874075	2.827074051506181	5.226125098403251	
0.08546505471874437	0.8971458741775484	1.3703371954406407	3.1809467876838595	4.952418024181007	
0.11278063770043123	0.8646444435919118	1.5072130974066695	3.8550152287703345	5.772721007646367	
0.09685866687134047	0.9131777795282544	1.4202436156474687	3.184879137362901	5.107849569037238	
0.09225853084492973	0.7980990604447292	1.5471101513178243	3.44342206295017	4.074013547287585	
0.11809543542122891	0.9147066765213382	1.4274060190195053	3.0794397109442597	4.524801684110822	
0.11359457173776583	0.8351147797697919	1.3313140962017842	3.1922869051948357	4.66238261129144	
0.1054022552074075	1.0520141871610118	1.4779207648489734	3.6395271927341146	3.956530813530102	
0.10191386512157395	0.8927919231506206	1.3774853419723325	3.2656474971206544	3.868167352013056	
0.09270587334285943	0.9523504872103312	1.428433855137766	3.349059890858832	4.249623091352312	
0.1193040435254182	0.9391506894983931	1.6427107569479964	2.400181290872687	4.6498947160044075	
0.0992022994113979	0.8809053645049102	1.0842815313916365	3.744466672642888	4.486645913957274	
0.10406094015599349	0.9126232708844484	1.3088073979199364	3.4121620942461828	4.335267151915825	
0.1099413220982922	0.8860874689436217	1.3963123327421592	3.388725662803571	5.114422533080423	
0.09866863668931519	0.9884211130798032	1.1902312436292601	2.781378246826153	4.6872283510855715	
0.09512879155094991	0.9938314812983017	1.4908766817559418	3.1981205725495374	4.705616114655209	
0.0864669109372528	0.9694889427316857	1.4300493506802059	3.072659812751747	5.1250888504458585	
0.08809110615631979	0.9391533789402547	1.4635864171388469	3.419380987693938	4.824287525001608	
