5	61
1	0	0	1	1	1	0	1	0	0	
0.10753680851076385	0.5597941492775826	0.9234831896280681	1.5455831908984334	3.122461648308388	
0.1083398400594196	0.5861903095092191	0.9973147330490892	1.4415650581558106	2.82218851482153	
0.10456786302607822	0.5378279493190281	0.8190311012463428	1.596636593171899	3.123086417168607	
0.08012454554394821	0.5678845111720331	0.894936132507922	1.187048982862805	3.01202151196386	
0.09703361832385068	0.6719495026100504	0.9217476362383111	1.1743628332474276	3.307254330503377	
0.09156566337390243	0.6147052614025335	1.0142336904993747	1.1851723328052959	2.593393045253911	
0.10435135623550079	0.5811879640048557	0.9021357412880343	1.4551739903809815	3.2454377346903303	
0.10891629857462815	0.6216956952383583	0.9137721998839393	1.4486104900052388	3.1531669168096883	
0.07469549453325745	0.6608500189771612	0.8550324516305446	1.6266228195930943	2.9946878045837075	
0.09219114157839031	0.6446515333801907	0.78135023467695	1.619317762612876	3.195608446247998	
0.09096646896109345	0.5733803911017878	0.9269857823161762	1.5219485785477558	3.2617910694385093	
0.10978183683240533	0.5787464336817025	0.9170121277513732	1.4177394442669766	3.145553483722441	
0.09127942352116124	0.6233341451413053	0.8184865553454438	1.3414260147022068	3.5814796425465762	
0.08680322907146659	0.5666193877298509	0.8429456144844661	1.4714744074298567	3.3531170713480964	
0.10465096762537418	0.6628598213774638	0.7723851521440498	1.4742950268483377	3.44356088593394	
0.09693605032664772	0.6316834457079008	0.720545898670898	1.6100904981408688	3.5169143091078037	
0.0962064632273407	0.6213831101894559	0.977192020455524	1.1079430520483937	3.6705782637331263	
0.09415333428977996	0.5718364611099731	0.9159473646303421	1.3982253734076648	3.488057117171757	
0.09810471770795709	0.572465004371187	0.9557841580055315	1.2174134839940594	2.6903107600351475	
0.10844034708299954	0.656072089049567	0.8782398477133906	1.3963121881763587	2.934815971311824	
0.09296540953686512	0.6319863534731022	0.8611931972711453	1.5892197620175683	2.978512086469225	
0.10396292455090908	0.525736322915944	0.9671401926509886	1.3175613259923316	3.5854952910160964	
0.09836233234302512	0.6104246615171335	0.7606248683871453	1.397298402549677	3.2093665094723356	
0.08731142045762233	0.6555334376854486	1.0245947602176382	1.2793213726958523	3.2471544053174326	
0.09769884920759853	0.6161077186068031	0.8560690310422242	1.6223608449181235	3.5579320885402748	
0.09036066140667741	0.49716310600608016	1.0192450078299646	1.4555773713264344	3.061069045869776	
0.09845911652610669	0.7378706104400344	0.7204603685735506	1.6378457869291005	2.7527403537084796	
0.10266227414078902	0.6429795640385804	0.9130226042680978	1.4522755000868104	2.9204674829007624	
0.0918340422481026	0.6079286718728318	0.895828679382716	1.4132326172400436	2.867067395764485	
0.10138363993600888	0.5783354114867514	0.8730783658572768	1.1906090474438153	2.67371411306128	
0.09979004802187433	0.6653567731686084	0.9927567434040286	1.6607003417396922	3.029245029685073	
0.11929718095303615	0.587310045956786	0.8335843532733855	1.309758613526632	3.353192315641881	
0.08587703747675726	0.5372129189790448	1.0078373898720943	1.657665839065303	3.009808780267531	
0.08670033037052119	0.5825619022914705	0.9641187656191803	1.4337562418950003	2.98502610634432	
0.10007178386074299	0.5273000723521821	1.018628256543822	1.4679733240196546	3.2139445887263403	
0.08804254360345774	0.43374337782133227	1.058761878751717	1.297931801801698	3.7240525616345357	
0.10327380367529618	0.53303965894667	0.9657964714823662	1.4917952286775717	3.0169812734974966	
0.10732871358666068	0.6243607162792736	0.9172501129665537	1.5262153307216761	3.7138084819013906	
0.11353019018632622	0.5578984536662177	0.9119639681512925	1.4154626954921272	3.366921775351298	
0.09394402523727688	0.5579584730537712	0.9861558833057978	1.225348696291396	3.459345480761002	
0.09588079878457079	0.5514132217800434	0.7775342125965161	1.3721280054750098	3.2538083137838427	
0.1144062211314044	0.5580120412872872	0.9239131994984912	1.19706399711025	3.552522374112362	
0.0879707243011052	0.6361880008680008	0.8996745302337551	1.5414984798438902	2.9967695675072505	
0.10328396498838908	0.5899939400189406	0.8460246832607627	1.3915154586984828	3.3968920862261975	
0.0994010493866519	0.541446250841284	0.9300721804400719	1.4177539146694242	2.4466410251785184	
0.09260445846067376	0.6767211452127461	0.8448523109292146	1.3396854331578452	3.195085985190932	
0.09787379322931372	0.6104383608993872	0.7941545120010486	1.2849967965878757	3.2535476012798794	
0.08110452580743566	0.5853170093291448	1.0815334578445484	1.2290316899938538	3.8342048481300317	
0.10852724455685997	0.5517098045633114	0.9161846745600861	1.3624184852956953	3.468049314133782	
0.10911685736428796	0.46502771247628727	0.9721070147856407	1.7067916874194542	3.7548643090753466	
0.08523474467928294	0.5718296312173757	0.929388329240901	1.1884996637233312	3.3019011815181982	
0.0910818798273301	0.6288806883164669	0.8630175800161356	1.4681674868945582	3.0265062449981337	
0.1033256723668073	0.5032794942479627	1.1207378673023605	1.1746537520727782	3.133741571436791	
0.09956369413779241	0.677882153137866	0.9681164384652329	1.5393209202067324	2.8774638945843964	
0.07358753351199591	0.6208891349314336	0.8708875636597283	1.52174771836248	3.057737731962132	
0.09569414384786658	0.6507577829200686	1.0814390671044867	1.335413236170461	2.829783627834437	
0.09998322938523208	0.6143811743292086	0.9058852554543401	1.3965728437903255	3.2023608901477227	
0.09790322992016723	0.5991517845829379	0.9252330483098014	1.3792139614840098	2.861848524734893	
0.08071104822931578	0.5925952926033304	0.9831979376406901	1.4513630439774257	2.5960451403374893	
0.08196368130931864	0.583033710280082	0.8456737752163581	1.5543424669010157	3.5259992630898607	
0.08836927560701875	0.6174729523802606	0.9971278969885743	1.262217844112095	3.3101800499831544	
