10	31
1	1	1	1	1	1	1	1	1	1	
0.11655698197824677	0.15823540484929463	0.40697033824264706	0.6757127808312084	0.8703319567401001	1.6818854011596827	2.1432928325783274	3.4715652197641664	4.662666557347416	5.545790428954586	
0.09619013824884437	0.138039272145793	0.3883326291143172	0.508087172509344	0.8380267218370192	1.3665973810904972	2.1160872942450433	3.7231481304941445	4.947734300803352	5.92961807119066	
0.11814404958664984	0.1550341416654166	0.4056166765232937	0.48653350492511094	0.8424173149781641	1.5798137862279802	2.2907739650291945	3.8334470089260444	5.272875252461328	5.681579062387693	
0.11151116364154379	0.1352614211699513	0.31965414217040855	0.6191445468489706	1.0011807980492777	1.4778676239340234	2.3555757212873636	3.060973794631606	4.958466019633121	5.688056911235267	
0.12388824788112435	0.16284077946275471	0.4399385429480992	0.5253327234777143	0.8908747942593951	1.417743456939732	1.9002409797388262	3.774754648596466	4.5255347417210094	5.094250712586723	
0.09503319676138934	0.13315046313170667	0.40831672975511835	0.6364208605819189	0.9902269753653691	1.5702344205295196	2.622399868969015	3.8397234904728026	4.298446760588444	7.2776562731722665	
0.0979971370590451	0.15157379370980953	0.38270303091430335	0.6398819420133387	0.7563871765764107	1.433561397209706	2.21350186799484	2.7024392274286173	3.7334577931961856	5.504563157265583	
0.09259468617869782	0.15064338651638068	0.37494325445385945	0.6704409316701222	0.8946631437399681	1.3783314284324732	2.3658368321979992	2.6316250659238674	5.298121418405461	5.086487078924316	
0.1102086014789058	0.16266238596096014	0.4394788342636067	0.557135886811417	0.9339126411248582	1.2653121035100698	2.1368198579612665	3.216716772831686	5.1991302603920175	6.32253648369225	
0.09966102566382506	0.14929754718808363	0.36255237895090786	0.5856551278755785	0.9376381109811854	1.7072625825228689	2.2363859212953527	2.9135157668468454	5.673619370550596	6.620683463193601	
0.10971973462176121	0.14675999545498086	0.41030579064642964	0.6182580157795671	0.8035868248749468	1.4948704556198713	1.880188087279452	3.3468639211953084	4.676095662495833	5.452610339970397	
0.10117564209001556	0.15891688553663783	0.36052242127497547	0.6274297242411865	1.0483244148597761	1.5504278950059704	2.083369921832583	3.7222864980981614	4.838805812669083	5.898534669545347	
0.09383209901716517	0.15928086739108824	0.421243720221586	0.6680451558115746	0.9873162854946353	1.3812430010787444	2.272146945400708	2.970227205333118	4.630513174326805	7.078982888974831	
0.08992538418546911	0.14169769632416473	0.4159769610639282	0.547416612027875	1.0727294394366342	1.569585735881643	2.3688376832969302	3.619804226165085	3.9184142900832026	5.351014306421367	
0.11320101301968802	0.14539633823352976	0.3772531289546189	0.6424734829414013	0.9440715202844031	1.584538091430295	2.2743770565868484	3.185724959670288	4.457275481737159	6.15500848365577	
0.10389952104696841	0.16207097078689167	0.3862910836762522	0.5949255170948005	0.9132548933852197	1.3682062290191506	2.495035522880323	2.9662054360279484	3.9327931379537953	6.534835196987868	
0.10481399447392846	0.18096602283757415	0.37682972287669425	0.5982614586349568	0.8534004202489976	1.4444051728742084	1.7772352439538344	2.6364750609944423	4.255471494425931	6.039791947653185	
0.0941303789980087	0.1413224718692355	0.3226845100926639	0.6378934145131545	0.8637224479347412	1.667313969204828	2.1351112904434952	2.908283093666451	3.46243244121402	5.2631127403025575	
0.0993660617704247	0.11435527661657771	0.34988345394478715	0.5680727745272032	0.8611619779297235	1.346415741903272	2.0499436202160197	2.994831087693127	5.161470991119233	5.629954190193454	
0.07371846524622705	0.12545601146138025	0.402873073928306	0.6270264342818687	0.8811627895443147	1.228181746546783	2.3029673589882838	2.7341914994279564	4.668131980255614	5.742520558476862	
0.10499625905376707	0.14240215404579368	0.43549027939778484	0.4893065136084824	0.9835031647997988	1.380504613216784	1.998669920774202	3.657930854067909	4.042079848577203	6.140480501620489	
0.10122036928020187	0.13154490226212145	0.4113711130288903	0.7212627231944709	1.080631456249108	1.4867907935814033	2.1009779154590125	3.5152936935844408	4.935615486090322	6.0545809453353705	
0.07610272635664012	0.1266556113119608	0.3974671995722164	0.6194815544790433	0.887039752587845	1.469262091319304	1.8351595951049702	3.1917900177861305	4.348807188954058	4.821564740000061	
0.10087284083181998	0.1271181588718764	0.41328240220053725	0.6200836155544972	0.8678582793512083	1.2844603560020629	1.8507696292467606	3.0953138655823658	4.84765362955646	5.7969069175761785	
0.0982793859376754	0.1334210920028596	0.360807136326063	0.5864520401712633	0.9415423185433722	1.4048388240644598	2.246481760535302	3.462859249480218	5.187808522587863	6.1319451861179575	
0.1042082514916381	0.1421606164795221	0.4384703005738135	0.5717760837572466	0.9859901014024197	1.3595169258878281	2.118944412179957	3.2564906437731223	3.620904198544523	6.119036054112991	
0.09919759929636843	0.13989206544714286	0.3418252520079045	0.5615580807626928	0.8311731805309641	1.3584398745733068	2.0060632870778314	3.136767521399632	4.842679392228602	5.454533136293072	
0.09416523646553546	0.15174962584300772	0.34274858883502896	0.6457241662799965	0.8402657782114329	1.4492190867688137	2.3783279495311507	2.9303277128484213	4.140153335436089	5.729463446100704	
0.10019175603704573	0.14804634593793106	0.3793487611009519	0.6303725422252493	0.9125860072962143	1.2204354756361195	2.423799990360911	3.390196518396153	3.9267849032493882	5.8894134191564	
0.10785362272741719	0.13637304881922402	0.4151282227815429	0.5418966345894849	0.969965775507916	1.063693889259904	2.352793759906589	2.636834692844552	5.036025791677788	5.300554250560701	
0.11883535857658974	0.1515437280782823	0.41863877775869496	0.588815736600613	0.7884504548637936	1.2962924707887902	2.2501968441813953	4.192617595603289	5.149001060082253	6.052885175170468	
