4	90
0	0	0	0	1	0	1	0	1	1	
0.9309689006092616	2.118797568051206	5.1110515972569495	5.341838806288043	
0.8315530522315087	1.726316191985672	4.8619016775882065	5.552670474676077	
0.8936455432250663	1.9561060087772444	4.880362177314681	5.9107722651451216	
1.0367492070208997	2.114314888261615	4.8707524060273855	7.0438449566120855	
0.7420664062495587	2.3029117077008805	4.494122608063798	4.10398428085193	
0.8565695603471788	1.9689490793977449	4.6790443715877466	4.64060415649202	
0.8122463046924658	2.089065673239286	4.030342684955117	6.834965215473562	
1.0435661378332015	2.628237000674844	5.0546961976666775	5.768774021133764	
0.9281952378678651	2.267801891506899	4.49269122131195	5.5002518954208774	
0.9145891945162938	2.1758039001566356	4.005098318939892	5.103721431607235	
0.9491435955686963	1.8972427210531557	4.379173080396313	5.201826288839101	
0.8342815864340778	2.3363982934784677	4.244030201886857	5.787486629108877	
0.8311174493827153	1.7369794588302876	4.563990266678227	5.556971337257342	
0.9558088361669402	2.0321550522743275	4.665862161908852	4.265966678397853	
0.886852539646771	2.1754320531999243	5.3445972194512255	6.109594556451861	
1.018933152873837	1.94229752224878	5.0898926145914185	6.251797823606816	
1.006335354868428	1.8187444457285191	4.603899422158834	4.9286450775216215	
0.9466854619874226	2.02060663292434	4.3352280690655665	4.603223967426131	
0.8251088630719097	1.592592275338043	5.012805466829258	5.609017895256669	
1.0178889510148306	1.880698057929076	4.130196273740925	6.155133823088888	
0.9109783516520025	2.026971887597718	4.129324885829978	6.376623177477999	
0.8081067733311642	2.3021555623720475	4.389505426691403	6.272838160198137	
0.9403913983075114	2.290882194668767	4.670765771765999	6.721554525162178	
0.8788178675832999	2.021230504985873	4.249601138736279	5.221035772094621	
1.1061899461340217	2.054786942108259	5.0278170262138975	6.47548332492898	
0.9791904443789425	1.932036114593876	4.232103301302141	6.524738903937349	
0.7987253473720763	2.333214389203923	4.511375642293794	6.541570199195473	
1.036048834460651	2.05922185818559	4.483349697628206	6.5992591745781715	
0.9175739861225308	1.9178437139950777	4.464853142758894	6.0009100974568605	
0.8392146094715652	2.0301558110933473	4.612769567486521	6.49263892764772	
0.9203285989067967	2.6611037507693522	4.289362867789202	6.042044105458214	
1.0080599454403467	2.7445379122669644	4.688216791264448	5.82524055368526	
1.0464931613689858	2.063608793168914	4.646631240014838	6.509934824099178	
1.075676012965581	2.2341650514982456	4.521378795383168	6.335035910990369	
1.0097475801132452	2.027503715224896	4.078963196996125	5.972225769458882	
1.044850453868458	2.086197605665376	4.52852001690715	5.692929883662751	
0.855925937471873	2.207456924979122	5.1854935522629235	5.806153702356612	
0.9990668687764644	2.151199949348052	5.147899069800889	5.430211212009707	
1.013622553398606	2.2960771553819854	4.495981671916143	5.959140259880898	
0.9717218444920179	2.284995902896334	4.142514742808968	6.110395293890699	
1.0811978757129723	1.7632380183090148	4.769952865488424	6.516996219476193	
0.8122822478498484	2.079412193378442	5.104036760129421	5.984805770667205	
0.9893359238379643	2.5399154964823523	3.8951031346640943	6.268443431252884	
0.8583603487770411	1.8909946414249517	4.760879943029393	5.433063012716888	
0.9955703260286649	1.7823492996771708	3.8780837812452362	5.651533364468109	
1.0186376238827664	2.1121953167225818	3.978902393793051	5.534196760467973	
0.9255697462711027	2.1211431356154993	4.905608885995448	6.724953191219955	
0.908196453717968	1.9514649474379573	4.228865200474274	6.650385821920735	
0.9950984925270114	2.0545534764008453	4.9077450080680425	6.128707707009296	
0.9621634766916584	2.2050795776808747	4.837456955737804	6.1488939140513175	
1.0205568421086448	2.150232730680657	4.9390795321382	6.123744801534986	
0.9792756087541902	1.5262417444372518	4.201027718672956	6.943569844596265	
1.0837088537775428	2.1212360245806616	3.934594288988722	6.739140865660772	
0.955213635121482	2.221546120621392	4.1234736634155755	5.6141348199183225	
0.9376224930481761	2.3007096612671996	4.81025036493856	6.127686013567633	
0.9201626436572932	1.7731224735252753	4.570235090321701	5.847290313339283	
0.9782351264029546	2.2486921038466	4.977203591371649	5.5304994988131	
1.0277095440814008	2.302306277936592	4.167827297161683	5.829699206130702	
0.8770044276987816	1.9602661774906387	3.9329255438812645	5.944578851990236	
0.9290506934687582	2.0420468869363857	4.931405614806656	5.483003381374374	
0.9274694419381363	2.15254067230246	4.357720243732986	6.659893358683378	
0.7959752398949848	2.170463449579838	4.848090961355856	6.704368214100341	
0.9128869428702973	2.250412196515827	4.588011992378083	5.717715663673451	
0.7927439487563112	2.035846218804817	4.614721036620325	6.429493388387083	
0.9203024161132828	2.334864430475541	4.80808038640743	6.142492418235383	
0.9254015540329075	2.338771587607403	4.901757253678238	6.938414688760567	
0.9830988990083469	2.399668217436724	5.149361001876927	6.174714500555912	
0.9610543916800804	1.5756775803223602	4.446538463422225	7.055402835856341	
0.85993701471494	2.286095722977938	5.004009320771347	5.520932877301261	
1.0428248346702123	2.513276241390698	4.249973349137132	5.579754161227076	
0.9170473906397414	1.9979051015176414	4.527121329789571	6.463368827118785	
0.7652492626103018	1.9823506279068368	4.275319964295939	5.592168581652276	
0.9023557036613857	2.073694186747695	4.569669929496571	5.100871867853966	
0.9599153859266599	1.7478310406928546	4.482490023722701	6.317561156954625	
0.7500528392311787	2.0869518031691805	4.766565974119137	5.816163871341249	
0.9544656780826656	1.7941994832541697	4.2735982307669484	6.610854660148295	
0.9199445285348937	2.5938580689647477	4.872964976224014	5.94235869994063	
0.8465761549885783	1.8420624746657128	5.2547180891423695	6.898859533599673	
0.8206961427850252	2.2520665560503925	4.428708435525803	6.202712692088795	
0.9635579977075441	2.270138972589141	4.39875338449731	5.4888043334470575	
0.9912299029035055	2.362605489757404	5.091580707839739	6.85164952228558	
0.9289016623317441	2.460695996402609	5.0616114026896675	5.538819917537905	
0.8643688320418893	2.200427928633815	4.220266065443894	5.154801366753832	
0.8661999013591773	2.0419672878047974	3.891831804403651	5.9821361543184715	
0.8561308105415417	1.7924469139104937	5.263506827692627	6.27802710301823	
1.0069946921932513	2.3009548279731287	4.857935766370769	5.849180784028375	
0.861010132819505	2.1287882885473857	4.09444152450428	4.934021715744184	
0.9410011615468324	2.2352422622529704	4.353359217421831	5.057356224486044	
0.9994189731040896	2.39275798442769	4.567418155573547	5.974259632175597	
0.9145694261272657	2.2754274190249277	4.510737375586662	6.312682583769261	
