5	90
0	1	1	0	1	1	0	0	0	1	
0.16868459339838984	0.3834358880285602	0.7140652941015848	1.3775264180541484	6.581293660668596	
0.1466082294251039	0.36287147490318133	1.0669687260509604	1.5148838747474584	5.731103175125476	
0.16114679748353128	0.3287656141032263	0.8062969692768157	1.3575569775057	6.259275017512813	
0.17187643100412422	0.3611178743988503	0.9335540104842275	1.3815837917013156	6.160369911358584	
0.14013300905772152	0.43971366036138865	0.9708905310107481	1.373812747762023	6.020955495864968	
0.1586667758352182	0.328216127620203	1.0319602826128578	1.5330127363605355	5.716626735282395	
0.1405567672260933	0.41022289317005356	0.9188986775538632	1.274119637937297	5.951617922505329	
0.12059621075693744	0.31486628975393555	1.0972877195357926	1.203889424797599	5.2212478302413805	
0.14210313567548152	0.42686011160981085	0.9400482455795857	1.3666425158722129	5.4153736392190455	
0.17129108951790148	0.41061256947156755	0.9224005831704567	1.3520121801968021	6.443693659286261	
0.13825625489413854	0.40586272788571387	0.9592338314387719	1.744825762026922	6.640875323017765	
0.16098217341655088	0.4946507863487789	1.020908337462275	1.459700078953161	5.509258302825023	
0.1593417482689374	0.3919858414307085	1.1617538985567	1.472113824001809	5.9257811248156536	
0.16405060941197513	0.3855454877609633	1.0005582122416892	1.4538771803442654	5.956301839837467	
0.1356541585125624	0.43267617210381976	0.9026386381872413	1.366991584433339	4.768610787242623	
0.15950848258685715	0.3930431369324973	0.9785695332923676	1.2360723433853136	5.625349112654874	
0.1438680470247607	0.3642917461006652	0.8759376272362566	1.4139267120961732	5.786755388210847	
0.13940538123308785	0.35423032164325846	0.9659059033464769	1.2645096248046	5.490523193049556	
0.1361760794160382	0.3569671932807378	0.9264139174978179	1.2508023177796295	6.528373919335772	
0.15854441438580288	0.35921400809584825	0.8828290490666206	1.5741881644102838	6.824764206020054	
0.1598557624382428	0.34652260363460313	0.8894650845368316	1.4282204526753954	6.013032370472956	
0.16788658479762153	0.4086972689373018	0.8708374629678447	1.3229960648732686	7.523068800438556	
0.13938498325202361	0.44030494369628265	0.9528638578332126	1.450939093486029	5.580994267660257	
0.1781760221274448	0.36347674288684145	1.0183421922775047	1.528453581864544	6.05952773295371	
0.16091191626836748	0.45642932648402784	0.9229994099983767	1.5245256898859185	5.678468832654659	
0.11224587491396996	0.3659372672108643	0.878378918844408	1.6877013581584046	6.436109448693868	
0.11496863877303536	0.3877316898491135	0.6857259958912961	1.2341891013384916	5.835585378792375	
0.1594366547156106	0.3836823587872965	0.9594450101305051	1.4679255720214859	5.062171007332942	
0.13503378252596052	0.3949536445631357	1.0056208699779623	1.2991976892090682	5.737120861034186	
0.1632092369524848	0.31086235505158094	0.8724945138483069	1.3797628950849732	7.008775967975669	
0.15477810788664947	0.4488568116145805	0.9571736068726718	1.4297004017154444	5.930998688310441	
0.1387337147495033	0.3424945519474897	0.932633664120689	1.4415368690490953	6.518308504899547	
0.15460525457769406	0.4033584902875272	0.8460058908454047	1.3899751547271146	6.536558626317947	
0.1532959723434575	0.34617032800465464	0.9980469782916799	1.5162942979024445	5.308852152619499	
0.17630794397326557	0.317315167748425	0.9249623550988418	1.5639153510101709	5.556699570654564	
0.13338040990511693	0.3187761705199212	1.1183985457481975	1.53183559101579	6.419888212695071	
0.15781779216702668	0.3599046199318083	0.8345295490051499	1.3161096386194593	6.087754556634244	
0.1372178986601919	0.34882378028575334	0.8523456286095606	1.261584937559735	6.420984630990731	
0.14955533839683097	0.3904086785494072	0.9128410866261982	1.383019072076965	5.384750194476116	
0.13753086206567225	0.36400893206648205	1.0773562783232322	1.4836101211460175	6.1770668384326015	
0.1695958010091455	0.3778510099374196	1.035037147635822	1.6505284706195171	6.613925854006694	
0.13915569968571528	0.37436381837292154	1.0805939986219486	1.4962044681220477	7.035842519321205	
0.16569039319252676	0.40255110552914025	0.7603183300648355	1.6206073648026051	6.27980541144394	
0.14578215088307295	0.36514178234699685	0.9259147592180047	1.5903126953851756	6.810715140725467	
0.14769088060217658	0.3928894313783826	1.0835111525304526	1.4636607539871296	6.786824604067661	
0.15882317931513867	0.4566956501817523	1.0232931249520774	1.4417453527322872	6.675062315500961	
0.14459064939943414	0.4309603972654142	0.9115348604057237	1.3253043973060543	5.755270841202782	
0.14532150467088764	0.4216965073713144	0.9534364318665197	1.3773249220328712	6.854576100210142	
0.1657003928592271	0.42605557867299787	0.9593508917009458	1.4228434513653865	5.211359450228169	
0.1415804182194042	0.3688213098333344	0.8584595409389331	1.3656724171008825	5.3164241692595295	
0.1815438251478879	0.4336418433155531	0.9314221886899449	1.5014243216007321	5.860979167026812	
0.11805269381542782	0.4329041377634415	0.9247885229108458	1.5414958447028537	6.384609147846284	
0.14689156815353815	0.3724158514350199	0.9071992587670663	1.2652370704986433	5.7167096280048995	
0.13676540527373163	0.36051177193102907	1.0341712582482774	1.521546019385392	6.1825856372588275	
0.15446263687813522	0.3979483769597208	0.8730772942071252	1.622176646545662	6.2858136357839385	
0.1298164442075892	0.413200779716726	0.8096397780766341	1.2603052709642502	6.053603629567807	
0.14280826941124328	0.3535246100064987	1.0771052451060863	1.3818204599257302	4.894500980784429	
0.12810600105035025	0.32549649072677367	0.883897019125164	1.315810959923929	6.016894820980897	
0.15152206905516472	0.3874458738255813	0.8903799705822739	1.4445015540913466	5.8553158265759935	
0.13763830693033463	0.41261903962625934	0.9866451685281333	1.2420809392942025	6.080718648873509	
0.1281411228853061	0.36090567449699573	0.8107627573312114	1.4050235166662906	5.504027014936634	
0.14043871190700216	0.3976846533056362	0.9479260902072931	1.4023019511009267	6.099185911395887	
0.12502159733818008	0.3120507433203247	0.8801348050252558	1.455454010730619	5.250648500005472	
0.1392982914931905	0.38096651882467997	0.9379677420222052	1.2743283214397478	7.218144004526995	
0.15074433652510047	0.4019820508694402	0.7428104146435793	0.9451796863610459	5.234157038019747	
0.13774295524500016	0.4053880546729158	0.8190042590979568	1.439268329708428	7.710715027397882	
0.16481566302575446	0.38257088239600606	0.892963174178561	1.4578227754810353	5.853446609540207	
0.17169193947480563	0.32624931730427215	0.925800089588376	1.4563600421857343	6.991604507980725	
0.16978620172191305	0.3343947293053014	0.8448985240713395	1.3733571224936227	5.843563883328159	
0.15298986636809012	0.4059366038379247	0.8198750557752417	1.3239679729512277	5.484003748607677	
0.15073512057740002	0.37041673400761815	0.983785403580014	1.495087548833781	5.681182299962766	
0.1425603832849149	0.3047641134671639	0.8162589956958289	1.4401397101635514	7.103998516613434	
0.14178457464751926	0.37232795346804054	0.8879204360125206	1.5425341713969583	5.845091563742635	
0.1386481186654359	0.3950768059859719	0.7329243901669166	1.2261129067107026	5.152029366870664	
0.12540822695790296	0.41633133046409315	1.0242817463907514	1.5483175255280353	5.13836651962928	
0.13445907354586847	0.4029937310211772	0.9945495247300616	1.4622191252648977	5.949436879125639	
0.16709001880650146	0.43133906122120086	0.8454176309861243	1.3859239725704908	7.080741216361708	
0.15008071529324776	0.3795351517222641	0.8479031248579116	1.485685683084102	5.993613314849227	
0.16362881587957542	0.34371628333035137	0.9772508473266098	1.2012348013387228	6.7144919746603104	
0.1338188635260975	0.3846239523791969	1.0057653875320518	1.4547880317255133	6.227476527134108	
0.15697085069257527	0.3485322992800495	0.9338118371127315	1.5471039845931995	4.766489205049943	
0.13236023567156938	0.3611533134955457	0.8404168207032009	1.6206904769124246	5.722943572293864	
0.1602906822643204	0.38173892585120067	0.9585886377895645	1.5344065444482158	6.312485176680021	
0.12820441032657465	0.42600840588368893	0.7429571304915175	1.4301835390417332	5.391620855592915	
0.1800352256644949	0.3748467575661297	0.8932883734086438	1.575691331091839	6.055360161472954	
0.1538643984350107	0.3218016080928588	1.0086771106749421	1.6767394903515518	6.71911309094007	
0.15719083768474681	0.30915271285862067	1.062096240898972	1.4023372349768866	5.7490944491428015	
0.17355035371295788	0.33014154934737927	0.9152619484048996	1.4185726548969335	4.960164799422894	
0.16945512087485734	0.45081868723799445	0.8593933160110923	1.5349457023151716	6.418324791918581	
0.16879891542383052	0.39728175928561515	1.0253206401155508	1.2905909393952217	5.530457589688809	
