7	24
1	1	1	0	1	1	0	0	1	1	
0.11211236548350632	0.15156162361955905	0.36828484084453195	0.765823223946339	1.3623619000360954	5.366048068396535	5.5717662885529675	
0.09381866750661451	0.1481551331739766	0.33737458765483785	0.8527439235523762	1.3019440325234273	4.274074267153619	5.369985878332645	
0.08669527531769772	0.13317512901649278	0.3926114441497836	0.999199168037131	1.4494900587767796	4.565791444428782	5.250096182487377	
0.11779525297641041	0.1444544043768043	0.3506441349212551	0.9827100100329116	1.483633881718778	4.161639541649521	5.464188986097962	
0.1031051800882848	0.17771453524945746	0.35742053250547823	0.8562083170373256	1.3458912365989264	4.149090866176912	5.677666735993501	
0.09839588714294141	0.1376195880803332	0.3483523707512901	0.844510936977717	1.545310916416867	4.630070862607117	6.672694245763435	
0.11599285538208762	0.1523600705897232	0.4011803656365285	0.8379144042253677	1.583008249367519	4.560149434313307	5.1305026774231175	
0.0855001627543518	0.15389793522516923	0.4013104348326733	0.8237925418040326	1.4862192203824163	3.8048100033188197	6.126072421599947	
0.09940139990680791	0.1479851706533053	0.3636348325849305	0.9523560183387986	1.3889305550618551	3.378483654895165	5.932423272949448	
0.0766537488774729	0.14119456432074332	0.319266525518898	0.9531668858548775	1.3751413801560013	3.904912808443384	5.794106165199677	
0.09422244539422502	0.15103502917260375	0.39582477580321407	0.6909580369083412	1.47975258093791	5.085679588192683	6.233740170789144	
0.11090845130546992	0.1517828573708882	0.4108613461745929	1.090468529140055	1.4403102194988102	4.012158938656609	5.7531050284922856	
0.08997063535411426	0.13706966594246975	0.4203400491175825	1.003741403689845	1.430670540067568	4.697160626730299	6.845681205937096	
0.10303656302057018	0.1587872511873816	0.424884691289264	0.9205184918862654	1.492022989544043	4.9483886319276085	6.057853452104074	
0.11769784210274814	0.14410381073744027	0.44155559282443707	0.9980964711059698	1.4356345090673477	4.269667574889599	6.144615488194286	
0.10498823309720265	0.1491725162652855	0.28768157682989387	0.8760902075630058	1.281579967160559	3.5135771591026956	5.769140490944317	
0.10982147967823333	0.12507036582811432	0.3461825757543832	0.8861342644302658	1.362535546013923	4.908435608709803	5.929915328225322	
0.09424089391153595	0.14898744754571383	0.3612470001236189	1.0010613469686587	1.2895090904231448	5.115447439266529	6.99304961123606	
0.1156246911887213	0.12988618721919407	0.38401487882438806	0.8688204656550053	1.4087674810653084	3.8197862871237427	6.025977837833443	
0.11141371189090093	0.12903984743641897	0.3771176566278595	0.8339659806415489	1.5625648358762787	4.102464189035335	5.649396635431177	
0.11460947977502423	0.14736269366061944	0.35352573195566345	1.0240839261727255	1.550329796844308	4.088436795041888	5.49057281820614	
0.09386103887783984	0.11021869109749713	0.35160921111060445	0.9443343204148011	1.2888534309011779	4.420980630595221	5.766045644100731	
0.09988418595376292	0.14418689133027418	0.42936833184892753	0.933018049781952	1.6222417332384296	4.828742152009728	6.112473244050584	
0.120818001152163	0.14849432136788565	0.352283046228584	0.9736308687203611	1.6723985852096146	5.210295590480757	6.346521421699235	
