10	65
1	1	1	1	1	1	1	1	1	1	
0.09659552374949842	0.1497100047335625	0.3864244341149729	0.6796223122080203	0.964632042529718	1.398209072519001	2.5509944166619403	3.6396646090007208	3.9792125421254214	5.646925477182884	
0.09300306243749752	0.1658675692637196	0.40166412197048895	0.5775475740155652	0.8530604195116444	1.5379861634952112	1.7717666269221453	3.2543994737252335	4.978601353014695	6.17143229557386	
0.11517950686102499	0.14786771875921154	0.36196095949178203	0.6435967370228082	0.9342984397175516	1.6189409288708394	2.3953025748965384	3.410242754324309	4.78386955528093	6.285502006213639	
0.10077956604739531	0.15186662355290398	0.3604377884495198	0.6311407077898653	0.9122435761999436	1.599093221923842	2.0892593896242513	3.2138483338311072	3.922852621089292	6.586481781098135	
0.11613272145628568	0.14495345389956638	0.32544840032221545	0.6061865970199364	0.8382835707065126	1.486560756131602	2.4592910664247536	2.8303569636180055	3.638373812883041	5.810927515297605	
0.09075176025304027	0.12019792272526147	0.32564874218101253	0.7154616886964132	1.003409412403501	1.2828886598520552	1.7709069330497513	3.581466213865819	4.5525051051436805	5.45005367517164	
0.1035049548798262	0.13845977381030763	0.3745103809736017	0.5396445583633989	0.8960876824487137	1.4030406191877483	1.8200519774810604	3.455514806285361	5.159659251476707	5.7103181775599525	
0.12216034568723054	0.1269645300508332	0.40219047679633274	0.6955543173791491	0.9895677298613882	1.4323779147748543	2.3182636165425397	3.8958502663382713	4.593353924621165	6.128228200860798	
0.09129727033246743	0.18126655610425188	0.34133064168894994	0.5220468370544691	1.0046762774339122	1.4534908313355699	2.068997024986079	3.047491779524896	4.5755186183190055	6.043660142587379	
0.0900155169267437	0.15089058216947132	0.35117071224896035	0.5769373227264154	0.7871710585541104	1.4995577484413836	1.9213587268963983	3.344257568138032	3.7511772679413897	5.677123188888325	
0.09099755198176143	0.12709811729035386	0.43885783923083016	0.4952688608921253	0.8777094097429687	1.471467749078494	2.060463772928724	3.06391341051544	3.554473066226306	6.503455998361758	
0.10335992792493226	0.16927911152624356	0.27030411008326166	0.6876675034284987	0.8165138913138067	1.5037896093024226	1.9975920250038968	3.4271988369378947	4.5173653900956445	5.493703102018604	
0.09579111111298375	0.15268536157948248	0.37466950570794083	0.5321488955255038	1.044970424807393	1.4795943754988838	2.2454870406228085	3.323907182995273	4.404437995131952	5.975022338954261	
0.10489880479122937	0.1502584439571546	0.2664203149809816	0.7122565002979331	0.957486519051094	1.6451018529694972	1.9688803181292298	3.5423590418743327	5.026878163488317	5.564170494447024	
0.09004158555781364	0.1604203244682787	0.3415119876181644	0.6413125390231788	0.9257068672567585	1.3634074391757753	1.9677375708943108	3.0483393852672256	3.9116659378660654	6.7967368126922185	
0.11097903993402776	0.14724543456250738	0.37420681423731444	0.6595345004324316	1.017865436376028	1.3588935805161857	2.093690849174061	3.0952111579576163	5.102227254103493	6.676973733156904	
0.08995013687649735	0.16633558534291137	0.3774997525653794	0.5300125420346967	0.9679995023448202	1.0764908009319771	2.352037475306004	3.3560008403318067	4.022615849294365	6.686017014926629	
0.09606640326219973	0.15846948749057418	0.46312454230099714	0.5200177693492953	0.9152713527359768	1.1923597187618118	2.121873491658403	3.661748170211804	4.760787904945121	6.202109586646985	
0.10112389644250737	0.14047612310352628	0.33873917977071233	0.5347657946164909	0.9498415010884079	1.4489951599707533	1.7400164838607044	3.600825019420172	4.677258918267785	5.3180861812725615	
0.07583231174833928	0.15623904918673365	0.42040195784338596	0.538946939809296	0.9350611812114997	1.595192125114722	2.054263202028347	3.026115132727	3.282463622296699	6.526488969822169	
0.11568902677230211	0.14993509532989924	0.3909573582316374	0.6155514262915882	0.9819747733722631	1.221094518469336	2.370412239958236	2.899159246251212	4.973219349609383	5.128656308976731	
0.11375730888637986	0.13139973818120015	0.33179235529219164	0.509295382576697	0.8228917293554701	1.6086762545327493	2.189537327683919	3.69930083559966	4.640695220715144	5.843910242971997	
0.09004267339909205	0.1650253383089421	0.32935309389465545	0.6531449381296729	0.9916437818923716	1.4629192645449416	2.2519147563963107	2.6645496094826755	3.5751951763453675	5.669354701624854	
0.10615078519699606	0.1482483960210052	0.34804178148509163	0.6170770991071881	0.9487517051261988	1.2326275266728761	1.8377463382664223	3.366547620672519	4.90397445158963	5.745169449194419	
0.09861779396087889	0.1283397698585392	0.30350516492342694	0.558044654224721	0.8497881710175852	1.5293614160259381	1.9756008202306585	3.0225691362327356	4.389262038252604	6.339467122643405	
0.08590872581301377	0.1466631006736079	0.3777387130726964	0.5699850395536368	0.9478272467796325	1.4866507412592225	2.3703572857746313	3.531685475507079	4.627385070338116	5.742618328602133	
0.09399381360227585	0.15171184851241498	0.36245827679138776	0.6353662292887766	0.8761644437948415	1.2970931517138133	2.1305053805983065	3.469491217025791	4.672269835953863	7.227008351433273	
0.10907848509181671	0.13216789794842868	0.32363861936383853	0.577996902734847	0.9621274826518471	1.5813128463314958	2.007091302683504	3.300595975173253	4.004834166263089	6.0489990834905445	
0.09316438066124033	0.1438746620127873	0.329037358347144	0.6050291529090136	0.8144930485773553	1.42923258831123	2.4009570870443704	3.2904598839309696	3.902221750652087	5.8307498140341405	
0.11305404629437443	0.13127238466659605	0.36739040871994755	0.555201635367504	0.8044101792914399	1.5004920025726671	1.8190395892477	2.8902872182607156	5.095366975780509	5.777398969186102	
0.10007055189674147	0.1472256595139701	0.31334489335639115	0.6332439891143303	0.8768288903369466	1.3358820496460013	2.0144407501729784	3.443868544192286	4.7986284938776205	5.902268311513418	
0.10408096125651645	0.17069656757071247	0.3499980589982461	0.656236234794248	0.8219716063548028	1.7280168621888348	2.3376264008899796	3.608056073104618	4.259133846526172	5.684536226466962	
0.10652521180553043	0.1611792650857193	0.4030320770289103	0.5954664098132187	0.8941424908733967	1.4940296055859357	2.3766261663518353	3.388243480685481	4.336407625628326	5.51299488965416	
0.09645952022212485	0.1521409845423129	0.4028289623369952	0.6540045837437387	0.9028268971017077	1.5168210796179993	2.3837672824771707	3.143768998304453	4.435540862416041	5.4751350065929625	
0.09436248741666368	0.12061410095890945	0.3720894867226954	0.5845262465095332	0.9851437461308357	1.2129746665323156	1.9667784744113714	3.0889341240194694	4.227761591385353	6.420978073544528	
0.0969365262737128	0.14733803722651365	0.38848462904560477	0.6242759687614184	1.0099710096646553	1.3451131989818146	2.10328288031104	2.7282519457487164	5.097790272255158	6.187849374504072	
0.10135548450545882	0.1509330737799228	0.35028729333114905	0.6357461446706627	0.8636960495567323	1.589897286617799	2.1877285731176963	3.1111203923932473	4.4986266671534425	5.13787783023246	
0.08404079042618019	0.12896656222595665	0.4431539741364632	0.6516563124856366	0.8080971054708815	1.3353795913214401	2.4535333734652043	3.1915452697683304	4.568577766337003	6.055961572193139	
0.08482026991386223	0.16499425878178667	0.39041844359683464	0.6930802512401223	0.8847991842888504	1.4748904962260256	2.337952666728328	2.8471516301864046	4.933743212027768	6.475871360835447	
0.11158959613735663	0.14302708793663563	0.3469823875792187	0.6827649341390578	1.0477797071498192	1.4228133454073741	2.4815436391104013	3.068970766430567	4.746352315256937	6.1020316629264775	
0.10465109339451568	0.14444350543842652	0.36987837510928473	0.6000341920405873	0.9233276064890669	1.3670778771696377	2.152459509855143	3.9441731519710035	5.252403707080037	6.3237522740864325	
0.09779170350597655	0.14324217574366488	0.40606080379845494	0.43210215757556086	0.9898940570892343	1.6582724755136051	2.348279246801671	2.4814358321060195	4.819015632433958	5.771305639841649	
0.10045649294411284	0.1495685364087201	0.3882433400734561	0.6318425682808069	1.090813029429978	1.56364700410133	2.1035563213482242	2.825362935484226	4.9583750127714135	5.621022617804629	
0.07664686695314449	0.14872337019010404	0.45720315608452927	0.5613536864183765	0.920595600557111	1.6711329592991466	2.4043774861590927	3.7624701175043866	3.9558709021673484	5.177802342015972	
0.10163720123658249	0.1421007525839494	0.35593898857984013	0.5414769818476151	1.0073053246352883	1.2607739180744681	1.555103854378542	2.9424309210310624	4.160392203719217	5.144756764165142	
0.09066083110157812	0.15210073528791052	0.32836565116538574	0.4976431010352211	0.9345333912276823	1.5606322399861974	2.167674308248998	2.9267397295883333	4.930622559633432	6.2983106359462875	
0.09855300196335115	0.17281884909822054	0.3661473555748168	0.6614064065304521	0.8332803593693751	1.475736909971413	1.944585416890888	3.808199526656264	4.402948698003472	5.567555199354575	
0.09628754175979852	0.1529893946851265	0.33599125320019807	0.6164252424919375	0.7673813817026784	1.4473796803550991	2.2737145466596282	2.9622577406431296	3.9563647549130376	5.427109895712883	
0.10086162731476343	0.17391962100642017	0.38344330667236837	0.5976647649091831	1.0263730585742923	1.3983631358528066	2.295433073979941	2.8981813888305807	4.752878008474955	6.119202732537085	
0.11952219515349938	0.13924077670973783	0.3403202167940925	0.6584680718198542	0.8180951784082892	1.5797386061276057	2.0616056306048782	3.0533959696557655	5.344503285593952	5.992542179384149	
0.08067421786418563	0.15377100377647945	0.3627224846062753	0.6633412851317009	0.9943478056974427	1.6920010210919738	2.332914037012443	2.7614074913912043	4.1403480946853515	5.413968261502128	
0.08768115082573864	0.14701049620954354	0.3835585976647614	0.6331431027999527	0.923839567115231	1.318606030183606	1.7629322310933866	3.4532568517169357	4.186812406177921	6.238169898048681	
0.1005074149487527	0.14938028727431032	0.4077530624316371	0.5738391472648602	0.7631470291049881	1.5868679574828617	1.9073901545828742	3.026279989138539	4.84359499012637	5.960203736972316	
0.11627875767503773	0.1452906613593611	0.39236521073171027	0.45735538228324746	1.0063542396070497	1.3234538781161387	2.6650284601300007	2.968813977490168	4.174601421046455	6.78676516661786	
0.09849695666871779	0.13387049041204238	0.39592052201388567	0.564193182726455	0.9418660902137427	1.6574707169339542	1.7584020726826985	3.4728456225122204	4.158755791743615	5.528565800590354	
0.10804806010970498	0.14478277945209564	0.38070883542364964	0.5557060031174443	1.0030989490544797	1.5627890919153287	2.25062122973023	3.2908182215704995	4.257297294552624	6.721889068126084	
0.09695983499214532	0.14177130047078065	0.3796647626850513	0.5606423691026199	0.9853080663854948	1.3347096644038792	2.0625701786986896	3.243717210888222	5.125496865559509	6.640775541093753	
0.11127104293022555	0.1392156660398224	0.4532547106154446	0.6197594100690725	0.752231565601141	1.4258697950205692	1.930121239598127	3.1109432155971835	4.031530022759052	6.122496726974447	
0.10212957397943737	0.1645486797118015	0.3623773401101961	0.6281074533924934	0.9699247949721412	1.3385508266277448	2.1257080606515006	3.128894301584797	4.463874102883033	5.789022390333436	
0.09589755613055868	0.162606792865054	0.3625611265204273	0.5320334621953129	0.9462534060283506	1.670544564386076	2.4568007932360154	3.417448297376869	4.958214446855985	5.248284731550429	
0.11381794782103756	0.1398914337164109	0.3306750251415234	0.5569657726334843	0.8710306082130901	1.5361531620054356	2.0805180370093534	3.7114700815488555	4.291235232903766	6.344966682916756	
0.10707654048246565	0.13880636212168224	0.3775066852742225	0.6466477060661419	0.8978194601748476	1.307718553884044	1.9333325195269468	3.179683546559784	4.153614140547071	5.040613328304589	
0.08446108765201348	0.15969749424580015	0.3575830389910654	0.5500401557625322	0.8011334839352512	1.5923677920318922	2.555296077641423	3.276799940073315	4.421080755584156	5.553121599569581	
0.08127635784037046	0.1707304776359698	0.3883305420874492	0.692460736604419	0.9637295383308472	1.3363245356074789	2.3914444252343543	3.1654232468992416	4.0325433728482025	5.463552393778126	
0.09389810312257976	0.1429009901061794	0.481767898655021	0.6160453580354193	1.0084109041569471	1.3598910085425215	2.2548689395662183	2.974034125389563	5.007407811485493	4.6739062601311705	
