8	62
1	1	1	0	1	1	1	1	0	1	
0.11139896066395068	0.12089234360162747	0.39653203108637447	1.0971932782780323	1.26875574914901	2.2840423835181096	3.4231751137525768	5.38831259300855	
0.11102411267669687	0.16993929490180817	0.36966830070259693	0.7916227400343225	1.484240984732036	2.104104251009723	3.5520855049436757	6.065057849927415	
0.09136850158234466	0.15846268757325244	0.37738352530992036	1.0888213319115623	1.552778266975546	1.9994572172092613	2.6935141222262016	5.304285351543018	
0.09296301983541767	0.14020604226941283	0.38547144287174495	0.6784002639949476	1.3265833626179135	1.928705776347629	3.6362790452112974	6.109288440562436	
0.0951132013048028	0.162185254934648	0.4547814803224336	0.9826305279781816	1.5011601283484937	2.474561421797114	3.417957068347108	6.300511990022801	
0.09946605189260506	0.13383064641631	0.34343476405639306	0.9214912717121237	1.4780951248189542	2.3051279713615913	3.1267017555681376	6.422472402482754	
0.09583423298511641	0.15248492218682116	0.36955148220906175	0.9441621678040562	1.495065576065882	2.110260293282587	4.186801283174009	5.813963690816761	
0.09609580616916567	0.14486647746208098	0.38342791926103503	0.8218044126021761	1.4405772180609138	2.4836232770632507	2.945048825951483	5.802500106928284	
0.0882097944593226	0.12609635091858756	0.41590114887018886	0.974499937906572	1.4429421792486	2.4616633346058925	2.7446091313413836	6.855019547629212	
0.0988942354304755	0.12912570906525103	0.32931198845284004	0.887366388452113	1.4195096888333094	1.933300292338482	3.5421907655847122	6.858729199705154	
0.10271800007206289	0.15475611401454117	0.29453649379921254	0.9244062143196298	1.3068712473235204	2.2002393933004485	2.909627867708872	6.1301528608009	
0.09044886855782977	0.15597664311989	0.39620239651094624	0.7504998679607617	1.411407482652522	2.1377221887417868	3.0317620127075755	5.508439000726267	
0.08974082297091494	0.12564456299592194	0.32022011332558464	1.0608686448062599	1.3851080575138692	2.2105598791054146	3.224530019895598	5.968086274222368	
0.09821576281416329	0.12233983494482592	0.37874686018026926	0.8612892970258068	1.4106141453981496	2.1813190893619727	3.0544870078845965	6.595647118179226	
0.09784377395491445	0.16009622306906918	0.3778009133468171	0.9950007280814073	1.2208374426847564	2.2144326403488344	4.109788491677784	5.44079136555137	
0.10596831367539004	0.13502919684105685	0.3827347398073841	0.9809938233370185	1.6006738452724207	2.273965335411769	2.5940439952570595	6.023347002360776	
0.10872125320831456	0.1262119950210178	0.41653963494814106	0.928869857342508	1.3063689290600042	2.2818043182898924	3.3177315163426746	6.40368412243715	
0.09082988262092619	0.13903965657361994	0.3819579308233511	0.9802049619785391	1.467972950209889	2.3479835026500124	3.3109199037428123	5.629827444103984	
0.1055592924226134	0.15930111995717616	0.3686523863547962	0.9304051132841693	1.4583640073747517	2.2727677738208514	3.6331924321370797	5.335984971732967	
0.09335796834457562	0.16627953252958422	0.40478597802797495	0.9762279393582473	1.4785420231513107	2.100902778404938	3.4289327552652367	5.478907209003223	
0.11011440191699427	0.15802252703998038	0.4239138720660727	1.0207844082098374	1.397308448441854	2.0103164741054034	3.1512213323269234	5.751129466515897	
0.09409005499854332	0.14119735384629278	0.373368867856579	0.8826005667995045	1.4541228635511956	1.9070231067154577	3.300159313937634	6.124354952454879	
0.11234947959236657	0.14250440753742322	0.3588208555399183	0.765716508879493	1.5203219426375358	2.813547738262596	3.7812794231455253	6.012547462823045	
0.08972120354387217	0.16849319312825609	0.36772898360902595	0.8393775794746366	1.512227454274743	2.235307056400456	2.354831367577276	5.456434580366087	
0.08865578156599707	0.12483125835980535	0.3919978043641237	0.733826811479681	1.1133595465508905	1.9304363799133513	3.507367250692479	6.105595808800954	
0.09787036915998196	0.15431138109941847	0.38198296930884856	0.8865069827866064	1.3454644219839955	2.140266987075722	3.1025440264855835	6.295773954892415	
0.11149191788688805	0.1269200075177538	0.34629302863945666	0.8159121338546912	1.3095615805643146	1.928389494572433	3.0887639554063475	5.6343316218665835	
0.11430318817474082	0.17568333396704	0.38355063065984846	1.0118148777085365	1.5356457003463484	2.3197496605478825	3.208294782613344	5.319862931770345	
0.1048509594363134	0.16675637021012665	0.35738108559801923	0.8511444284748185	1.3949366891737371	2.414451657249989	2.6690020854827	6.557437611535954	
0.11045214413195113	0.1780703485699461	0.40618310318332046	0.9488031917982582	1.1868267320681851	1.87160594110589	3.567012923654799	6.374297881529806	
0.10218443699212783	0.14627369259045656	0.36440325978476	0.9076138067276325	1.3452789608374498	2.6041910258857137	3.2474658965635728	6.477011514655899	
0.0864435392865523	0.1393100163865401	0.3711736444591573	0.8923602658283493	1.6065474719041193	2.548298536758943	3.483399460084959	5.10999922061745	
0.08186345431083764	0.16059118711626377	0.36310906188417097	0.8587399578064572	1.2525172574934405	2.7470797575760333	3.074441437799926	5.760859503099632	
0.09212326086684187	0.15849730624763259	0.34175740702606	0.880566065114475	1.6076194040083391	2.3277574584983287	3.2890009077942115	6.017727756289021	
0.09773289755936722	0.1769384804397104	0.3970913415494093	0.9596979855712688	1.4721826682303467	2.297505130288556	2.9270300523967334	6.181864720677084	
0.10355578927183569	0.12706930019636561	0.42312453649067916	1.0547036392025728	1.5838414180390799	2.091967963677651	3.2793726075338308	6.314389844455829	
0.09600701607297346	0.1553982054658145	0.35814022561645786	1.0560831630507497	1.0256663487761999	2.0831987233594162	3.2404161616795757	5.718420650651671	
0.10899447044217841	0.18274790561025694	0.3878447438790212	0.9004004316550761	1.3190551209060257	2.271197806741482	3.2405589034716447	6.558747430591323	
0.12215715949572514	0.15886010289268052	0.35054930541287604	0.8466395764420106	1.3773825083391458	2.4132998260565257	3.243131325966854	6.654095629854156	
0.08547753885263171	0.1621850703616377	0.37262385265103315	0.8846226206209542	1.5018840818430794	2.4412089707942326	3.467857474824924	6.019961809566398	
0.09163956059278489	0.16152231503154038	0.41301448759628456	0.8791851212094418	1.2479316944520928	1.7870345134995083	3.124850465889297	5.254896318144741	
0.09357848116746671	0.14858196064651585	0.3462761567913982	1.03086111524884	1.561179416452764	2.142344324954385	3.3178173072847374	6.769714426022237	
0.09022832847706996	0.13884830309766738	0.40703683413776975	0.8604634903224742	1.4396234644267467	2.3329789142232706	3.4352600603356653	5.281111169698718	
0.11790202069102947	0.14863987791510685	0.3972592096696528	0.9981341384217413	1.420841984106986	1.929235533261796	3.0555424220524134	6.469724135865588	
0.10084050293094644	0.1656763927744179	0.39247115534740906	1.016534319330923	1.465547908280254	2.0478963369997105	2.707195283306815	5.754223928354742	
0.0886420922165465	0.13803176016774835	0.44796564841996483	0.936848347638756	1.320022535504795	2.392804112885424	3.0694121271653683	6.349354527878668	
0.0862216133592636	0.14774472652375195	0.35529059093693316	0.9037511967766707	1.299189945002811	1.9727082658905228	3.4125678261628747	5.569537446552792	
0.09126328562990148	0.16534863649419984	0.32625717374404295	0.9917847437210022	1.5096271202377067	2.0369490714146012	3.0979543974890813	6.080166683668068	
0.09615467783744752	0.16880565354067964	0.39983933745462236	0.8977129915485343	1.518662375762104	2.3075143320149327	3.632374082953994	5.83983044462498	
0.10587912998995581	0.1584102572201346	0.40232197122039487	0.9064688570789352	1.3358742701601158	1.9004604071455768	2.7912975765617327	5.851400196109186	
0.10767884802185118	0.13542204674585095	0.36415069925915255	1.006119796083483	1.1626960529722967	1.9124148876558285	3.5875962681343765	5.148233104685477	
0.10770215691789138	0.14613506011612296	0.38735931588899813	0.7699166427922722	1.503508615338839	2.0845769531825837	2.765372378365986	6.977146066316022	
0.0830941542102685	0.13938216741945605	0.367672032835475	0.9081665895462737	1.196047214040801	2.0900058503361088	3.6240491713804523	5.98508954847181	
0.09923102451854966	0.14548394774970594	0.3828189478975678	0.884630615777526	1.3163258862514937	2.2111314160998132	2.9714217112971775	5.420436188909413	
0.10997950248811164	0.14661873177464863	0.3980033730458744	0.947976127104361	1.2230680715929443	2.1132896020867977	3.031976599510376	5.81420863627773	
0.10278664798440229	0.14519996579409525	0.4026143408212903	1.0025839044734548	1.6602820594396086	2.2130659476490107	3.0825494494681225	5.990204081948669	
0.09499244667723383	0.16677599451930689	0.37080283643544243	0.873375712412321	1.4554283251418094	2.3549193229026915	3.671605445363373	6.1622534728631635	
0.11574507054766058	0.16915452970966843	0.292889215878236	1.0595018849773679	1.3680144357134998	2.494135205154574	3.4107098505014286	5.594330617090806	
0.09524759410423825	0.14267703072883178	0.34947538236016873	0.9306960736466565	1.5638124157638202	2.245756566200764	3.388671973355751	5.8148049538607	
0.0978655616941564	0.1529182766263231	0.3626827381367917	0.873790284629674	1.5503671007203077	1.8759486687992677	3.781782835996507	4.972158317296824	
0.10298619569046469	0.14912311359444938	0.3554265505518737	0.9723527823513342	1.7092943360618649	2.2273257233535255	2.9335571160719724	6.720093775326916	
0.10442543122773276	0.1545207164241958	0.356004137616108	0.9423977885779689	1.4050689165742527	2.1817319139637026	3.4348453356949094	6.792416356500819	
