10	33
1	1	1	1	1	1	1	1	1	1	
0.10626942156756579	0.15212754684108534	0.3318714579081933	0.6158688533207639	1.0299216216505367	1.213636840043271	2.635105195414687	2.8851749941206584	4.272273990583293	5.9612553526251535	
0.1077841646018543	0.16195689891102202	0.31124216884543865	0.5888045883593932	1.004147819814736	1.4547239296670036	2.59561557291304	2.396427388714549	4.336063273938315	6.600646262478466	
0.10321596977863733	0.134413916487137	0.3900205317579708	0.6543063419686518	0.8815298863111343	1.3519861348682591	2.0769390314457743	3.1731987474030308	4.807009327494543	6.605760287186243	
0.08185448746795974	0.1491361871218681	0.3669290497313639	0.5555547521482115	0.8899367526946101	1.1867960668945632	2.38264756710699	2.9136288490547138	4.084412332484497	5.856471663476254	
0.11470155314497786	0.14724074814055202	0.40000279389070137	0.622393978573727	1.1384590798683687	1.698226710277088	2.4391163837913457	3.4398341150871152	5.405615930127469	5.64207695886944	
0.11417433806347013	0.17597362911750156	0.3701279280391875	0.5935241237225276	0.8453084961950748	1.313533280777289	2.236128555170414	3.882693780476468	4.458565025322971	6.942431433280085	
0.09543155783408222	0.11353699316181003	0.3347955200969956	0.4867495164939385	1.0380115122940732	1.4895205348813885	1.8749274170418384	3.2421651019713913	4.851095543968149	5.81102337056157	
0.1019596141776707	0.15107336574392027	0.4029981371356986	0.612398917787381	0.7829746369336031	1.0849107607649522	2.2492489803180744	3.246182956303417	3.319327215632416	6.342425623181228	
0.11262672778738561	0.16742050591213467	0.36571815990041007	0.5216306499091934	0.9181479222758777	1.2671035069419838	2.412964225478312	3.217212308839431	4.641222834743156	5.992262963814012	
0.08584725446454618	0.1478617015205574	0.42364031229153826	0.6375163760066062	1.0135268875179928	1.3946170376541012	2.2109381798501344	3.719716727498608	5.193609156726369	5.582731277334892	
0.10665122475853842	0.1680254841627537	0.38916107036474923	0.7093490798972094	0.9459115969473783	1.3797382867610521	2.203737114406502	3.474019884377544	4.398329486809648	5.27880455045257	
0.1088820101801885	0.13890894253155575	0.3342003710660046	0.6775689711068514	0.936624658248687	1.28662148882742	2.008194355397239	3.1768413858795954	4.214981852599379	6.6949522124247665	
0.10137059004279386	0.1344871590443348	0.3887603515692567	0.5970608593407372	1.047497500621482	1.3798885529569405	2.0046101434446686	2.80883165054889	4.6011918904313	5.104728107662776	
0.10363619988911477	0.14155189568297036	0.3455871844271716	0.5580738312323522	0.769524755560605	1.2631054151911068	2.396829011712525	3.056542459374761	3.9716113191973386	6.232385024567	
0.09425155069677311	0.13140724534992257	0.37344067812863274	0.662939821142865	0.9005834156595827	1.5437653200207395	1.9008471171353052	3.303440995040179	3.473137784813217	5.82097653530427	
0.11232193327210394	0.17549320510438354	0.3956765573363083	0.6431543867545113	0.9143166262644591	1.3475489414129236	1.944895559173489	2.9922294471906437	4.272872865869176	5.786483594966489	
0.11156528699740556	0.16353549579081317	0.3868263306084291	0.5549583714284136	0.8697163941764807	1.5257943580363693	2.3536783632143488	3.0404248269414684	3.9153871521456387	5.208299842542422	
0.11020995083292998	0.13726674931217644	0.3284087560329679	0.6554396850083203	0.9193127891461917	1.448251519766264	2.3211976489177113	2.9909498463161546	4.098487473899382	5.0459104787898195	
0.10738289510475499	0.1539925518292937	0.3336727508504944	0.6147645185692547	0.9050512551264885	1.4035826270461371	2.392407156993646	3.4170990773016454	4.362748849556361	6.212919118268708	
0.10689291734778109	0.16303533257963762	0.31429077103809866	0.6783819114284805	0.8113684387864768	1.3024895477448437	2.3997096333436256	3.3857514621209845	4.69919751083706	4.991255253764592	
0.08771425494636126	0.1677595924509782	0.3275967459650371	0.672477755785563	1.085165331710289	1.4283735666478485	2.085972900616342	3.342654146130713	4.496418990667427	5.59376726534226	
0.09110847853306864	0.12928694194690443	0.43656017382449	0.5702522546061068	0.8496708390005022	1.4919764172270271	2.070302593415948	2.8235732814240784	5.206532728101015	6.408785208503754	
0.10421077447607155	0.13026717683700142	0.3064818082496371	0.6474351238859116	0.7380764628776154	1.2852873361925745	1.9149546877071195	3.203918787053396	4.1486395324667775	5.673241641275833	
0.10346824179315915	0.14321901697536013	0.444484948462975	0.6264818850221539	0.9134695522452665	1.6067566120059458	2.4423688673377453	3.074381830740776	4.231187114576742	4.852795680973025	
0.10900841848732959	0.1376429562042806	0.2772336134082666	0.634560698319556	0.9673878547594563	1.3829052135845	2.117195886969965	3.2153864245891244	4.978526204321879	5.279488430568665	
0.09907916208989626	0.15449606893465961	0.31465556986247567	0.602726165000659	0.9727846323201392	1.2277627099323933	2.2585264069809816	3.2821813222348837	4.357701290305639	5.652073390444585	
0.10954284377007815	0.1401115318233663	0.40366849328752114	0.6161242680034051	0.8009674982478576	1.3636884869780637	2.132060928890558	3.7406477255610864	5.036263569245348	5.883959085651745	
0.0909351289446165	0.14072908964610722	0.43697305621560284	0.6101464877504992	0.7794389079777881	1.5033308621272556	2.2469199387001773	3.537897873687634	4.350351910901199	5.838511220948742	
0.09920028190725078	0.12844660666823368	0.33141902227116643	0.6290108323940973	0.7997868671564928	1.520477134212174	1.4319980833012704	2.8740129156555136	4.923207639203155	5.967127286060112	
0.07351393564836639	0.15274962430339598	0.44128730237103153	0.6337971692028005	1.02611859772607	1.851651133449014	2.182618773398099	3.625167864149658	5.0680417533577895	4.953140277548986	
0.10031345853309066	0.16114687374932116	0.33492097861885833	0.6194455968718521	0.8512467893012512	1.5018733865154912	2.3033264010504824	3.5268863777867594	4.363597688333115	6.1819568606305	
0.10576642876889684	0.17452807080363167	0.403246512117323	0.6870179180826728	0.8885344667512944	1.5066300061241875	2.4218390997274932	3.4498604390548038	5.7559081827789615	6.0675762709739605	
0.08827290235723806	0.13936499958470483	0.44211220933043216	0.5872351561577558	0.9815300845280119	1.5042116827841012	2.227709726923006	2.867601153779524	5.138007704042902	5.9654415069019935	
