6	94
1	0	1	1	0	1	1	1	0	0	
0.09431379912042628	0.3826637272491936	0.6215484330753753	1.420402750135297	2.0471175813311078	3.0768488983221625	
0.09720912807128847	0.3841011852464643	0.5705861010314119	1.5046957784374164	1.7980769496390219	3.3168137693247703	
0.10969478746803879	0.44711193976188346	0.5952757886479652	1.5224025760267403	2.194126464017156	3.5797925180829195	
0.09753930032089259	0.3986162804189071	0.4696625298870033	1.570562007547223	2.1758307309590696	3.0217634536300473	
0.10268598344923173	0.4334327063498006	0.5420824756653105	1.3010303176226892	1.7981870619700666	2.95733352088222	
0.09038726480714686	0.37224827132250793	0.6024769456015135	1.2284176828056126	2.216938259047038	3.330331900877449	
0.10224697834709784	0.34658332656494545	0.715204306624223	1.5199982423378484	1.8613089044652198	2.7310940951885705	
0.091891856242748	0.38333586420903065	0.6865936324533712	1.3329526658326503	1.8165650759323342	3.34323841947751	
0.09528364173082125	0.38408931448743844	0.5900686916589902	1.3910806545764374	2.370156572298003	3.4409628052401664	
0.102132647723501	0.29809698883807084	0.5847277402053905	1.5533512220079828	1.9402529232846384	3.1751640715966207	
0.09944088791155184	0.388532524678935	0.5752920705049419	1.4893272588260487	2.231527624903903	2.9518465312521203	
0.09209173299830137	0.3864622094176827	0.6877357771989683	1.5729909160446303	2.0277359655047538	2.988240445673801	
0.09618849194059485	0.4382877823727875	0.5990088464129735	1.455938306920782	1.9725559707919142	3.2574864108973385	
0.08480304366568399	0.3273027306232846	0.6047568776691727	1.4629161226828336	2.060023544088112	3.3532641953196656	
0.08707340329744612	0.36677037665648954	0.5616195947524554	1.4174724884016467	2.0844607678425655	3.986070643267461	
0.09046731729766597	0.37981512167098186	0.767240793825228	1.5173700758209432	2.141521301431754	3.5151149172522467	
0.10630399931175936	0.33805238253288694	0.5070515550421457	1.4438246955176275	2.0469346821641734	3.9889995781590857	
0.11119152954517036	0.42251379735127315	0.4577958552739192	1.3456308691372032	2.1477731780643534	3.01107932089837	
0.09374915183241658	0.3702334214864345	0.6074710292882927	1.816986677305623	2.0055278693247893	3.5248374935221403	
0.11463618760524	0.3421846035354832	0.7207448745650664	1.4636778990800183	1.6135193659506315	3.6470843220561853	
0.0838244092813788	0.435400125120542	0.6584017428549053	1.2812413937953462	2.066134114979423	3.4724621187413627	
0.09445053219484922	0.4461239759462684	0.6548815333340768	1.216249991999045	2.1122850850966404	3.4189142474427663	
0.09220401636886194	0.4214836845399795	0.6368703845753462	1.5327070216259735	2.082268981944602	2.9189004146549733	
0.1121757229081724	0.4468953040497103	0.6619900643204756	1.5574371860422476	2.163425507516963	3.0197354094949977	
0.10741615660808441	0.3561743639542501	0.660115793048701	1.4689045481214122	1.8324886201331199	3.2681973544415754	
0.08756879896126524	0.32715576654143114	0.46706775726680405	1.2371652724410886	1.8942999882295468	3.663235302048233	
0.1057379396312151	0.45596884880091443	0.5883056615539144	1.2448215229083532	2.148098331388276	3.1119528691383724	
0.10423092640408074	0.32589009107845446	0.6028613651690413	1.6227417662424886	2.443081656942333	3.6367076971480206	
0.10551168917387387	0.4157235287115314	0.5976788310345751	1.4901579485389747	2.1222953294146842	3.0722681123884668	
0.10257075995519466	0.44463196023960533	0.6167266021596204	1.4990886475354683	2.3171295559194807	3.354824905083864	
0.09779854813012882	0.40967390504263773	0.5560452283297787	1.5982653845595014	2.4209266962967564	3.2346270703269506	
0.09337941112544958	0.46110411400114576	0.5578979492705628	1.3878532399108952	1.7179970373296582	3.696964486124636	
0.08564312890846804	0.3985309270877101	0.6182512820129925	1.4188358388864928	2.0334310809732137	3.393208504123805	
0.11742738197275665	0.3703906821229404	0.5006654705608123	1.1709801529082264	2.109526194838392	3.1016719232832495	
0.0982885020544089	0.3908688683908408	0.5709824738843597	1.8247002066488405	2.2322265492826867	3.5431338020110057	
0.09843596308388358	0.3743156203474814	0.5643713356728095	1.4407633184419844	1.8223547808654448	2.727846251327862	
0.09379856531944351	0.3440377574557268	0.5628183424976436	1.381871849487644	2.0878570113204917	3.514101204339636	
0.10772981132688518	0.37891190125305835	0.7191118121728552	1.3632789493623356	2.328955128349551	3.4143387049851834	
0.09782695752583195	0.37506163983444785	0.5735317669581973	1.5384859538813032	2.418491088803389	3.2618878798725515	
0.08132611117600962	0.4007552317170751	0.5892550934608691	1.2791241543440084	2.166186937898642	3.136933848313883	
0.0890354664371555	0.3715925576760448	0.6846614302452955	1.4502738122446373	2.1555342675825835	3.39518567720435	
0.10235447799279945	0.3693326436072323	0.6117029711201205	1.4420292887388575	1.6882755505915377	3.42199286961354	
0.10044971326558527	0.400573830436381	0.5988552429999412	1.379839605741488	1.9449589137662895	3.302382037608013	
0.1015712444461512	0.4312910911924932	0.5710211785291028	1.5839409398437574	2.3208524634754757	2.9999747509969015	
0.08616743682970138	0.41855765446707066	0.6275542914760917	1.547349245113352	2.181979671400575	2.9176855898660294	
0.10180146407920138	0.40475237546473386	0.4664303152033855	1.4986026126598246	2.328135347769143	3.5528275724244742	
0.10457126384081888	0.36400626485620763	0.5960943584333918	1.218726930309177	2.375873959150556	3.5072972660777815	
0.09665775140346035	0.4026711100831078	0.637257393007599	1.273076035048387	2.5876136413795763	2.9772038778303	
0.0787983284331588	0.39528703442809693	0.6202175080006666	1.3735271309598656	2.195153886571331	2.9950020182728534	
0.082928966445045	0.4170618850662897	0.6183172088839484	1.3768803834668617	2.5252249135187372	3.154131871061759	
0.10592527750885822	0.34277752661446714	0.4676080967406312	1.5178713268174575	2.2756525112768777	3.8722440307764714	
0.08875425782844584	0.31625772440544625	0.563159042854349	1.5092123332596916	1.679238494965877	3.2759077636405083	
0.09537737068235877	0.3648291970529948	0.5473680113868467	1.5887614473957126	1.807196645657033	3.558200876230501	
0.10483827209694924	0.36182844381508644	0.6924657438080409	1.1600274186782307	2.3647688712573167	2.892262058584353	
0.09542034844174124	0.39183898473951995	0.6627823835261583	1.2933205226880473	2.2726536659751755	3.1073814095093524	
0.09145737929166628	0.3175067017003016	0.5772170623623889	1.2469481987507207	1.8871930043784766	3.091732242926784	
0.09762254760922887	0.3591570125630702	0.6041619675299147	1.6709686557539636	2.0057940369435787	2.959602256307495	
0.09064029218863529	0.27410445662729516	0.5619151987485532	1.6847384026713135	2.1650407497858564	3.118593923874295	
0.10525629001129846	0.36366685121796083	0.6743077120205834	1.4121247181396468	2.4507293717512284	3.3353490130214047	
0.10529463421283503	0.37421135403110684	0.6581518816769646	1.672614768212849	2.2654104870879603	3.191083121686643	
0.10974817192518907	0.3621031877230824	0.6850174957172265	1.3574299709228295	2.13438647391912	3.5326479354124154	
0.07956160659551713	0.39196421911595647	0.6095550949986042	1.363494063039399	2.080285680050573	2.9753489127480455	
0.09038223132244536	0.3642387258277075	0.5402481209457951	1.5029592544163983	1.995359808120304	3.5095055317888466	
0.09053546049309028	0.33104514207967056	0.586852591539781	1.264474870873249	2.1205448272833176	2.9936178704628476	
0.08738870366587431	0.3325649967203923	0.6704249917764539	1.5302463732757643	1.868276625474444	2.992317701871015	
0.11486227070759975	0.378890845605199	0.5794063785516378	1.445359032189297	2.2066739700257707	3.2464978428839717	
0.09197371815554618	0.3044374196084382	0.5987967345002444	1.1655361293503055	2.044886088806207	3.0370348839910073	
0.09275006666098856	0.396126814170099	0.5872014371690946	1.497687949123379	1.7636845161276442	3.4959012028798204	
0.1091995869284017	0.378098050845579	0.7161500616758468	1.5265510074111803	2.1426634055992695	3.7153878510351315	
0.10084135574897723	0.34490860856488276	0.6486677764849369	1.646416421771901	1.820141797502663	3.099436200543716	
0.09490682527311708	0.331533962124651	0.583070921992769	1.318109681842943	2.240507247635242	3.410539128885155	
0.10138863288115851	0.3880190279924505	0.69028341305012	1.7181521018487913	2.2808706127878913	3.08549944232047	
0.10279549467849414	0.3811730257879118	0.6409541823765758	1.3034503125090466	2.3102716577215694	3.2766694681375226	
0.09915347910859573	0.37829139615228885	0.6808670838493446	1.821169961134947	2.175410163930183	3.012260246375591	
0.09988356643458271	0.3917390405221418	0.6096938159348216	1.454266919627798	2.1119615720583598	3.6881353478696766	
0.09730200219101261	0.4105828362500706	0.5093824714336411	1.3490083470108254	2.2129989010132385	3.2398378155760077	
0.11216871323185672	0.39022879057692245	0.6794756052557077	1.4996236700186112	1.9744344414305997	3.1874522491622526	
0.09870076632745281	0.4285431266581295	0.5851547541251011	1.4104809636635474	2.064175585374089	3.289731722455944	
0.10652253236610087	0.40664779081160557	0.5812037676127941	1.1437857558703444	2.2092973402895746	3.2830370252209806	
0.10152718369984559	0.38023544830811756	0.6183197290130623	1.1417526016443433	2.1813771149710566	2.926972137475968	
0.11184697383418436	0.3846866557766951	0.5565477753187069	1.260961337051323	1.965917764028042	3.041206992968801	
0.10040062019196601	0.3346477158806094	0.6145173336810235	1.5734146487439695	2.387239206503555	3.125151803207044	
0.09972022279190822	0.35485390344926976	0.5276129426398944	1.3530155617265285	1.76188236332195	2.6079766168877225	
0.10302500359590583	0.38961368368121385	0.6731827651289658	1.6352290442145212	2.1891464743825053	2.9435043279602753	
0.09053524856601448	0.3404733979171714	0.615110330668078	1.3225917383501253	1.8479233341058516	3.3868089845725566	
0.10860191598465332	0.3516276741616039	0.5979297033194487	1.6390123381393369	2.350659957652208	2.9501597892270093	
0.11554084756777534	0.40729740352751614	0.697507745122886	1.404222878483638	1.966300724598071	3.2371871848437013	
0.08589125619677355	0.4114641474664627	0.5668271969332214	1.4858186550533652	2.6150902330808465	3.091486184676041	
0.09999675303922362	0.36224886922922483	0.5912695489983988	1.396470771786302	2.3649395114890095	3.5389072101942607	
0.09772705015340961	0.3845630230140116	0.5799246484627003	1.6323887668091606	1.601090501886154	2.9949019992719785	
0.10425700137179084	0.41209089493316337	0.6761416900043591	1.4300140284181555	2.023147879164584	3.2411528125113067	
0.10968470030929167	0.35664573993645593	0.5963300229970648	1.3871387311114118	2.418099692728775	2.872408706314077	
0.07475732723905999	0.37531323883952916	0.637215085691582	1.3569748684201126	1.7552795052127859	3.4610644443109932	
0.09555415728364203	0.38856282413256293	0.5823283097914554	1.1138856629500244	2.219792281649707	3.4349430117762765	
