8	62
0	1	1	1	1	1	1	1	1	0	
0.1510975810663939	0.41084944464327805	0.5879604101570625	0.928326131188912	1.1814092301973258	1.8990740928111038	3.336615772385249	4.308528258376337	
0.1712199566251267	0.3513325229078568	0.8001594542050995	1.0018289832267888	1.3098758239603954	2.2255855121219668	3.754289102217886	4.063475820854114	
0.14163450045271098	0.3835660187070302	0.5290046359845219	1.0425846388883422	1.4855520074848392	2.161984694997003	3.1778316450825876	3.718993190854297	
0.154256824792468	0.4706205143036753	0.5001532919808555	1.0136796179497005	1.3851902492988017	2.1381883806233124	3.41555834998406	4.628151894040849	
0.14639627325688587	0.31493743498691706	0.5455568870403791	0.9680823914882477	1.390095567107908	2.3562508504938844	3.4475304623655263	5.071566800669983	
0.15055178466539879	0.4016207819729718	0.6508296354378268	0.6843090453275539	1.6179180428573052	2.0740095779355583	2.9197771874550145	4.06990845068186	
0.14244090857135583	0.32948177734216905	0.5533839408927576	0.8999574045650466	1.4869621317565187	2.7469357767282085	3.1205588457487474	4.343245094040752	
0.16849409488859993	0.38926068365587085	0.6743094311269789	0.9276984581336108	1.4330933991102237	2.2023630213721574	3.148875334896888	4.731007073123	
0.17311538159395098	0.4642070978045052	0.5191008572360496	0.7757942814372301	1.2300630061844722	1.8081531382475657	2.9170856779976333	4.672194388985643	
0.1662459514425539	0.3885495001185531	0.6106595778377987	0.8306239693038828	1.1958843858737067	2.1833210742327513	3.026773701515782	4.590629680031184	
0.15942610382169647	0.3720031385052102	0.6467983336560481	1.0418798604018782	1.6142383579160624	2.1414786038238214	3.042212009242596	4.608038629241667	
0.14279675631638394	0.32943773112870955	0.6015310113066699	1.0387308822680557	1.4088165177423337	2.4129140969090037	3.5947109867969815	4.69891200346736	
0.13543650599005144	0.35535629506712885	0.6690419609555335	0.9636419378084924	1.5687766451396548	2.284464541772175	3.3621285512904713	4.668469623378016	
0.14187771615208872	0.36835193341395456	0.6129412555575069	0.9929760417251398	1.3475885660600218	1.9697357350458355	3.2390137865424116	4.511449745278895	
0.145259588795212	0.3384147222546641	0.6650888125350417	0.8637867712770713	1.4184649038616213	2.2771633931636237	3.300682612650598	4.238569237129109	
0.11941364852408111	0.423624902154368	0.639552032527134	0.9175248695577416	1.2832197610446974	2.2265288998996557	3.793688710176849	4.337455869126716	
0.14837811235186257	0.3710246139239531	0.6663642331504007	0.8960482252806985	1.3990771635389645	2.3961105649458028	3.1160737942390004	5.385841800075097	
0.1262850490860097	0.34667670582819876	0.622915162904313	1.0241235159496433	1.534538965800324	2.110509063676198	3.2389213407485413	3.870878943314519	
0.16842400448716213	0.43475076499932835	0.5274179044134529	0.9082103566607003	1.559766981641859	2.052201605807123	3.251983306612284	4.381481806362639	
0.15189043110446857	0.30535818574516693	0.569902185054336	0.9873726676970445	1.4290540455701648	1.9133474323446513	2.707259681765728	4.644642552183269	
0.17732201744971055	0.34113567565446046	0.7038573883473443	0.8194973334876802	1.624226699643778	2.026003884283542	2.8537431872530687	4.516774129859186	
0.1765937094484721	0.3888227740918145	0.6293577962385463	1.0682018286337407	1.2899012032730006	2.1747216113903356	3.6805796709110044	5.5119803649300625	
0.14718992580747364	0.3591140435998826	0.5408019859091142	0.9419107092535507	1.4444659092358052	2.2800814202486896	3.3657508374780485	4.540651399419155	
0.15685258185629614	0.4094500379573441	0.42997712562630325	0.8041619817709648	1.6030543606469783	2.1169996026475424	3.20664010239753	3.91226815559993	
0.1306590854916575	0.4092516569728239	0.5474104205274009	0.8865621215929268	1.1432018628977452	2.069662430433657	2.6882446262832267	3.836400960798022	
0.1519434656878323	0.3077772979892788	0.4941708019678649	0.9360619364082293	1.3410823737356976	1.9199935898651939	3.206938942735662	4.882142673006313	
0.16389231001550944	0.41209622896049786	0.5661382462796721	0.9747874725168023	1.5202370814982782	2.0954728455778118	2.9216949542957473	4.065000610867004	
0.15463224215601168	0.38522139068390876	0.5567549321500733	0.7936844144379668	1.3034121941506687	2.253473630209311	3.6666278380776305	4.848807837991849	
0.17055945941308756	0.4024868931124847	0.6919159207717537	0.7672446859458844	1.4382040942554837	2.679093841074908	3.258778757032492	4.736887094097079	
0.14258886693510903	0.32342839278430746	0.6527431694038953	1.0060292280903513	1.4214609425834321	2.1212835965563253	3.130323731367923	4.379222784523127	
0.14219630989646895	0.39480477163791267	0.5966680530445264	0.946193612257809	1.6761045154428855	2.194308451435564	2.944012158261431	4.475669018276978	
0.15572188246480165	0.42596499025445	0.7016286405656899	1.01813284400834	1.118808753630425	2.208277855946819	3.529276376074198	4.637521647286091	
0.14588120539231222	0.40348134328628305	0.6865257283496778	0.787082113976056	1.5517026167255963	2.306746353239621	2.9344219985324984	5.024117516608925	
0.15224327095795237	0.36813421988778156	0.582862987616815	0.929961445990498	1.4768108814417962	2.4076763627418374	3.6895143010227214	4.203656277112673	
0.16797820174647216	0.4163815787016474	0.6054126820337348	0.9634364620738476	1.6830603287109966	2.137162477229495	2.7903755326913355	4.737789015864976	
0.1459133905919595	0.3607309537561602	0.6230675081897205	0.8840386776537814	1.3834934985339387	1.9351953302563063	3.0480272933067494	4.438342949094034	
0.1522792278314639	0.3747249053473028	0.613562018855064	0.9055020156165806	0.9170050978382208	2.2254060348379228	2.739293393609268	4.137735825418754	
0.14633897925659506	0.4028359515490885	0.6553586679647657	0.8935356095686221	1.6108101096221075	1.7958641231988357	3.0880951100584335	5.139410316995986	
0.1488902403306164	0.3605887073202179	0.6750391276498044	0.9645313359290006	1.4776723908590401	1.886797351799861	2.6690854776297326	4.949966851575688	
0.14528163631889537	0.36177810942738337	0.6194178934795305	1.0558450854113592	1.6077121810878203	2.463960338630365	3.329846368855882	3.9828801975642083	
0.15137289078082897	0.3939875144421503	0.5979085929073831	0.7382179400102522	1.4031168613905287	2.211919405204908	3.049539293502546	4.639452774791588	
0.14025656840130293	0.43586938035751416	0.5846303277903536	0.8942022970640312	1.5219625051414547	2.070117522380109	3.941066948931833	3.8741346471399103	
0.14635703041643372	0.41161910055345136	0.701199332233421	1.0425523688977105	1.7218706268838726	2.1586852797219978	3.3669344289152803	4.062501572913051	
0.15319439659539585	0.30043517349825644	0.6097685004956587	1.1467937370328578	1.4697582381270353	2.3325187619931778	3.00317427969819	4.320765227706199	
0.15996250029618422	0.49549032871580606	0.667409927593322	0.9378282092004077	1.3595749761029874	2.012111568480527	3.222142810468233	4.696370166114232	
0.16638590003482437	0.4078783764207978	0.5825996136303172	0.9020011872706244	1.417455367280977	2.285630453775041	3.1173945156057643	4.4529215553110975	
0.1550375992342989	0.4073351526413846	0.5683577588749557	1.0698581893887849	1.4795945449462946	1.9736092898375395	3.1259568695361812	3.999364786801631	
0.17572973822445312	0.40749337597246016	0.5536504182978593	0.9686801045499748	1.44737220899739	1.362594960265576	3.3203488934617793	4.909101885577161	
0.15135895119245438	0.30058520801928146	0.6312730234577236	0.951144772291512	1.6052987812404576	2.277040533275168	3.0342998165046904	4.318984323824895	
0.16018000795926787	0.3659758598049476	0.65510699158796	0.9272930723334895	1.272800935755923	1.8071728873194184	2.7705408755408247	3.9091287273710993	
0.1334810433599321	0.4194072820563969	0.5571089385522844	1.0678725977756605	1.5962722656414345	1.9558679479898973	3.3265944071757843	3.8253363937837377	
0.1806527746648662	0.3850979356166232	0.7212110708197517	0.8803251373045294	1.3765458146202878	2.1490511142533935	3.2695949746927133	4.128946786102553	
0.14364692286703806	0.40750938655774016	0.661428884560398	1.0220578249671517	1.352545723698178	2.0800792850094325	3.3634435411467685	4.382840381150225	
0.17676374926359154	0.3744016800423933	0.650853275343556	1.0087478183391676	1.35850548354307	2.244270851322305	2.9640269992574644	5.22291894510861	
0.15803827559301623	0.40779633358807443	0.5953524196909317	1.0659591145882048	1.2997287749766573	2.437401712255021	3.5474922084098885	4.156758357841479	
0.16559220993226154	0.4000719279147511	0.6276261922991873	0.808662889856875	1.4230274565899481	2.4152594342129654	2.992034927370181	5.7807459721065655	
0.14752603534637293	0.3638177458281237	0.654198028901326	0.7362335487154962	1.366796654350879	2.2907564344016884	2.809280053130772	4.773738355440201	
0.14906342783745477	0.31324116505678856	0.5385187546816015	1.00093256835393	1.4562690083214398	2.4808721717502142	3.618078471154033	4.688944361744246	
0.15479500715944075	0.3570529175878556	0.507229477226159	0.9098867007071637	1.4518851197063372	1.906233061691867	3.747895500909885	3.887361460535304	
0.13202305315143525	0.43327900914527456	0.6287732632674764	0.885447334906745	1.2995636442802487	2.5205429748312937	3.3232835247614307	4.1368722794811745	
0.14179129908041585	0.43355046203986697	0.559474632020841	0.8721276214758915	1.2843516650912041	2.0739578717233167	2.858226624332941	4.27896247669606	
0.15503648827483507	0.3706323729226931	0.6291037077901779	0.9246374946237522	1.512865992378884	2.1004384342819664	2.5855721464113564	4.604523245828065	
