5	89
1	1	0	1	0	0	1	1	0	0	
0.10694689617062314	0.15737972076533718	0.632234707702942	2.108293088671293	3.3285112704567648	
0.10702094955011553	0.16652774560387898	0.5869488397220821	2.011604747678554	3.2103543653108515	
0.11795799036368725	0.1485876209525552	0.5269275921579025	2.005747420623869	3.047088523221932	
0.08668580180233126	0.14881505588910784	0.497701926385223	2.142972228937826	3.118764910310075	
0.0949446732659415	0.15088253367220442	0.5641713043335167	2.243351868998216	3.265763592886886	
0.09410508436778886	0.18197629542663146	0.5652321801346687	1.9369668769782402	3.267672336034494	
0.09921605156653919	0.12125005324661287	0.607347206722213	2.652375698105405	3.272349492612818	
0.10608561059527871	0.14308443062367152	0.4992532603987621	1.8548244375723473	3.4645729313767775	
0.09879281645746184	0.15253013821078404	0.5544424867507238	2.4985144160391686	3.0600239121051973	
0.11490194036933712	0.16586886467784848	0.5739807241540796	2.151227052625806	3.2829136149588263	
0.10225977375165006	0.12269705520696034	0.5823252926988964	2.0726180774109513	3.986706572245083	
0.0814413037500979	0.14948793949368802	0.5598091986812321	2.193225182501535	3.1641172573138965	
0.11770582399627715	0.12047908048776207	0.5502970292067318	1.9507648254124372	3.195771119793971	
0.06668493353154581	0.13903996963979173	0.6065812694846663	1.9174495359879302	2.975837183529704	
0.10754326251552243	0.15846640650548796	0.5272891145528885	1.8331735319647495	3.045577268938736	
0.11186545598665926	0.16371230289194863	0.609265026631392	2.3079623766873625	3.5239785076891823	
0.1042273900953668	0.14279128122464782	0.5467064156651278	1.953307762550697	2.831563114522771	
0.10033956372635325	0.16548710726978047	0.5317065438803685	1.8683023214659036	3.241302165017491	
0.10623819821119865	0.1384260516824681	0.5977708194773996	1.5538573018565371	3.1804316300613658	
0.10524117023793372	0.17496833486926197	0.6797586044724483	2.1121930339822916	3.546601304945983	
0.09527256459463551	0.1466515371435227	0.6159899016091311	1.9453594993970564	3.691222646864572	
0.09392223052719967	0.15435905195970448	0.6039083543552192	2.0085425364804927	3.527610191929716	
0.1142369109241904	0.125915101788147	0.6518622399170196	2.2148307631139086	3.060181206300957	
0.0944042783292992	0.13382657130812026	0.5223635875404561	2.3765080760836637	2.2547856872601213	
0.09989272177600665	0.16005409235714127	0.6278781451831382	2.1070874269409363	3.403835707244692	
0.09640434100920257	0.14726097217382209	0.6010776316418197	2.2347794447693574	3.4272364693308206	
0.10464583120296206	0.16983305833450785	0.6027838764117771	1.9820061058815877	3.164823882413024	
0.08706041947367057	0.14423476471672225	0.5424109309986128	1.9536319924403474	2.8547363311956087	
0.10088740091364053	0.12850569619339197	0.7082068198634249	1.9879396081820415	3.601744617178215	
0.10027714606311347	0.14887466279587855	0.6054257185287948	2.4725295464937065	3.882561997343948	
0.09279947566403474	0.15804618601268597	0.677586348494624	2.44498208079353	3.613712242192718	
0.09309744033074399	0.13967702745280464	0.6239469851432508	2.3254987907096667	2.8314855851443426	
0.10127974668367762	0.17048076981692628	0.48886318487735003	2.364663248520793	3.1596390572927655	
0.09157003039292	0.15137870932906836	0.5459839808299969	2.017297634096411	3.5960763115697274	
0.1047441744215645	0.17366120680176164	0.602023610339093	2.1155547073960315	3.291521829242173	
0.0865557002827505	0.1471605734942489	0.5988031443146884	2.2714409858211573	3.3031644890009235	
0.09326319440344827	0.14072609339164052	0.5311977055873647	1.735586475147822	2.810159268889371	
0.10013285853829429	0.14261974937947788	0.5048262308874348	2.11593006456295	2.9604129329318707	
0.10343377517356017	0.16960419070756574	0.5985083856966452	2.027397277761403	3.4770442533532013	
0.10064554143775979	0.14246333544624035	0.6311883606481213	2.090778885537923	4.033931313089387	
0.10890514874470303	0.11867012008703573	0.6621539290809605	2.1898007097204824	3.4141223913953196	
0.09847723713474806	0.14029955330493432	0.6226024200988982	2.3251774253856903	3.5002143665907965	
0.10961688416278233	0.1684909607544783	0.5793434302174877	1.8165785636998784	3.04889007707252	
0.09013135091698342	0.1314267156243927	0.6049187858502526	2.098525756806185	2.8881937664800295	
0.08871679561209626	0.16143582486156147	0.5738786698347067	1.9955893969718348	2.804032136205537	
0.12117664012420747	0.1375716775460603	0.5556898967282751	2.1319140473325775	3.2629317402059717	
0.10063243681971178	0.1533855909487318	0.6764117478573571	2.2968208957255754	3.482488748122017	
0.08172686015847108	0.16114364633363437	0.6360141737452047	2.0796333377916945	3.477118491969295	
0.10165963409857791	0.1383080866937367	0.5343924524370395	2.3891954955239396	3.303163128961505	
0.10638317062488584	0.1722261845735321	0.6557678823152215	2.2356273754687055	3.5461901114620202	
0.10173968999378696	0.13624654032350894	0.7088520256117176	2.165648783442312	3.252234995537532	
0.11956927737619932	0.16215215977431766	0.6702074634432702	2.3496684634741145	3.3320009070477044	
0.1121538332153179	0.18904746827119537	0.5938315950399908	2.306225291243158	3.539920999594444	
0.11183227707501556	0.1654702416261667	0.672979703323533	1.8473861470751407	3.234361804962277	
0.09244189437424888	0.14599901258010045	0.6302414219768476	1.8107711344881614	3.101982194683084	
0.10197725417213649	0.16994532908850601	0.583317631880478	2.1185671358575	2.960674260537177	
0.10868186812460481	0.1800382174972828	0.5663874605468786	2.3104735828426652	3.2546959073886725	
0.10000888561529563	0.15862296914625285	0.5815864632438336	2.5264120132619046	3.220052566261722	
0.09747139733781125	0.15515335806584352	0.5797517431858518	1.9874537973408406	3.133373567646862	
0.09429840038369283	0.16067043657510835	0.5908301296436222	1.7972643355794433	3.667451446532636	
0.09015320853394494	0.17726760714565312	0.6069338788621591	2.1338755931573714	3.510025934728751	
0.11365890293410685	0.13820305040599565	0.6695041123151734	2.2936036977946856	2.515628350652716	
0.09128943286344088	0.1445737082196091	0.5601111534132517	1.9108539512771943	3.1689957540766636	
0.09678905441674202	0.15514332072744708	0.5921853090739315	2.2006836001338863	3.3042040461033255	
0.08974364569954973	0.1431499398064574	0.6226853510507397	2.201238318736202	3.4766682233424295	
0.10300705534151373	0.14059328534299	0.5847936140565045	1.9803444335022815	2.6971510128702922	
0.10775856870605822	0.16424270055484425	0.6355393698326984	2.376574603856118	2.8449350758130776	
0.11047743177889252	0.14650113267974832	0.5848210390734669	1.9870064859821994	3.451714639308715	
0.10747456508215761	0.14889591126324608	0.5204830971237004	1.9924282908154822	2.7710879469339322	
0.09089221944749637	0.13673262145146792	0.6353141424465943	2.446428950110263	3.3095462200421415	
0.10160740937842663	0.15000131950716897	0.6292309097985507	2.091734748308015	3.642749243513762	
0.10283298213921849	0.16975249331415942	0.7021175360492002	2.0407960350814145	2.510242561415545	
0.11876812125804853	0.14830394270606528	0.5286835123950834	2.5119781359829574	2.9037375831044767	
0.09234296339740929	0.13365459134726917	0.562576468136961	2.1944020343224	2.7566068552942764	
0.10091853831413806	0.16605773367332835	0.5309220836177453	2.1285845150320775	3.1164771062700978	
0.10612279019649232	0.14793020622915387	0.5253859245610374	1.872134804045726	3.0255941891919114	
0.09244650554746499	0.13533424317949616	0.5293039054409044	2.341001850720635	3.7391280165996017	
0.09682679996838485	0.1471346890784089	0.49367855267957605	2.0222479217335367	3.333290689030647	
0.1024895017860593	0.1522901613570343	0.6015861140392674	2.1857612216483506	3.6610981509712794	
0.10351415558191368	0.16522762679143518	0.5431306071838714	2.2325130413260843	3.718501461913617	
0.1091644405370833	0.13757969016512825	0.5094095631059111	2.2157699640316317	3.12048009767189	
0.0937372739939902	0.14520205384655313	0.5785354944689881	1.8370265478001546	3.0587745445533896	
0.1000553643449005	0.13855269634680722	0.6330915728240845	2.487388636535979	3.4437298037355895	
0.11218286238618512	0.16246514598460468	0.5208395496295641	2.266909545889273	3.206708939819706	
0.09438173636818233	0.16424528172262326	0.5429098982564289	2.183239415471746	3.147881435766608	
0.10335972687629383	0.1420002321671648	0.6370677638363273	2.157376646672482	3.4314455020026555	
0.09019466978404798	0.1563448793384253	0.6070200949532601	2.1556392365245904	3.211500196304403	
0.09459104852803707	0.16780135798171877	0.6705252215568205	2.6361819294043856	2.91819511713063	
0.09641884606591922	0.16590021393475862	0.6282872495180991	2.3375101608694684	3.1091078413607662	
