9	93
1	1	1	1	0	1	1	1	1	1	
0.08743645734633926	0.17120190591539802	0.40511752436462833	0.6327839963210915	1.4404755824496465	1.9782517488958073	3.228941757690721	5.33342474519255	6.201219296490441	
0.11191595222606768	0.13365390163135182	0.40109141511234375	0.570159135049528	1.35002672231451	2.1576824984402383	2.984371432526794	4.287449872067525	5.782259720895711	
0.10508862060322316	0.15302365184560585	0.36617376791187073	0.5868019185383322	1.5311254365098115	2.0288706762967963	3.4758820191065505	4.970212216098205	5.268676163497371	
0.11106078237979033	0.1544984749904784	0.4300745484200029	0.627395128979796	1.4503478872234603	2.282841909839119	2.6816610354595896	3.5631442974659064	5.594956775618309	
0.09154535702676059	0.11005196582795074	0.38035795441907644	0.6259343791896617	1.1948368059105752	1.7625365372634905	3.4065225360482208	4.531451942975659	5.89533514065684	
0.11681547604988365	0.17821528660158664	0.37133463064219435	0.5904031692175918	1.4136441837093434	1.863140205454499	2.700149441493994	5.270105867806808	4.254485555243969	
0.1065667281364938	0.12925347302940757	0.3697873127413924	0.5624683189854645	1.5954473938751643	2.602328562610231	3.752242143455333	3.9889034043499474	6.200477006750847	
0.0941359849388642	0.14491150162305697	0.39674095299990275	0.5874458727368899	1.6332095659759196	2.3174067698081755	3.055912064469531	4.658395344663865	4.50629198487494	
0.09329110546442253	0.1453870838806434	0.35530325223811143	0.575543794608741	1.6099536708342879	2.26858270419664	3.979361913890123	5.788035971827018	5.958664485522049	
0.099385976957108	0.13689842991574386	0.386049507941856	0.6844339196230195	1.606397105855342	1.9393066004716637	3.203074738679062	3.877400307375967	6.23913462944166	
0.10350379333916933	0.16643583567993364	0.42215458314755	0.6239326196871888	1.3499225903885697	2.1821463611652763	3.0116366182394394	4.698838313217767	6.28317773939739	
0.09334482463096101	0.1426173682173779	0.39019346614289774	0.5390935692399982	1.522230115918444	2.284335942917205	3.2230335073408725	4.130294144178197	6.129395181224667	
0.10869063443073511	0.15094123841024087	0.3833444684267302	0.504807318239846	1.4324832446654006	1.9797620737199169	2.918475172670925	4.95912368828423	4.354297311459536	
0.10092945301610748	0.1526678480671589	0.34460472425532085	0.5559974881768868	1.3141073395897815	2.0340276802315973	3.392686290604185	4.441881176498276	5.588645722870589	
0.09514343363567636	0.16017212900749211	0.3519717786094485	0.6360629290875017	1.4632504800259896	1.9361354224996496	2.437914859887062	4.972975814976004	5.351059322940883	
0.09691427677682794	0.15463794126033215	0.415210280861551	0.5542736597954875	1.3399715000028314	1.9412280658741488	3.3107717216993846	4.351398116917856	6.080775121813023	
0.11640134436174679	0.15195985763567849	0.43808721946087514	0.5010746918358893	1.3302183057817731	1.963099295389482	3.3401014334025576	5.103466363352258	6.461271241663267	
0.1045451145370106	0.14019244510360013	0.3820767924943332	0.6122505438304008	1.405677435766728	2.4756926221380042	3.304538735332998	4.248200444638149	6.457129778922251	
0.0955207227451841	0.1512809006001184	0.3416680450886283	0.5453744266765659	1.2673051321277407	2.069919094660572	3.1330720252108297	4.905484816301544	6.12826283643987	
0.10760472319830686	0.17078927009446443	0.3504124984648606	0.5053666108147918	1.4944399227578433	2.2513718171568375	3.076774881033278	4.67682221197584	6.000708515245197	
0.11150084181713214	0.15214590268590247	0.39327572558612695	0.5973535684786281	1.3866237381247368	2.078632924018317	2.72246557199104	4.721114741524217	5.513597142785724	
0.10025056021999623	0.12859150907516528	0.4033276233248695	0.6265868022290655	1.3608311639308963	2.0032321700585487	3.4891020728654487	4.2354513588382945	5.301041462698757	
0.10040138905572629	0.169369813696803	0.3635533282401571	0.6266480908954397	1.386088553309126	1.8446816416812546	3.095246937792658	4.464763965897026	6.338017701620559	
0.09734432835207904	0.15622079017175114	0.3925904971463674	0.5423084902431113	1.5619778687978545	2.155107752109465	3.3057887830716717	4.811881567394085	6.022474777367966	
0.10627721457882794	0.15856436386314368	0.43260886154678835	0.6974042321910354	1.3394891332066607	2.3621474631971515	3.6029649106986987	3.5584634275245994	6.1104359021945704	
0.11318475581428594	0.128965418657746	0.34408034764112677	0.5952295614723798	1.394469925864109	2.286796195975584	3.0599070051672683	4.11953822567152	5.730216847508911	
0.08638254732031858	0.13248994552296053	0.35220985770244806	0.5627496863320114	1.4651190062328996	1.970179118284548	3.152974898916283	4.805468956058504	6.271277602456326	
0.09243049411073068	0.12798864976847144	0.36398048767045366	0.583710502663975	1.6858999201264158	1.993686548712119	2.913161733951516	4.674112289041103	6.461220064037342	
0.08542379651582839	0.14459469752923482	0.3743605981290153	0.5633993293494994	1.7018451878389294	2.274157361936525	3.3763587592086486	4.482422408327239	7.040473577597542	
0.09995016110512868	0.14777301331627493	0.4265960268491033	0.6393528000671215	1.5861868988454648	2.356151792921348	3.7353909004249153	4.819784705098622	6.019637609332539	
0.11921079202052719	0.16627666616229222	0.39781221134941147	0.454343926095185	1.3726877327393223	2.591054471563839	3.260139358234738	4.146802658950563	5.433850087282892	
0.10359155489744853	0.15699792819400243	0.348165098918587	0.6523862475988401	1.610815817126056	2.078364407350375	3.0769556840775762	4.91214268217783	5.5679489595332825	
0.08851392039506936	0.14400119370430464	0.4073356300549847	0.6388075577285168	1.6574770008696704	1.850718113077249	3.2951476805735846	4.578225536624508	6.8671263480351765	
0.107495386209595	0.12346706295582349	0.33404592281780054	0.5936597676882568	1.2786365229459387	1.8203516838203988	3.3424880570107853	5.209847132755122	5.819308661660555	
0.10572084846906744	0.11300257070321036	0.3245219140723401	0.6081763165939769	1.575136736325957	2.468363241762456	3.9443115110525087	4.953479616616847	5.8891860079317695	
0.0976430029173149	0.15762889448507988	0.37048157681550725	0.6713433155580191	1.322657157886529	1.8944633378903915	3.824395964385836	3.568860526834613	5.419645817534012	
0.11037140789849953	0.16758901079101404	0.37505531275820736	0.5979034666172731	1.3912568718452984	2.239321385774168	3.575950900267422	4.967774439622728	6.910744980746344	
0.11326144640602116	0.149648191825352	0.39890473403999116	0.6771538932588659	1.8054575170617766	2.2156167974056094	3.6845457296248463	4.921784555870164	5.284274091511599	
0.10076735256923941	0.156035877034873	0.3975382633046917	0.6273075288983389	1.33478386745088	2.0592573504392204	3.4605964181572384	4.617065687478704	6.517442401363959	
0.10343126641693896	0.13499905818774866	0.3635930499591841	0.5763403934957662	1.4684560628051537	2.007888933594872	3.3444699152698076	5.222923692809089	5.996639573837385	
0.11347853414618043	0.12858423017705883	0.3728369943329952	0.6906081512729078	1.3687265804856676	1.932648062613338	3.3690757172075996	5.022404023370219	5.441882034551334	
0.09243217437070168	0.14326780034028047	0.3691575593260297	0.5547976294001131	1.2431356942012908	1.938048353272101	3.5150626806290095	5.136231713710032	5.672969004021211	
0.09240491849197403	0.1625304972630711	0.3569547010713783	0.6040647718604621	1.6624245367244648	2.24193001945106	3.362197941625749	3.584876432838843	5.429671749634764	
0.09533214938298379	0.11405948468051413	0.4042595542408436	0.6133758170173246	1.4428469522489549	1.911911576029305	3.1669288695228923	4.685317194031019	5.667606411432307	
0.08940380189780082	0.15718847458967047	0.3198162921500001	0.6396625711541861	1.4594220757847738	1.8952937625595623	2.863901603718504	4.268243928551978	6.47551374132802	
0.0954192373098533	0.149468851323732	0.3808197937595761	0.6642677155718819	1.4969198146117173	2.0438021707702685	3.2539353858867486	3.6322287692260145	5.240331611246676	
0.0987025490912849	0.14165600929752	0.3263830239712857	0.5637313303357316	1.1891066282645506	2.267642699731312	3.9088593088918886	4.549558135568491	7.070032715232101	
0.1031237702166602	0.15355807224068982	0.35497525592546697	0.596389283725343	1.579723936710798	1.9734730119434056	2.7354225751086605	4.490161640275842	6.234215517292656	
0.0857616445937851	0.15802280072750483	0.3789134171448163	0.6644435013209609	1.6313933090978918	2.121102049148195	3.3714580646898193	4.815203821451986	6.275431040710627	
0.09615612246604438	0.13277662984129307	0.379706220003704	0.640710835481381	1.5689897990388317	1.833529233458887	3.327565627015672	3.4985746702987663	6.842206409283402	
0.0872047619090682	0.16138966552486356	0.3656396764195705	0.6551018034583018	1.6297066096613462	2.105532075747596	3.4154513979848815	5.279714478177682	5.997045583544447	
0.10494053941893833	0.14952244618747693	0.3594694002940203	0.6365525168555135	1.2909991081063608	1.9268892179668968	3.3180669984125086	4.443828131278172	6.73784229346149	
0.08573680438213965	0.13202654470460815	0.43937379644698527	0.5901187792299588	1.296902702048514	2.5051431683279324	3.4703265502932186	4.684306902789871	6.0139230915194215	
0.09170355025316008	0.13564770857001845	0.37295804398799054	0.5979332606695844	1.5384996472176535	2.164090197962963	2.9746051736397936	4.024625520134191	6.297155171218517	
0.08683674170092909	0.16579297213964475	0.3988524740832393	0.5366030731574034	1.447994505589714	2.2825853711706747	3.463264943555296	4.592382572740466	4.908936243030994	
0.09909784241439383	0.129743354006502	0.43000327197442884	0.5492274978467412	1.4908556922274177	2.1833903071326435	3.445185300452523	4.782772277223057	6.456534437151153	
0.1176365781494912	0.15675657783939662	0.3808630580095384	0.5951773139778777	1.4340796467871504	1.9174986154388671	3.7403809202416793	4.633919657494133	5.968734333979224	
0.10137164193421114	0.1414747467029003	0.442573435343995	0.6423903012229184	1.4802750853742137	2.2655480318853107	2.711781990276871	4.377038355340324	5.163551356861651	
0.09156017584540406	0.12568245497246078	0.3777828844626808	0.6241729350149051	1.5425499718157778	2.532520171946247	3.3493571040243815	4.441863972731721	5.699772341353391	
0.11554680261737338	0.14833403784490817	0.3784510121845795	0.7175379560025552	1.3108840718519772	2.1743164472275414	3.744698999614273	4.509059692640385	6.45529859661448	
0.10242537105522627	0.1392658327145224	0.3794082050645204	0.7440115013262608	1.4525886623346325	2.4383213149531744	3.028367548405795	4.224724845722202	5.767937033940145	
0.1059425638131423	0.18119306753837394	0.3763161010760489	0.5968326155705641	1.5069029493839825	2.626894023531112	3.5343350885525986	3.964784424873846	6.460509677182207	
0.09054228762168287	0.18659433445151094	0.3194901509406155	0.6412853837451603	1.5843368228884536	2.1499088118983654	2.8770818272533267	4.845752162027323	6.322621022900749	
0.08435720436268127	0.13834115705084868	0.367660766123154	0.6361969458156227	1.6511448011829428	2.450844148282353	3.469736649285327	4.581353518060093	6.804378537541165	
0.09835537646585615	0.15389820364782028	0.33220342109856066	0.5756785851454592	1.4635110119979078	2.638902928616862	2.9156084333808416	4.453704603081975	4.884111545147791	
0.1074938442369668	0.15200131286685678	0.39721796528746867	0.6872315016480637	1.4984402846277043	1.8821777371783586	3.0979385213859203	4.069792625788991	5.749549057415571	
0.08228715975510059	0.12243372100550522	0.393780765404932	0.6894585017502468	1.5101160413957602	2.43040743831873	3.066966459509101	4.69372662112013	5.438601334926588	
0.11484785002566128	0.1334610398905625	0.450135901751113	0.6921270107493583	1.4434153117678306	2.146939216267035	3.778269374477519	4.7550710835946886	6.6442963823667665	
0.1114789954896721	0.15504560630725744	0.35340349808600924	0.5054898230698659	1.4732453822724358	2.287273438686419	3.5567928974085232	4.68420674692331	5.857238373486417	
0.09428646873917841	0.14396765943397102	0.3368590413341187	0.5303970781171522	1.0543479522429813	2.226676919379393	3.7843759536381776	5.176322667467616	4.8740259527819765	
0.11251616499858681	0.15627020636912986	0.3873705611494677	0.607974168657738	1.3287526265410785	1.8240946442508983	3.6501151398089045	4.417902275633747	5.988695893716719	
0.09972720975621856	0.13558085958063693	0.4248207822385097	0.5596329670711578	1.6167426836533445	1.884517939766509	3.6519673679800517	4.5929152805126705	5.60488830432042	
0.09472555431495654	0.13667385088176126	0.3786407201360834	0.6922490238262548	1.4689046228081806	1.8827046746447107	2.631440247264865	4.423381463586969	4.879742735043254	
0.09719546933841815	0.12801322031927576	0.34378134982395914	0.6420189629611232	1.5275807518447477	2.148910513637063	3.2143929260088244	4.020224496193104	5.973318445074538	
0.08812213320006601	0.1561428225882863	0.3530496030033974	0.5689169865484529	1.5982301720504213	2.430681268376656	2.8121468977811763	4.991898951760743	6.196565058022092	
0.09736375515358636	0.15375592533861832	0.3101975884600426	0.5616816451442059	1.10344462846957	2.239086460600448	3.4931579638699444	4.170300681692812	6.072158475690262	
0.08810345575733929	0.15193946569782724	0.3580274212405836	0.48004597379345876	1.4036255784120468	2.1623036155792117	3.9096692280243674	4.444624818364108	6.667373975608074	
0.1157904225141951	0.13170842049023904	0.38220917540736976	0.7137041135836659	1.3828316524236293	2.150389106728228	3.233957187854639	4.862604712913554	5.486489097473758	
0.09118887390300288	0.15302706390660972	0.34473347074199184	0.6435391635407821	1.3471743469574953	2.1517216246786735	3.1563870877702125	4.840902861809272	6.565552216691177	
0.07744636300129285	0.1302431114415805	0.35396675298994534	0.6029555689775835	1.451842770764645	2.7979120197442446	4.036179234496846	3.6425714052220544	5.818358194299487	
0.0802262526514977	0.16603532336795265	0.3961735389715093	0.5340815913745247	1.4023973118045057	2.149374277256518	3.056523081416126	4.408570004143057	5.442182463611616	
0.10948189929015445	0.14231342993573298	0.3552566921724429	0.5609299512502754	1.27218656548169	2.061043930747299	3.4964053146120584	3.838525581514762	5.701703278440432	
0.10568703453196038	0.16598918623600792	0.3903438225430109	0.5707399322094071	1.4498504136651063	2.1298083648782256	3.6439300140543076	4.390289102739445	5.763098578283836	
0.1045385478217535	0.1419817143380379	0.4266193718489507	0.5750307949419706	1.3842672087525474	2.194092889765972	3.222223115339535	5.14726776683261	6.3191528789598355	
0.09964615030198809	0.14609032848474254	0.39180198377576203	0.5120151039003114	1.3603458777695157	2.267182737493888	2.7520194245774023	4.204293439438677	5.9254928204622725	
0.09626225736673633	0.14699496368269643	0.41462008358808383	0.6707481377893376	1.329685084990604	2.3888089930364167	3.5642184226402573	4.994074942767189	6.04830617629943	
0.10839827426991905	0.16448918135777527	0.41787309056499905	0.6654604113082209	1.5421077615837793	2.4359785514411696	3.3783645083415403	4.535388278072697	5.79905338983909	
0.09659701839776393	0.15263455101939777	0.3785722546979942	0.549004400177369	1.4330170443055361	2.2200283785736703	3.4930374677774845	4.468459956528377	5.0374848014504225	
0.07068632529229464	0.18636438556109447	0.4498799370236554	0.634190379119621	1.3051907615909593	2.103564431676974	3.355043361941252	5.001439099181785	6.2444455904277625	
0.11115031855450651	0.13205647426547637	0.39276281392717766	0.5411996171707724	1.4586641751631542	2.1497959941548914	3.352766134555476	4.281334659937915	6.240543616727173	
0.11308458412162492	0.14880501624128237	0.3227619189538516	0.5930060162566965	1.5867127464837998	1.9690771723346752	2.9912107287556142	5.126339933929251	5.132222387681079	
0.10986136262575902	0.17921273425226192	0.3964861565219341	0.5636564965091838	1.3997637521524169	2.0795392114088687	2.7230499402069643	4.425434024593815	6.139390975294532	
0.08480846262922026	0.17356022091835469	0.3275777924517198	0.588792050408149	1.5821121550127475	1.9536244952250856	3.606977300873306	4.074723554313918	6.457837650287299	
