3	90
0	1	0	0	0	0	0	0	1	1	
0.16288642838927261	4.296320671603427	5.554758189308273	
0.1412338534405598	3.3278129906936282	5.331052740195885	
0.15519960106087966	4.664602086388127	5.46081474120755	
0.15235121967126575	4.5929290459789724	6.073382403498188	
0.1410720008979775	3.381083438989391	6.2573672731597565	
0.1578290001575449	4.883755852682377	4.740839873481988	
0.15941194791822214	4.639959288133402	5.7456385806075385	
0.1439190572492493	4.320346968048267	5.909234288215674	
0.16678176823111548	4.508764227481224	6.414634917204927	
0.1483988688101903	5.041364314374837	6.149073156625269	
0.13763272367492735	4.641051323504883	5.633615760991825	
0.14959145468491336	4.89398360805044	5.784748091493566	
0.16236408099426253	3.8094930972562353	5.846912674012212	
0.16202358445568543	5.315860220031904	6.252907289290295	
0.16892210023585622	4.7768228900987255	4.674009790330398	
0.13356557035730782	4.5266536250943785	5.809072260408677	
0.1454384091529609	4.091479255625262	6.422100018637286	
0.15242923695452584	4.128881174425589	5.352231602702006	
0.16426125196949778	4.504272295210512	5.379887889243847	
0.14267819753433453	3.9144731126632877	6.57471941548474	
0.14620437631063524	4.6798657616702	5.700160944065854	
0.14666512737977358	4.777458931353204	5.739478461712801	
0.14577429004522985	4.7921342836127545	5.875525696330476	
0.13308482870686614	4.297333601188786	6.551397748116898	
0.15133691735596802	5.349685416891721	5.550161281970504	
0.1638735182111822	4.21283283019413	5.919791955996203	
0.15483133691165415	3.65377757908497	6.1966405209757704	
0.12710693136371853	4.715617670002001	5.783282578556783	
0.14677305242997424	5.488374097248587	4.790829379146697	
0.1289686704857762	4.48195603412625	6.070030679695259	
0.13395622058900164	3.7013025119703684	5.757346451271003	
0.14542063393365115	4.456382261298903	5.133549019757478	
0.13819712549086213	4.458608765681192	5.287910569377466	
0.17465502497746857	4.757120029854835	5.85191019053165	
0.14047858099718089	4.553914674590371	6.122247862078915	
0.14969357366418548	4.321893464189155	5.451195511928411	
0.10661683173121242	4.617679912309228	6.559192692955156	
0.14057381668964364	4.461932875279816	4.7656117197807175	
0.155995492270553	4.732925789058917	6.44040480740763	
0.13802020998394354	4.235135606648687	5.370231469684537	
0.17169264677994642	3.7903973978485213	4.3671265272571365	
0.1528537497359791	4.4035601093651975	5.6606148481318606	
0.15106689832416473	4.207797042506737	5.38114377212493	
0.1788439073494672	4.239534125741536	5.838353684596348	
0.1316813039352781	4.653820897761408	6.008439957631304	
0.18418025046597794	5.091513503128815	5.742844060801627	
0.15019961809388657	4.860021359447304	5.685605113837002	
0.1676518677182184	4.9549265283651005	6.66718967068669	
0.16279832382248502	4.661501971408431	6.295879351028217	
0.1381205521506099	4.387158358135425	6.265484009952006	
0.13579389737568512	4.038834213278112	5.2480056613558554	
0.15802494699011713	5.003159857836292	4.996300307672062	
0.14335897964717134	4.329816163478276	7.269638746433024	
0.1375836634087936	3.873001438128283	5.595728040085175	
0.15557051200980876	4.015857069082191	5.84119804410849	
0.13652620723008282	4.58813333902923	5.909446574871116	
0.1361101207747848	4.203732702214415	5.57268946535865	
0.17075834972868514	4.5873901560629085	6.596681279604793	
0.1370175335691951	3.890733365972542	5.989561204096706	
0.15728386325519308	3.730390209507358	5.541441051321385	
0.14838149468622935	3.498291840275963	5.967497703760131	
0.1478144380187615	3.8668418196729246	5.61624964084349	
0.1495468806756651	4.3234899744368995	5.8271540254063945	
0.14140163173013467	4.533740259867617	6.05498124809127	
0.14738996762638215	3.785982313520373	6.330640180946006	
0.15112758924694017	4.053484651725435	5.996113524753134	
0.17096328103570654	4.87219963489195	7.141355534622042	
0.14598222092887433	4.389528424145836	5.715253582811895	
0.15530382677140545	3.6841245705880237	5.081425309418885	
0.14125048394008657	4.832827895821627	6.065698344175942	
0.15604335477351172	4.949848141952732	5.255286201249974	
0.13996000669912323	5.567667019935698	5.686047365156413	
0.14620182045774485	4.662517766074947	6.6666458813262635	
0.16873802580521108	4.128709587937392	6.182279692883226	
0.14943286647262788	4.096315325034398	6.065630925362276	
0.12886842118908184	4.840749130017581	5.5882371990795345	
0.19330148312141357	4.384987120527831	5.047477386166864	
0.15654051832108595	3.89428211613636	7.0487808873427396	
0.15115393194734905	4.888169906798324	4.582445158018093	
0.1428792778795431	4.406082487333885	6.649420141197876	
0.14561032671918525	4.699880658566851	4.7561807543969925	
0.1499399106082036	4.36912263583371	5.245052782471081	
0.15345717815900847	4.876530340285625	5.235882169502256	
0.17920244920339334	4.72448910484766	4.45733865907542	
0.15659592338565603	3.8995508669761794	5.540481639566703	
0.17282116402743192	4.010345524174845	7.0551663006487	
0.1311792917414827	4.570241285210859	5.107655438929458	
0.1460305050139854	4.293947417393699	5.571364477701051	
0.14495229443091606	4.6866183453011985	6.18391770213605	
0.16039907112241167	3.681217392772655	6.3586154684819	
