3	33
1	1	0	0	0	0	0	1	0	0	
0.09681410234106941	0.15986857320768458	3.181559525561459	
0.09543836422963627	0.15117780454127247	2.903677005659088	
0.10506740964374524	0.1443440965889096	3.2139244167618966	
0.09841775202196355	0.12380702493582703	3.3092184720323483	
0.09254643989882341	0.13589725243296144	3.3643737982297846	
0.11663335644052447	0.15535282661668182	3.3735008298617712	
0.11725882480700132	0.16114260179494186	3.292366617021648	
0.10537487182523685	0.13337376475438212	3.5311159821208875	
0.10353898033849696	0.14794394220044135	3.8209695911881076	
0.11050384190915452	0.17832084939699358	3.377778136285029	
0.09940916396913417	0.16942423246763214	3.3526130088736217	
0.09777851365608624	0.147425716330895	3.4184765244518256	
0.1035706132221475	0.11567223793523718	3.280525666621225	
0.10154327321118715	0.1688743035389443	3.296235099601278	
0.10401267600375613	0.16848184508758915	2.870330027572394	
0.09599998671607195	0.15796956708456777	3.1489240703445143	
0.1009964981940414	0.14813652902991642	3.962717460040724	
0.09799117400406925	0.16674153126290736	3.000043464940017	
0.1116012769967899	0.12439626097185119	2.8967415319551253	
0.09865023962748638	0.1316218043776311	2.9207316221725614	
0.08888583212367239	0.1318699280191465	2.780688824390583	
0.12072847550799654	0.14058419287112606	3.5027390451168197	
0.09434664933257353	0.16050750233969713	3.2646063861457857	
0.08620588028426526	0.1590809888569705	4.092252551698668	
0.08575218867800002	0.1318467565860005	3.0850673334405734	
0.11132834382126014	0.17880929324217906	3.398034923857444	
0.08466952206594136	0.1517588683314145	3.2724799965372586	
0.1100949946910279	0.15125218291872247	3.3555654787539515	
0.08752313299569969	0.1394842560328097	2.915574302769064	
0.11509019961664094	0.1573577307216787	3.3317566400940044	
0.10090684076593093	0.1309186266749384	3.5525297950372767	
0.09555365176563091	0.14194824370595263	3.3100732441043474	
0.09853956575014132	0.16025373514159544	3.512549128079082	
