9	55
1	1	1	1	1	1	0	1	1	1	
0.09698447813429369	0.14996851880010711	0.32705828649066504	0.6633195537218646	0.9695558050169863	1.4558003498963026	3.044427355797545	4.749164846819318	5.840812215285519	
0.09664815328438821	0.12373125347038869	0.450805282600493	0.5616377853637979	0.935684581080074	1.4530854015931094	3.5792826493009304	4.6679668199077184	7.014379286038689	
0.10096085508748893	0.10439055136382412	0.45509478518862023	0.6827141436312145	0.9159379393779774	1.348671988359413	3.452210939663308	5.497859923351167	5.973448192943804	
0.0883185390774408	0.17379050178803754	0.3883664111319351	0.5806807088488531	0.9294578493598509	1.208232732264856	3.2207726725831836	4.6433819362525615	6.484348419241675	
0.10166548309865404	0.14081161364538833	0.4160642314940226	0.5231083344946558	0.8948695763518786	1.35197163367556	3.5285643486549003	4.858355674362446	5.887674940375239	
0.10958899288577434	0.13391094891100505	0.3883688502355253	0.6425219566263635	0.9168819347385107	1.568322697561155	3.1641656484401635	4.493731626531781	5.778722934779176	
0.08573882705457869	0.17048491081618294	0.3438772950363445	0.42526309340672647	0.927615196006568	1.3833493286459075	2.9737366171592376	4.677175554692331	6.223814170479846	
0.09924820038019215	0.13794837527032247	0.34433466653600936	0.6087863949591686	0.9692952056305144	1.5359795665768026	3.342483534450746	3.8723698218886553	6.576441323269671	
0.08996073770119198	0.13258846294492446	0.35795903299803794	0.6329673734029505	0.8662916763094416	1.3651760981618366	3.6894584126297283	4.634035559076407	5.096833058517326	
0.10426921569172398	0.1665994118259942	0.4751243043439311	0.6837533322435323	0.799198350703908	1.4049520096139567	3.388452022130679	4.444408239162669	6.245327905289549	
0.09698309031805287	0.16872733903973106	0.4037702656552191	0.5559384782110948	0.9624665694455908	1.5879689181215222	3.3724828277954626	4.54378691734756	7.175856178025841	
0.11048902212297358	0.13395733580558863	0.3846379422048115	0.545770522978291	0.9623096541163099	1.3537892355139134	3.8251463757436155	4.295542063116046	5.414063819010918	
0.09001649611528947	0.1334646228169238	0.42207785009257653	0.5727258792713623	0.9455069853517272	1.6837520236474681	2.5959786085439296	4.027710306964337	5.6239294677222755	
0.1091819122933821	0.1719982656559251	0.3787951400882749	0.625891641726109	0.9297026500544665	1.4380800762214827	3.1961122162363824	4.504383506845102	5.01784118966634	
0.11095258616874054	0.13917802893487322	0.37307856428887665	0.6007012913419111	0.8928047032589991	1.5565610417956264	2.8492031660971002	5.064031950931977	6.419719245131031	
0.09338333242305366	0.15853492675661623	0.3837822535345337	0.6961806181698192	0.9274759181513424	1.3823555681630089	2.863310971896002	3.8665436867677547	5.663828487873298	
0.08622547425319761	0.14737857958952147	0.40212679569055976	0.46220877935561033	0.9252858644612473	1.3154269534613832	3.178160407826162	4.933613224161385	5.51920667846432	
0.0860748991994225	0.1474069090765374	0.3441963478226141	0.5759992457099073	1.0009644403033215	1.3859808026281406	3.157987093329562	4.928986522219343	6.400844186168435	
0.09769352162238348	0.11846976672620815	0.4063462953235129	0.5842973158503163	0.859389336270213	1.7434616540188244	3.490789136052128	4.410746694016731	5.332930884405163	
0.11045069398144397	0.18348425280292782	0.3631919967423299	0.5313709786189215	0.9785019723224933	1.396050568602868	3.4831301717140177	4.436198579296892	5.436731026713099	
0.07794394651977397	0.1738354992134803	0.379302967399722	0.5525941789363347	0.8454722041793792	1.4667089889775082	2.9637496301833948	4.314093323494285	5.767411118627093	
0.08428800506509143	0.14175641211923076	0.42920612101811495	0.6673253618871912	0.7396233925267597	1.311581647398284	3.1169447341622263	4.11087647811731	6.330545912414275	
0.10885866419266382	0.17548734027431664	0.34972694282548494	0.5350262203923227	0.8657164062946354	1.2316825772821183	3.300708858109966	4.6830149096960385	5.624243534690163	
0.09398836581703651	0.16268069641689267	0.39705570087614994	0.683998642127232	0.8903854186136801	1.351806701799654	3.194020656720834	4.299731094396053	6.180103046071753	
0.09669033139025401	0.15729317146343172	0.39866891863361165	0.6305330021582629	1.0080063017251728	1.332735787247567	3.7123054147901167	3.797295857614291	6.388401559544824	
0.10521097097692816	0.16719360774706862	0.40926730536972616	0.5770400429354994	0.8936372025716247	1.481532238336214	3.190208638296934	4.863690825694916	5.663179945587253	
0.0971715018128555	0.13865894772446063	0.35940180750391904	0.5938300757144074	1.021662999172525	1.0019360362189123	2.984765459003751	3.8971143000869337	5.986575465509049	
0.09833050792826516	0.12783270000382058	0.38150451496623333	0.6558573497083512	0.8732193628187703	1.4964747830417273	3.4128184167800013	4.780995974664169	5.44265787898801	
0.09246832963969495	0.17732942313386352	0.39455635485694396	0.5834336206172526	0.9259627255314873	1.3419841726076458	2.5731045891860034	4.315312087248486	5.396315552734968	
0.10025437749882533	0.13963508290479099	0.37086714801376547	0.5984011810482655	0.7581860629329987	1.4918946033827687	3.3519028139892324	4.516300042008263	6.239394342136786	
0.09345318359194671	0.1443909264352651	0.3614165872920919	0.618495991916493	0.8406543609480666	1.4108674310914324	2.9419189979853457	4.0007366466184875	6.0209559612588786	
0.10344785964035617	0.11846568879022712	0.3103756658723677	0.5832938064122609	0.933461808923787	1.5769527715859504	3.7081538347407617	4.011162635558983	6.77301529198256	
0.09663983060889297	0.14300763668574049	0.3579029680507179	0.6697751314270366	0.8688634870676228	1.4560759161709194	3.507691628917107	5.230470949949978	5.552631094289807	
0.11812936908900218	0.1495918317948852	0.3476150870723898	0.6326324491505578	0.8109670444278508	1.4248822829771455	3.446766642420235	3.583771523151095	5.648190277295534	
0.09483593239809314	0.11839023904903032	0.3717043253697896	0.61087142448833	0.8742463672244425	1.4324935107739565	3.4650381916515007	4.682132846081176	5.311360493799568	
0.10057274930729046	0.1400713541397689	0.39594354295716455	0.6583157667992938	0.6779644396312102	1.223749480888614	3.286820497034641	4.1050011132804025	6.530592940088637	
0.10556749195795692	0.11974709059521364	0.40078308026933507	0.5939488313150451	1.0569249027822056	1.0808048378359942	3.210089013046152	4.096647758607549	6.712826617947547	
0.12060934042435395	0.1419237479251413	0.42364065176984816	0.6385890842776468	1.074241862750051	1.4994545709886484	3.1238142682560075	4.160002697341984	5.46928714624082	
0.09342108022134414	0.15095770024806218	0.4129870751609733	0.5870504855200138	0.9441600468711799	1.482838828491272	2.635121313264539	4.111346778320912	6.667978075203576	
0.10611101811062969	0.1434654940406355	0.3300249123097301	0.7133672702326657	0.9700297964562569	1.475224137005458	2.496461849581693	3.6179367728832346	6.4822813142633535	
0.08875095043030042	0.13179949615908712	0.37931276571795564	0.5133210420327253	0.8913658251439006	1.6683327789243454	2.9895851231053445	3.926857504378236	6.163553356799661	
0.1235605252116244	0.1483597911178418	0.3952484385969863	0.6220436669081241	0.9357370048449688	1.2926589476030723	3.032344012613936	3.392109977023263	6.438765353806623	
0.09627367570187674	0.12664218864436025	0.3432712577238294	0.5811499248000559	1.007965355685701	1.3263123897208153	2.81726593435147	4.523675281189933	5.991754628216574	
0.10928563995111487	0.17183472100627398	0.4271735364075753	0.5837167858846886	0.9209558449616756	1.4572120882082387	3.368230609305639	4.285027300401585	7.174076100162271	
0.10697572735763589	0.1740015605255804	0.4176614488424706	0.5217275807560203	0.8843601233534634	1.5009901483058143	3.287812685689807	4.778327684011978	6.224469263669624	
0.11788524360665038	0.16068981251742268	0.3533311070435812	0.5868410579520661	1.0377044541251979	1.537426591982874	2.534583314734206	4.706431987749784	5.659149301369361	
0.1029501510337153	0.12953549449437302	0.3620612361422339	0.5997006763758022	0.9780979594072544	1.4935804925998282	3.023887426198849	4.734191830852236	6.642922944184288	
0.08871861051973871	0.11546071861745548	0.39978863479175286	0.5173393940830547	0.7721696051025418	1.3046384142901133	3.507830190560358	4.476792211107853	6.242813628341008	
0.1041644384665344	0.13704238784154507	0.4045113815909789	0.601602372034755	0.7496168021493167	1.3090794427947072	3.3510289070473958	4.801552291022773	6.072416478133623	
0.09147029898208843	0.1469719242178611	0.3541155441058083	0.5533277940568433	0.9951324148324209	1.564602515836921	3.8547325040818583	4.0594896606578	5.9136908599329345	
0.10552386928879323	0.13919458645834212	0.41260531976650394	0.6336717508072741	1.0765242582964063	1.5028449077429393	3.3163426815464314	3.747310206608279	5.673699939883028	
0.106177254704938	0.16303426236977128	0.3450453710742276	0.3496112690442495	1.0335936641011447	1.133865456362207	3.3654153671956024	3.8705569465676137	5.97118657166597	
0.07380109374172962	0.1744705236183862	0.3946790167316748	0.5656171871217994	0.9032141866528258	1.5430635558990957	3.0693242342363307	4.821443789077246	6.502921225392964	
0.08168586670244117	0.14114620708456846	0.38039848919867264	0.6220740690119483	0.9116067596302382	1.4428078506350122	2.9671244088994704	4.7279300599685365	5.913885092167213	
0.11411418385451016	0.11709643103366052	0.3858123312176213	0.5464053747930687	0.88126480437118	1.2576131182217034	2.370065212040186	4.514841677406006	5.5550877396815	
