4	69
0	0	0	1	0	0	0	1	1	1	
0.5789900626836716	3.739007907501239	3.6464570166935926	4.688776422609637	
0.4733630794586467	3.3739985468349225	5.1308007824593345	6.236744212111683	
0.685973344711296	3.5638236241472456	4.710772599212309	6.61965788070933	
0.536868095006389	3.028599755875489	3.7374377378172703	5.409381436797087	
0.5993631743113194	3.2320357867406146	4.42081003973254	5.558460993132523	
0.5539161633380861	3.1191669867444025	5.051574251150529	5.927153925399317	
0.5433354718103288	3.3961059399231615	4.74362335853838	5.266286787436453	
0.6157979733231161	4.174140702755577	4.710518694674285	6.498266949779339	
0.591831222559236	3.6574780697312383	4.683220568986699	5.737347009172566	
0.5938044891673138	3.4445092700117477	4.4165954009102855	6.575169578572962	
0.7258879622262204	3.461627903247884	4.652308143253894	6.339211377166434	
0.539146237460904	3.695617992447389	4.043082827838833	6.370909620527691	
0.6090320272686034	3.1436885130143697	4.444908461185287	5.703455480781265	
0.6057322168362995	3.432219847338583	4.317205460851865	5.748617585607075	
0.6417193805198961	3.369071242848776	5.193957710306597	6.140381972927478	
0.6905498251427239	3.363103890894286	4.402376706726669	5.283050373324115	
0.6637501057111478	3.360378564786843	4.12600775695011	5.58114239479799	
0.6798198870717618	3.1915368462399716	4.0334187803640855	5.786173221128673	
0.6247546461262744	3.1394455829411414	5.088721851734664	6.213402132493767	
0.5314170842277754	3.6010493818120533	4.339149726632233	6.0830107017493	
0.5563233633201959	3.263623301179981	4.141722034859011	4.779932032334193	
0.5408933515028093	3.1769566214486966	4.423085391581902	6.126378766715599	
0.7342412956346889	2.934932389214606	5.357123417359469	5.6936896209194465	
0.6625739810095963	3.710573569388129	4.16392695043035	5.3112821080508335	
0.5114396276620714	3.030621777607738	4.476067914957381	6.215206213998313	
0.620510592642055	3.242566241090087	4.755524552914734	5.828098425465366	
0.6561773696077396	3.4056960149289757	4.126515092355311	5.892729447794989	
0.648754306226972	3.265588509387751	4.5142116569537025	6.268804490136901	
0.635195287540841	2.3177864171593385	4.17259865460839	5.544925366737871	
0.6675440880438394	3.282180370476257	3.996287865002018	6.00101857192351	
0.7228857164215376	3.0862081876096554	4.399205498483853	6.388340374488683	
0.7296334451444075	3.5421441352714473	4.958323437229895	5.667941656887246	
0.4968417634847494	3.3046057741297505	4.139668145484251	5.209381835873728	
0.6756746813445182	2.8139251299188297	4.656453317865092	7.1400490003693085	
0.6633608243535696	3.5227561220761467	3.8176245416617216	5.419224734740415	
0.5754715291183365	3.0921102435744077	3.7118905838952965	6.770749462122458	
0.6154701478030177	3.5669396888171456	4.029985268525048	6.500345179366739	
0.5490628181148183	3.207287994654036	5.162743031218273	6.449567051163477	
0.7572420280252011	3.2539942692006862	4.424496466060072	5.821402513388528	
0.6205758733658072	3.092685383028594	4.754369997756655	5.926779862130093	
0.6397845885987437	3.0158628952305357	4.490557488311359	6.160028430502866	
0.6601657285951513	3.435299360975781	4.56894425907193	6.606885485008279	
0.6200024733554034	3.3165616073938557	4.435917080585201	6.107048649683366	
0.5727296665801509	3.5598720557641017	4.640595489896009	6.289110836373462	
0.6234176042204956	2.6362490987669953	4.352299385108419	5.436703161587033	
0.5959428356186348	3.487717342563878	4.029502985900381	5.305653143979027	
0.6510135113953971	2.739825724527291	4.632974160334896	4.99646588698351	
0.5681747548722476	3.0146144677753606	4.859653821231563	5.951715183291399	
0.5840382585728416	3.1207920286052233	4.337550393471569	5.543974934048528	
0.6667591415810666	3.644741576503051	4.916143521802916	5.921371232872672	
0.5207497050819534	3.036444827142529	3.8269458116459107	5.4824531812084665	
0.6127829157772535	2.975100495102618	4.283537017549298	6.786234582968818	
0.6162773594310433	3.438701068218709	4.979507890880655	5.64784686070212	
0.6529867893094334	3.1810581534906923	4.5854300380023245	5.092858328009217	
0.49203767175667146	3.261498061410955	4.844004185118088	4.780784072444031	
0.6541196100032182	3.157029518567636	4.751702744280387	6.083718371701236	
0.6129833737315785	2.853305809826307	4.796650913993056	5.220283646804827	
0.5716406329635836	3.411593394757575	5.053099720878265	6.433218714709369	
0.5938753232045676	3.1856381233031805	4.240624560216257	5.385029242913159	
0.7232659886990768	2.434130213695516	4.873594288272319	6.603606836890129	
0.6004644831383529	3.4714622856368957	4.7716680495866095	6.474099046673713	
0.7404561943578689	2.7639514422960367	4.742372788587424	5.779546044923633	
0.6264026248130321	3.0357760674691225	4.9164253971134695	6.1141979863293106	
0.5413316041760813	2.9201212604042617	4.468358383173386	6.599642251057826	
0.5546512150558134	3.2476267932921496	5.100414526646568	6.973673413565777	
0.5862229145948651	3.93116437165821	3.6166936417098103	6.03213177306278	
0.6653650000071073	3.48199747946499	4.8020926365489345	5.566908036649721	
0.6532448181392362	3.263429458995599	4.959036086692739	6.041794710490764	
0.4721244467074843	2.9364769763389553	4.014144173596662	5.361778462705585	
