8	33
0	1	1	1	1	1	1	1	1	0	
0.1575299145795695	0.40934175181275406	0.5905376288248813	1.0214088701789057	1.5950960712746076	2.016478838304053	3.499743615777506	4.4378452227187495	
0.1678789544915244	0.32784495400777464	0.5924630954014678	0.8676030564727657	1.4966341269716708	2.539593988790252	3.3377287331732757	4.630520937324804	
0.13213562651965496	0.40062825356633036	0.6409388116316147	0.9076468414439488	1.29782082324881	1.879798813553392	3.063877670974331	4.295181457024908	
0.16188467515590974	0.4685059918318247	0.6261860445172255	0.8270039588575612	1.6045769914668482	2.140250662649333	3.7506720457739138	4.507121482407058	
0.15205742118120888	0.43355607780355665	0.5995781310046535	0.9298762091684081	1.3626204481164828	1.9565757635294307	2.9096650107013877	4.144257705534553	
0.1681871498162397	0.3853398071007149	0.6098588790251332	1.087483555687732	1.5914362788991858	1.860062094345973	3.3422197028072156	4.423305925060378	
0.14865169301626918	0.3768101128311694	0.5584554298283337	0.9993519649638274	1.1720146973076864	2.3450283484276153	3.4981798752005924	4.29894946695783	
0.1209037257390653	0.38690555348915356	0.6235160208999472	0.8429435228407215	1.4399726121927907	2.4001213955072584	3.233749064753653	5.200999503718318	
0.14130793224486843	0.36358423917056226	0.6010875771553797	0.9570546928658973	1.4032841214872547	2.175775526538299	3.3142522669539645	4.4992594548575	
0.1502261806618382	0.3784078277870491	0.5713545882887462	1.1618854540110466	1.2608932155981962	2.603264566655645	2.7702968718557965	4.561284742958297	
0.14891563778189337	0.3622291643148924	0.5974052972556043	0.7709118649235667	1.417113758239578	2.502670249403136	3.4927294992909967	4.732759561212101	
0.14215605861206967	0.3314947554685055	0.6824757832196932	0.9275305245715074	1.253940625623326	2.2750912402211942	3.5889813727789512	4.123630729704607	
0.1420966059517731	0.34547292936625246	0.5785586658630839	0.8152477300465771	1.4895295990860755	1.8671411359050487	3.9022333914970497	3.741430531100345	
0.11760124256926498	0.3398613794138816	0.5894272445225421	0.7923511188964213	1.4834207765839544	1.9570131359030043	3.7874124188855367	4.0532818981815595	
0.15579599262003116	0.4026122234279285	0.5631894038994661	1.0997207277248502	1.5724555436325038	1.7814215323943825	2.9527392452489103	3.981347612464365	
0.1733928515018961	0.3110624313831314	0.6870453915357709	1.0913157981551838	1.0568788358661036	2.3908401820550718	3.49005945773367	3.9137860251683447	
0.16023510993812365	0.39605964544828104	0.5900190070580993	1.0182236568738938	1.448901913441356	1.771526357495042	3.186852414738743	4.013662867848428	
0.1645592342561829	0.34303055268352944	0.5170330062049812	1.0930213692424349	1.3005555009396803	2.170732979787282	2.850044291214414	5.050385620244237	
0.1747970407121678	0.3647539677426102	0.5315758877293845	0.9405416318799047	1.2157982808800532	2.058849333537533	3.2647461570025005	3.647713751147639	
0.15129518142028284	0.3986271826367133	0.6513999714331882	0.887744119930641	1.389903049834589	2.6351046131924245	3.4884222307362087	4.457997978285143	
0.15264877045655553	0.305627329075794	0.6337537021126917	0.9258411581087737	1.537698314471561	2.3212404452969846	3.3333878146252665	4.242913533166188	
0.1428793012892987	0.4154106838181342	0.5765196742515711	1.056883304936446	1.821842530463043	2.0379810980265587	3.1106535206233827	4.046658897013881	
0.162629495388617	0.4244038233333065	0.5387105241027218	1.0293651578597265	1.4871635297731838	2.4311182416336106	3.4371919909917246	5.040166043322575	
0.1268556433110797	0.4529073175040242	0.6191136421426349	0.814404319308886	1.5284217261732511	2.032852633671544	3.5687092854219293	4.166820533562748	
0.14035051482135005	0.36531485524118823	0.5697162230631626	0.7956524030648531	1.358606613582402	2.231296684547419	3.1644900311236137	4.842748828962948	
0.15237771146637927	0.3562447245552101	0.5958367985787595	0.8728275463371394	1.293597864440574	2.2828396247450677	3.3151784176335726	5.028324367673331	
0.18522912587974127	0.3879237949081074	0.47027708303099636	1.0634738684873106	1.2944517625628884	2.502200052127513	3.0375910247573383	5.235616559063104	
0.163125447843748	0.36788577424765473	0.6115830145370884	0.9562324839848149	1.5746971532945917	2.1549339722299177	3.00282848748951	4.8122988341012825	
0.14052835651762896	0.3972754799872267	0.6953611683176633	0.8444111619102647	1.5084885733326818	2.0285244702902387	3.061951474803121	4.617199301917312	
0.1602823255173723	0.3917721464029618	0.5093636678350294	0.8905538994949521	1.3664421563576021	1.941150000847751	3.37188394887062	4.423504471090184	
0.12637720910191166	0.344528347687918	0.6612830096045521	0.9469965221109057	1.4814722312378332	2.191178806386256	3.107307218507901	4.13083507580615	
0.1649217933453878	0.3626578510883829	0.6829655933145427	1.0192879313419605	1.4735380706875922	1.7353012207716096	2.772805649663954	5.098014765020331	
0.17017518664892312	0.4167928096012153	0.6953254626228523	0.9458508680320753	1.6223867159941496	2.5378477468875977	3.129324814576987	4.24515582219683	
