10	57
1	1	1	1	1	1	1	1	1	1	
0.10942248797380219	0.14330716288434503	0.41043907118527034	0.6943690104056894	0.8752271405974411	1.467988339194869	2.527239037311547	2.783452916871657	4.682104885798051	6.415705350445367	
0.10020593666039618	0.18355925074839144	0.3986522824833384	0.6806898444037085	1.0075278032831096	1.6437105788745443	2.187882032325505	2.8258177656605197	4.745860211489917	4.988419863021212	
0.09666218124574871	0.1430046178688481	0.36525927676134506	0.6758524853013489	0.9276330483505199	1.7239756262269907	2.136080964795239	2.5552915911555236	4.233508298166457	6.510370818043178	
0.08652296021864865	0.14466048386707822	0.41102239315966804	0.5810724841612553	0.8784037348352478	1.6093582211441173	2.101215426493979	2.9112676870046696	4.875127871058566	6.682075576725355	
0.10180579247058204	0.141306193030175	0.34628186412254747	0.5667836803262007	0.8127683221957508	1.3595646456348873	2.268096830879797	3.4894177529069936	4.512198014695637	6.22946472914895	
0.09764865904404305	0.1390428748333416	0.36698796643446335	0.667458035956992	0.7182948865053826	1.2660899847102052	2.048244325120609	2.8888631926786283	4.697160543003786	5.079956821754854	
0.1120335920896009	0.17934432098481037	0.38945425309426157	0.5628657529089153	1.0161950916388964	1.3895475855070405	1.9662685967768314	3.2671220696329204	3.790428128417994	5.556016295302136	
0.09234246480638669	0.1485811331911873	0.3195948126834313	0.5444028348131319	0.8822467876273085	1.497791032946571	2.1505520042384587	3.7813290344605197	4.092875308653258	6.529944436269403	
0.10882498094600335	0.15270595318642122	0.38538265122486687	0.6158393592483397	0.842648853944333	1.5673494858113979	2.166096294794117	2.8591870042832124	5.036026719396994	5.9348187263966485	
0.10052995082359109	0.11234251609600616	0.3768661115489069	0.6761476725459483	0.8716421107970316	1.2458224028409284	2.248025781707187	2.683586757540835	4.770484735538604	5.877850030659647	
0.1008159149014189	0.18546991246663555	0.3895165469323719	0.5196977797894213	0.9406807657840321	1.536254655571425	1.7159081005907688	3.2458456193185095	3.720986707670292	6.014839607957771	
0.11544542868105989	0.14348400583609444	0.38299115779797877	0.6167865120807802	0.9618612360373505	1.4511791424607756	1.7182044516161372	3.309996194779991	4.214479703059148	5.315546533680553	
0.1019926440524325	0.15208769261116048	0.3126821597606751	0.5760386389872677	1.054785327218819	1.2500858516195543	2.185945690628134	2.858214389120345	5.238195362210883	6.418806037600896	
0.09170625845961308	0.15320697587085022	0.32792265106221513	0.4912474004754014	0.9211769570435054	1.321659629800855	2.192638065247785	2.705270903619477	4.249679659184141	6.9183818861368085	
0.11430720497635581	0.17509457169448503	0.4658685371402911	0.5757596011684348	0.6714978216161307	1.5878638035534212	1.9099363810344927	3.9193618859359285	4.537279873081618	6.981399275290812	
0.09845647514497452	0.13980691005855816	0.40764249191579155	0.6293546875165981	0.8234861150074307	1.4250495254122897	2.026196484068423	3.316374967228958	4.484367235578536	6.081873674732348	
0.10015502243458539	0.14471135935272775	0.3936664202415187	0.5544929929737183	1.083305459538176	1.4277226120618616	2.3310790274150537	3.076259137780336	4.309027329679738	6.553318707559658	
0.10759752763107358	0.14815927908384632	0.3121752626071513	0.5685570371624034	0.9217789001182471	1.3324188064909184	1.8764802188322465	3.527553535170673	4.418756524030741	7.085333881106679	
0.09832389228829691	0.15266165926494224	0.357625927432105	0.6906627613235208	0.9018806098110137	1.4009824933352424	1.9452635572330697	3.3733707516497002	4.351560790799604	5.418427283901254	
0.099514616570137	0.16086746580844893	0.4426295310203634	0.6141495861410811	0.8787959591203562	1.4953074146911123	2.119810405254271	3.2682991453495065	4.499058822623684	6.276825843040208	
0.10595157668541076	0.14925859928100138	0.5136827600977563	0.6551149131068651	0.7366288997135674	1.3804001050434154	2.1458307039734996	3.4479940025523783	5.325338428377035	5.568355385356732	
0.11150931130965772	0.1530541952949867	0.3925067912224643	0.6716585325415172	0.7752748464398865	1.5064828190231563	2.505281033110289	2.90617014730798	4.501047808514977	6.40700625947328	
0.08043267475611604	0.15503957352609835	0.37009102379855413	0.6841083965626215	0.8612289825715665	1.4239871085998939	1.9769450684564454	3.2113135797213683	4.177028291454268	5.768667738608588	
0.08853637896731655	0.13955961023766195	0.3514732361379506	0.5724812558800632	0.9191589149943471	1.0146059647779213	2.1807251895000865	3.6527162420258987	4.839265359705031	5.479865178813438	
0.11022743732190932	0.13786852113992448	0.3911291706649657	0.4550064805782333	0.9866839166895699	1.4307184072439498	2.1798098351504382	3.255658002464596	5.340697607584045	6.524267412353773	
0.10715954236334702	0.1583292285522671	0.4562197141788554	0.5848810592437564	0.8008581362442607	1.6755270775813302	2.0478369632182822	3.4110838693837704	4.734598077822566	5.559628461113815	
0.08586322312100075	0.16598884638365244	0.42820073299117173	0.6379987444067416	0.9673998197632439	1.230028622274338	2.0786612796687316	3.6444413606484827	4.148902456193978	6.079679606187508	
0.10461160569774695	0.15771963405242942	0.3410660618653487	0.5929370177594843	1.0086637232462994	1.6958423007335999	2.103597356065809	3.383628252664279	3.9781476254544192	5.854413749879205	
0.09500022883469159	0.17906893540790644	0.4078589023241421	0.6056065211488463	0.7529539265319367	1.4741023507690811	2.218471261054409	3.1762829040764546	4.5210125332742965	7.080898517784918	
0.1094875890841987	0.13671952895604378	0.4541900086640534	0.5523448104212826	1.0802921413524837	1.3264546763606078	2.1174523956563958	2.5634420144172294	4.7373073512603305	4.822247319507046	
0.10207327187398081	0.14348089492846877	0.36391074195213124	0.62363948957822	1.0062217872503616	1.6171554626668834	1.8985154113960914	3.1488703102108038	4.4785329153946805	6.361773733572754	
0.10582523494928264	0.13732937738015397	0.42567070183326605	0.6246070442556526	1.0963747659659786	1.475342888386249	1.7194434273552208	2.9823975098300983	4.427544413207509	5.493466668877012	
0.09118860085350072	0.17856583474329488	0.3325258485590648	0.5682405112158506	0.9361554675168478	1.2419047799243528	2.114937143071658	2.4817446919366426	4.25201578314909	5.328850973564254	
0.09693234924242934	0.14916341036945102	0.43125056092903374	0.563386011572958	1.128759317673703	1.4603522376658706	1.9472927108811735	3.2939244618919212	5.055986311307013	5.35935787607914	
0.11942215615418982	0.1579824348112558	0.336526862903981	0.5686675798012356	0.8913425742996086	1.588485496547294	1.8964336077787096	3.7503249657593596	5.013721867079829	6.99862393182598	
0.10058811107247018	0.16852328569209934	0.3708527539070999	0.6612988309778857	0.9381411000262805	1.6875527187962307	2.2076915535018538	2.975489129213458	5.18080382896344	6.125106227171461	
0.09463359415575577	0.14123913635530919	0.3461774127701688	0.5140539878523486	0.8907330799718441	1.4592924246421015	2.0680404362203233	2.0211664606830793	3.8083172500279803	6.56404719809826	
0.09885552304605044	0.12441068417232948	0.3664887116942508	0.6074768462978424	1.0188477361170483	1.331848681962405	2.286369246119653	3.2427866872662103	4.333193613927252	6.523817878079883	
0.09055083171148093	0.16421014471585924	0.33662658055643757	0.565420754906172	0.8942512775809783	1.4141494320682233	1.6031020245414356	3.284300586969375	3.6777851474601118	6.100580454163794	
0.10274327710587534	0.16464965157696076	0.32925803913407564	0.6137597096634398	0.9255642438988677	1.3488127006704225	1.9189068162794687	3.2762734817234858	5.10161398395653	5.855638971958537	
0.11253746582598866	0.167189300118427	0.29870899325246647	0.5484461883536146	0.878965441992178	1.61930519822409	2.1457131971624395	3.669463813820554	4.438618777735182	6.7912247110454675	
0.10452334236010719	0.14856400181260324	0.4246393193183824	0.5697239046133808	1.1179279022504478	1.2209957583349613	2.0574360325917094	3.2827560969182787	4.166185276458919	6.236618238062254	
0.09879409946949191	0.15494830259626377	0.3462138823846632	0.5390320980569712	0.9273397781263811	1.5342597910486273	2.5463407740567905	2.6561348814822154	4.411328693459232	6.265721892474157	
0.10365257925254745	0.13168679202436842	0.352378580010743	0.599171096065599	1.179556252591523	1.564864058155184	2.225342295001995	2.374682069374243	3.9071522660332616	5.262672135957077	
0.10358014236278286	0.1479568754045898	0.3558625065579781	0.6200667878797069	0.7895037364851223	1.3134814601862186	2.1358340914581606	3.857495447325223	4.903040162540301	6.258622655388713	
0.0959926728417549	0.1497275137273634	0.4262106709159663	0.709544551194397	0.9076837196403803	1.494437479140526	2.346531291277269	3.382858845750235	3.910784587344341	5.553012734613645	
0.10740631788192317	0.1415476756143591	0.448156858796055	0.5815441848536216	0.805950640399872	1.5779492286722918	2.072603456107059	3.1587328215175754	4.890560222631995	5.405739520788625	
0.10082126427272114	0.13182956638786655	0.3828854553695227	0.5016769512363617	0.851801878377553	1.5584570526015704	2.4289078685202283	2.962437463624296	4.096961988786241	6.06141909788424	
0.09191618569101231	0.16406493796742047	0.3271738336988056	0.5623766253473775	1.0985445840789774	1.484081412787558	2.275651734832466	3.1881892691057687	3.8420326697573515	6.9293308940704135	
0.10195141242113137	0.1642366277625999	0.3695939574237867	0.5984623313361336	0.8928028053888276	1.4594344115290998	2.0487979512628116	2.9697605722876803	4.41082674642897	6.316691426252055	
0.11163659254571803	0.1297879922735412	0.4136942916330111	0.5581042926554268	0.8362826322403307	1.293750398059441	2.7098329990545804	3.491921753773242	3.981826697407955	5.668539453735434	
0.08642736273017738	0.13014002825097862	0.3282592945277189	0.5374641338692258	1.0012242261581579	1.5823936950095054	1.9518433840922296	3.115673092643931	4.877372166882402	6.02196025953259	
0.10348280285566769	0.1422277829279918	0.4381748780949561	0.7030416287538435	0.9972279166181622	1.3441596135242462	1.8668474101271753	3.8172204951512088	4.647062068218039	6.071223354072767	
0.10711985736638002	0.1504095279352581	0.36992697308915884	0.7329718549647157	1.0398834042691698	1.6675547287456862	2.490003578268598	2.605681603933047	4.874431903488554	6.299440769424144	
0.09384672694751947	0.19411572121748177	0.38582652918115545	0.5690484842626873	0.9172353011758487	1.5186132489449777	2.2461049310011045	3.078932890346517	4.878157852170377	6.020121374455831	
0.0974877945796886	0.146878713027687	0.3357088776522355	0.542014204736418	0.8320625027781205	1.0892007559574302	2.223526357463033	2.9192129072270334	4.3142201678577665	5.818885668639715	
0.09013561515380764	0.14452263359623918	0.3830335384331904	0.5582766406210781	0.8447824751082518	1.3427829894364232	2.35459664870306	3.0654842260492465	4.575534609196249	5.699597838219152	
