7	89
1	1	1	0	1	1	1	0	0	1	
0.11852274030055726	0.17996425319651424	0.375789595970716	0.8727941948009519	1.1911410554630295	2.5069161517391687	5.192964395942515	
0.1092582531835623	0.1243012737602103	0.37220822248737595	0.9682216964680426	1.1972438959825562	2.452390967950004	4.807097187174299	
0.11927198762424414	0.13942278858587012	0.376514477360579	0.9329542375933484	1.4320433863820508	2.4791236402149432	6.797127701817938	
0.09130686838928809	0.12905092834368603	0.37215883322246535	0.862580192027918	1.226214454144941	2.3388854456225587	6.460595748070294	
0.09949414594573629	0.1431866595690343	0.40706841985567926	0.8675990688450974	1.5852614001490735	2.3826347097775704	6.603471485827302	
0.10602238394439392	0.1193279690928924	0.4118200346524489	0.9324261322402574	1.3462617032451196	2.007385063266005	6.408344310377467	
0.08595769153008254	0.13118926211055018	0.4122840941456855	1.015893277769831	1.4551799556545757	2.127018728157261	6.885770882670282	
0.10480301266968968	0.1843894428800422	0.40479468483041453	1.070496510897765	1.2866472664713726	2.192243021197115	5.384030851462352	
0.11147413999007807	0.14821574592023065	0.3184727983245691	0.8019981341660263	1.1035071735340496	1.9299532485679485	5.020010936108336	
0.09475665869597498	0.1475085159492842	0.3157587751251087	0.9203249545011358	1.6573676902664294	2.103763361619667	5.727392084833538	
0.09158150854318176	0.1687593307511513	0.376227019453695	1.0196645565779774	1.5330500770115152	2.4771320576022515	5.614259203491539	
0.09753735080781203	0.13494963757528336	0.4110772768357925	0.935377996441641	1.3823436053436253	2.329263698469542	5.961026890882033	
0.10402610401349842	0.15803537850559052	0.42769372352338975	0.9861113928542793	1.3977794783916817	2.0318385124541756	5.292624469811041	
0.0907900686575653	0.18087987863347518	0.43581602444909	0.9659083176639419	1.429481886647443	2.759452829920568	5.453533963258833	
0.10354026686459464	0.15448475180731278	0.38538909724398357	0.8678128068861356	1.5717344365798525	2.0876482820145457	5.723037490317399	
0.09327632023654958	0.1534410724696366	0.41377010086543475	0.9567133160063427	1.323973592982387	1.7608596957157157	6.04719303514333	
0.10695160201404466	0.14812180243980522	0.37666813599840016	0.8722604042372787	1.3376093042709691	2.2132144325322196	6.912449334624243	
0.11146040422644549	0.1353687161714189	0.4108736710010974	0.9101431674633086	1.3279414572514199	2.3095194461644053	6.0266961636543215	
0.08789763971840846	0.13798850484827027	0.362185359733583	0.8662091949404505	1.3637166263413232	1.9686235870663198	5.575143106111179	
0.07799311193836854	0.1791295420149102	0.3682453597530273	0.9485989080991222	1.5656783806195183	2.0482758179355596	6.7603205139048015	
0.11077549385675634	0.18378465521630952	0.3807743113231916	0.890800594866529	1.3622092525528402	2.2096375971027493	4.854020559214252	
0.08258426672086713	0.14674650384479618	0.39220980565804037	0.7917763625217309	1.466987121780843	2.2066787132282464	6.189804318546859	
0.09059155523443291	0.14145251448985136	0.373375377889483	0.8145918673886247	1.370132078050888	2.3244775961031836	5.450544998387564	
0.09712720643241718	0.1457133808641842	0.41755666217581483	0.8787290599046332	1.6076486670460781	2.4819988447243415	6.3188045449661985	
0.09223227722000774	0.16762965040475178	0.3526460491196302	0.9122569219372015	1.467087612091121	2.1313486980293717	5.747534333397911	
0.1022874447892883	0.15184583106184907	0.4173730756239541	0.8908757944791463	1.2716900793515755	2.166550720334485	4.9838889495031795	
0.10881323027742978	0.17130744510000775	0.39037521623923177	0.7730302138116651	1.1677553277450308	2.173304653593124	7.281050671198644	
0.09552835646713727	0.16817677775345194	0.37407853063857627	0.9535745508136038	1.567832502188984	2.0059558993674083	5.796541380712329	
0.09257361152265893	0.1530668948228842	0.4003283831891	1.0270108834624647	1.0331836402553551	1.9634303351932998	6.411696760578696	
0.09016004020898978	0.15656353660874164	0.3231911490780678	0.8980937921514788	1.5522857472474187	2.121333581568574	5.696369425019503	
0.08820302673727265	0.15665164699081852	0.38797575543627055	0.8666532213323075	1.6201217310749958	2.092434024422279	6.049991456245166	
0.09184650594469479	0.1540176833759256	0.3987743082215025	0.7831475854908914	1.3024320546561816	2.0830951407370857	5.946007246475386	
0.12026421275654409	0.16416491968036082	0.379300541846534	0.9724434499315076	1.352279231667703	2.2078007324857243	5.933551769966941	
0.10029020911538851	0.14697621414484568	0.34385875047266773	0.9519926531310476	1.7380268805575148	2.456517053690908	5.645882383867388	
0.10336771003820999	0.13185672797493275	0.34605258398721095	0.8635121202368213	1.5287361264347648	2.157683057536192	6.050987914049125	
0.09886403190479523	0.1767134943975764	0.38653044487493604	0.959677856206179	1.4449708406070383	1.9989433106343977	5.999445625061734	
0.0827543039853255	0.13865556688464736	0.3550500867509463	0.868494484331704	1.6623034110728716	2.150234342765826	5.48094084862071	
0.11066935043157754	0.1566723946713115	0.3939079885448316	1.0564919691585324	1.66186397170527	2.243183960708709	6.219040780562905	
0.10640126791516091	0.15845595891490621	0.38836063169911145	0.8496686916609664	1.3446684194497929	2.4143827711307377	5.197078398282639	
0.1065147176902475	0.15544302523176826	0.3881700733898775	0.9044470334876974	1.7242240704664047	2.0760530143289775	5.177581068517191	
0.09799070352783168	0.15810094353472293	0.37465665455903174	0.9378999711980999	1.3588506342990092	2.034127444650376	5.883102530423731	
0.10408683832828654	0.14249066962483314	0.3816526670059328	0.9668900026220074	1.4072697415817832	2.1681076250219258	6.562452532495378	
0.09672346635177632	0.13219278157139963	0.31914581448984214	0.8088986413936362	1.4613222453055863	2.099382926926516	7.38650399697206	
0.09000375380045617	0.17028478211466003	0.37322792040561176	0.9604887652023398	1.1772822247901245	2.0079051445481038	5.662435235241009	
0.12566399309549323	0.12366818789462533	0.3735855941650476	0.9665478578516855	1.0030130409943323	2.273182159224263	7.2805211847628435	
0.10447552035500543	0.16220963269878397	0.41259123667956454	0.8613567436854945	1.2113828345920639	2.161559460107545	6.930534013396567	
0.1170669444184702	0.14600883066796602	0.3812866700073242	0.7864319738209892	1.1115097857024694	2.29947495107501	6.052154134609553	
0.11026954507996743	0.15210165749123075	0.3422844430990162	0.8701368555382205	1.3140057863200003	2.1018653746312292	5.175374025941063	
0.11277564161850058	0.1326647022530989	0.34995848500079046	0.8721210124494586	1.5101191462449468	2.2150977743131453	5.773315766888032	
0.10570924048348257	0.15379505840684884	0.3770181930278312	0.9952782626961215	1.5161124122697296	2.5399019293090017	7.205969939397384	
0.11338383352667897	0.12599318924482258	0.4044335530264079	0.8860715175452802	1.348734661451726	2.222596596173352	5.5320055809750714	
0.10494572720539593	0.15734635124814447	0.40185122487372166	0.6772200369700734	1.1458715179765855	1.981467461227779	6.191122375352183	
0.12086786375742108	0.14763293338215372	0.40729957170631026	0.971909925298081	1.4728161017593289	2.3439019274224555	5.915613283778262	
0.10811591513302865	0.16424642393579184	0.32791799382489406	0.863929039339631	1.3975826690707864	2.0838841359685056	6.202995672108633	
0.09244744255015017	0.1416626503489459	0.3967961432136721	0.9464603054480903	1.8141842938104846	2.5073572095662104	5.390928196092792	
0.08226377387537441	0.13791717289475217	0.37236641862491854	0.8815495867913	1.3669591903282432	2.3528173671706636	5.625384849397053	
0.09145426400417321	0.17510079603386766	0.37385878569580044	1.0503685640357852	1.5412660154772415	2.089481257403972	4.883044112744245	
0.09702748316102153	0.12825081740618602	0.3625542337786475	0.9268655134357925	1.2672699738686788	2.5085142639782125	5.474451397410191	
0.101417027220599	0.14569527760547882	0.3553334175700304	0.8266448073482761	1.53201737894409	2.252656990174557	5.860181674404137	
0.0993132760850956	0.1390534503070343	0.376501184715227	1.0532470174848079	1.3437919900808348	2.0575141198293165	5.362765238084432	
0.10971956811061556	0.15332204276281283	0.3269051548956781	1.0148104821693036	1.351333334612036	1.9143228955836291	6.788022484557619	
0.087737574636648	0.14859992388460352	0.4104869744927753	0.9514643942435684	1.37528461279849	2.181442343603614	7.338250077272173	
0.11487999369313057	0.17544326457629236	0.3810575919572059	0.8598259275101583	1.3297637790412855	2.155958353770819	5.5555275247175535	
0.10001153691522763	0.17041444174295406	0.33084861596820814	0.8846828237509958	1.4267032184298747	2.0112784124623806	6.4089197372413	
0.08587292405925409	0.1528950033941546	0.39412338756852905	1.052776229160697	1.2961865246682012	2.3607549099088323	4.798512233310129	
0.10274231799289324	0.12919378593254618	0.378609726496687	1.0198219599782306	1.4919000941641798	2.3153288465948223	5.68105547781257	
0.09630374927622987	0.15253260848138117	0.3776942586185135	0.9503617812223875	1.5175114228379591	2.0509359352076366	6.530530881601884	
0.08306544822265427	0.16867777379269863	0.39090803823060216	0.9997908064005998	1.130453962757802	2.0851643337290198	5.377307900715486	
0.09394110346527476	0.12894208160785847	0.34878190518393176	0.9622771351721853	1.4637746504487077	2.258474272475459	5.953420683483556	
0.11035734553962978	0.18630360990913458	0.3948155648554089	1.034893531124626	1.3539439808161935	1.8825993310817262	5.964575755810237	
0.11659857467775055	0.13831225456425256	0.4299606502175872	1.0457928928889453	1.6238123790333139	2.1001290646651416	3.636896582749091	
0.07937037405898191	0.14232393652194408	0.35795992431946144	0.9207259158920802	1.4281119612836943	2.2481147102330055	5.9577933804846825	
0.10689755807122764	0.1471028440571671	0.43356623642245107	0.8528831231227612	1.771939138080395	2.215269957345583	6.638170221022408	
0.0944765022637826	0.16328582941035888	0.3939624183714689	1.0229258381261008	1.618179850314711	2.3515190997372715	5.776374317924119	
0.09424791436605796	0.14153201247633024	0.3602229895873425	0.931005941725874	1.5684049136361224	2.350869556805084	6.119893673522476	
0.09256839014208618	0.15907759118600037	0.44879450307106483	1.031629469147348	1.4404531496822872	2.1452262311484698	5.737698580750864	
0.10418215993777952	0.12959816781197564	0.3095022634148497	0.8810016161231345	1.145099941862703	1.7144744074927536	6.515705120834493	
0.10533582997955729	0.15877046421444607	0.31792203228039273	0.9948612578509648	1.4427568284818957	2.3859585934904866	5.470720252004545	
0.11811925943464621	0.1388084654001576	0.41017399727471876	0.9531762173399346	1.4221323462302196	1.8775662142051486	4.5461583780402295	
0.09545086157704524	0.1781583802144245	0.42049366277199235	0.8387292450283294	1.3272360721092178	2.205723261963122	5.800068214286815	
0.09771186058845385	0.18945014663678403	0.45203167894261437	0.8471951575783595	1.5748090080213673	2.0923893016986588	5.9643536616675865	
0.10562444897701584	0.15120025448735888	0.4350616635748887	0.8623114622848321	1.615058943022109	2.413425003568071	6.554581787766203	
0.09425883206835808	0.13695747218304521	0.41036337460097694	0.7837622113944768	1.385363350587627	2.2746217265317874	6.141806476275198	
0.09216263280251343	0.14113747843152025	0.3739056037450313	0.8148934190884384	1.2855260930234995	2.2409847185854264	7.23702843053873	
0.09874585071351871	0.13988397339920225	0.39774606960998815	0.818601031386784	1.382587202584815	2.100984347998018	6.18792590143165	
0.1142873663853294	0.1572599880440493	0.3572971680545884	1.1032584357479605	1.5756824411344819	2.3037027629378013	6.082637244663604	
0.12445382897593318	0.11933730506902708	0.36870084294773203	0.9059388805360717	1.574504213811356	2.050692864408719	5.331164700633291	
0.10353715605810872	0.15834007445800272	0.3603733429619225	0.9077263827874807	1.2870397335185655	2.33545139199745	5.700383922024891	
0.08960226889154455	0.15367480099668637	0.3779852758317163	0.8600314045915395	1.2881929712798739	2.4082519095068813	6.54842811997058	
