3	44
0	0	0	0	0	0	1	1	1	0	
1.9024377116492028	3.5935785807637415	3.4754563930177538	
1.8212232003538955	3.064454840793228	3.9440084682237044	
1.901950626976862	3.5119583184843415	4.313635350420199	
1.9839536195725695	3.0730480367350568	4.1018491835269515	
1.8937963661920945	3.1828782064051317	4.794066847210644	
1.9568661335284523	2.6737243387052567	4.394250797201709	
1.9902786848383665	3.842704507687684	4.806981073525504	
1.802634504029159	3.118000293144778	5.1910492219476	
2.2988903257116258	3.3383426233055267	4.547947143090788	
1.8318858700352432	3.9906387219447206	5.262834837762114	
2.27409983536841	2.9178423161979326	4.60809913680091	
2.093661909753014	3.3493427119812074	4.479992636521272	
1.8206278600364052	2.982602783881376	4.9844814245042155	
1.7406664714125406	2.406058010684686	4.877536026742608	
2.6618312499226895	2.9046799031522004	4.047753320471171	
1.9466708276693168	3.543393770274355	4.937525631959948	
2.683373556702273	4.044110126260846	5.382309545617686	
2.386987847565064	2.912465003504133	3.926043585668354	
2.240519435707255	3.3580754932517114	4.494181580834278	
2.273899874786626	3.1562843659127884	4.4774023539429875	
1.9257619540943367	3.8779684874705973	4.329539352074684	
2.544409862895057	2.932747845914144	4.362811649494236	
2.1510894923825274	2.971118367594681	3.5650559529786894	
2.2155994642066648	3.1801049482142196	5.065508121558511	
1.8555502855788015	3.960731343484029	4.142677747649763	
2.1977556341330664	2.6064604464698076	4.8699111471081515	
1.8654699020009855	3.5089756309745956	3.76337190572862	
1.935442672874847	3.045956527072908	4.7732788316229895	
1.968296312068296	3.4411140083181015	4.471779265163386	
1.8027124458183337	3.4347756439771877	4.777951170612137	
2.431577933771181	3.096808709985809	4.801950319597736	
1.9442922337231052	3.319600344822945	4.223814714582836	
1.8258214967811885	2.8895048768754794	4.961273356076195	
1.9935753691674156	3.140757806434638	5.231359478756336	
2.302915078133089	3.189737739741916	4.357201920673333	
1.931986342961241	3.49275796227756	4.8270778347521714	
2.37231993804646	2.831260985168346	5.0055087975539685	
2.1445048598391265	3.10769464292454	4.838783877873795	
2.2693003918221035	3.226384697332669	4.542484067732449	
2.008353484571116	3.3451709148380484	3.93780092625615	
2.255098552726692	3.3976976249361286	5.10566878366223	
2.3369708428524376	3.3650838704933017	4.230966231073036	
2.007860173221591	2.7813183481232233	3.9099024052749387	
2.220974887076012	3.1078978177071295	3.2455226857848896	
