10	20
1	1	1	1	1	1	1	1	1	1	
0.10571588943431705	0.1863535461354051	0.4001249481012576	0.6808216228526809	0.9298336048383189	1.6668061128336273	2.1925666541053745	3.009633274435462	4.1185124753948354	6.2190726894169845	
0.12047692942908267	0.15088150831607278	0.40349998954964333	0.4946174262694675	0.9441712972209962	1.3889125211204656	2.056129277230122	2.982054630200887	4.038698878100464	7.023672698775984	
0.0950411673061296	0.1446479728047444	0.40043220314929734	0.5744481046381354	0.8947507972687717	1.5181906853599736	2.2385361839410427	2.7761013703992927	4.331119209134237	6.76061590744991	
0.09711800213829186	0.12118552960619512	0.4147618945847399	0.6699101223094323	0.9014174495587808	1.4284955161610673	2.155360961686831	3.180782420155989	3.5974174940236874	4.1048546275849285	
0.09584477750207725	0.15048187743630811	0.3369586946502395	0.668031936480951	1.104904723671278	1.5558211992178301	2.088534009177431	3.8924382191810545	4.771997264881852	6.990775111522961	
0.1039116122722637	0.153825996323142	0.34677876123230283	0.53785195904907	0.971175230854603	1.459523472337178	1.873221278701902	3.670662442594918	3.9410787865154657	6.274076933142061	
0.10768741287567103	0.1172310904438985	0.406109341128039	0.4878461875460953	0.9366068926449364	1.4058327844586131	1.9268642600102492	3.375059231472583	4.063163134430928	5.441694213401929	
0.09879962996419213	0.15707649726071873	0.3652279248015821	0.4646570385621577	0.9000094926411888	1.4667270976813687	2.0583159256468195	3.4052776052665616	3.6773902992347676	5.609406466918832	
0.1065610590655781	0.16138320528726682	0.3699270476957052	0.6584985601685496	0.8979748476055434	1.5028340269741118	1.92896269588963	2.5320377525613034	4.75158064760202	6.491883026455253	
0.10519529300869868	0.15459982028466585	0.4091605202945005	0.5278597792358469	0.9261176112858645	1.706206812800517	1.7310559564500247	3.115513204236257	4.457627533928882	6.985866282463816	
0.08419916639644895	0.14119707807921852	0.38286570901831085	0.5561440974343251	0.9578686274686358	1.3937822207126156	1.8526328502471316	3.487223503716748	4.455710926588132	6.487774441040896	
0.08892853773810205	0.15876904301280806	0.4024834338687579	0.5813250041794934	0.9306921079672366	1.3933313851097706	2.1122554132605313	3.781078832771823	5.048058733936527	6.236632865060242	
0.08483997134281746	0.15008870363012136	0.3877713729359824	0.6412810074449989	1.0378656376238753	1.4369794542552405	1.9479430706243819	3.791278726286667	4.246767730412361	7.095954547401866	
0.09920736184542639	0.16973890414318002	0.4002372024030482	0.5413128322605382	0.844901717463983	1.512390465898566	1.9766959802081157	3.1204339455586396	4.4936397751242625	5.652584474239568	
0.12313948574067397	0.15078952118196695	0.372935841504662	0.5869502177173471	0.9029623720185055	1.2124084477576025	2.3900872234735995	3.1460530299006404	4.687946157199411	6.477893222874281	
0.1142172971280233	0.16433871201784297	0.3614034637826264	0.47969289648661384	0.8388560461791514	1.44387053157485	1.8437720283894756	3.031609623037861	4.1187654988300455	6.377734365694531	
0.11037542302491077	0.1280125893548064	0.37860397297027126	0.633117217485796	0.8604880269617579	1.153746160972727	2.085540751140158	3.022644762442439	4.394934634448044	6.717828570944933	
0.11487653560468059	0.1442502140042511	0.36384765311395617	0.6365539186089428	1.0420044417717182	1.7346754079747377	2.033921621257503	3.5398502179798794	4.322664453593511	6.024144124988062	
0.09505665067382477	0.1481285255510961	0.38980145951772666	0.655285749898968	1.152478439989625	1.3442323013934379	1.9471705457755202	3.310737854563083	4.926390612884085	6.087813797234302	
0.11066358902631601	0.16913897672117464	0.4375495477427105	0.5522824442455687	0.9045713728963692	1.590947071118076	2.1946495327652458	3.4571814275419834	4.725551975976483	5.655130742152781	
