5	51
1	0	1	1	0	0	0	1	1	0	
0.0784759977683429	0.3670377218711706	0.6181939827942358	3.264036841708724	4.965437806386913	
0.09254429212791837	0.3853315906791234	0.6086288621399276	3.4027070704050852	4.100590270399279	
0.12014043875553237	0.33999460983784174	0.5963865798883412	2.938320404472943	4.417735648811666	
0.10131173790587555	0.4022711079142402	0.6687353322459387	3.3787938549674643	4.371315762731355	
0.09716720748323551	0.4033325222408614	0.6555405216170105	3.2683973150300547	4.604050668956735	
0.09762451539789903	0.4021744826355215	0.6447937450100957	2.626423514592816	4.053516186378456	
0.10812390034404172	0.39333066521200954	0.5368897816240236	2.865873096333436	4.316616645305899	
0.10079431063511407	0.35450959819189387	0.613231833465429	3.2274201069034625	4.904392701869336	
0.12239927200618328	0.3480069496345298	0.6233761416091194	3.10309310097436	4.785696965644008	
0.11150776737995916	0.4050302894736892	0.5964617690834703	3.3657443508874905	4.093598097425215	
0.11145389151476459	0.4208877730360533	0.5606188464809735	3.2193946593062623	4.479144952527996	
0.12858315969274772	0.4273622460839712	0.6090273491800012	2.991719277901614	4.599583265136521	
0.10899854814599007	0.32619194921269123	0.6047972143507927	3.371778315350853	5.06577512847592	
0.09445839355016031	0.4080380263582465	0.6801129097767907	2.989125580499894	4.865090653174395	
0.09742822596209995	0.33814325106150145	0.5593569601547724	3.807701545491975	5.067088167753737	
0.09910330396337538	0.3791059160883397	0.6111511016574073	2.6240117235208937	4.619905235076475	
0.0943725406097426	0.36298502662497656	0.7813970628928	3.3651708953217727	4.4449200363296715	
0.0941472912658361	0.3692713823222516	0.5246301144608222	4.082700844636436	4.897844099528656	
0.10794356383290374	0.3976760284987291	0.6390618072109043	3.565278665002435	4.832478387924962	
0.08790701775128532	0.36542778225896055	0.6435241500100961	3.3935263685640287	3.3354247588887453	
0.1180205361322788	0.42681396439200714	0.650671577858788	3.1679058937486593	4.6269426709859305	
0.10724789159116505	0.3631443846682067	0.6980504034436592	4.065261334169572	4.090198821957037	
0.09694493153183181	0.33520899417615607	0.5698299995958332	3.398430359638184	4.64317690718109	
0.09512628845619758	0.34459690699762197	0.5801281575130811	3.6256726615262007	3.704053298601706	
0.11391753472541738	0.3785830086912609	0.5965884859495798	3.0395794527273723	3.9595881699919384	
0.10754179654138687	0.4148730634138795	0.5969282066943641	3.6197450519709897	4.38216101860874	
0.10548478539110961	0.37242283757134526	0.6954832097326029	3.1200929067558514	4.994155661645602	
0.09002215764565086	0.43125292213646793	0.7232107605077904	3.3105390503235053	4.826155562522718	
0.09262410707602153	0.40209023247369546	0.6366655208382468	3.8622540877722358	3.9275826559803804	
0.10776919401603045	0.3779185443005551	0.5592323196660455	3.376770537100361	4.6607469609345165	
0.07358006697817918	0.40041485604385846	0.5891074799417008	3.4437266617238484	3.801417001690543	
0.10201676942249556	0.3814650637961601	0.6167131996840617	3.805515345609495	4.107294081723753	
0.09133649932076439	0.3962400938515576	0.5715314610999294	3.7777782122841934	4.675549445931059	
0.10582426329247663	0.374079743301432	0.5245591227937522	3.603778364210926	5.0123271858805225	
0.10763912817670732	0.3795423609274538	0.7092431177593237	3.470817973270191	4.699918112725248	
0.09763876409782844	0.4172936587009864	0.5934308300712108	2.688414379196331	4.4066140276148245	
0.1084665180213646	0.3645189301797195	0.6898939595765299	3.097245759694891	3.9664043480427	
0.11897301256906255	0.3875404262849073	0.6845428799359268	3.272658506798835	5.019213524924822	
0.10352261557758757	0.3244579840117116	0.6118268976715947	3.431817342944463	4.347505441081743	
0.1023874571709508	0.34457368781455067	0.6276403011977204	2.9285863670596677	4.605195711177246	
0.11689599111681247	0.30017347228870933	0.6643477764914344	3.3893086676944253	4.055952171833702	
0.10039824153181767	0.45126011992253356	0.6290974191658016	3.442585845744667	5.12069118290084	
0.11308970054599798	0.3339821076130111	0.597665230216241	2.9718927823120116	4.535362192258441	
0.10132014269568274	0.35766886276376103	0.588931881226773	2.896735101867067	4.305369495810941	
0.089089278688071	0.36684853697693104	0.5594529471790608	3.3338258541222894	3.8525316802991028	
0.07859002769401116	0.30916679314364726	0.5482859366960002	3.3277443269173066	3.4736293753318734	
0.10706445249808945	0.4084001967078657	0.632986793587666	3.2340494295031417	4.942349925472634	
0.10141672082603295	0.40096691978233234	0.5423074684469171	3.5662993276919357	4.5037218137317145	
0.0893098131903387	0.4173486823234368	0.5668408743330686	3.375749169687092	3.956605451461922	
0.09313948423409515	0.37564161682522557	0.6624586787304998	3.2160243292619386	4.41314466494365	
0.09444342994287754	0.38078884656297457	0.5836596355830336	3.3923101816992314	4.62919000687825	
