4	55
0	1	0	0	0	1	0	1	1	0	
0.1407976938564059	1.3838370622357978	2.977884103702838	3.9416124580706224	
0.14561576237844356	1.4890934263650641	3.243545800299555	4.31793037457758	
0.16795577625972688	1.3797903018173392	3.619074641286238	5.219085483568291	
0.17758901517576225	1.2927677064670546	2.3673509677649265	4.120329774422503	
0.11698415213856586	1.2698803490889283	2.860135661465416	4.443813037959645	
0.13750794511556919	1.4211156275668348	2.95954904033899	4.659214477839342	
0.14579643070762374	1.4548261257264226	2.9049445258476676	3.998301299138939	
0.15458265887238076	1.184959777511127	3.1693141923502424	5.387943859015648	
0.13442693710804063	1.3875939790345908	3.5170361746139087	4.534266158010405	
0.14138752603064525	1.552350015575944	3.4687706750080722	4.481988259965144	
0.17000488665379118	1.5952616461086186	3.3546061280626542	4.833106742704331	
0.14685923032295908	1.4957457403148902	3.5539787052347314	5.152028846302375	
0.1426542660681301	1.4345363634314463	3.440896169547316	4.2835097433731955	
0.14791965989069467	1.208052861463877	3.532555480870042	4.605133013204429	
0.14991394627612825	1.4748395511598145	3.2142980538902406	4.463756536765248	
0.17700816211647005	1.6021249755310538	3.126015240175211	4.804054467675446	
0.1570539107578834	1.4072681262503968	3.6269281721557904	5.163665608711328	
0.15418286227756597	1.434179861868967	3.496614438058452	4.625272780253333	
0.12585659376375188	1.4087944989485728	3.3234021246957908	3.96008437430503	
0.1653735765573752	1.4025463652259909	3.6418429464433872	4.416186717585318	
0.1299860588014066	1.3920885367649087	2.7687697145394305	5.028873192559621	
0.1388808001999013	1.344432554663508	4.098771528979074	4.361243811594804	
0.14457216470927417	1.449043417306752	3.4438213438634193	3.6391378325476063	
0.1488045026936434	1.4936407126780955	3.3144427098877007	4.604616361443368	
0.15650520667468504	1.3422268610021846	3.0824001070734037	4.683832156938378	
0.16329896105744907	1.527825244101597	3.1647438136181836	4.429636911666751	
0.1661777489329239	1.494239661185579	3.262172694693692	4.427829188200782	
0.16456546504497924	1.3950268800906855	3.0170365356122124	4.246891993195606	
0.12960977987697195	1.2589413926979642	3.15060938275933	3.9631972273459932	
0.1360680835701274	1.38177114904594	3.3244853384147204	5.173246528036564	
0.17852841589188184	1.4602897618865385	2.8752404416124593	3.8452218338148674	
0.16624146669858658	1.3739510527551122	3.544068830497318	4.312911539022739	
0.1462679437283493	1.5060984330062275	2.6884330166103942	5.077739499682041	
0.14854658649045394	1.2090236270737518	2.9365355271964084	3.1352196215004833	
0.16506925360758629	1.392113016458711	3.3922739055478925	4.207747825593088	
0.15498621639650118	1.4320176085276892	2.878328070984542	5.31510104658968	
0.1397708854416187	1.1217168498703096	3.9045940301932784	3.713304795490868	
0.13726736860493025	1.312811108321487	3.063472043709689	4.450401010126687	
0.1629538637661493	1.3376485997147398	3.2947466220726094	4.605925178868644	
0.16513716079406973	1.650454881151509	3.3109464091807506	4.5439911962813015	
0.1602957791635916	1.419146836461488	3.526382743710049	4.964680991570219	
0.1464907366772851	1.4096108885686072	2.4407986756810076	5.20809539532171	
0.16930301720204294	1.4704717018960851	2.7789103716263046	3.9970872394817913	
0.15294935573197546	1.5418671096528045	2.8302613202361475	4.168192298458436	
0.17613178329983484	1.5213601778751624	3.4979311612127253	4.392652432350612	
0.14080158499675482	1.6466780123339153	3.1838126440749077	4.167219110792252	
0.15754843520465409	1.420764130639413	3.5280841700353847	4.290760245687848	
0.14582315152655725	1.4618069497326587	2.56236756464907	4.191536190308238	
0.15665181553965168	1.2736484712179417	2.8366534207479326	4.326869992111773	
0.1499076583587979	1.313429493901424	2.922462875765003	4.8088406004742765	
0.16680622542963544	1.3150696754209248	4.012802168075335	5.001250145210458	
0.14000893159997427	1.393126732227084	2.8335784073549073	3.684855894883396	
0.14779410733367904	1.5653298400192412	3.0435157692979162	5.087351575893209	
0.1589420166114401	1.391298455259916	3.187383568950015	3.915405107285058	
0.15839706482944496	1.4606904151154556	3.506676778978128	4.114856416994708	
