6	39
1	0	0	0	0	1	1	1	1	1	
0.10767825914328984	1.5024230189041383	1.8812024301066308	3.5619852970934147	5.206944399032767	6.2386607018504066	
0.10619451071236573	1.3353853048663125	1.8649926261797947	3.6262678201004346	4.566277034670167	5.2960728339455505	
0.11112492585510925	1.4411948157206291	2.4272985165555565	3.061656216061884	5.176678330847813	5.506493393647487	
0.09012485981944746	1.4434094331946112	1.8820175151728875	3.7247578677245095	3.498306033308721	6.188230031411946	
0.11686120924156916	1.6247362080800507	2.3763830048009735	2.9164605655493476	4.89136847031933	5.372164135348476	
0.09263505399103496	1.4680961506737058	1.9758784934866087	2.8954049290918027	5.1337063017740086	5.437659686361807	
0.11458012463015702	1.272141370662019	2.114659515089238	2.9360521901292764	5.283831341149988	6.4682097624711865	
0.09086924755078131	1.5256250049191054	2.659749136780177	3.1345009253003115	4.7835102165725685	6.530073679581386	
0.09534874141486721	1.4685974103970378	2.122062103881383	2.787088972913771	4.951384074620376	6.689265475075226	
0.10747039565851463	1.4793197284701514	1.9012779555166448	3.4699887743049143	4.450993011069619	5.503277992407986	
0.09963330537655818	1.4744927319735541	2.18542977117627	2.9045259724905406	3.3200113890606264	6.1311600816246745	
0.10930605929039763	1.202601167610205	2.4778003714082675	3.418665761687096	3.6937029871765756	6.429015774889109	
0.08725060685443421	1.4134850244760524	2.000772320981668	3.2532930152268413	4.860749127327827	5.6115795727322935	
0.11490234359662713	1.2649007386326347	2.088862709813643	3.11315201614599	5.779403242338975	6.0529494237982755	
0.11031765225469953	1.564548668288294	2.5843853424798175	3.0819442159161863	4.569201574111778	5.785115373914889	
0.08650468076217811	1.3780037291203708	2.13808985609629	3.4474687079902475	3.8885937322214064	5.532022313126422	
0.12801219436614972	1.527121786724524	2.097758213372732	2.9538412451614455	4.887298496998619	6.461811088457503	
0.109986373860961	1.3971933243028354	1.9412834369333491	3.7134981585011793	4.68918188062652	6.454439792346253	
0.09893069987521945	1.4161323099285532	2.1681159993569463	3.1164515185507704	4.559432454458807	6.217403935607248	
0.10826822237661421	1.4288148737805684	1.8673187356216627	3.1293779398580255	4.804119798900956	5.526094672644379	
0.09958105022490656	1.481361037933992	2.332409271628012	3.3185110890195517	4.859246000332163	7.244935625695436	
0.09179246069645364	1.478903947992222	1.9532763457070186	3.5995707056753847	5.011573307872782	6.665336315821252	
0.11394235694490995	1.5473832605847477	2.468235329898684	3.506992896647363	4.431277727836042	7.14204508238977	
0.10706782153688106	1.5496467720352274	1.9477912799330916	3.059920384909878	4.12237361743315	5.401040211564982	
0.09401362378309797	1.4669617571638924	1.983956184524697	3.0012216539270598	4.684907989432445	6.1230023089673065	
0.08410805553278056	1.2165287547573291	2.0577251278820725	3.364360972378006	5.1888203833134785	5.786062859738977	
0.09289451893397337	1.2911433349979107	2.1145945211112758	3.582717511644444	4.665921683814905	6.443117489449536	
0.10794917553381067	1.6951124188088504	2.1816722495738876	3.300134008903374	3.708871394782653	6.672607637877592	
0.09762250864178071	1.388349801874648	2.366056782494623	3.3594559029999043	3.908143010702902	5.531161232404861	
0.0928919484546735	1.4132652619256239	2.156189859150953	3.347942941307533	3.7056635484314526	5.781925748152942	
0.10033508107558353	1.5186393110529919	2.3772623762205827	3.3288040272129997	5.15096092049813	5.764045770105826	
0.10885698205437287	1.5845773616106023	2.1136038022026784	2.983151740877374	5.905405133170413	6.229320015792479	
0.08551441472216328	1.219718495469534	2.095021008980642	3.7857569305223766	4.492382388528824	6.217518641187427	
0.09781278890287708	1.4252490098111106	2.2023658427448574	3.1837148283444723	3.7597228683887973	5.657972921002998	
0.09979845929775498	1.0675348561212261	2.446855136918662	3.2832861975334766	4.210933216798313	5.673328100540736	
0.09268579706792546	1.8181742347680685	2.5497829633949283	2.9099459698250523	4.884494579853566	5.858062246518882	
0.10325538325797785	1.6187580466780902	1.8427816813742826	3.2248561715229203	4.83445902828479	5.415048381250742	
0.10037269668963292	1.499943359663656	2.1479799296535806	2.8333912306155358	4.932544560841713	5.42013280861582	
0.09656843157406231	1.5076769743194227	2.4370923717045514	3.4532480557315677	4.269953000261453	5.939624578795293	
