10	86
1	1	1	1	1	1	1	1	1	1	
0.087025970962463	0.14485349751423546	0.38235536053165026	0.5068363855317176	0.7354492713642671	1.4478072031400813	2.1462996131239427	2.9051429503912773	4.751699767029072	6.202751392998275	
0.10148703622760613	0.11900898727722627	0.3923136617348146	0.644298118273809	0.8610956466638132	1.3298874762132544	2.708601183414859	3.486981869492517	4.453772649955567	5.952210115695417	
0.10043039828880405	0.1614069327163138	0.4017438635899638	0.5325365551410698	0.9386869218168981	1.4515726218862082	2.559137990644845	2.908476798212782	4.829187429149613	4.907029485446607	
0.1109111034208191	0.14706918047006456	0.3896272923769016	0.6954098804845358	0.8148089328401709	1.4385106262854146	2.145269645933325	3.3080925017265175	4.616542193069167	6.415424157166379	
0.11299060973484565	0.15892325847518438	0.33560836249867404	0.5862357570436827	1.0265793757243566	1.3501509872876236	2.3850648788338034	3.189342849516847	4.89568228429081	5.978934156187459	
0.10001677611905482	0.14811123450645522	0.3830149496707285	0.6316997863025248	1.0401568374877874	1.3084157136532593	1.8621274281985007	3.3593899294192835	4.671219926914551	5.938451012646896	
0.10806744783657121	0.15655891920448362	0.3652561501888324	0.5381360147712957	0.852743394513502	1.523715715070402	2.3542959622511335	3.97839083204795	4.365277820690473	5.631513825568028	
0.09504024137786464	0.1582810559712637	0.3864294826819912	0.4526005232763155	0.9140671695216989	1.5481221804074539	2.209668286572339	3.4204191212274724	4.9598846981019875	7.316447591010321	
0.11197653141216174	0.1364503039626888	0.3804701258214489	0.5728653322618014	0.8366378783141641	1.5280354135230354	2.0391783188828247	3.562646971698917	4.011336315572702	6.628317415497084	
0.10762690352032847	0.13909017680509778	0.37288818171558097	0.6674021570998413	0.9646288372704853	1.6259897853856577	2.177441772141407	3.471817478643043	4.42887377673779	5.949959369704169	
0.10785838510510651	0.1638005766292515	0.34638676214319536	0.514273618443449	0.8262161951206751	1.4919119841991277	2.028021817376215	3.2459516343895274	4.530956207132397	5.905573212386473	
0.08559811039421354	0.13700045291179733	0.4316212556605134	0.6206960605430346	0.9725040438970481	1.5817715339012373	1.8893222273584651	3.212987943605367	4.551437084216146	6.6374315181245525	
0.09089582035145503	0.11093034546891556	0.4000610133292395	0.5373649771550465	0.7954544735956793	1.2543908808788273	2.2317907749444945	3.493577936318567	4.355859444551049	6.046980534313338	
0.1024845257435702	0.1565543410144227	0.37696651000879955	0.5755508024697469	0.899572791255174	1.2727680192967679	2.1785672629637154	3.1599359948659265	5.001621525132865	5.679224793230283	
0.09729548143024477	0.16466246444135854	0.4100806789685039	0.5592361154145309	0.8365019133640786	1.378719663529134	2.1921449982601664	2.456301789715754	4.346265622034945	5.646884705312075	
0.08192554447620949	0.14659981764033575	0.41758583694369394	0.6507041817269965	0.816568086549016	1.7193579456833814	2.145153656192326	3.1475903879727323	4.314758300186803	4.374870023343729	
0.09465573474522472	0.15986792934619148	0.36846184977440716	0.5857401856094356	1.0708694007181798	1.699652341717741	2.326510895376962	2.7698092820449767	3.4945813075082266	5.81384078927067	
0.08610122895510462	0.1403621759949918	0.43709551474173314	0.6013711842196908	0.8566829772312791	1.3729735602511102	2.086644324050339	3.2188209655695896	4.806062923102206	6.51153274488674	
0.09718393859895076	0.13454730373413754	0.37954336995425647	0.5457472074835015	0.9915733246345951	1.3999087651483222	2.176713139216367	3.159656623417876	4.261386136283418	5.03169925864412	
0.09576440504652535	0.16515227591083068	0.36617185039612193	0.6158491258217142	0.6515138196289714	1.2745782352629544	2.350138538147822	2.961669134415276	4.201739407491207	7.016633830679099	
0.08666463023270905	0.15875457140315166	0.39779231044067204	0.65815560282871	1.0109958771319134	1.4724137686659207	1.9546959026760338	2.993307268810229	4.125765148850188	6.6135529835866755	
0.10380950751026044	0.14125626777045064	0.4500877642394311	0.48320761652767236	0.7378395621133124	1.3306697463391906	1.8554948868519352	3.1396712946485112	4.695356573680579	4.880423246506571	
0.10482662459829944	0.13018635037781043	0.3858397204634439	0.6783428633595284	0.8572881746352666	1.3894221705898675	2.142483963791035	3.085363652954102	4.188463283873505	5.935327122516582	
0.09191350838317006	0.12929866554097047	0.3987018025274595	0.6098708826334763	0.9554337946473858	1.5196246132975484	2.225020660536338	3.816218185477526	3.5777566900807236	6.5301218711694275	
0.08784879651052724	0.1451517470517429	0.38229474177952844	0.5813229765400261	0.8732324483732091	1.2910806634257979	2.7243647689588024	3.4065574485211783	4.898499098687215	6.438276626923843	
0.09518888515023	0.1291733690031796	0.3503900417860731	0.5742952249802618	0.9746500037383409	1.4732963041123204	2.291881001448119	3.4995252350076407	4.025855709436574	6.384750627002976	
0.10283307728304543	0.16788781184893617	0.32788925136095376	0.4855517141655182	1.0206923289514718	1.425691664701801	2.1134198850518735	3.188431257533312	4.522795513474346	6.165907923062386	
0.11918836991646947	0.15643571343226206	0.3946851205756251	0.5768581295423254	0.9507160857538156	1.5810568919963648	2.0742620504237754	3.7547447986614992	5.056210518729966	5.6698293828801045	
0.08808525942159873	0.14272840934590295	0.3641484479764502	0.5538921800955456	0.974622995636085	1.3695055302611585	1.9356791813124432	3.4358989316215536	4.630793209226939	6.293558237519829	
0.07204998473779581	0.14441140937979569	0.38454625528141706	0.6732365656382031	0.961968184547614	1.4843954052755475	2.415020345240574	3.0113522479531634	4.29103883210677	5.765511161066353	
0.08964117536035406	0.14801594457782857	0.3497153743623065	0.6279249208773593	0.8240005808836093	1.6539626720575515	1.6576593910019877	3.0857738670138795	5.360291671732036	5.887803899783266	
0.08489030679404341	0.1576997353267163	0.3443518164084665	0.7339671978960114	0.8711094165872293	1.3623192988405088	2.1603699369300045	3.0824948440107045	4.4178865059163375	5.734527884446807	
0.0981332350845937	0.1502115121869167	0.34931945379790197	0.7203262152547558	0.8333272457037068	1.5269279426980393	2.326417723980482	3.363460858966106	4.584425750746101	6.709877601621107	
0.10604083721996178	0.1627905912649587	0.37950170226519025	0.626041003892951	0.9394137384717388	1.3330713920692538	2.275563632451068	3.6985392600045297	4.766431391738431	5.875688706354846	
0.09196141448262635	0.18688773592164326	0.35058738240706233	0.4889476810564143	1.1354814180976727	1.3568113986046484	2.154269379952162	3.1631072672581166	4.731965084392556	5.387560978596248	
0.1039032574355808	0.16449179705100786	0.37992643616404387	0.525409526804036	0.8473957326040669	1.3955079218817183	1.935903165181049	2.5546475707681906	4.840242998330553	6.032539350244033	
0.10560647715054212	0.1631589973477711	0.3947155518171286	0.6807924177100996	0.9727794671535528	1.4322926258589566	2.439003535771048	3.8261892657163328	4.723985990864942	5.104406076703951	
0.10020440598568481	0.14499507417401958	0.41328403248694406	0.6391232217252752	1.0170290024417021	1.3166097823498524	2.282012971771169	3.2602037208818744	3.9684502110956346	5.5133604821472915	
0.07626207472023545	0.14747486929029344	0.3863254916539475	0.6317309124095897	0.9225107332376359	1.3838701019981317	1.9380181571640525	3.5729867104596846	5.546477627177039	5.896658597214706	
0.08481639476680397	0.1455737181678938	0.3724958727656721	0.6087592248306494	0.9284192716597889	1.4178145197580074	2.1682891498208487	2.945272455407153	4.15054922017672	5.609332994836429	
0.12346811798456703	0.1606643816213288	0.4513294154377645	0.5574186708357391	0.9553227820850865	1.3261717514530404	2.3969553139617155	2.7600643222435934	4.23476572708829	6.162572846266791	
0.10274366370521329	0.10588533610346253	0.3860118332660908	0.7134370884080313	0.9171456833257284	1.6238842934506508	2.0429539440354856	3.069176658812112	3.830446628053931	5.4147133242689	
0.11572544253191042	0.13822991434702972	0.381737144381208	0.6654817184983831	1.0025820755571317	1.6099635063628073	2.2414067193560663	2.9659685715291144	4.332096421522996	5.486972871439132	
0.08895251667420637	0.1152390449799887	0.3081188126279332	0.6716775965722284	0.9349569053402358	1.4159085951354	2.3048822055840086	2.4783567493129084	4.262987209838395	6.0091413488327365	
0.10819034516743634	0.14960787206391313	0.3949729498465626	0.6252409124768641	1.0095750656598188	1.4281081933736162	2.2363807700423144	3.4476297867431223	4.758362006708307	5.53436541744077	
0.0900761611056515	0.13544817345168295	0.3474495362535614	0.5845063209855235	0.8969883310408211	1.545653164246459	2.0307858929687117	3.077115987752145	4.232876597153119	5.607000992298773	
0.09876469768250641	0.12180348403924651	0.3692580677391207	0.65119135827438	0.8801874391998501	1.3148959966773381	1.8786624524055193	2.8583219296357787	4.260909274786265	5.580597021878811	
0.1135289927114245	0.1811144625524874	0.3719518353297528	0.5472398866156072	0.8942859126916752	1.3129819325143572	2.095626605708936	2.8314137746593233	4.08870185647119	6.3492111392016835	
0.08873387585905196	0.18255017924963207	0.3299829920629452	0.5934308075460941	0.8882679910643795	1.4224047253511403	2.110246724633815	3.3195781660375343	3.863088421209943	5.88014829917852	
0.10585560876988345	0.1460011090558303	0.40837490482137645	0.6579837913488079	0.9492353335365952	1.271922421447741	2.1505711952044484	2.66531124773374	4.678043943313386	5.707132837146005	
0.10778426613622781	0.12003377238022225	0.35677147493673617	0.5529956740297857	0.9477390653767677	1.3301576542782612	1.9775708013218338	3.2795003297495544	4.055283144715027	6.1987904672586325	
0.07777794435379082	0.16738774460733916	0.3591395597962911	0.6407400193457427	0.966486573525912	1.5135209946220898	2.150762739841939	3.264145466713908	4.879284537422679	6.941738705542423	
0.09520642399388617	0.13016258966500274	0.4010885876625008	0.5838372079041353	0.9990722079089381	1.3976002146037134	2.429276415734317	3.788139835559743	3.9414011696854696	6.778012658512558	
0.09831762696330208	0.13724608800086904	0.400040700710606	0.5330849543596767	0.9180735232543266	1.4764370375933342	2.020419209595846	3.2374785018252052	5.1819926739057545	5.878448880464366	
0.09438986789665584	0.1547433818540191	0.44714570481902793	0.5588782634858874	0.8868641315058395	1.3754726529581698	2.147157579066027	3.494245849803593	4.273713844169765	6.630726199250034	
0.10197045325283383	0.17585067092993853	0.3102420014504086	0.6935927037789535	0.7066989648451494	1.5040924280890973	2.238381211624838	3.7041563562712123	4.110608070169418	6.191229663384204	
0.09026311141560334	0.14002397569233455	0.4249552341456885	0.4852571753766398	0.9332352288964243	1.440487508465131	1.7434622912241575	3.645221536285005	4.8888566315454085	6.170408889485623	
0.10632051952191096	0.16589367724446738	0.404007346243838	0.6260187887232515	0.9305296350636464	1.5112929825090293	2.118361784145997	3.1386541830700234	3.9841834913625265	6.044565484449954	
0.08048386682672679	0.153220510279446	0.4177993720549989	0.6238219335868782	1.078827619861294	1.3559398990057243	2.1509220697799245	3.2652826249464066	4.445159932016059	5.755599719749911	
0.10131717370734278	0.15177167702859343	0.43643675969966117	0.6044447082954845	0.9231554967258476	1.6432327520361192	2.2725067318400205	3.6605763160124827	3.963106564099299	5.980435975322621	
0.08498405745953469	0.1682575313137731	0.36914376111088787	0.5744636117697122	0.9327081348181291	1.21348033387785	1.9598465401228828	3.172217137216477	4.374672825020443	6.251141816297372	
0.11128934333124074	0.15564608138602973	0.38627987461825963	0.586389879209899	1.050323673341866	1.3714709227079813	2.2986878063657654	3.717435408450677	5.256410933123502	6.125845393530879	
0.09608426927013272	0.1653174160626833	0.4153655341578498	0.6843185724912655	0.8315960144160502	1.5837860902907634	2.546051960775849	3.390699449023295	3.411407781487792	5.869774063049001	
0.10844775821582503	0.14589069878175986	0.39257489404250195	0.6375372310324833	1.0280057407353267	1.4790059535103173	1.754790346821438	3.7849581323405097	4.12932322043995	4.972377515844039	
0.09465909554054089	0.15404824622299088	0.33155491130295156	0.5343538248535306	0.79247907400916	1.5451807129660788	2.0423952513491144	2.9496662334219677	4.495019964934595	5.688086861672886	
0.08448937030073467	0.17291587610245246	0.398239580676153	0.5592681235257732	1.0708707638647295	1.5518426813061408	2.1408716310403126	3.7124195298924216	4.154295067995738	4.797573551394078	
0.09307378730373345	0.1581205156610741	0.33856317233141114	0.6471504203529737	0.7812003063683728	1.4428416212867263	2.294388531414371	2.8452617376888054	4.6733572194195725	6.276132572132974	
0.10247923380148194	0.13794332047978394	0.32393757740861917	0.6569254273093362	0.9317151448275873	1.4610405672508229	2.053731967663733	3.4948985666911687	3.8861664109355196	6.087036523815612	
0.10483286725571057	0.1597677048040264	0.38692052155407686	0.6809328378462214	0.7738376024408836	1.4198529836679294	2.190618774381455	3.3831452053203286	4.820988627943784	5.606217463766239	
0.09505266292453601	0.11032558456788434	0.33201739045915285	0.5899304664771271	0.7465415318390592	1.4879656480260863	2.174770894312044	3.151829901330772	4.831683892565084	7.0723091152884825	
0.09917486349260311	0.13806987828745163	0.2672217723934113	0.6562409415846144	0.943225466411246	1.5532945638815727	2.062825810647687	3.3058323677162376	4.042069214979432	5.208409982362769	
0.11766484090794882	0.17802608404840223	0.3725705982589408	0.5592583488885067	1.017244971825131	1.3607735691922407	2.0230701545437837	3.169649453186351	4.828164484033449	6.3048909403299795	
0.1058536242196926	0.1585654908818277	0.35575419361733673	0.5552779864820538	0.8649996880735759	1.509441139948453	2.341207939537005	3.6604883644116954	3.8295872769590167	5.2699967967851125	
0.1021429996402917	0.14436658015215872	0.4623842965884399	0.6660359119759381	0.95424557006601	1.3997938931095388	2.175581324709552	3.0591722564940675	4.5292431992693665	5.061236874599265	
0.09641601458298532	0.1468911731653258	0.3947334861741922	0.5311568376447144	1.0300528898260521	1.3965086516084324	2.4521128780899857	3.4118216419788943	4.155655140871337	6.931539797224454	
0.1072126679981642	0.1608571573852122	0.3363170407907661	0.5560350903466799	0.8269920956582758	1.4393715298906105	2.1999994313390907	3.4064946750042386	5.184087692957709	5.447322731134419	
0.09940607022509625	0.16499882980898523	0.37660147085849766	0.5676714027078854	0.8842261868006598	1.487519195163213	2.247673267554964	3.3937396768956996	4.3099119831838015	6.438289080053985	
0.09743232199725524	0.1356823427036543	0.32493751232547013	0.6388343079097949	1.1086146464828799	1.4209710409179026	2.0164834779568297	3.2563855000086903	4.415983568476115	5.5339729946342615	
0.10329484074838993	0.15205101803134194	0.3969639101665438	0.6994744937429943	0.789077342745203	1.2470000448816294	1.9779521899517047	3.038647849927354	4.987361099631615	5.621074483735668	
0.09020404778181156	0.1393393105931352	0.3596683278012969	0.5730100533966737	0.7820908290654301	1.5164987920131643	2.036492032822162	3.25357959923599	4.410029339583206	5.4809536592711074	
0.11101182940034854	0.13997716780145714	0.34532802012691494	0.6187042927090077	0.9816907614170552	1.2016239621431144	1.7470842682598473	3.2525264583924334	4.551084715306395	6.249717947926563	
0.0910266573181742	0.1470845484267717	0.33991666676602716	0.6456058612709813	0.9695096021837507	1.4623265427442231	1.9640485849340332	3.3950796358703914	4.2983211114357145	6.007825845701632	
0.11002617385958545	0.15320236613515384	0.38185300312369175	0.5696032991609891	0.9066588793288428	1.1736772617171927	1.8986594212275862	3.5623745617595706	4.203171756042346	5.35682162271125	
0.09300956335555577	0.16513934122344565	0.4444801511281411	0.6103615074496824	0.9833705438809144	1.4774330002949778	1.8068862189532857	3.423394417407412	4.238272756667224	5.34127353235578	
0.11707514420977656	0.15089415332402523	0.35757549084097906	0.5248139272438892	0.9233732015774206	1.1242539140588745	2.081089913039809	3.0210481160598475	4.8810001744565215	6.637534383563776	
0.11250206769799254	0.1540010584637197	0.3827387325371997	0.618703172970441	0.8879693937618027	1.3409880687579794	2.5798465619871127	3.2467457542397176	5.224563556060255	6.576511030506488	
