8	54
1	1	1	1	1	1	1	0	0	1	
0.09987815718158954	0.13070572913937695	0.404958339185318	0.6496071131539293	0.9923300688708863	1.0499133945486125	1.7386072207037775	5.273705430776337	
0.1257106257362469	0.13630934040670406	0.37738264868235083	0.6305026759695301	0.8399585382543967	1.464394384372714	2.0352012261847725	6.125530115842508	
0.08455997718799624	0.1494736310075174	0.4015782572196775	0.5542971285453243	0.9565251580853292	1.5927875891781924	2.4089823365490877	5.730894844207573	
0.09330922147047255	0.1532728037924192	0.37701801014680614	0.49260281769060626	0.9270773116275525	1.4407875423240668	1.9851565030023537	6.447913443214269	
0.11657895210477842	0.1647270365961118	0.32168305092399646	0.5291360169371899	0.9724552980074543	1.566676001479414	2.2804880857364855	6.904298333330496	
0.09354502773197088	0.13648960991774894	0.34180619408547125	0.5269309755285493	0.8416986065251919	1.388419645823223	2.0058084744432834	6.459906384361721	
0.08200348355304038	0.15706229466183394	0.37795289040861896	0.6013827161710265	0.8136260013213034	1.5876844336847213	2.233721177752479	5.932922546957102	
0.10240427538054285	0.14866368055111404	0.4563383330110424	0.49104748582121416	1.0533671749583118	1.5461388555104683	2.548173472709577	6.195608189233894	
0.09430486042632663	0.1498280299036765	0.4016508139356358	0.5895755741754577	0.9898961360942483	1.5451614965768197	2.3545900509715367	6.762398195628359	
0.09435798541034185	0.1422106009912047	0.3894754587067699	0.5607057292078059	0.9483508340962158	1.3589649665535428	1.850137290897165	6.886322723469521	
0.10133280758231661	0.1641751431252051	0.2990791075491663	0.6440473485350418	0.8853433077099233	1.6199239378439236	1.941731087727711	5.87802872603624	
0.10218071360730292	0.13768387070306115	0.29416676475406245	0.6071106668684562	0.8956432198347757	1.6426908508200957	2.2612882588292096	5.902564738791626	
0.11629323518742546	0.1267602958869532	0.36160306973730455	0.5599219152397109	0.8865353309232248	1.4435869457598702	2.116230096271444	6.440212738301135	
0.09205611115425567	0.1666274214034426	0.35511049733314276	0.5386466699880889	1.0509727203951809	1.3513765720046311	1.6129274047894804	6.521528468073745	
0.10521673754846693	0.15278532522816884	0.42965008620657463	0.6674445098222971	1.034009029392239	1.4690514517958921	2.0817653348525877	6.020494327906347	
0.10262423459802812	0.13688139759174908	0.3840414820858816	0.7105169916941336	0.7731234668340737	1.2494095809135555	2.2352709058453804	6.99441300061571	
0.10258699956389215	0.15282880611719363	0.34165245384087656	0.693730889390862	1.0275213582879936	1.3638525262535361	2.1149970211746694	6.709833520781983	
0.08631254179241044	0.1591259376894807	0.3791687318494228	0.618696624314015	0.8690572380508411	1.3169285277293967	2.025339959618252	5.921297122493847	
0.11209226883573467	0.1543726241759933	0.4049795005379153	0.5642114540658849	1.0447826171598442	1.5470615560471912	2.4891596035202497	6.21573322976201	
0.08565213089144813	0.18181991617324006	0.43219200719465317	0.5043384854090772	0.8957149594198527	1.4072965607171515	1.9195781464447472	6.3703323404290515	
0.09903602284755525	0.15979522357340473	0.3646609149707767	0.6557999653331958	0.9299533528756577	1.4638221296361382	2.285628232799486	5.382797920604737	
0.10414419871586407	0.1549631501511133	0.3943163970246998	0.5603030953367643	1.1451339014058501	1.403839269283998	2.2868737594471233	5.877953890234691	
0.10460284996946695	0.17216674994200074	0.4028516566116345	0.7089392087171629	0.9200998957315417	1.3404639233490983	2.1122301161718027	6.367579031084604	
0.09920700375711126	0.1681871012257558	0.38684938741138913	0.6452129046243896	1.0303631510296711	1.3328484565274912	1.995123822449366	5.79108177427455	
0.09007032858310574	0.13987919933963627	0.3756322683221218	0.5977910373184276	0.8822464086505037	1.4940285825302735	1.7997279325697082	6.191430093026973	
0.09983949470863165	0.13619576476078932	0.36119993427714864	0.5603875179922289	0.8340835833441714	1.6672402002380178	1.9933144678746906	5.521010088056516	
0.09885894680299387	0.1488653512115887	0.34024020929259413	0.548918494945827	0.8825277544859429	1.4788051566215317	2.1400971632666423	5.7716706940833316	
0.09294780150631368	0.16239664723275268	0.3592651899197416	0.5747144993362598	1.0055817345557538	1.3068597307814895	2.569833183754199	5.327001108197397	
0.10025416510551438	0.1451393087550389	0.36357483908658605	0.4922907678278748	0.9610513772197755	1.5828613153265925	2.54102110829933	6.15235566914939	
0.11305450986475403	0.18753904236208316	0.35270663538321406	0.576785155443714	1.0241035382226795	1.6854149716405713	1.733366588033551	5.795124799047819	
0.11151100904580101	0.17649105320471611	0.35297787848681716	0.6106608054827748	0.7594570469736986	1.4185184146892555	2.060897975116781	4.768815890378402	
0.10270203552826385	0.15617257315614916	0.43156855765907515	0.5231297631381859	0.8536285363977958	1.4555566871986085	1.8856258605307459	6.987543936966707	
0.10919435120103112	0.15506915618220357	0.37511166374707966	0.7003368031626193	0.8833222037368132	1.5111187649510207	2.3043861928365335	6.4761007854961825	
0.11843940361386066	0.15466413401653134	0.27422474275396963	0.6564362312236539	0.838130558834626	1.4884175667439679	2.012355316666694	6.304586336046114	
0.1111955679868991	0.15517210643338794	0.3517327147558761	0.489181746025422	1.0064349755137303	1.2449813788674788	2.40967190812627	6.078765581954255	
0.10070439042601825	0.12945074555625627	0.36013229854765294	0.534471114477361	0.9945760436996665	1.0477099694258702	2.3825285123643742	5.4475363818927605	
0.11080624092657057	0.15334887750349538	0.3919456254117775	0.6888201504152195	0.9791702077593554	1.2782120108071817	1.9284078935632165	6.014763575291957	
0.08957609299933272	0.14338499642434982	0.3998242201293593	0.610126501610395	0.9310389919081888	1.4625818551123664	2.089523275235692	5.5317686973089835	
0.09497907086899818	0.1393897037822044	0.43690270983408236	0.659355440823269	0.9679725929280042	1.3630518916586039	2.1586636433403115	5.33778173287174	
0.0923499057260273	0.16386507414168583	0.40687830539753156	0.5875968909691243	0.9219179843290793	1.3170558900505076	2.4479059607769282	6.5248310043393065	
0.10095944984864949	0.14722235852668525	0.41853009547599007	0.5616412917385925	0.9997113596797224	1.133702693264547	2.49197721312559	4.958106537311435	
0.09495464775194855	0.13665964674215764	0.42197147094615944	0.599733232687513	0.9258461603739714	1.4032685767677044	2.0994283954451323	5.5451790714836955	
0.11493410032762902	0.16363419592178405	0.35942795200219496	0.6116365301689654	0.9573290743463503	1.472999210206115	1.6799241308894892	5.802624269536015	
0.09205501997211013	0.14389275925714784	0.31586572720502387	0.5336967892623331	0.7863467911173319	1.4038155712037919	2.0734282620504607	5.108659741282509	
0.10653666086496534	0.12629622095391585	0.37384041500860976	0.590606936501867	0.8095848413842891	1.4954041412561503	2.019462118140683	6.2880818640641465	
0.0985545426417761	0.13988828131119435	0.3831822101198967	0.5971426851517907	0.9047123853007901	1.4033322376651167	2.2652557876859785	6.270175542985084	
0.0842626728030826	0.15083499757177032	0.37500199284811175	0.6310970603430047	1.04127084075271	1.3477868295274313	2.3186599408076445	4.960581319387698	
0.11202267129234476	0.16621134058273573	0.37308098391746497	0.5776955045441204	0.9563475041715758	1.3237977642524588	2.303686719739874	5.314981778040933	
0.10981058307558239	0.14086157713627526	0.3826720813171495	0.5509739499214759	0.9416590068914915	1.4951139189188878	2.0879670007511875	5.7124735591609275	
0.09859929600230073	0.16553684822557016	0.42945128861824433	0.6285282877672861	0.918905336920583	1.5695188459092162	2.2342625656302517	5.541225649115016	
0.09141186263754293	0.11654768179852817	0.454364725515494	0.5643028819199073	1.0215378843367737	1.6730710331924172	2.1790489888523554	6.380596294833591	
0.09560680838917945	0.11622298273335974	0.4023142015158657	0.5600819446242893	0.9981942720386445	1.3836670247722864	2.1703035862034485	4.617249512775228	
0.09115546122537994	0.17302170256670127	0.3317430800557721	0.6257119750594956	0.8353051068320102	1.1484493874206676	2.4777252476241483	5.830878439282298	
0.09843505559195798	0.15958343440266737	0.33393736069804164	0.5741282343818994	0.9509148787626289	1.2529348068288784	1.982726862876451	6.599223669196475	
