10	82
1	1	1	1	1	1	1	1	1	1	
0.10098383535562468	0.15316689237246026	0.3413925792274053	0.6776695499799781	0.8696741112058748	1.4426693936181474	2.0830902798236792	3.4419502553059513	5.056583884665006	5.742661105602723	
0.08065708332298502	0.1352932663741107	0.34327799302547995	0.6733534952058963	0.6769605281532913	1.2218382284414167	1.9690410624031562	3.57120708794377	3.69661247054896	6.717931647166706	
0.09875084634356111	0.1650809898633077	0.3674087038883558	0.7306187901976859	0.8582027331312513	1.2326319000198571	2.336332445012468	3.1807268473182697	4.397079620678869	5.882876761662273	
0.09602060536257914	0.16325303159901133	0.3673269901638715	0.674367830409617	0.9149936763954898	1.364743617150289	2.1547332488158313	3.2338405188394588	4.325819988047087	5.931573220042708	
0.10206365368076037	0.13221872132773985	0.34324326013032724	0.5357012642173022	0.9354170146455388	1.9579315414861118	1.9579321153783213	3.3431226313513154	4.247190311714299	4.271365729981206	
0.10316926549617095	0.13314613079839266	0.38947441008641626	0.5719580174802293	1.0308946404879673	1.5053088040696803	1.9223849176635737	2.9054177798880434	4.2951662520710645	6.195448795879777	
0.09410267557780332	0.12760991946341244	0.3962293603756799	0.553571311868572	0.9442163453089183	1.528191383407126	2.239914007501766	3.2960360059512173	4.003226335173012	6.154212024146792	
0.08267295850605878	0.15026506650057478	0.347964920662898	0.4848522622562762	1.0026201579604634	1.4799814197115213	2.344224262536916	3.383765089473732	5.082132274097872	6.309596287926576	
0.11111591420127707	0.153400002866408	0.36979607716591006	0.5933085175070607	0.9175238685429487	1.7370023402892638	2.229683858672	3.673151022625758	4.960221092669579	6.304318804562857	
0.10226312783429742	0.14161561620751986	0.3886537202382428	0.6424640893073671	0.8940922389879118	1.5358417043404775	2.388334365538664	3.558305647005999	5.0478823762729075	6.60254334115938	
0.10219112597072866	0.1655188668921819	0.32811193549759243	0.6615663767468527	1.0426540310328514	1.3197807038199902	2.2853444119044766	3.829155193184256	5.133234437621997	6.438118601417775	
0.10243523408307348	0.15817594250170705	0.31161670570094696	0.6464685737846255	0.8852188475318367	1.4748305928925645	2.3433261277675763	3.449809699589277	4.005029461035692	7.213748917771152	
0.10692700038563988	0.15225289133344325	0.36299178129753545	0.542712345633895	0.8476204692650361	1.6280439897296115	2.1012320864677716	3.2947299439766775	4.417037983713013	6.288843269805712	
0.0959895502072748	0.15336379866626973	0.3957897339063086	0.5633274319134088	0.9354831127025839	1.362923278270593	1.8271206926770989	2.9922038077117947	5.104103001348627	5.662694456816706	
0.09838709864261846	0.17122754255831182	0.420156288291784	0.5081133756717114	0.874962068552274	1.283106279372191	2.595756364293497	3.42044598576039	4.557782869826962	6.579948042686661	
0.09195924134895175	0.14522307572572124	0.3082585873259306	0.5670049618078292	1.109884611896689	1.3091588367721474	2.4479216427353387	3.8859887696712385	4.432068071315678	4.925821423983498	
0.10820981984013317	0.13199783653106778	0.39437885245571636	0.5606896361390277	0.9322188872069536	1.3065830182224882	2.410876206938991	3.217541970644367	4.6352309389815245	4.980352983432784	
0.09444527632296489	0.13526119619212998	0.4266502572223176	0.6043759719014727	1.0450855317980994	1.4057336435427044	2.1115617354236136	3.5574486867296327	4.015292575692127	6.331642236102784	
0.08257590187693359	0.17300002801165879	0.3554136657154887	0.5688926147562662	0.8859299393198174	1.4500253671839176	2.080257121156729	3.6717004149785133	4.2836463119373605	5.683699378995868	
0.08935127781836366	0.14627222293966816	0.3534431808285296	0.46022998963442363	0.8451069536380147	1.2030539072375894	2.1562613159695823	2.9522079506840093	5.006021121919866	5.96517261208553	
0.10077613866093267	0.14027502257444202	0.4421477425325634	0.5616204672710617	0.9698840788798081	1.427158129912878	2.2353554723034135	3.2907956004478556	3.9170302285279526	5.624022359808167	
0.08050837747875135	0.15785835731029005	0.3458887171507707	0.5621924719463709	0.8547510534297245	1.5673754469155217	2.007253931133333	3.011475569757057	4.320537047270453	5.906248467405207	
0.10348883721737423	0.13163297735493343	0.407580413484218	0.5423846660215226	0.9266939134734887	1.364248123326564	2.1777831049692806	3.342986494602517	3.6920427397230324	5.631118698529048	
0.10518647081995172	0.1390036090572423	0.33273975034542236	0.5824892376450481	0.9124188213134325	1.4614197630875891	1.7498147088248401	3.7542728148271682	4.134706735217192	6.72991236358607	
0.1010105649403817	0.13260459634514724	0.3639998161329091	0.6339386208293024	0.951318713297334	1.4022764202312272	2.1411695962666437	2.906882844278559	4.227802557964638	6.402278984429794	
0.0914434577213897	0.13051415893154017	0.3800747474335451	0.7034242220615795	1.0342002777575394	1.4143920545339	2.0455609857255688	3.311038730244133	5.104973096683119	5.45369440004265	
0.09794127379881455	0.14357617847093473	0.3649782324473183	0.6447346480524038	0.8149541538918433	1.4889183227969505	2.675540292245063	3.22823912977187	4.834362649015505	5.337177566922257	
0.10669689687812929	0.15289147302267062	0.3719034397706252	0.6476968317339824	0.9805078654367312	1.624575418043432	1.7265825003902824	3.9091074142631075	4.391989602628644	5.925236166577157	
0.11140381993975759	0.14963702114704464	0.4104742965556337	0.6157031484139839	1.0487141021685098	1.4204356383726087	2.4024200597631533	2.911017855079667	4.4022705207145005	6.205954118498078	
0.08436714598024216	0.14699310999607593	0.37394589649932414	0.5953297672328094	0.9173828161039274	1.5963149140845592	2.2502215791240636	3.2444272130057406	4.486255100707163	6.765203238925366	
0.10168650593268283	0.1468769087392219	0.40315421468097495	0.6283659650122206	0.8642032763423044	1.2922989989549967	2.266468927894245	3.637816466215258	4.118149631263084	5.127635744196511	
0.10386168941661736	0.17170678583477292	0.383409279970331	0.48867195030678834	0.8260469876847683	1.5100499473426088	2.296140535023195	3.549019836100335	4.672466930277028	6.383110610625378	
0.10303255035486983	0.1510314686702083	0.3463964694506864	0.6406096588379674	0.9870105819429914	1.6891553896380265	2.3155400246058058	3.0453557026034863	4.314072138409793	6.058120040234533	
0.10345547008998518	0.14959166839152344	0.33570049632117355	0.5998031317460297	0.8984586094301353	1.3245570650665983	2.1676511276236288	2.6806659061672433	4.785850912776649	5.538539351842133	
0.10168770963874174	0.134561740570055	0.37727378098551	0.599036822124154	0.9720360474814296	1.507192302421008	1.9549058786490348	2.934257801090127	4.127611212673911	5.869272822125144	
0.10151279750565134	0.17668852574824992	0.3085215913364151	0.5257877996940441	1.0609729984385505	1.6520604179760643	2.474867159511404	3.043758000204788	4.825534544311593	6.213929166181723	
0.08880699087254523	0.1318364587628703	0.4090287368818196	0.5619494899031243	1.0345472479331637	1.4574230099664376	1.797195488883076	3.061313124895481	4.495810731031281	6.118400627813644	
0.10823863769777303	0.15735398479819604	0.35529707755928497	0.5922126106145136	1.0180436272702857	1.455564987901998	2.104404179888902	3.1396183400873627	5.236418997107614	7.0371184911371145	
0.12092066230013472	0.16373412762083994	0.359464651198268	0.5715521388982475	0.9981574930731721	1.2502862470986007	2.165461042670757	3.0352597963817387	3.4462527230265056	5.449350105377287	
0.09808126202207973	0.15271331713990255	0.36919203122849215	0.7759348053405158	0.8260741597723242	1.3441682010455087	1.8709501078344286	3.1734906716314244	4.8129948163401535	5.738398727770302	
0.11090888069561199	0.14162984609662957	0.38049801402347333	0.5530789278282099	0.9719908674417542	1.524118108482911	2.2147723815773754	2.963170913216395	4.709312938305261	6.184459981900316	
0.10480219146184176	0.13722018218711815	0.43352167671708675	0.5929565258929692	1.110626030717078	1.542849573884205	2.054311742660913	3.195103318661171	5.008413844854979	6.754419859537155	
0.10065441910839044	0.12694603844574387	0.4143310813955491	0.6024245147017854	1.0780506059744845	1.5850450228796558	1.8555401160699685	3.1832548720576956	4.739067665799042	6.838993074089317	
0.10420002476599728	0.1464445373306249	0.3779654061646124	0.48842893299579215	0.9865225232441004	1.4729059807345177	2.316809580998809	3.0610320524276915	4.945919533994811	6.5488033681066735	
0.09961039672349808	0.13912754194627902	0.3419044894191433	0.6587575213795028	0.9544980779300504	1.4865805088995299	2.4596959378807735	3.2472447953124353	4.263725661046639	5.8247416944972175	
0.11445938279133419	0.14458715785965484	0.3347295171349407	0.493279306191356	1.0167692323828716	1.4958486267385804	2.386127383204147	4.005653638472724	4.534641430803584	5.761424959378591	
0.08878328333739403	0.1595461259580538	0.353492533332114	0.6047665339127427	0.9750626590018515	1.36305826569446	2.423160099507705	3.553330296823059	4.758837607243105	6.728208936153074	
0.1002613216032553	0.14726862645197647	0.4207482687789018	0.525386434589203	1.0021820049436045	1.656765294909659	1.6013202075297197	3.251997609509233	4.379193977271267	5.154699717752273	
0.0994365226380558	0.15540804094714492	0.3791184648696329	0.530759340325645	0.819634711369668	1.5004520546379378	2.1845439816742265	3.2356874557398063	4.841908989118211	6.152703764959446	
0.09568149885398776	0.1286169479624867	0.39021981875179207	0.7211152642939384	0.9104016380187674	1.478645804617253	2.3044583439966964	3.2915645282394137	5.254335952431326	5.588148981299232	
0.09690817432613288	0.16752254237187633	0.4038458631618704	0.5121683400856544	0.9768754909538169	1.3480333911422573	2.422029124535748	3.0263766814072057	3.5196831090067486	6.07498226155138	
0.10635228857758845	0.1560631697040456	0.36866210174062597	0.5342081194284557	0.9935036583283657	1.2949551879250942	2.2194863856042413	2.982694006575598	4.327874557140122	6.248330703797649	
0.09860783456832727	0.13763455469607383	0.3459035771144402	0.6368504809297185	1.0134888220980636	1.6383417684802954	2.4468760451279956	3.5449740973489337	4.895092380581855	5.430467836559998	
0.1074133520060588	0.13403054358999444	0.43634380843004356	0.5911364285291484	0.8768337677024451	1.5817479242353414	2.1412474049017107	3.0727048583606087	4.661884370337815	6.133188191015427	
0.0994852088183456	0.13084236062188057	0.37199671130097	0.5204844432578469	1.1281978087454885	1.5757357551095272	2.4009567690570366	3.2023219953514777	4.490976213240614	5.619555159708866	
0.11276248122949589	0.13551105541548186	0.3305411120269339	0.6739030761717064	0.930730425767509	1.5785207754675161	1.8165148392119619	3.2119168171036216	4.309553578241322	5.431485989182965	
0.11569078329392612	0.14722509477558682	0.338477733729787	0.594792816489424	0.7459014201175654	1.5127570901605916	2.126415130257102	2.6631473219934407	5.314979360287673	6.8121023006002535	
0.08713510456681722	0.13903022128275766	0.446049826466073	0.6764919143300807	0.9012466086286198	1.6894737491563447	1.8851423554452644	2.718052117590295	5.037234980824878	5.113396911082571	
0.10554728717317004	0.14432957625358803	0.41568255199683174	0.6175481697859408	0.8012982185615374	1.3405855425619664	2.016922738824196	3.788062252681131	4.222505630770512	5.55104394010835	
0.09884960298139879	0.14670584808566128	0.35502732764224204	0.5075003608213797	1.0910194627586594	1.4538134952392163	2.0538191805950925	3.430302929343394	5.102015169822255	6.324637859934878	
0.09921631125202303	0.13809922512672815	0.391312437827078	0.4448717393978606	1.0689517171936667	1.3783516347691596	1.978353344430565	3.2078166306433196	5.0392489747315405	6.918791601032385	
0.09927757317622253	0.1544102467280458	0.4114983151077138	0.5091627379031325	0.8667794141667058	1.4054338775783424	2.1352694361512112	2.912899012481754	4.430228075072144	6.3857315411992595	
0.10024285145810277	0.13263066837256238	0.39441423368836814	0.45935860871900414	0.9827617404932324	1.3141633000842996	2.0158320082537333	3.3983011103706966	4.3567822295404985	6.116966964625153	
0.10847602660456171	0.15998288680632114	0.37745020735945917	0.5732343289213021	0.7555658854151979	1.4043436400764118	2.020761965363238	2.917788782733548	4.906359561213404	5.649854952658111	
0.08549970604631571	0.14346092088878548	0.40556507127760427	0.6067913810721265	0.8428426935871038	1.591665468986516	2.4081056392622133	3.209571259478931	3.9607863814021824	6.357109310030405	
0.10541232858069921	0.158716662049906	0.3475302781290299	0.5579118729336027	1.0318064709485342	1.7162641454981733	2.5197503525686185	2.9494570092529853	5.693613982116272	6.485308392086774	
0.10522080150386706	0.15651692952026247	0.3376682810589973	0.617988038305081	0.7772153897592298	1.2791404401477169	1.7553121818530677	2.9124114134684516	4.227807711437957	6.897373635685918	
0.09508687223115117	0.16762941381567772	0.3728109210906744	0.5543567383273637	0.8578403748337805	1.4072218468751483	1.9333808658684404	3.9092788837985917	4.616408046859377	6.058245783944882	
0.11445173846969868	0.14319942144146947	0.3519127459561274	0.5827175409712098	1.0182686800343272	1.3018493049372806	1.97907618412827	2.991997345073126	4.289779879429637	7.6012249877302525	
0.09354426833237199	0.14148442726737323	0.34567825386527584	0.5411562181593245	0.9270934724042785	1.661527797459689	2.111743884084615	3.268993913494986	5.173716256254602	5.207808652638607	
0.08678619090339085	0.10707023261215387	0.37826844521579334	0.5881924331089984	0.9313781963597658	1.4437462171004212	2.102225659457257	3.70098404355805	4.600607441139406	6.554550877259369	
0.11173898151462996	0.15873674948815675	0.36625476775429805	0.563668122865016	0.821233810541365	1.4103947854804364	2.0133198078881276	3.1831569981280734	4.08816968025055	6.7661049405717	
0.10799120840679088	0.15580329896149303	0.3402127746697407	0.6299311629612468	0.8959957912226552	1.2788930692250167	2.174267397597644	3.555604694302298	3.8837420733672983	6.479316067187768	
0.1071574441054451	0.15474384572966723	0.4029793587669686	0.6213120998422549	0.98816733276713	1.575859868472404	2.0821235763028128	3.6737352493109303	4.765816631524492	5.800696427140031	
0.09993124152576287	0.16301208921835028	0.3523097094005595	0.6595380355655517	0.9172641617986323	1.3895571605659254	2.2871599395553184	3.8543004330336674	4.377977323160216	5.9287616335871975	
0.10262816012917542	0.15542584730094616	0.4173936161127155	0.5700406378379472	0.8636376980744938	1.6799866052661234	2.0242748911639894	2.9502664628989725	4.599141381238372	5.700254269212671	
0.11569368775830441	0.13230171856685077	0.28754938017000803	0.5763492320919943	0.9571104382389013	1.2577601898036526	1.7866779252257434	3.1230666136255243	5.21636446077862	6.76920368825577	
0.09992768727435547	0.15359262865703158	0.36326389525639385	0.590224550321007	0.8316139410223251	1.3183318220177813	2.5037785024565986	2.6408509891082708	4.297273629360852	7.419955223048513	
0.10735697257550224	0.1619684006352736	0.37015533037026166	0.6315132838389654	0.8341862410065071	1.5552230981146062	2.3856431098233934	3.2433790159786193	5.075482760253561	6.296538330875112	
0.09247172819431076	0.16575381343823511	0.371931860676223	0.5418888941831231	1.0206605078854054	1.4233226887293142	2.15961083560369	3.2714025928243458	4.50972120478057	6.22172944979874	
0.11250478330441854	0.16980552131861065	0.39288745383354295	0.5010015215884033	1.0460662289285563	1.443097101810533	2.317614984486877	3.2397260882596726	4.143549410280448	5.898897347923166	
0.10692478021687501	0.1479279163644273	0.3076866024217323	0.615667401101753	0.8481915730014193	1.2681674385917492	2.3891082107989234	2.962634838536987	4.835190378034891	6.168612755218172	
