4	57
1	1	1	0	0	0	0	0	1	0	
0.11241298141083851	0.14197470808083443	0.37337162090047304	4.907313975580515	
0.1142081479533743	0.16739565032858866	0.38372051114149325	4.673547595916471	
0.10895197887076613	0.16855051567030663	0.3173462910174551	4.599014371068995	
0.11219926477015384	0.15187440738190164	0.36358208397084435	4.673721175411657	
0.09841009787325333	0.15441133616641975	0.3316884191888978	4.41640717701173	
0.11237388439998425	0.1628221973612564	0.38985145600476057	4.229121728385894	
0.09897734817327497	0.11222764006236162	0.37352176213440136	4.656119032274608	
0.09534021524153916	0.1669738206547959	0.3321632078472986	4.590332635850174	
0.08863246307328546	0.1373652937699792	0.3269067048073073	3.882295923539949	
0.10743765088545694	0.1636734834618876	0.3639669471434739	4.296652771553363	
0.08934786065743162	0.15615894965088772	0.35324077185169733	4.647829518232521	
0.09398935584984933	0.15040153505334955	0.3409541650960417	4.481350098414755	
0.10573880292902393	0.13921908349741824	0.39060288652520353	4.45510232702656	
0.10287425859345754	0.10486336234734409	0.35694061687094736	4.641015962728029	
0.10621509215510415	0.14218391608616654	0.4605739954855026	4.549817529728216	
0.10327541156751226	0.1582507043347987	0.39328757786616286	4.518548404709158	
0.09878086919474478	0.1737950039330323	0.36614543819193957	4.691582680766007	
0.09905300619063842	0.16626664907866814	0.4016752555991816	3.9453627711722374	
0.0951983017088351	0.16055340132116272	0.3848286521040163	4.1493503998394115	
0.1151231863433573	0.13075143131058853	0.4014067960791343	4.123957139202244	
0.08452042860706077	0.16877826302435078	0.33915501468359105	3.7685329002842174	
0.09862781640768944	0.17071955404498076	0.3990711945081236	4.783610244468364	
0.09655032700783754	0.1418402958056894	0.4019985451060687	4.125928356613524	
0.10788812341459889	0.13329073752760576	0.34228972879008607	4.686958662743643	
0.09897723640069536	0.16544823580989443	0.36279428618087783	4.3020391568035885	
0.10614787045606527	0.1374116288775067	0.38246315361795385	3.4510483879594926	
0.10025841543749009	0.16389088699745236	0.3418707230163682	4.040035005662435	
0.10927856986637585	0.18274719703987938	0.38746854868944486	3.8405772964386156	
0.10882896324579089	0.14096672958599005	0.4048998125322119	4.108533740949694	
0.11122211958167637	0.14456062902305308	0.43060798269829775	4.122525316588721	
0.10498665882012559	0.15722264643358488	0.38504033033171603	4.217973664947694	
0.10996039474854241	0.15645252300461684	0.42731182566051973	4.915190325342162	
0.09633701491325695	0.13860043589827353	0.41894073210235244	4.4183838685053445	
0.09376988054553471	0.14822086785542113	0.34663886468382193	5.157693104787395	
0.10676821972170099	0.1331663162595837	0.3581341955411124	4.264910287476156	
0.10124411985639058	0.17357462753335193	0.37023711703299345	4.909507519518975	
0.10156789042051471	0.14515548687324886	0.37557705728485224	5.162583575472806	
0.11170362060970662	0.13180584778593774	0.38797648093456394	4.158408456472269	
0.09995922309715469	0.15774667453330063	0.2540157813567129	4.114155824400326	
0.10344324867383703	0.16660974160298805	0.4277818844850093	3.959879155037356	
0.09491558550504967	0.16209070989121888	0.35340973499798867	4.482092259738758	
0.0873759088514889	0.14438286888885232	0.38026079025315074	4.075522241654852	
0.08571123472828375	0.16882118866583767	0.3876220033363741	4.811356639697081	
0.10413774752951926	0.16353501494415537	0.3429714177166849	4.809255256471712	
0.09504450635038607	0.149075230266429	0.4093252300596178	4.779045014367934	
0.10242796373510157	0.1598520292618415	0.4425179920841716	4.227296384705203	
0.11352634861096429	0.1568156108349813	0.4035335728536313	4.895371830681427	
0.09826126700468585	0.14862409440350008	0.4606708678723467	4.411101804336067	
0.10299290745803179	0.1609677587149241	0.39946722370884746	4.674662203832737	
0.09397895048951285	0.1550730248957045	0.4077753587431347	4.795388585733812	
0.10189619347737094	0.17058313694305505	0.39939564029536256	4.642573714228261	
0.11696567686007153	0.14342918936315266	0.3763807508342453	4.323661462660795	
0.10617284963135439	0.12106151694186769	0.344421820648173	4.893653732698738	
0.09789799831596945	0.15070462303035184	0.32526677418090444	4.681452428114801	
0.08695251730035507	0.1434636640456946	0.378841164892415	4.447614104869775	
0.10482921409271902	0.13666183404099758	0.3927886605978307	4.1923968823060385	
0.12236363787858895	0.1600749229583528	0.3681746384167075	4.338523035721343	
