10	28
1	1	1	1	1	1	1	1	1	1	
0.0983420176502505	0.1755744439495371	0.40829211376746494	0.6999756156731713	0.9264595166108264	1.524876874473779	2.295133057272931	3.035346686807898	3.5291015827434093	5.915271018932367	
0.07757398915904094	0.17193783574900187	0.4727843953979287	0.6493290907059014	0.7363447364863793	1.6517966162815803	2.358402168216911	3.5475533696681065	4.550502937868825	5.759803146624263	
0.09763225670085199	0.14040501228683328	0.41798444956490743	0.5996449360534756	0.7804818612421596	1.6308939307857173	2.1550756989457955	3.230509093662763	4.7134269131858595	5.983048101521853	
0.10992841497454292	0.1566926189448011	0.3500715655550253	0.6080093341584557	0.889800246335535	1.4835043848247007	2.3448846587644074	2.480293714752252	4.245801963553964	5.146765992997566	
0.12369952407984817	0.1653441583525777	0.3253025966898801	0.5571740460814055	0.8544241371618254	1.4311602197419562	2.2065136834240335	2.7121338305224936	4.640299964673659	6.699757064265372	
0.1056692703982568	0.1464185957501998	0.3401352369873388	0.561070267132949	0.7893360407542914	1.5657803322104968	2.2533725419077304	3.095079877719449	4.433215671809647	5.638595893032974	
0.09986656238219725	0.1399182237817105	0.40790486380161933	0.5618008235467312	0.8300714806883444	1.319955120543321	1.7949126556826758	3.1898964109406154	4.636157000851099	6.107378828779627	
0.09319101265149415	0.13352479311660193	0.3683228825179652	0.609260510198387	0.8364605252750069	1.5408176708263839	2.2010496132248005	3.082984923526093	4.268841056175994	5.8051614779288725	
0.07687389363725204	0.1334497297759355	0.39878336205691123	0.685508650917883	1.0020753185770557	1.540260938710749	2.4353227996831786	3.127293505589233	4.47456837643492	6.406546802053181	
0.09638579253964569	0.12160544991733578	0.46221663281484077	0.6619853898423335	0.9914688286092249	1.4053946686100185	2.0854528961763483	3.351887038674625	3.8558144680458057	4.944327894812212	
0.11959372881475767	0.13284216656337866	0.3418193993285127	0.560616574378639	0.9151767304315306	1.5106701578707578	2.1798371257350655	3.271034424887454	3.6705845565355775	6.013121994875761	
0.10035683467115808	0.14803128354848377	0.36990953501459456	0.4752431348607731	0.7406634427819162	1.3833424971026675	1.8626738106757534	2.903556819298668	4.305839484232843	6.042930906936156	
0.09944142512988352	0.1411522306466381	0.42212302498471	0.6670388711411787	0.9555061689530403	1.4698948232062627	2.098830748982321	3.0189456717448184	4.115526966212685	6.584625896479298	
0.09285741830130584	0.1337177758650814	0.4045477088149377	0.6930033269948107	0.8646297757368426	1.5096103161140693	2.5679503675955777	3.2607429664110428	4.913297693475398	6.199250783415347	
0.11739747270217714	0.14580089390662399	0.3659852277960017	0.5657315836514919	0.9769245675546986	1.6195653495720408	1.80492374532319	3.361287869648683	4.624728759364122	5.5479643000184895	
0.10247917102188547	0.154312763961416	0.3868943793667384	0.6351289636494988	1.0099238029842896	1.500666813574233	2.1715893653776894	3.236105549933144	5.24432730468229	5.76336633491458	
0.10040966519593944	0.12867402840409034	0.4099291619727097	0.6846757299128013	0.988020763235162	1.4565160938642354	2.548049515756676	3.957182175448741	4.682828807399498	6.02739916046635	
0.10611517365416936	0.13132744561576068	0.3987042181568667	0.6071166768583208	0.7478350811005362	1.3040935053333493	2.2397078433619653	2.9751586842778153	4.090437768852595	5.992660177725647	
0.09843021089512247	0.1197883813616255	0.34031160747761113	0.6099130941527152	0.9738462210789895	1.4763118550044123	2.296576445631285	3.403000926246231	4.064590308951925	6.16817831286846	
0.09773120297688409	0.12254117538567451	0.3967418255990173	0.6060123824500486	0.9326873207315421	1.4959163020949708	2.3231590144461864	3.0777636897489233	4.693264141421237	5.658630748401343	
0.08805014732329167	0.12450892782860719	0.4088588150650073	0.697562296241045	0.7805101289678716	1.4694486932839042	2.22524853121263	3.4468156118995985	4.2491779341030025	4.944053554045709	
0.09019056527627357	0.1597104231829936	0.39941539763148826	0.537838562670227	1.0179546490567437	1.5515226677244314	2.359346629919665	3.4735085178692633	3.5683218357032396	6.2391334458535255	
0.09390880053016605	0.15733654817361845	0.43306768089026887	0.5613276296770343	0.8765455234876965	1.3286072417226942	2.196289557116458	3.0864808393335728	3.639349670811762	5.5358658485280605	
0.09993164062582943	0.1340952223564284	0.3377958341773974	0.5595447822060029	0.7507897801521061	1.595876987754135	2.31475167631341	2.8924613354025026	4.2813760219297015	6.0420154612835075	
0.09539016442956536	0.15648658827636683	0.4385219971549084	0.6017010528497118	0.9749182641538057	1.4589326130502798	2.048975738085064	3.8292610906936844	4.757390673982578	5.848334042145104	
0.0864633898044433	0.1530170902786519	0.3411628108735688	0.49423176703767735	1.0313408076155186	1.5521827980209968	2.0183404233819497	2.938418879570199	4.814157181986045	5.462373821068513	
0.09937376393034268	0.15286862408047056	0.4242149225450711	0.6077569846901929	0.8114812779369833	1.4528602428506943	2.0514500291570914	3.098588490456614	4.334455902538647	6.4753405998287725	
0.11342930209578186	0.1628406086734348	0.39370863199611905	0.49713692006879784	0.7650616040538011	1.4954317820780014	1.7716604533894535	3.3646794148347055	4.4920113695536195	5.863182772721571	
