10	99
1	1	1	1	1	1	1	1	1	1	
0.1052863209004727	0.15051079781743332	0.4294281080523736	0.5474993699286252	0.9019820474743035	1.471832514810422	2.230508350958722	3.683843121297338	5.348690585657902	5.776417007545673	
0.1075894883908714	0.1471544168801528	0.32770133110747707	0.6237537116052824	1.01974715997337	1.4011446393300362	2.2901606622331863	3.362201149577848	4.558647143756299	5.575534334234786	
0.09876019320246142	0.14920698001950267	0.3952139315062169	0.6752340544291738	0.9753604969798767	1.5088661422086291	1.9540760010672615	3.081771019518447	4.034289731015304	4.950032119537381	
0.09043541598246271	0.1627250603682	0.35571301308089265	0.6648600796199197	0.9827450189866699	1.494676567989854	1.9883390197542135	3.4622745846270306	3.3560800478973745	6.100704815079321	
0.11792675631126857	0.14059911231403557	0.42724117098792025	0.6014446096828313	0.8756671449698371	1.5795342666792138	2.048913348635775	3.168129902586396	5.50786016617894	5.745811636965376	
0.10992932055034864	0.14698126656637459	0.3265815192935683	0.5820852155772798	0.9494375037609276	1.645375248539839	1.8852267249333559	3.440914949928883	5.103145032635239	6.168402931597726	
0.09167720513821886	0.1218367070291366	0.39504245985605124	0.7055336178210347	0.855158571416946	1.5532531754616128	2.1173097189093855	3.384348139690233	4.825190658525282	5.8772650026353	
0.0874330513731042	0.1315071088871049	0.32736639974100085	0.46683373238835424	1.0804726804545446	1.642363313766578	1.8900208003942345	3.393446226820354	4.800818501818419	6.282583655957037	
0.09756437795519307	0.16386696424807223	0.3654925073857745	0.6394608546243378	1.0771420549670185	1.383613967205352	1.8400884880876893	3.955806220421463	4.729823194179806	6.284668609000404	
0.09898906439617158	0.14604602195490596	0.4155214605080051	0.5332629226347795	0.8755625812952652	1.5139530679567301	1.9353754286375118	3.1784013825093	4.738807855414183	6.278300745258416	
0.10466340543789682	0.13475758771669474	0.30704842500900736	0.6189319536128141	0.8799686909384258	1.2224953959886866	2.2602863158470123	3.8963017264529864	5.098191998794833	6.800671898680032	
0.08453056001239408	0.138001834112362	0.42617517995080745	0.6445235726401967	0.8145554132945649	1.4573615677422926	1.6308915516567848	2.4873548757661186	4.309826972783319	6.2175164739650155	
0.09642731494313454	0.1395805440885622	0.40430709862242753	0.5198266479516207	1.1241902056054842	1.1933146116360058	2.2033059447537693	2.9407291696991944	4.543648006285569	5.976883896223562	
0.10020426981394653	0.15741910122038122	0.35128550534177055	0.5508477782617612	1.1049204681056934	1.2052525201450666	2.105535724292951	3.7714589842089272	3.3822709874625474	6.08551410805881	
0.095539917883088	0.1515866113853982	0.33411648281662754	0.6366324461952765	1.0004699757924453	1.3624124517986	2.5743674581505704	2.9498613422709363	4.487772359166945	5.933816905411533	
0.10581394704838741	0.15085430967830518	0.38511081217442417	0.544610721236845	1.1045433127463231	1.5950140127998804	2.3277964635520805	3.467907538447498	4.645994829485803	6.948523052788508	
0.09275111351598382	0.16862542539069061	0.41622468068454216	0.5290840122082385	0.8241699956458313	1.5339987556737829	2.280372211962454	3.856866301058862	4.579209096315296	5.859806737630503	
0.10781335175593934	0.1586178820256475	0.34685643400135335	0.5957780867788907	0.8620197331909173	1.625607214877224	2.292460491402586	3.199828098757324	4.892832237573515	6.613872880994991	
0.09356401161264367	0.15953667804240704	0.36824098721300824	0.5793088697213019	0.9331943552452352	1.2859425517586953	2.2068344936580804	3.1970021781505586	4.473966509597628	6.530667192786819	
0.10284153585164324	0.13854957485990843	0.4249578617385935	0.5848407187192332	0.9929027834026597	1.1653038195589431	2.0537430911166537	2.6019100230237435	4.612396240976859	5.059292631518913	
0.10910617157739183	0.16329415542353434	0.37538725027199354	0.5657898214167133	0.9358912131191964	1.5724218506502368	2.29964628240319	2.572935978895026	4.235949143296272	5.841750439964094	
0.11301691021944021	0.1782775728989579	0.38409938486372064	0.6522642623525686	0.8381204457785696	1.4610789732547869	1.757817188827299	3.1331640888098495	4.393852938080698	5.482709915182947	
0.08874625718459861	0.16470586558031752	0.41663053528354355	0.5292406586374222	0.8476413945021697	1.2862384253249943	2.406170438202152	3.3910749729061584	4.027706944229359	5.6702988667567755	
0.09716529458573926	0.1325553847350668	0.35067798854914284	0.603572080017886	0.9346368309905289	1.3000752942938512	2.2170013798041035	3.15515009886197	4.865583884000236	6.1246797606706	
0.09859054989336613	0.14159849619358442	0.3555251661411502	0.5983872107887883	0.8010593278080613	1.5689127974097676	2.1614873413739386	3.1995873808654807	4.539187639466026	5.882335914990734	
0.10004129653362809	0.13748404745044282	0.42189284532814386	0.6882487017896161	0.9293934188066232	1.6928848089292055	1.8970657547391474	2.9079574885746835	4.401914988693322	5.906015619268268	
0.09865092572533543	0.14069888369490133	0.4278514220622126	0.6285093868187032	0.8331259375985489	1.4689882676360995	2.257516653519692	3.274790322441072	4.698382998954449	5.544704082098059	
0.10015508595714129	0.16936718870764128	0.305520071964436	0.6491320763483744	0.9904426729206003	1.5284268740642857	2.4821136498510596	3.5423688792939063	3.6486998313495755	6.831864164609609	
0.1012539861578983	0.14399178270735513	0.41420370405332013	0.6902564913918796	1.1523545735069716	1.5854420366581439	2.5460948827044394	3.2515328030140056	4.084195461923378	5.2278689902053666	
0.1095388390350841	0.14308162185253334	0.40744433896189247	0.5093370608281119	1.1007408526401683	1.4609336683635272	1.946981587911877	3.1695119650786867	4.643595918676847	7.029763265123129	
0.10801340571025547	0.12352953211766862	0.3956110598538994	0.6582926464282548	0.9472127342828649	1.4745560601291396	1.5579329923610765	3.403436509208147	5.059650870271857	6.075093075231845	
0.11477253841087343	0.1652729820626035	0.3341882492401	0.5976767146816565	0.8672682834294242	1.413389778717805	2.085478538438752	3.5819107932003442	4.569438979337223	4.833733593070376	
0.1044155411104467	0.170509313222466	0.3538211423844116	0.5870702348123465	0.8338897703125762	1.6489757125592723	2.3358869484504474	3.4686053204016054	4.301672770058052	5.861748638661127	
0.10971476252831758	0.16399818327842364	0.417179953799685	0.6753684149208169	1.067258445034627	1.4298413513163601	1.670222163837396	3.379457950087113	4.670878666912401	5.953831507674064	
0.08655144021272831	0.1419777347444328	0.38851183327220123	0.6800382861807148	1.0776462575604149	1.3147250195151565	2.0407442689747013	3.542891211512355	4.986180315347567	5.620216143227822	
0.09284167219603395	0.15675591274710768	0.3969406328821773	0.7117870751727552	0.9559395579148047	1.5350183329693248	2.413466394675853	3.127200922829381	4.463711940600701	5.249938806000342	
0.09718480918844198	0.14928235595951098	0.38609823446663005	0.6006621948088638	0.8939622483690847	1.215239112611215	2.1580571156427095	2.99813427604737	4.386991499894982	6.181321879014088	
0.09552959843371342	0.13293795625825808	0.383614590737688	0.6352684797999465	0.8934096636157107	1.3680736510711997	2.132615643607497	3.1829827849463537	5.1858389035256796	5.1572884183831444	
0.09904414831065318	0.14097253294212644	0.3393753997128517	0.5688213440804106	0.8673312794020784	1.15470304666361	2.14540029697744	3.8807214261216325	4.37468314009217	5.302073972622193	
0.09955762173100736	0.13033035452808406	0.43149220979854463	0.5782388933102832	0.9402190189439038	1.403556972339933	1.9414599953838803	3.6201227779172793	5.025490652944178	6.281424041750336	
0.10780427587766911	0.1400396160796131	0.4074238939431172	0.6398303979956049	0.9294218053358538	1.5898619387295823	1.6989226327916551	3.1394755710186955	4.261047807317499	5.811619541126488	
0.0996400314882337	0.15733694915692112	0.36812319012524186	0.6068697663791636	1.039679419170474	1.3967739069295804	2.158254345048869	3.388368898354395	4.523781377631191	5.764379378802157	
0.10725985295940199	0.16803081582695584	0.4251780764157192	0.631242140470639	0.8240679422460904	1.3873038084893683	2.533929664685608	2.925609493593228	4.7965712465563985	5.532160185940613	
0.09059155861314949	0.1754854055333356	0.4092543674447788	0.5855005518202416	1.1325597994998684	1.3492289180800663	2.1783923609219973	2.843548097113046	4.999027342898862	6.334621828757676	
0.10192322432148737	0.15276723521920432	0.4950514608710334	0.6417497635530841	1.0023246114934967	1.3261452292193916	1.9280401529856894	3.10441952449969	5.174984838496047	7.7183212256755445	
0.07930203774419059	0.1582625725826752	0.4666665826988323	0.7141585407445941	0.8793600264918053	1.3204380613881066	1.9937867968190908	2.883507695738091	3.6026934958818995	5.7343830446625175	
0.09079912014936421	0.13214336018422	0.42331641973679435	0.5729750368129617	0.9082837563407674	1.382722859801809	2.044825082309745	3.507052747890862	4.711570407530771	6.057472358225897	
0.09376982157975174	0.15061869908138442	0.3679736519859737	0.5785817981108506	1.0346095426707957	1.5380343378770285	2.014481782696898	3.0708483148318186	4.704580936447556	6.090139652572759	
0.0886586932052159	0.1551295217687096	0.3411470358947999	0.6356327665950211	0.847236350747975	1.2525476450471167	1.8740616612646728	2.7263566151396543	4.2842806304804695	5.615533056179702	
0.10202749935338265	0.15722548674786643	0.35699145010844574	0.5859309819820063	1.057313448292818	1.3921131025766917	1.9774471560630575	3.2717333222860296	4.303886105743054	5.774678810771309	
0.11760503054127436	0.1689184552294614	0.45064682055096733	0.6087613726280122	0.9859320269117356	1.4834841032363153	2.2352595612521085	3.434588324407385	5.101056162016858	4.949596091046281	
0.09216574278165822	0.17152545103332317	0.39631231147292556	0.6397783321405943	0.8936872944370177	1.5125490364725824	2.260359075947804	3.7129036460911813	4.872118117278339	5.686013122169234	
0.09196863867487852	0.14182177031203186	0.39586514777420145	0.5767966602834361	0.9436367562507062	1.437743429647962	2.3200217755202606	3.1294454786856725	4.845376670699803	5.660744815334727	
0.09359596165681289	0.16355743959703165	0.3974432117668995	0.5438905140999954	0.850794619785531	1.1800278266511912	2.039444472872115	3.69396385914291	4.284288505677306	6.594981349293878	
0.09279255086681341	0.1512472876997449	0.39659248580399104	0.5672179440476367	0.9359004864434013	1.5311017249009828	1.8007582178032138	3.4866045068628693	3.819276165952923	6.860623534428073	
0.10307418293864541	0.15283377333401815	0.3691331289648296	0.5867431500340247	0.9604953936841364	1.6011370107025977	2.086089558217694	3.842895798288491	4.205386111992542	6.316613195971778	
0.10447476997678024	0.1900168486981775	0.38209687254081	0.6158354876658181	0.8857338758305199	1.2793420353736278	2.4827251158854065	2.5279115728874344	4.538109707644555	5.490622895225975	
0.0979015860309253	0.12055498584669638	0.39427189513327765	0.5187084468422347	0.9597059662253866	1.3849732328137083	2.088102017243763	3.6717915899611744	5.036751513656022	5.468428619370275	
0.10096959973846216	0.17474130975158278	0.3468194097989824	0.5314363812248395	0.8754114691973078	1.4957107116866253	1.9631797649115053	3.170037159455389	4.067676448422679	5.7804795230724935	
0.1012571600086649	0.14861925502344553	0.40142644067051886	0.6279108752458307	0.9721684817105186	1.3700285891871595	2.2446656367375826	3.0423835062250517	5.049174505689186	5.825289712242092	
0.08576787643783085	0.16236229646907496	0.4211305753154486	0.6542223399844723	1.0314054774255188	1.2171162772422401	2.007991145900922	3.586512035688187	3.550519129911581	6.017942548165876	
0.11090107697639194	0.1529812937221316	0.39473935207931704	0.696648954525826	0.907200484112481	1.023171354658134	2.316547168113347	3.100422102345689	4.3155254212170515	6.284904887721655	
0.11776853376450268	0.14795923878459952	0.3373276413997128	0.5941735443504887	0.9931731630876376	1.670624416213091	1.9048270995526186	3.0081853663873677	4.267256862904984	6.420371212118443	
0.13095912302690854	0.12191373088373535	0.37437051240426217	0.5257250042649955	0.9472597520986652	1.411640341662522	2.2153599554931156	3.401803169542005	4.522283076232604	4.815970073996597	
0.0900953654555359	0.14517383954140595	0.3537984232630405	0.6948609903889095	0.9308120419484729	1.428227172002084	2.5316112747225126	3.415365398007361	4.817868461893493	6.152047388457175	
0.09656057160122088	0.14739280644686464	0.40397124654797906	0.5928973124963711	0.9222125045063401	1.3579426445045362	2.081742059740967	3.2556164695994254	5.318610333976211	6.685401597358363	
0.09697175351617798	0.14472862392067676	0.3554839916518643	0.42961742594640795	0.8543898017133528	1.429379195998469	1.6116384727608593	3.4906504346435727	4.7725186617544155	6.009852022229397	
0.08402629986227846	0.12077599595077547	0.3575842036945581	0.6056038547373628	0.7937362813399477	1.5741465473597993	1.9925432855118685	3.8207811900616417	4.573997677804693	6.135947765913356	
0.11790774327822812	0.1413664732300984	0.39882110751934163	0.700560137217963	0.8728112544768093	1.6453697130143652	1.673014174697475	3.2403679099605593	4.353404805057375	7.143548524844339	
0.10699110071484381	0.1590582560025994	0.38033464260276845	0.5988823214933491	0.9423938964244237	1.4575522859552694	2.1855095893256054	3.476012624180348	5.088636656408797	6.381717310951549	
0.09643054478588564	0.15316018795988764	0.38306585148139566	0.5582928004799051	0.9211700836421124	1.5592216626711717	2.3583535337809094	3.428627343439143	4.466722990889263	5.903728694822627	
0.1032058313143328	0.1581958406617506	0.3790744358385892	0.47149712706858293	1.1968946207073121	1.4961384066123657	2.1492219090870828	3.9930883399939354	4.520609798541353	6.76288324461326	
0.1129519143089373	0.14459003503917084	0.36509116465481783	0.5592633373335664	0.8589371962981479	1.4010705327860133	1.953921333998472	2.537940817385934	4.499852673568783	5.729836575972667	
0.11287674421134486	0.14816351675967668	0.3699129836417031	0.6072718460158323	0.9855510554171608	1.5376366517609645	1.865820457067082	2.7480358555061715	4.667381455844643	5.198796476186672	
0.08939589111452896	0.1484563682487185	0.3824983379252304	0.55111556052963	1.0805588362557965	1.3829917137751229	2.4772734696793415	3.2863755843053886	3.1033674813885637	5.476273446065858	
0.09485861091114273	0.13152694181772065	0.3408878209141363	0.5590292945909802	1.0862534355851565	1.310448093310591	2.107897943460974	2.4860567549814636	4.1391015251380985	5.598117016335046	
0.10998941397735407	0.1292108922490009	0.36988701341902036	0.5254771100616521	1.0443694632578062	1.539535968070937	1.834032059943862	3.3232688800628862	4.36342335799791	5.474197666811799	
0.09920552841636933	0.14303145355338068	0.428563937439678	0.5468459518664285	0.882297361317075	1.5095738366529379	2.159479843388671	3.262860595594598	5.142119596231812	5.874631056088427	
0.09036141982579177	0.13377881424405436	0.35554506070917946	0.5356256100403027	0.8520233517221132	1.4993296927540862	1.9842539678661277	2.745040835276013	4.765371621463265	5.874640413091967	
0.09501913386510667	0.15025966758981166	0.41453665448265525	0.7032951710672575	0.9244736563358145	1.5155231582152646	2.2826873764450233	3.152925063789915	4.188016809647312	5.610148260757091	
0.09666555964351234	0.15223557686659014	0.42320230876836434	0.6411250017708309	1.126805564812878	1.4688109425028721	1.8089622809071952	3.576097878869195	3.94306235701328	6.616658285663988	
0.09697469498196302	0.1399929775805006	0.36172659463150125	0.4714386419797812	0.9060891114729888	1.433518940069311	2.147093691072567	2.876856292669019	5.336734584285573	5.649899735789264	
0.10369986347119263	0.1530972951674521	0.3817857660429187	0.6437790167908084	0.9547811056009298	1.518072792635291	1.9629248131779822	3.443452730011827	5.10012821025777	6.82440940663797	
0.0975492036825699	0.14168085960425253	0.4013169631141166	0.5696299246345282	0.9341895266607156	1.5210925436485885	1.8552606568139887	3.2706667251082937	3.801506049778604	5.86499622484088	
0.11524019937856333	0.17607577544960834	0.3783170333604534	0.6122350402144278	0.83047499005116	1.636237136541363	2.398216069392481	3.6661311280421667	4.645488185624475	5.683367411579298	
0.11096002552370131	0.1414479491148026	0.344517611993536	0.610163450137626	0.854101403123186	1.3525217202551063	2.1757766574610367	3.540961981558762	4.625588182769531	5.4994730359714845	
0.1064546388991021	0.13096683135905754	0.39088691295187955	0.5236868018704689	0.7654690801648336	1.3944675690911685	2.213553111022471	3.14880318301084	4.471968908718789	5.655307862174332	
0.08783432660901518	0.15000515062135797	0.352515754493402	0.5060978452450565	0.9669929384678485	1.6319328043341055	2.266468029823517	3.026390534768663	5.635260694322067	4.794818336938824	
0.09176881061843004	0.14382775722353594	0.4302895052291687	0.5499085633256302	0.9423785188886196	1.3928711061864745	2.4619015866431475	2.9254908589549715	4.581601931630802	5.226281241401015	
0.09000982653684257	0.1321021449462408	0.3585999190699209	0.5457180035764773	1.033021887188619	1.2205797098476372	2.1754468041154795	3.1407924965227703	4.804835562276672	6.7621459926295655	
0.09648645435061554	0.16242939265717068	0.4290578214942374	0.6675866602869511	0.866358157230839	1.2911740838970267	2.4007065143983244	3.0903481080321655	4.701483178256737	5.6215742988376185	
0.10950990751269513	0.13961576331941766	0.32438427024169647	0.6515003001967717	0.6621805250923737	1.5268936256827212	2.0308430584321218	3.32987536892489	4.2182911399944345	6.01288891427517	
0.09666618881840122	0.1587978900525713	0.36716638383251476	0.5446510533191427	0.8907350902344185	1.2757020885716668	2.219742002007537	3.5974845210748807	4.4223574972597195	7.388592670885558	
0.08132787229685219	0.14183736401478889	0.32651972107793203	0.6381643678768445	0.8367921206188028	1.549573634542691	1.8211324792774548	2.9781784974221894	4.797771410322458	6.5715742027279855	
0.09749187518384056	0.1350817706909888	0.37984312378838836	0.6183244528033801	1.0562591582945164	1.5451492256470818	2.388646450071527	3.637054267325417	5.013018055316421	6.422022265119821	
0.10725508818975138	0.1443840223548778	0.3509181240114148	0.529452165260096	0.9268663777445562	1.1770933525498168	1.8761560998271678	2.851664719688154	5.129766181669844	5.425424082113093	
0.10780381749934449	0.1730843582861755	0.402006696855127	0.5663565799245939	0.8040559713536295	1.2754165284462717	2.2242347351128653	3.6798014913048203	4.677233935383196	6.051446365262448	
0.10298533390227571	0.13872125057556234	0.4566739163656345	0.5952575927058756	0.9239759300773818	1.344251634536917	2.383520000417171	3.38954043302196	5.484909425334319	6.084706989043367	
0.08925531179743744	0.13328788134312902	0.391041464860677	0.6425749367728092	0.9339596167158439	1.3825065638767229	2.4513338136176896	2.6917343976499293	4.221047212679933	5.325643010318704	
