8	21
1	1	1	1	1	1	1	1	0	0	
0.09931491280306504	0.16030076012266528	0.34225477039847396	0.5445251626545999	1.0221601799316347	1.36085741379472	2.0553890023314088	3.198284570018353	
0.1097436676485792	0.1637352344351265	0.3909230457434586	0.7197213025724443	0.8619109785769246	1.279637406205327	2.3386658588253355	3.512983298783581	
0.09306254788966795	0.11528780726892293	0.4151769983252788	0.577952803350924	1.0110862487245489	1.252787433068784	2.028195876553704	2.7623197027804416	
0.10093739144465047	0.17196590498639833	0.4158017124885611	0.6104756464172713	1.0753477314797741	1.3143158083506865	1.879132391381715	3.206833280663678	
0.08692946023589083	0.14159975651265708	0.36106565401490065	0.5373845393685517	0.9013091719244276	1.3342834130375478	2.1780294944934955	3.202114721539484	
0.09883918597997451	0.15312067480092947	0.3762979609019903	0.6898904757208438	0.8574822864422671	1.5212068704656414	2.4305543601264	3.984426116330774	
0.10258396062079066	0.14284273458345229	0.42055409027137197	0.598448512158203	0.8296440292385228	1.2004527089149313	2.0269581105160355	3.456926462455989	
0.09567324756720687	0.1450528767265868	0.39254612962081525	0.53408941520336	0.9833691796038936	1.3916479354189462	2.016806869756987	3.552301464186377	
0.0976483730510024	0.1538630424979747	0.36043380943085773	0.6294759318424344	1.0179901073783497	1.4764402495304538	2.3717899238426012	3.11351089856559	
0.10637975370285933	0.16184513260628383	0.3666206584281903	0.5816882342439814	0.9267290223251494	1.3125466558364725	2.184444366308729	3.2853450288588464	
0.10316940390473264	0.1635344564430784	0.42292778752816573	0.5760076593341699	0.8625719940912513	1.3577129482705514	1.903935440486267	3.300352242713125	
0.09487904147536702	0.14696880553652739	0.3945668474802862	0.5596156629112016	1.1279790581148663	1.3800946147885083	1.8341342578319302	2.8689227674439826	
0.08952618856160025	0.1810051453646603	0.3767078237737106	0.7358197583238716	0.7850110196736255	1.5512972569488228	1.9840594737655821	3.4633634201902073	
0.08542640140735336	0.1616622007469403	0.44678621203514857	0.6299057827945997	0.8954487729428608	1.4308112488554754	2.159010072837337	2.8257585962834835	
0.10942393041731541	0.13489906953595113	0.3880218850828761	0.514524215215207	0.7710553192702272	1.3858541340743087	2.257127733421522	3.2871484114008402	
0.08571146544296641	0.14089423719064123	0.3500056251152687	0.5708347326811326	0.7350107128411569	1.5300217394718392	1.964460803020797	2.5421245258740637	
0.10547545646737365	0.14709820692618045	0.3786360549104141	0.5973003156930631	0.9941535020594761	1.3783597587753524	2.271380213210267	3.510058634667007	
0.11197863516224732	0.15061330788936778	0.3721219249156763	0.6741540032646901	0.9424391759610965	1.611335440309618	1.8765067167795804	3.1621848230657923	
0.09165196784329216	0.1496483626073255	0.414179095598127	0.6211788957901733	1.0367583773138869	1.3575041506835368	2.1356530525612767	2.814650929473729	
0.0910764915701156	0.1712801288049063	0.42761947498019376	0.6043035935099806	0.8917882264806736	1.2539926894523719	2.0716670156548567	3.510200135460667	
0.09967503942685035	0.16181215782677405	0.3737681435504019	0.5672411107053896	0.7549656759188219	1.384138373455031	1.5838808646622373	2.877652101766146	
