10	45
1	1	1	1	1	1	1	1	1	1	
0.09953837948930433	0.16949695995641909	0.35928070636652754	0.6256711002661546	0.9224684773561286	1.5651520027675438	2.2307509360258346	3.51981805111291	4.252214288180435	5.391585063504998	
0.10367128319053363	0.14268407971441108	0.3811523071302989	0.6190364964158453	1.0454974003508894	1.5424796020047697	2.003582920353596	2.877867772728794	5.268321497139501	5.050404196815393	
0.0954749715230895	0.15967867230483176	0.4422729273841013	0.5886203084925483	0.9325428984671932	1.304871078711568	2.177222464109069	2.876199956727214	4.162371771051606	6.458334332483088	
0.09566423183138074	0.16375873383079606	0.3741667291873338	0.5178695944277512	1.038657970641151	1.24190836983758	2.0206156855949677	3.1850977983701037	4.952622879296643	5.684109106385854	
0.09073282837529917	0.15244009607340592	0.3718693025173885	0.5719565640576503	0.9501331381533696	1.257885741198782	1.7798042836923784	3.945087284862183	4.54688374201271	6.1045085291773615	
0.09218010619322924	0.16346548265241015	0.35972756011445783	0.4328311387331679	0.8772658993326973	1.3897579298568037	2.1134320250680796	3.1853212096080106	4.209788422360675	5.555087364177979	
0.0970202133320797	0.12531785869446127	0.3056113408351994	0.6058833293951783	0.9406703433066441	1.5557542829477216	2.095053458270284	2.862071155740053	3.6271589331609153	5.46588235442588	
0.10422519744057519	0.17162173355113383	0.3820552456853175	0.5271846065798332	0.8481673839670285	1.3086350528588024	2.0627124506635655	3.614291013123333	5.039509252570552	5.896646463135069	
0.10183070110113597	0.138036631606898	0.31502347911455914	0.7073003012077648	0.7140087042948009	1.167474834573969	2.536227258859324	3.255400006517895	3.993338291810381	6.409622178653587	
0.1077305330604598	0.13000971532278383	0.3597518756941562	0.6525747518223431	0.8540277655875443	1.470349414621778	2.456334620068749	2.4724424297491363	4.346438256302057	6.156981599140494	
0.08207950614056592	0.14205582914621298	0.4196909484773889	0.5577410910753666	0.7919576414626245	1.5917089507122033	2.245567864109043	3.227621705260998	4.45572367780139	6.616969482662965	
0.10294528325009229	0.1596841821940281	0.3536824769973308	0.4849586994715953	0.9878379741193862	1.5874326927982638	2.1017191769504158	3.538520889732892	4.349154243070387	5.945580503208916	
0.11752428788387273	0.14562719919440353	0.366678363082971	0.4878012286075611	0.9941768038782324	1.328492684740034	2.181653377367729	3.1476122965843665	4.299393278028626	5.929362306083014	
0.09959147660440593	0.16764118589452837	0.437768050554318	0.6390429061464953	1.0482546999527897	1.5521430883167802	2.2563420319162013	3.7229214539703697	3.9111864160836043	5.589322679250458	
0.09179098473143908	0.14547918125040812	0.4060642136072032	0.5330937928687951	0.9767603253034329	1.346050288668194	2.0753812285648072	3.3151350906160038	5.256561662577675	5.5725917686475235	
0.09919906606506565	0.13382662161604417	0.35256598677890055	0.5347595139045315	0.9527650131808912	1.4908191540368954	2.2977156095456226	3.005063843955439	4.7285743853452615	6.067860046948811	
0.09942247502748673	0.13137865758738435	0.3858236329740884	0.6110973971946699	0.9394607453424277	1.4872072582906408	2.2993380666999275	2.893142424588741	4.402486761107242	6.309460560938546	
0.09731605179124997	0.16439135335592767	0.3834267828743175	0.4827046415325869	1.0080668894853855	1.4132542385596876	1.7695121708780635	3.168005795406791	3.9292360296234237	6.451878771356492	
0.09964159019853835	0.1361438195279735	0.41081222616458873	0.6275115399597748	0.9080738794566418	1.2518795661463002	1.9688681343896324	2.9713261793455374	4.835923741468975	4.991461628613464	
0.09952765183436918	0.1462457341384187	0.4193504826754659	0.6139641934605191	0.9797745565183612	1.3548735194666073	1.8853353896863687	3.14422030784014	4.849723073666895	6.46493437869106	
0.09569412428884304	0.13708884293027163	0.3398461932535269	0.5918024038364063	0.9426992589698979	1.6406663863555333	2.176516112888058	3.44947394798732	4.148789405443102	6.025020602957475	
0.10140078455536866	0.14789204208233434	0.3791708857189428	0.6075731080572063	0.9747364236177714	1.597183880208168	1.6629072247974621	3.6119646920950736	3.7301363476569103	6.185257692622051	
0.12355628969088475	0.14936189567361327	0.3868407272977564	0.581384417164772	0.9920553982956392	1.481795823027483	2.0046498423724994	3.212835257064933	3.9967035733002545	5.928635147260611	
0.09580627813083264	0.15204811427386072	0.35302327190860633	0.587134098594828	0.9308158680924974	1.441213730807802	2.2089709988767563	3.1933955087836794	4.145987853480737	6.049243963589747	
0.09821142174404238	0.16536968463160814	0.42372817703459364	0.5176751738737787	0.9873953730028509	1.5469374150358568	1.86064627138921	3.438328666146632	4.903179712994836	5.430212017272845	
0.09763658376878961	0.1527947990373033	0.4016774062837725	0.5406936353731437	1.037601622896852	1.1398032174006187	2.4346052930189823	3.4288369270317234	4.2202028199857375	6.518643505624249	
0.08952200956397871	0.15172404081590812	0.38906318520472666	0.6141680888375408	0.8519062671882729	1.3590609643528664	2.1772501462224256	3.013808283535862	4.622153757424473	5.6315244190640525	
0.11000000026077245	0.17344027425856404	0.36869636136302414	0.6552155256582063	0.9102556776333762	1.296090338865988	2.05847068578064	3.277810165745769	3.695869051007818	6.375394056867298	
0.10086020848936364	0.16500815936203733	0.4031092270433116	0.6071968990298333	0.8969073510125	1.6477692262035273	2.616522627669747	3.1397764433555615	4.969032063166148	5.575950204620819	
0.0941231404631094	0.1442063257275225	0.4060179421290413	0.5355052023396565	1.0741466731113938	1.5641157328043431	2.292225769167209	3.1545102335491264	4.873269415435534	4.24958228321816	
0.104409013634925	0.15240183101494117	0.30832380852172003	0.6243751789639301	0.9849529305064748	1.1649162174887124	1.8948441452048026	3.9209264743515595	4.41614090425389	6.585375635699032	
0.11126801924289675	0.155909052209929	0.41865517134519264	0.4732266985101169	0.9085607647136988	0.9894743820141283	1.7745898621180416	3.072545288479892	4.200577002451718	6.024846173485488	
0.0997934948839701	0.15200613644971847	0.3866389666479658	0.6199753634761782	0.8408088450006875	1.3263546983309762	2.1420712172516283	3.2430635410313	4.013132685616665	6.6489356286078305	
0.10724800677550826	0.13710424971955307	0.37208209150916594	0.720572379047827	0.9449336645185883	1.4865830915936091	2.0190788565068067	3.148238564728289	5.180096693602531	6.067976656375522	
0.09929071781127119	0.15011461628904696	0.47672454595977704	0.602388450188873	0.8528028669731351	1.3362848210690208	2.3178625405134423	2.7857436338397976	4.702762341658903	5.565709483410334	
0.08141230443547992	0.13529891674629607	0.38104628476778907	0.683710043609569	1.0149396353110374	1.3880022976575823	2.35902022001089	3.1340465554973074	3.8400697868643494	6.012652581379607	
0.08494066004993216	0.16187112461227593	0.41062344338226137	0.5472018036281842	0.9435405681347865	1.4494550404893762	2.337472127079957	2.8453528174552494	4.769769385605681	5.209938449396694	
0.10777188737672871	0.16594046101999718	0.3545555270416841	0.6731477319924923	0.7836149344392527	1.5872404326651084	2.4592680912049674	3.3623899380992475	4.4120133985367875	6.187451892059954	
0.09396241631268874	0.18936940018744117	0.3577118109634969	0.6790440701794391	0.8610658501795548	1.658343583969022	2.5826506450773614	3.3754470135812866	4.628995770855218	5.426052585129253	
0.08924332390431716	0.1544687190774844	0.43541131413288264	0.5671078506510582	1.1353374172548594	1.342749130632933	2.1993192672612434	3.325405351581188	4.454309531144017	4.773703490204262	
0.09380926899569104	0.15299458938454305	0.3763525663527519	0.638172159564167	1.0003857398152423	1.3956687800514158	1.9430774699521791	3.753203254249609	3.8900419512679565	5.642815665940711	
0.091500400760262	0.16119686432703162	0.4300468350302624	0.5895783974693433	0.9513692387111469	1.4913143704014482	2.537860881196605	2.673588631280717	4.834899854607118	6.225914848763702	
0.0962916047475418	0.15489340103580443	0.40815150108153686	0.6349897627489681	1.1307405563502158	1.4482298670544969	2.15578461440742	3.1910778946573233	4.74884047671565	5.980765043108431	
0.10013209145064768	0.15026744790009386	0.37488487435937645	0.5634796318708555	0.9688839080523128	1.3892381982026234	2.2819410931063953	3.2859994794015988	4.326041305651929	6.938898243021039	
0.09897687414453024	0.15934234521842708	0.35340064957230016	0.47846764013212917	0.8772690774060347	1.1243448349848295	2.0990744836338613	3.727310279725192	4.092621740065507	4.736373685443487	
