9	26
1	1	1	1	1	1	1	1	1	0	
0.09601607033040133	0.13398861917001065	0.33052248784231164	0.608590400431323	0.9812462119345169	1.7470118477781	2.6120501026037495	3.359965084576914	4.56308517205238	
0.11193323249225036	0.16497495455524155	0.3818155825621609	0.665571312813653	0.8961287281857513	1.2462840322373683	2.0166207060147374	2.877684619187419	4.851415685987531	
0.106726631790887	0.1793185626869442	0.42260445127028107	0.5850315344818382	0.8826631405573124	1.2048045133389493	2.0410279809578245	3.524148134576841	4.084292473637443	
0.10530608893081186	0.15242423513352557	0.41085842168556874	0.6552906811669239	0.942148804051244	1.3580594591583612	1.9655744909250439	3.0309912660603957	5.2357718303264855	
0.09860422208129543	0.1328475824804718	0.31918224065992173	0.5032417131070026	0.9253354188323968	1.5374350151737188	2.340219555254689	3.0286225881160154	4.1396709425563305	
0.09494602872039072	0.16552897971797922	0.35442392180451854	0.6015680006383082	1.0720721144464944	1.4240259953559307	1.8483712093038382	3.658868281274456	3.414016428453809	
0.10492349410943347	0.1411694969395629	0.3968799054488164	0.5295144794120068	0.8862016319516149	1.4872097684326522	2.5883096100631917	3.3230373777689666	4.696678863065449	
0.09880014927502626	0.14350807652865685	0.39862962660831364	0.6924019502735571	0.9347662102017181	1.3657421099172622	2.1319698984880517	3.244880742663324	3.8303035784892936	
0.11179908900315497	0.1454845405577269	0.431333315567407	0.5489294172501072	0.8648711246715869	1.168547950233549	2.213721720218389	2.969575869974656	4.735304190028162	
0.09331783206018918	0.14637634847670092	0.3991735136839543	0.5876891440095976	0.9065113057290579	1.5011567307677947	2.1750662259664164	2.82826595156052	4.77683287903567	
0.10569368014678078	0.13409683348474485	0.3377290703858309	0.6422620147806881	1.038218930434463	1.4953970588758485	2.1298892867115837	3.263367310258645	5.287871803919049	
0.11362703141799918	0.13900554464038767	0.3852301877414772	0.5313921222705993	1.0202742485911296	1.502648248149297	2.464482308740362	2.9902780488242824	4.423041337250593	
0.10961210571882879	0.14511829125192616	0.43434780599109507	0.5125719402444829	0.8148872098187824	1.547324040887798	1.8467948159112566	2.8656120849383435	4.194639450411286	
0.09777586390855525	0.1618968562851146	0.3804469520723289	0.5408273291560839	0.8932019620627412	1.6561659956058061	2.285445247845762	3.191790950369016	4.879052480341767	
0.0948388190885106	0.14557699958104603	0.3580834953775739	0.636579145990671	0.9548434714427951	1.3282336775275392	1.8502155774668387	3.080618363549946	4.332206294784923	
0.09856631287358324	0.15878196575005876	0.3812216365887237	0.6281868234448428	0.8584622758148538	1.1742536571771136	2.3223745151912976	3.1520552569040294	4.338083364926754	
0.10396496757641804	0.13572951960921456	0.39942243654857	0.663109354700526	0.8288320115668959	1.4865514104330262	2.1239259290341987	2.689373053701435	3.9633216428352798	
0.08731650020223979	0.14983774469080227	0.4168727323860729	0.5642718166810647	0.9132832451995785	1.504347637904689	2.101298053081778	3.1645797634168815	5.390758894886419	
0.11543710069943088	0.14569169779561997	0.39680872100133363	0.6158347372135528	1.110458138238357	1.6601821131928838	1.8732797006951383	3.140112044689255	5.1244029472321895	
0.12047408649517036	0.1678183820473865	0.36666122387092537	0.6139669506037605	0.8806765100294621	1.448215202246684	2.245530817863818	3.018118926360704	4.5554349079085075	
0.10289546157879233	0.17262348195099456	0.3474394735461528	0.6969221337556099	0.8035503369607399	1.5554927450949319	2.1532395500962687	2.7366842518912144	4.487692149802832	
0.08595852496262127	0.1349707755386334	0.39271539672559225	0.5599873809012986	0.8712521154807762	1.3093440877831657	1.9533483381266792	3.1430683932334125	4.00386168159744	
0.08396534613867002	0.16878143332517817	0.44043428724757927	0.5196448966970041	0.9069219920549971	1.4218973732081892	1.5882866140917977	2.9972147932114925	5.145066625438954	
0.10310551153599082	0.140047359424646	0.3917048632485436	0.5604137968812366	1.0313728637324673	1.47201883730912	1.7657491985333849	3.7093340642988313	4.089106228528156	
0.10345147079722557	0.1587034259100952	0.4371216313542281	0.6027984580413601	0.9509800667663791	1.6665533019712793	2.1456779824585293	3.3045105369284835	4.687882337297097	
0.09305259781165072	0.1443315745525747	0.3626879809708126	0.5954322946380541	1.1064133120397384	1.580644687602903	2.3449415867836816	3.4098034292492154	4.003658901035448	
