7	57
1	1	0	1	1	0	0	1	1	1	
0.10161370716946597	0.1722788435162724	0.5964501067695764	0.7926630229397912	3.257801346554636	4.90445833575093	6.475682755945231	
0.09514856912520607	0.12131471367219836	0.4739840252087577	1.054376638641492	3.146570674968145	4.0972091797161045	6.419809612771012	
0.08945857829738074	0.14433999133184489	0.5065976262939564	0.9235388759058772	2.9296791224646546	4.206188875491387	6.025502617376967	
0.09878405909135024	0.1407876014867027	0.633551048722304	0.8945283174548504	3.215515004063627	4.5301972454238095	6.801575196265123	
0.09651099795337549	0.1625488951005432	0.523448174723628	0.9709126629318919	2.6877702539867454	4.762173781567698	6.496721270322382	
0.08158585186448566	0.11686307690410673	0.5578694380020072	0.9752393582979165	3.176684685397324	4.517445931859537	6.809662551630256	
0.10093161889899892	0.14330080704101894	0.582406136115777	1.0294869601572638	4.004483977541757	5.544425161033239	7.655186650608298	
0.07949554569172285	0.14135457025520493	0.5890440830890851	1.0221655255163147	3.686227301794371	5.526163146991329	5.568692187241789	
0.10209940095994728	0.14808229872835185	0.6292989688251605	0.9114839870671815	3.333470721486868	4.181136387779429	5.627281768189732	
0.08971168099462734	0.1597834603782063	0.6280674638856683	0.9209433848055577	2.989083085104829	3.813543075065938	6.052461604207777	
0.09250085559511986	0.1647928872720272	0.5943295012280169	0.8858163820142338	3.9116800327119905	4.663230066976713	6.50682322905301	
0.09260827205087467	0.14444342196026236	0.5779744932250467	0.8949323719872802	3.290548463405315	5.225220913497178	5.780358653231803	
0.10365302631526484	0.13917702995420586	0.6031486174571904	1.0239629424695855	3.5266760439143217	4.555451050634494	6.612177875193343	
0.09340625515138784	0.12755909790982292	0.5463768973222006	1.0274218768768961	3.784262277620992	5.361350000164164	5.860702227879652	
0.11062484264341142	0.14643941361626422	0.6256071283444666	0.9534806109632735	3.53910581780564	5.567918295130568	4.960137517914386	
0.09162774429053286	0.15085728958215117	0.613780150499031	1.035407541245466	2.987746074563254	4.768360827328698	6.499530027916913	
0.0899695616124302	0.14873505844319784	0.49138401772018103	0.9734691113108856	2.616797798827123	4.484693378934336	5.051037609152987	
0.117461854093686	0.1596497568355863	0.5805348768492313	0.9686285989605896	3.067311156747162	5.279378199337075	6.273989847425623	
0.0962827465961903	0.14370210898522243	0.6699600881927265	0.9400676453388654	3.112584449846401	4.345714450687797	5.623396836978199	
0.0937964903778072	0.14916329747668322	0.7098941349479679	0.8525167989103548	3.5150372073362015	4.269747992822289	5.249140471051291	
0.11080219665035995	0.14589285393609527	0.6366164940516824	1.0646178039383472	2.8806476315157754	4.1832449642936185	6.602663578617839	
0.1014070710880906	0.16469416055852457	0.6583267795768551	0.8881339087319191	3.2796228687250863	4.76979807436812	6.08022181851686	
0.1007727833381076	0.121536344563055	0.5891074345690195	1.008270835821641	2.7013678305977393	4.546090997533637	5.498792841186158	
0.11185115998937996	0.15787667049933135	0.6712642680088163	0.8278955450489217	3.03643409362995	4.186957152117157	6.142477585857243	
0.09554605971463093	0.14846348003181115	0.5985523090827339	0.9835311012306159	2.871757513030309	5.013339057613308	5.94457981749434	
0.08928862887666028	0.13065370754387717	0.5592396718644839	0.8786373390081462	3.2524330053343773	4.033187023921791	5.558876610225075	
0.09719292490815484	0.15244597850807826	0.5038528838988255	1.0118788327807517	3.143789562273744	4.608840774269824	5.234615933522687	
0.11112410460496498	0.14431039368780876	0.5558129997179122	0.8174212461910453	3.082739046833384	4.32211616700126	5.991219950002458	
0.10027885760245442	0.15806915892226922	0.6118220341468696	0.82470232629007	2.9841767821878262	4.948109343407186	5.594922387035645	
0.08916516406082203	0.1405162678952495	0.5321826075767361	0.905607466026146	3.2824935517605276	4.5115648540038205	5.560045531109441	
0.08963510615858085	0.14567281259196319	0.6215061306360765	0.840387948651904	3.150463182840414	4.179745924566479	5.231282788286659	
0.09121546221917451	0.14509786630364446	0.6182415209444819	0.9129302437739272	3.3222347582736105	4.2144481218325245	5.515946669278746	
0.10225210801791383	0.15361632122675914	0.7022170488307279	1.1263861534112587	3.304545120422844	4.535333461686213	7.024079454490003	
0.09791156989139888	0.1811320698330414	0.5799565812387781	1.0153477052253341	3.044797782364653	4.140584072016547	5.6995787468292605	
0.10941586286440835	0.14049071150613557	0.723872771502967	0.8861658164127513	3.2825534784851222	4.648694275404002	6.584988241199914	
0.10559175216490915	0.16586164342773735	0.5456053673801938	0.9321015426884931	3.1699956732832195	4.228921689659476	6.175050442635694	
0.1058501887041615	0.14226822373671852	0.5667687186637506	0.8118167547414231	2.939177333431059	3.743250884100486	5.168181996231936	
0.10371982184221894	0.15222448756477028	0.6034109284643425	0.8585663888964796	3.109017853978332	4.896258379972293	6.42359144205105	
0.10255413901700763	0.1477308132111512	0.5889598225844671	0.9246137367306835	3.6790346199462776	4.01777842754361	6.02319387025905	
0.08868497141180423	0.16689987057600142	0.5986087883339836	1.0950166706773872	3.421334194892344	5.032079944274374	6.186595103268031	
0.10331498697191022	0.13523934991864037	0.6484905710497215	0.8684493710658203	3.561067577991329	5.187234769064432	6.28142077641676	
0.10789101734128433	0.1520906094091398	0.601148640324749	0.9810710223585039	3.322560271753308	4.9007392296608945	6.305441132890064	
0.10630894011844275	0.13449056003567927	0.6004049702445112	1.0326299561433765	3.545659522576296	4.229885171579007	6.143480693450624	
0.0934572402715624	0.12872396637647077	0.5919289347311171	1.0899284378304523	3.1085384677188723	4.443751758837298	6.142650672066878	
0.11507253818030681	0.14921464403846177	0.6700961707951103	0.9909284743447531	3.1795274865835905	4.73340380751281	6.584157771897445	
0.11192654171047865	0.14502517280598026	0.63247231970987	0.8455123150144747	3.432120471723784	4.859810655047136	5.8445542279606935	
0.10874050134825684	0.15460759373166796	0.5505847198462454	0.7681153099470454	3.619983667334392	4.414612293137654	5.097316939163048	
0.08835142171522316	0.1424679626187805	0.6564426102688211	0.9812935459719913	3.179767982110256	4.507866204897826	6.346481973203151	
0.09630009256673648	0.140332011926371	0.5299745908599546	0.994551871443505	3.06876910929732	4.953733061607044	5.685357217908386	
0.10595067198517294	0.1709733068368641	0.6841092869987532	1.0135892792344607	2.8272300377568484	4.325556861335915	6.169218019936634	
0.08944889025891122	0.13108974721621738	0.6210994791948908	0.8255447781670547	3.425964477165513	4.102968066697633	5.542350737092168	
0.11464199437992795	0.13324639477863454	0.633783012557086	0.8661570475628799	3.381158573440712	4.811062503790921	5.870566232782411	
0.1000870392790228	0.12315933437657367	0.513732057346025	0.9597974060114578	3.3541608766752296	4.572261678120975	5.425632270337903	
0.08706578384804645	0.13896935902993196	0.37694473073698753	1.0282640776387493	3.0577872165310844	4.061061702464135	6.378558507205041	
0.10861846672805141	0.15587058656057343	0.6138657191374229	1.0425850215113255	3.2351604231747766	3.6661451395210243	5.307809389832567	
0.10100651193337225	0.1480379232632235	0.5825107424635255	0.8661131302534396	2.832270828008475	3.9604026928895126	6.765076704276787	
0.10166046927856627	0.15332672093550576	0.652794374828077	1.0707149416260575	3.0502964968019977	4.655511279052181	5.848571752648065	
