5	33
1	0	0	0	1	0	1	1	0	1	
0.08480384420286599	0.9691479484376926	2.320361164618169	3.0561271905163325	5.646996899427832	
0.09935225165070467	0.8831161371064996	2.2561152814366023	3.35861356997039	6.331452285262327	
0.09626812853234674	0.9258842011922687	2.3847894431211873	3.2451586878332055	6.542864553481466	
0.10203694654973755	1.0278370092474216	2.1889130303916633	4.182531407796232	6.022985513138551	
0.11191549979444314	0.8770020702400859	1.928122309966676	2.8215043759798157	5.186263259522089	
0.0964721559948216	0.7654078300443828	2.0509803041188714	3.2630666518949862	6.140287534013254	
0.11062620623611602	0.8316866412478526	2.197596154397078	2.6406289646821106	6.167500839106155	
0.10030155169747348	0.7679775892636517	1.8920758961017647	3.2063494400402375	6.027337086700551	
0.0962507026605822	0.9244514264957076	2.2267294215946594	3.4743532104168433	6.336626619584733	
0.10961454036959646	0.8103509316926466	1.7577797037435825	3.148329556640214	7.274152318911318	
0.09376808282959193	0.9102814577124637	2.041215050037244	2.97716487077171	6.118052102538228	
0.0972482983296781	0.9214279327936623	2.0096137258822173	3.587055771147507	5.61440468979267	
0.11652869596444355	0.889098902871111	2.184547631365029	3.1437484898134143	6.532488789451554	
0.10802393278341871	0.9441760965105485	2.406268206249466	3.1900440050900634	5.611963343049724	
0.12022141417400414	0.8093551114945333	1.9109015247756858	3.8491377307331853	5.813482038845306	
0.11504129665245899	0.9085839130998312	2.0459922915643047	3.786448483045982	6.796851833581975	
0.09012625775451455	0.9051009111881111	2.203612062829766	3.5977381325466324	5.584773678094126	
0.08546770318766135	0.8551867617710041	1.9786567228649967	3.0483095515549556	5.957107350934111	
0.09946398274722525	1.0175863996367487	2.252012189545456	3.1630521954312214	6.057621220326796	
0.09233925999799453	0.9315774224212335	2.341529604218254	3.364394907239418	5.591801358150625	
0.10120328593787067	0.8349458951267129	1.9389106067916402	2.975935848617999	5.221852738454824	
0.09072223913146986	0.7644296470419771	2.2932146394379327	3.2703301828475	5.649740209968178	
0.10152518837829223	0.9530199474630059	2.2854388274953417	3.067914763460012	6.001855453370358	
0.10306039172936972	0.9376898623391154	2.1687586223485145	3.530674959519101	5.796791773679103	
0.0901158400849763	0.7861603224202246	1.9679371697329082	3.732093007280797	5.683791186505834	
0.0883235282186103	0.9262935486525943	2.07618981881665	3.1007677370450994	5.74201718259353	
0.08985004428846917	0.9142523371319794	2.0604723836807484	3.819194901642604	6.505776104821099	
0.11050777703087729	1.015866545441227	1.7188874596478547	3.565787190073752	6.199063101961108	
0.10113091217848338	1.0022916854062118	2.3164960223497486	3.2077317903631104	6.672840021379844	
0.09218651530957866	1.0585917077113993	2.4607978487090048	3.1884431413340875	5.902566097013853	
0.10142460474356348	1.115671193526252	2.0912428065579785	3.008139677575738	6.267327492803163	
0.10268264563226524	0.8938048922002056	2.2934472354765107	2.5920069681017597	5.772280631627205	
0.10947620423441425	1.0109715463636646	2.4107445526447355	3.516799380869517	6.419408140788498	
