4	46
0	0	0	1	0	1	0	0	1	1	
0.6583962350841982	1.447370950978659	4.48241455420416	6.30643370022878	
0.5331110980330129	1.2894705442960372	5.330486148784839	7.117457675911902	
0.6189766903817032	1.561107282114473	4.404223753857443	5.6829566608102375	
0.5919401999542794	1.5530655958216475	5.1892551485089164	5.72433777646449	
0.6370287490253358	1.477652388295227	5.112301141263251	5.222561146645594	
0.666236020816595	1.4977590898113748	4.524205329414118	6.5252215279767185	
0.6788359242686278	1.35002556453105	3.8392524120981575	5.999318311373099	
0.5429610619820041	1.525505760292232	4.00453122606943	6.774630714558575	
0.6245258789513324	1.4122886379786015	4.830046034659656	6.290298287534838	
0.6145206019579995	1.4502644407590355	4.249711516564591	5.475059232829564	
0.6129071022195042	1.5450510760551308	4.966973226604732	5.46616708694517	
0.5867026265232193	1.4801121443012966	4.7381438147852855	6.025886418523985	
0.5382562224022368	1.632785426833028	4.830850886797123	6.044653406851408	
0.6855736427539809	1.4284328063949856	5.203212696131052	6.808969234280732	
0.6416599546623293	1.5482895200823652	4.0873994554655715	5.620912044651213	
0.5643491292305994	1.5110096510417472	4.483416134482173	6.1453242587336145	
0.46130066070960557	1.4999068057103078	4.414521608611334	6.423017633299383	
0.6035746056721659	1.3784476146108309	4.831398796030591	6.8132661267301575	
0.5189222546871217	1.1735528087260536	4.384129386006702	6.1460030596313	
0.5671634937722138	1.5714970636484107	4.404129471143196	5.947311125913609	
0.7002102292661431	1.5217244831306054	4.584486156630108	7.04491513115353	
0.5930451251632448	1.4522406862797206	4.158236331989555	6.550296794330343	
0.5269361989402965	1.4279746666485367	5.1635679806461825	5.740805213674967	
0.5722230160422499	1.6815571550942678	4.581178055682072	5.717465792680752	
0.5496141760407774	1.300114803199697	4.973099515715651	5.5155875797406315	
0.6569024350665327	1.5527200341152798	4.66404269735227	6.933226742731973	
0.5942501455309954	1.4301190696027717	5.067240473860974	7.193449483552187	
0.6256480064437672	1.047928705879267	4.5079159948689735	5.81203416594956	
0.5965292590749688	1.4090536640866325	5.0345202036272525	5.813800968750316	
0.6582021321217465	1.4396902764721797	5.352832451454268	5.247166509886896	
0.5784291115751993	1.5778004110535624	4.3543329072584065	5.181473965632023	
0.6140500403839461	1.5004158665627982	5.804473798582906	5.1647870582285185	
0.5376212519021921	1.2974863380813428	5.072139867355519	6.2480665423950414	
0.600105124109941	1.4922188019546831	4.916591243161763	5.879799623782616	
0.5380766397320522	1.4551331496007749	4.241944364982999	6.317246748015876	
0.5651787263734328	1.7666264247462868	5.092145264664121	5.833162946408069	
0.6537798975100073	1.34788509894604	4.093762689949714	5.519364080138833	
0.5228397510938344	1.22971264478625	4.5925717561588195	5.4712594989275765	
0.5692184795316476	1.4107568180689485	5.275222549612728	5.815263603494416	
0.5520950676417394	1.3472673297536881	4.209711429457829	6.570156492394107	
0.6524392382465207	1.4348898876939493	4.953667038148634	6.346910365472894	
0.6655365841448068	1.5886407263663158	4.931272369105272	5.423428040257534	
0.5813120947428114	1.663413154164099	4.741015988861857	6.918734590609219	
0.6844274118087996	1.4929607345839426	4.331959856627486	5.839220830732407	
0.691709588892087	1.609440491089432	4.554682574889789	5.071641351538615	
0.5702276510858157	1.4205843448848838	3.6410334565375613	5.453308976039541	
