10	51
1	1	1	1	1	1	1	1	1	1	
0.09636013386200735	0.1495981089864554	0.3495938084775666	0.6074091408761281	0.8962798363638311	1.585243997896235	2.3281849395333327	3.332392545027177	4.700981450980456	7.453037086145055	
0.08653099942299128	0.16085459984268521	0.3939600292177126	0.6436433413546323	0.9012385507664169	1.567256289506949	1.9740175852508068	3.9411986859314956	4.646343447201047	5.267885607151523	
0.09688431725582276	0.1468011841823183	0.40586958565753384	0.6189888932321842	0.9653734168929025	1.4461725763145459	2.5366659498125563	3.136359376791963	4.242353794326358	6.910977412470322	
0.1288285779879957	0.14719392991408067	0.41751621288792284	0.6357536020815197	0.7867823550446825	1.422710553944071	2.1512777257459033	2.9080727066681233	4.911327378433506	6.557837293694362	
0.0996717903234782	0.16676367225305647	0.3579363273392006	0.5227198231902608	0.8882870053743005	1.3250979960750242	2.0768782993468724	3.530805863477988	4.048902140227684	5.688727038005143	
0.09093395612101766	0.1653617673194019	0.3194080151928044	0.6052190513856592	0.8647882298139898	1.5215747427204096	2.127141701059543	3.0036297596259067	3.8718205537448576	6.8785329814760185	
0.11247901146791113	0.14505515105764816	0.3542608062963737	0.5649465336805536	0.7925480144623319	1.5185768966759154	2.633563612921311	2.753511378746638	4.84600186491166	5.823545345109569	
0.09096552287758278	0.1601829233403391	0.38732152349232385	0.5216675802056523	1.0426410199737841	1.826988468632257	2.586770184142736	3.6487985746049856	4.466153167618269	5.345335195345141	
0.11333888562716465	0.13580858777782956	0.34548409184267054	0.5754045726480478	1.1168595730414344	1.6050017898110613	2.168856085539561	3.5960211232968526	3.8172848255585032	5.545098741189807	
0.08835638953677405	0.15463480408862357	0.3263497409437162	0.6229095880013656	0.8042750968485702	1.3315434930351344	2.537566276957078	3.589499115324827	4.292525842625135	5.058867603986615	
0.09608290335948505	0.15836937960567823	0.3252180369162071	0.6065717532787015	1.0159800036283704	1.300430065805116	2.03415780193655	3.2598692017734088	4.44894052925465	6.096353959522724	
0.10599181766370823	0.13607348759132432	0.41378097829263294	0.5937413263213799	0.943969406580849	1.300284983108539	2.3714068292535306	3.157351673775738	4.805647780027122	5.507619857848116	
0.09399781770928352	0.14446310226786563	0.3591639068768821	0.6205878283554743	0.8709112784874276	1.0530959867562646	1.9023276320035922	2.4913269264330813	4.5425921939873	6.840468694325098	
0.10678160050747781	0.14923551733624496	0.3756819771403339	0.5991613171691614	1.0313503939663726	1.2838427277137283	2.073846431020151	3.230843697427221	4.654813950526885	6.624160278766611	
0.0926290632673077	0.15304872946591905	0.46575740433994844	0.6399695795457434	0.8957153464061326	1.3264806829861604	2.7231387897368067	2.7544091627889995	4.605106517606415	6.385205927701483	
0.09396182996949354	0.16778179883528996	0.376310803316383	0.5561040118147211	0.8012068592311593	1.3670004334025516	1.6244551684656747	3.3670557101259178	4.8141551012670645	6.081111852590041	
0.1113345297209011	0.16603105488174807	0.3929354382829653	0.6293249396854281	1.0059900984413777	1.3892883583895084	1.6803724279814265	3.092764192939158	5.189108343315486	6.0435663782598095	
0.11341270112742022	0.16172999720366224	0.39835749254478553	0.49158509660875793	1.0440010360231955	1.324562166019838	1.8690607363187468	3.1858437795956593	4.043364590340821	6.4283867137834445	
0.09337329143177629	0.15004798439216954	0.44676356634401565	0.7135910550945006	0.9685763126466668	1.2318836624564942	2.1386016076081082	3.006676497767201	4.164588570123817	6.135431989517553	
0.10031628304153933	0.14869120388675913	0.37180878636493037	0.5895228847836287	0.8809892241890528	1.4582525679268945	2.38585610603985	3.8783568118993945	4.900319805428312	5.992479765836166	
0.11287557137646409	0.13814824318649957	0.3719125883957635	0.6695178729197516	0.8093745256777214	1.3503849177781033	2.274466186579498	3.09411228529487	4.434036485731617	4.889003907418573	
0.0975073123316129	0.1295683380104678	0.32985271576954583	0.543704132258595	0.9868186706770544	1.270540336861479	1.8031108470188517	2.990200394955537	4.530144414525923	6.520216767270465	
0.08784578705140607	0.17711584933618035	0.43723701167685963	0.5152690649038012	0.7664033899502497	1.3855154865929376	1.8326676417378986	3.2541642323384314	3.6267438977619952	5.045256926609227	
0.0919839781917171	0.16457374367329586	0.3544548865933355	0.5126512830693849	0.9165944258943172	1.2935078706606484	1.724740944069864	3.060276695116814	4.5404776557388	6.269616316388797	
0.11460800865154429	0.14314244566253415	0.3712089656530062	0.5967669867423085	0.8835574381151613	1.4719837218386465	2.236934901662454	3.631043317456096	5.531212209949111	5.842636598315951	
0.0998506226490562	0.13641138636611494	0.38228888540116085	0.5976305125069216	1.0527502330134242	1.3888971335749833	2.1726397295360402	3.27206039359596	5.0569520653352305	6.088585177149067	
0.09480188804365713	0.1615458981658116	0.3278517966661278	0.5667543782946327	0.9527151561708027	1.264186405067761	2.15865251602843	3.469043945395712	5.586161171655465	5.7650569472990725	
0.11383341858092902	0.15609277376415776	0.3783247727945748	0.5952465066891601	0.8221979530050009	1.4009244421127318	1.8732277599014941	3.6830959221795383	4.137497026867086	4.8345941848167335	
0.10665959177252836	0.14775280271847627	0.36818133051188173	0.6417586874409176	0.8904878896975926	1.6271616519645131	2.5948583836799632	3.3332571281926597	5.194417472028426	6.125287551850215	
0.10873920344936705	0.15832680197352528	0.44353313179932663	0.44636739237069706	0.9278983702190721	1.487485407466877	2.136593572513967	2.6560446717902817	4.417518427138659	6.117088448527213	
0.11412727521531339	0.142379830865232	0.40583768404898846	0.6144434106868065	0.8798701514780194	1.6314664767157814	2.1915584806445834	3.0130509150186677	4.650453713431821	5.073416428997504	
0.10025853456686735	0.15744624794267295	0.23025756450260546	0.628756574284557	0.9385609821797252	1.5921259401169916	1.8089167038129859	3.416729150644045	4.1986098770782885	6.187650775036571	
0.09424012524275331	0.1321870045956006	0.3539532986663119	0.4404642810658904	0.9365840050784782	1.3469559098818793	2.261147332649898	3.111344435727388	4.522996207268994	7.803040008020443	
0.09462604396456806	0.15513354926080233	0.4073740620362542	0.7509722082648329	0.8591473724304227	1.5063367171251916	1.7253299207042798	3.4303890131764487	5.153209180957587	6.132270585996016	
0.11216314457542537	0.1409883631771208	0.36782582891006427	0.5476267139203979	0.9823832604253594	1.4307628014343516	2.164526755964173	3.062810065451217	4.776661279468587	6.184483653576436	
0.0941595215616655	0.14019790348889846	0.35773348654086917	0.6301008333219373	0.9090059878618288	1.4165537254722869	1.8876648911719538	3.078852202530134	4.602201891703261	6.803441476751422	
0.08703443198461372	0.14079797895372728	0.3680104855697177	0.6278232491976421	0.9278752350907907	1.5241181489505633	2.1284277689052367	3.7217596855496073	4.587606882573093	5.731440512785421	
0.10960593374249442	0.13771442161552902	0.4261091966316216	0.6565414611142898	0.9088637547949275	1.4901867694025999	2.2791230452431233	3.6815524811868947	4.517786380228165	6.525964451724992	
0.09443722630318457	0.13033389532672215	0.36885904914997003	0.7325760442463501	0.8783409393061851	1.563583894085045	2.344199026146518	3.6065885818276304	4.640807630937083	6.332831312774537	
0.09650925294322246	0.15448193466205523	0.3515049251729597	0.5760516005007901	0.8382104303141011	1.726149734232084	1.977095709316903	3.3562159188231337	5.216045190899857	5.461396648061256	
0.0777938158998317	0.14332192451653264	0.44746214823488223	0.5920063930884609	0.6646447836860722	1.471877299924138	2.4618663628817488	3.3557383386256023	4.599876526942451	5.442176972113606	
0.1045364905477738	0.14563993435431255	0.41399039265208515	0.5057230301602567	0.6936060782911817	1.2706924464270486	2.3513093657526842	2.891584003928357	4.406065504651291	5.380494164486715	
0.08739226114676135	0.1421421133656913	0.39740847927473566	0.6507102741950732	1.1675402049465482	1.4641908572354774	2.378446917213201	3.460908792720593	4.94008870983709	6.066895051271103	
0.10343140770034545	0.1528029558687638	0.4239592779432545	0.5226749324300525	1.0900297762020545	1.552008309216251	2.455089089639783	3.4247627862492322	4.668027644422578	5.183260487477849	
0.08711757447518857	0.1511603518246159	0.3459569828119514	0.5912396086483106	1.1237952559870743	1.3431213874038153	1.762998763227788	2.269669147850147	4.073158679761648	5.189684211595027	
0.11435635369406567	0.14226350233242846	0.3381864796830468	0.612450634533305	0.8955392605534803	1.629957832895459	2.303043300254495	3.154131262688529	4.099510250828821	6.988158879866325	
0.11460471184054988	0.1313248328281	0.3967851080521512	0.5308477992887448	1.0908875688893438	1.338837429143876	2.2411708464788194	3.3188550139450497	3.974513580226686	5.956781191630281	
0.11316838921595813	0.137412232500171	0.4751827555380507	0.5990357641905184	1.0497495627129092	1.0213670492508804	2.378382985189349	3.2082763809448474	5.165688473736353	5.676870215312466	
0.11404718401853686	0.17134593973704307	0.3506075998671753	0.6287547550004474	0.9445809053654383	1.3298888540001061	1.9990778799202735	2.8630445249069782	4.922218585534047	7.129895865954675	
0.09803430012793486	0.13544644366869077	0.4204530015814834	0.5820659632037001	0.914247982740141	1.288159561948946	2.1176136429070254	3.716742401464358	4.766654630534774	6.35039326281648	
0.09547190615688202	0.14954625388411066	0.3709878293505695	0.7239861641947529	0.9371474719236988	1.4284302461054958	2.2575660236447765	3.2930408095902606	4.936849611552695	6.036613146560612	
