7	73
0	1	1	0	1	0	1	1	1	1	
0.1250860058443622	0.35432880996734073	0.8505413469372298	1.9285752373069023	3.2992969485776493	5.118178476020414	6.1875940435024805	
0.1410283031992205	0.4571274509042852	0.8176390870286465	1.896924102839739	2.8792892045955845	4.264766880088488	6.623491898327262	
0.17601257634420134	0.4435525835857778	0.9155353806049787	2.1889068772221285	4.029668176927483	4.314460695797574	6.6144200749129265	
0.16113245548885882	0.38748114557466956	0.9337958566629029	2.166924230830393	3.428702303421324	5.205182325429382	5.490724291576182	
0.1499043396991038	0.4373381372885923	0.8515701750033242	1.5783071235507458	2.9131022479355537	4.4786819144624195	5.569198344170525	
0.15423573833416124	0.3770906103396645	0.9682771373051869	2.135784616323631	3.2380955776474205	4.056243055791241	6.499250378918329	
0.15692065139360098	0.42441262339072633	0.9034952515549857	2.1083175885965333	2.8642104494142178	4.779981581872107	6.460410700500291	
0.14714927537352618	0.3444654548732941	0.9267257627615146	1.9905854100285154	3.2804281818963665	5.125641331116743	7.210501774502081	
0.1235284596169444	0.4202349210263606	0.8171414560047154	2.0043875414541295	3.6927395161912546	4.704742143113071	5.862776029235624	
0.14158186465714648	0.35298857016971136	1.1048273844842844	2.1162167024746457	3.5241079362663075	3.1742351297905906	5.9682414351767825	
0.15494143206381655	0.39905027408445504	1.0070398608291307	1.755912158864222	3.042189748844746	4.583158613164256	5.235927396751823	
0.1505104867174986	0.3677641816089518	1.0383768710950465	2.455440582227766	3.4343020926231786	5.054992446005114	5.711315397497792	
0.1653717445894163	0.40418969772077346	1.0701183382822914	2.381796963332719	2.5753234000796206	4.88658550642973	6.685136653826309	
0.1504891995523768	0.3520183267037229	0.8734683253238203	1.8883434958428558	3.560920015724615	4.935879617181686	6.2922695865940215	
0.1664202723736197	0.4216652577345345	0.8387132163169461	2.058734050667302	3.6993983408527216	4.209729837275421	5.9956721676295786	
0.1709746676707649	0.39429194305729054	1.0081861216168917	2.3417204035023467	3.1682854178908664	4.692739190508165	5.6035932490604505	
0.13911303487809995	0.37452578445540496	0.8831863571457035	2.2559446378964183	3.1597373554570582	4.102962414810273	7.164511717895396	
0.1542339732505027	0.4375677368364355	0.9100760761590097	1.988421535870645	2.9646524607030873	4.613948942325557	5.745777646825594	
0.1578670644224257	0.35569293247157624	0.9450952744874038	1.9548450009344667	3.2740921262123073	4.9520792594772125	6.668262793384258	
0.15482966780505483	0.3420416635051297	0.8592746743478135	1.8864655082857924	3.0785966163970757	4.429865337192914	5.56209449333215	
0.15415910483365858	0.3548443887105946	0.971236355391174	2.239164141153502	3.2661012958422266	4.985251010412648	6.114149723180609	
0.1459580478086276	0.3847295508447884	1.0454195313752166	2.036824945892285	2.534250748692318	5.457194129398322	6.20020365523584	
0.13811393634981098	0.38491635930078677	0.8981126659393914	1.8237954976876163	3.30583159000276	4.188332122167984	5.692086075246243	
0.14652199662205717	0.35943454010811043	0.9661776495364921	2.066171667556134	3.7474860747320746	3.858640224018208	6.223423662382465	
0.1301850851628246	0.3892589486002813	0.9351054259500176	2.1217867283361223	3.395673939996744	3.65936993574633	6.909385904397167	
0.15180119129034128	0.3949986920622278	0.8713813987485197	2.374254708672095	3.6262140662310474	3.9689907834086213	6.467201436472184	
0.1322615005052376	0.42447344497058515	0.8933042998641143	1.9411881083521925	3.11672133066828	5.120209713247444	6.494848861383977	
0.16831982929963044	0.32760469506006135	0.999091568474898	2.0682521188778558	3.1822129577898965	5.147862171196856	6.013599290367745	
0.16430035728562464	0.34579115284423023	1.069381413502349	2.0220006843006573	3.212775200237685	4.76906289144886	6.160416099633332	
0.12853165620480597	0.3967579949990492	0.7289624095009364	2.2271477112836915	3.345131509221996	5.0056825214410035	5.85709867681798	
0.1626199457684481	0.33951135275019456	1.0495632556197156	2.2340442836193164	2.736265001449865	5.179871487172789	5.942905976211975	
0.14920940400018426	0.39336597032044796	0.8323817556040144	2.494390600824364	2.9023250042316957	4.60432562281515	5.953439797036173	
0.1675782349033799	0.3280376832677395	0.8524862485688446	2.4649833268671424	2.941388432600325	4.709537876445217	5.802801998227585	
0.1512009232981659	0.41790938925432064	1.0508898735630465	2.3220817897771435	3.3609976374259705	4.381185530671681	6.118976158672495	
0.16039608414641332	0.34523652636637664	0.8491084787005729	2.310571700643688	3.139541018320003	4.285919154228019	4.990243246454952	
0.14963833594222878	0.4076095531295277	1.0318797491620468	2.496895337351381	3.3616997577862353	5.094779345218306	5.883995572685574	
0.12401028487572653	0.37015057534034634	0.9019753249639477	2.2036039505153595	3.2128488942994253	4.46628983255336	6.520181012638061	
0.1427812361194241	0.33434244362267584	0.9831290396304209	2.0334589132400773	3.220327054861196	4.866513948208318	6.634177065754912	
0.1694934430632349	0.36415254930193924	1.046855588569429	2.3616349564149743	4.016977149490094	4.166472499418658	5.8065984349358635	
0.1410187653924325	0.3884605118567751	0.9144931025057975	2.381109320547247	3.1002953515626204	4.447784277804865	5.0462718120662196	
0.19080720692236236	0.34996788642504173	0.9881546541997741	2.117071502725345	3.1233827014825732	4.186985207881158	6.129566768629363	
0.15169830801196962	0.4329046480762256	1.0432447150252868	1.9901059780342805	3.033047855142637	4.40002415651732	6.335368018948038	
0.12753928017606755	0.3886327787091325	0.9360677955203303	2.1185006939913573	4.011545772046639	3.917899416440767	5.447155732668454	
0.13988924488585028	0.3632802640748168	0.9005186234214128	2.526225034287883	3.7370168212325727	4.241546804564804	6.227599134546935	
0.13329206906367919	0.33585162413756914	0.7930596146579415	2.163401258380621	3.0931825142543916	4.643171842611576	5.7983812660700105	
0.15505746219662342	0.3793097193039619	0.9941080574404553	2.2405646584312047	2.840156212629985	4.283243583986263	5.250571376405619	
0.16237096520259495	0.33194827983042025	1.0709555300569014	2.152922701250056	3.2921766987814856	4.712477243804113	6.645709938755402	
0.15199108918751544	0.41565659962771595	0.9765051842915896	2.1521292087170907	3.6749572527261662	4.287016087059665	6.8218040187762865	
0.13160021672836325	0.43486757635244566	0.9452148126059751	2.3895403730515254	3.4024630998789283	4.486936218495749	6.146418457785223	
0.15757263132287055	0.3180680728909373	1.0049677220704294	1.9704212714499558	3.040310590183283	3.8333140681428284	5.536617132417655	
0.1316070557366341	0.34719313483177366	0.8621414412957921	2.2147972137399328	3.1032744046955534	5.500264958039043	6.077962904526963	
0.13429382517371674	0.37269533608316907	0.9725089457578774	2.120973165421448	2.99644183958741	2.887977507492834	6.194948611743419	
0.14385350604120917	0.35862734019947223	0.9406359878318884	2.2479177109659214	2.9918975335847176	4.575498058882136	4.827161091736177	
0.1469615900979379	0.41990543454748047	0.8513602886122585	1.7468690153820452	3.4384635184577643	4.1785536935724314	6.275685075980315	
0.13498731927389507	0.45307139451438533	0.9348803738245532	1.8937374333714214	3.366784210030882	4.086490009821207	6.135562870740102	
0.15378916256302652	0.4148421373892612	1.0603051318402201	1.9738976673182036	3.4135659012314155	4.863470085515715	6.104636007776499	
0.15160465025082795	0.399558704627312	0.9142421317846782	1.8232219613378422	2.853724953923347	4.958298101436073	6.029405799097043	
0.13333674358574704	0.41507112732360146	0.9448729886232528	1.6195243966642032	3.510550908718071	3.887328262107503	7.113616438512	
0.12102914763664813	0.37315627415760216	0.8252499960902367	1.9645927341227367	2.8605615086402127	5.242101692011251	5.801715460936869	
0.13726871890737508	0.3370387901867534	1.121186696215723	1.9568471159900032	3.396670810904042	4.872996890829825	6.181013347094976	
0.1495074672170808	0.3777681221896934	0.9591648611343595	2.5148962123952705	3.3830278655583337	4.173440785295284	5.199443246898879	
0.16379394543789744	0.3717622212377342	1.010931244713948	2.25644718675181	3.833045393185815	4.196985370491466	5.610268221441417	
0.15999044244030777	0.38022123988546463	1.036590486174249	2.0718734914869708	3.012110011006659	4.805937576270004	5.4132655341854825	
0.1406180749164475	0.3285303605874441	0.9278637028895348	2.010718954624306	3.046124217108831	3.1760310400131377	4.68537627899593	
0.15346959166517415	0.42512935974334115	0.7827216565506258	2.3432687591962162	2.955245673664823	4.940024131043197	5.813240913996615	
0.15604920495868052	0.34541187052821143	0.988500396392709	1.911892152868379	3.283704500996006	4.734714796503775	5.471939144432839	
0.12471552052352197	0.4416453449700706	1.0940510971692579	1.8398971568339786	3.62654447712981	4.933993220872974	6.266706152515552	
0.1655810785622948	0.36226704849912916	0.9809785556688464	2.388311316479486	3.4785202598997302	4.67006009414554	5.448517333704043	
0.15377033780633814	0.3439881169488163	0.9257696116081401	2.0209834495876944	3.1964313363226644	4.32643398331809	7.137828411803929	
0.1429581748696724	0.37881945170156267	0.802870472524482	2.1007494425129734	3.260911042373722	4.144552727923981	6.690094012709759	
0.15796545264329712	0.38259741971823175	0.8341191987595314	2.250524693436031	3.597175127066708	5.050992838446248	6.559648399973034	
0.15071104857128814	0.38601208428337896	0.9032234380643521	2.1081200676620018	2.9457140628208047	4.308214754367	5.690794110574801	
0.15246537462142137	0.4313689091522769	0.7816298089343493	2.2393770035322467	3.6543685187356054	4.370385360783792	7.086664849973638	
