8	53
0	1	1	1	1	0	1	1	1	1	
0.16226293747292167	0.4032060685573009	0.5811677811072324	0.9890554163186076	2.5690269536649675	3.1635710854316637	4.661604546029016	6.816143579881907	
0.1792541395535218	0.3853132317658184	0.6508929481307059	0.9063628861028408	2.219749282251756	3.1709847582990722	5.02871811451428	7.005813851354336	
0.13190523688813083	0.37601084642225374	0.5675332252068607	0.90033991009756	2.097989381608038	2.9679077942265835	4.625680709600834	5.300812555858403	
0.16324233417038778	0.3911643609798918	0.5363306723978507	0.8263940071626374	2.318127079174281	3.0212671912800033	5.196301780418702	4.725932331456419	
0.13421797837699964	0.3653930030023182	0.5981241329377774	0.9917003690842677	2.106588559035622	3.145606957620261	4.19713302025129	5.525253617337068	
0.13930635742489816	0.37704315603105776	0.4892253688626319	0.9799103476982457	2.1649162594694116	3.211847071401362	5.012001281485939	6.3569560989568865	
0.15191431068470126	0.4048364398970004	0.5626421907912856	0.9851902337983397	2.3265090788706386	2.4546973926531	5.2964652495831	6.200456585681026	
0.15915908800701348	0.4211543659617777	0.5917935647420532	0.8912925086173041	2.2144496979315584	4.14679550101637	4.454744432480751	5.615568277947623	
0.1701316380951715	0.30069477525705407	0.5934413524705809	0.8708673016894849	2.2852116009497294	3.294273849516261	4.004911117774793	6.38828991548335	
0.1376908199013278	0.3781986622921565	0.5743714251381582	1.005755836815034	2.0513504903224278	2.2453793658885433	3.9981450323471814	6.0379059923009315	
0.14010587771812114	0.425302818496523	0.5387492664564607	0.9836335537361326	2.3237017967251976	3.307251271528667	4.684054391036434	5.919105837473038	
0.1541329138525809	0.3615291869331949	0.6135782585067366	0.9032347782735923	2.0880643066807902	3.033853202576056	4.402382339475443	6.905260437321678	
0.14637952236331342	0.4157203007444112	0.6314301855292318	0.9529665905031928	2.2114656922514024	3.256844538659086	4.2380824837506585	7.030838571932026	
0.1658695367594645	0.3816377851690323	0.6041466800570774	0.9826256456603206	1.9225117510665768	2.995596110948669	3.655411341731761	5.873091195484088	
0.1678728934151963	0.3692833772925003	0.7314468041701304	0.8894877516197156	2.1882667624203007	3.159546545805488	3.4924509744100503	5.834842244968245	
0.1373814566906862	0.3889142457006946	0.6765493400137674	0.897186200777024	2.229844488494655	3.180649638995452	4.903842454856674	7.368381196285359	
0.1722744563459439	0.35658230118010176	0.6828603802021904	0.9579211893135336	2.4148304491232078	2.916443842734346	4.460101780573351	6.107188152109631	
0.14919127070098412	0.39101415885760266	0.5934055633223341	0.8968526050523994	2.0516721561615183	2.983921504353867	4.638749816847894	5.91449231413135	
0.14190680562879274	0.32304646823659866	0.6323121687200961	0.9928370507510148	1.9484117847709053	3.2834837741298775	4.2546857738353285	6.430970402228086	
0.1425645100310484	0.3613227260608777	0.6078608244979269	0.8909332495209943	2.0449517639570916	3.0502116487110045	4.300968264306318	5.775035290616593	
0.1501930215300575	0.3738457141115177	0.6296743018917047	0.8227295665143849	2.5991784743113104	3.257197532562153	4.937090032947188	6.289771718074989	
0.1518101404679755	0.3971450726566128	0.6203778007665257	0.913660693375863	2.6646541045909573	3.612291080617738	3.782591417550355	6.630547597525142	
0.1510622229951452	0.44219227765197106	0.580419242203617	0.7127908334838917	2.0744869606518153	2.7293242352874882	4.1936731046881235	5.657543908315425	
0.15566531914760615	0.3896844716423322	0.6384029871523808	0.9815810999731668	2.5673899799774174	3.2505183348103994	4.731390346082005	6.530778401896656	
0.14031202195431078	0.3319628449050554	0.6221049052332736	0.8928443261464322	2.317746402746062	3.4886676724161747	4.945098877439133	5.5284868285619435	
0.14138338489363494	0.3840654565151149	0.5893110872749633	0.9724617536440223	2.442433226394705	3.2175868657821582	3.8899963562946644	4.827896939164893	
0.13061960761141633	0.32965155554761005	0.6400338568718914	0.9255408726856638	2.166070372388672	3.4845338164925583	5.113316354651907	5.883132246762578	
0.16114104921121164	0.3933832095249512	0.506558994208413	0.7919580552123054	2.0769396754571035	3.313996118149584	4.7162618974257615	5.881394049378227	
0.12455681085285958	0.3660223604166618	0.489745617675333	0.9109650588727096	2.270506651145789	3.3893782702140403	4.273988357344486	6.242707010578247	
0.13320288822801546	0.35561013752855003	0.500594486816257	0.8805846355297473	1.9833066910005532	3.11712035383447	4.3777182965705475	6.149619374840581	
0.12054641626089092	0.34732286713355354	0.6587047911292301	1.0225934091989068	2.1619786117662407	3.275108593179622	3.9927380230761917	5.775955937369712	
0.16233169414170023	0.3327088574868457	0.6086809708393935	0.981792226523443	2.1601833591610995	3.201633980333923	4.428403719657458	6.300347022315701	
0.15291891938694213	0.3987901317461497	0.577989562797396	0.90016691722581	2.268016249787801	2.9601408323362683	3.992090247054371	7.363694308391953	
0.15634067753218453	0.37066563491185595	0.5583220621076326	0.8445428297496429	2.1396463273678457	3.218995476939959	4.697446531966688	5.220470415491944	
0.13112309078910772	0.3898808859371953	0.6231897512751932	1.0140410484015976	2.5072500749759477	3.1624644833230686	4.801901353157218	5.375628658649758	
0.11121644827017042	0.3427899492626415	0.5712507224563876	1.1300057629702709	1.7924518028840197	3.490847682654131	4.233811634844977	6.298597970815401	
0.15063458827963191	0.34524027460040835	0.661468118286735	0.9717326174641968	2.1468596411568663	3.345468445793472	4.3089688803399495	4.840281710364766	
0.15168158602152335	0.46461231248479096	0.6507171403467039	0.9572633892493594	2.232868605199478	3.249614870496698	3.4917964652436115	5.369059160501461	
0.14904705568778645	0.4150878274326746	0.709844291369019	0.829912774970014	2.2911413401312233	2.5251927672755174	4.350863129774568	5.983141202283027	
0.17527930692322596	0.3489860856889874	0.5791145682970975	1.0222890933229136	1.9923083180553989	3.0780081657720184	3.851344791006196	6.3739784054283195	
0.12850521923535826	0.4199897735491154	0.5251083467093591	0.8595679615519931	1.8979316000890651	3.1580523641549987	4.984471396724916	5.580888983858711	
0.1352921951632646	0.3793290604579734	0.5960202765646493	0.993087378940037	1.8672489162338717	3.3273422523744673	5.057943799026532	5.391048819319295	
0.15285858840423652	0.3413515917873981	0.6657155304747377	1.0873757005526368	1.8939924866940347	3.344771241861367	4.6607185308280314	6.080103093329861	
0.14660457846803326	0.35829051940174605	0.5060635569228269	0.914908250666025	2.335792079656995	3.608673110188053	4.580840333478695	5.406892134708798	
0.1307923846140742	0.3565091142207389	0.48539398422294916	0.6953651076373101	1.860801377264741	3.3513696052627795	3.762682704470584	6.197343404347809	
0.13759601297567164	0.42570588303692997	0.5639503095064773	0.8870436312894683	1.9886821583081737	3.012935132313962	4.539557736857772	6.172114304185222	
0.14931422975443703	0.3316204579491216	0.6244047783358447	0.8174762394226046	1.9161090672210181	3.0658001058394673	4.848810388132675	5.316825833228814	
0.1555128323815507	0.2823967772664487	0.6303321044635503	1.0272045777680352	2.2806652050226206	3.2336496958691976	4.186953568675227	5.435262122418703	
0.13730640885441867	0.35715358258959595	0.6560983558792884	0.9187685330023381	2.318525890833973	4.239057013005016	5.243699769776634	5.990657078672441	
0.14160268444961863	0.41166462005201054	0.649905159623716	0.9800235366857156	2.467163138676033	2.943065445528713	4.628870023067402	5.977809687709394	
0.1602322168013415	0.36248723906370567	0.622096228122161	0.7637169280747275	2.145757079787007	3.806379992054226	4.266237021594202	5.938956965680455	
0.16604118006221324	0.3978971092284657	0.49731096932446817	0.9169407074098617	2.232412036987521	3.6942424365732873	5.030632611015229	5.961444644850201	
0.15953021911150722	0.37702717325667817	0.5698046484124323	1.0319174885451672	2.37119143383785	3.3374526605054164	4.206046438442996	5.983935178585991	
