3	33
1	0	1	0	0	0	0	0	0	1	
0.08647314233871772	0.37811706120644	6.526175414020409	
0.10750313890187496	0.370128040268986	6.231345605025245	
0.0869958434955604	0.3236741377029494	7.007154233166409	
0.11089846700216313	0.41867883431339764	5.262816453092006	
0.08962424071665344	0.38892678098414146	6.193102253575443	
0.08448956576157363	0.4121018808719326	5.892594423616942	
0.10722582411524995	0.4115323966613534	6.684362200845008	
0.11408614804091516	0.37232423661193753	6.672884733310644	
0.08690842338086592	0.42533292545330403	5.607690321288478	
0.10026355298212367	0.41533108129980795	7.041229251101474	
0.10752830493687185	0.448947580146839	5.95515465802395	
0.1200730911159986	0.33890638920024013	6.957445134719659	
0.0986867540483491	0.37728061834813476	5.752863101295777	
0.10281813879665752	0.32099822215162593	6.817301038034511	
0.10177453014750365	0.34369334407328195	5.87209160932819	
0.11394357271568101	0.40718427073569297	7.136174295062191	
0.10919368047722029	0.3985317875641281	6.46995712765331	
0.10127794714418879	0.2889891343932657	6.160013119609293	
0.1004744854778341	0.3592949851079474	6.3466096880905045	
0.09693722485371653	0.3915086977462072	4.914696505574066	
0.11704673723446464	0.4492863637364677	7.319838074017917	
0.1021070882633009	0.368424599189319	5.800929380978375	
0.09156516526423036	0.4396890558533563	6.1925771992837415	
0.11799976709736665	0.3362072979292624	6.754367505612462	
0.10475304865406165	0.407653354971656	5.508011169984929	
0.09647745615340915	0.378183960634527	5.317751441344303	
0.09016254808543206	0.34920365967061895	6.596753785784772	
0.09707893265200118	0.3980022108381311	6.923368252104049	
0.11287038120383067	0.39036770069429116	7.0719019128044405	
0.08498340385242974	0.367852371535503	6.243890607596747	
0.1387874317901374	0.3813598866826365	5.825355089145706	
0.11594870085332698	0.41309005833298706	5.646452421703831	
0.10778979035371611	0.3446432827047525	5.960783512886544	
