6	72
1	1	0	0	1	1	1	0	0	1	
0.09989586166791913	0.1809157618768433	0.9991571319733817	1.4261663499780557	2.0091623273413073	5.670670357684269	
0.10609978725254715	0.12516037444563322	0.9631848192368678	1.4149866226611052	2.1448537924506126	5.655632125756457	
0.09399759437504002	0.12908267269909168	1.014158225923142	1.3760830896448566	1.6531295400555972	6.374829659723623	
0.09464295255272206	0.12667052598669234	0.9343551544307181	1.2742531091620861	2.0799163233113918	5.298730835337471	
0.08163763747003389	0.1497556505874312	0.9462396826179229	1.4652832234421964	2.32616669216271	6.032655159219887	
0.10533545057490962	0.15011728260778132	1.0245260570655481	1.4422165413917796	1.76093135286927	5.74528399163012	
0.09619470298279778	0.131432580185554	0.9082733167749599	1.56739857053925	2.3205527817844316	5.33063368345136	
0.09205759413821152	0.1425644607047995	0.839988115651234	1.4258318758292634	1.9648691985220244	5.3309785402277825	
0.09471829299009722	0.1396777481892103	0.8498622471610198	1.212045989678466	2.0146421897122533	6.215531525064313	
0.08522776551155976	0.145259828610331	0.8003205797106149	1.224631976291881	1.9487533224362152	6.543788930876172	
0.0978081374311089	0.13562535215221294	0.8477105823561479	1.639118392379284	1.8340075195962489	6.527115771901441	
0.10791872222739161	0.13052697615499667	1.033069718153702	1.6524805052645382	2.3226710338976337	6.644206496939136	
0.09134667976921172	0.14165715093861014	1.1015426789938034	1.4329552304586584	2.306719416117387	5.737860188120133	
0.11797429976889483	0.10226951103221536	0.9791961131737297	1.6235040539528585	2.2500491233069106	5.283894620692257	
0.09325043632247901	0.1709645356238219	1.0102194978550136	1.223221142893126	2.454570571190165	5.443404831473735	
0.08981476349526164	0.14459001585259257	0.9187674693548697	1.4868131562409435	2.080767401951375	6.05919811460779	
0.10654333282342275	0.13901646588679428	0.9837610085506239	1.3411974325621485	2.328009901449439	6.086541949207589	
0.1114318195802468	0.14189486339072419	0.958951080153049	1.486090157422073	2.2908642592207906	5.350484675508178	
0.10773689984842166	0.18121364615859714	0.9755750038749713	1.2553205473809594	2.0932011122614975	6.140022592399873	
0.08975433046090957	0.1336442103108694	0.8706112851154547	1.2248172498594676	2.491166077344587	6.354608587323857	
0.11257124785638312	0.16408676520933915	0.9295536875354333	1.4138986818732204	2.1592184641290104	4.886862754698239	
0.10174439824605096	0.1490684988994403	0.9268833721284715	1.3276776187659844	2.0905874314003143	6.484744326471015	
0.11308165382769815	0.13691898851559117	0.8844354899581255	1.4090387784386653	2.134975611530105	5.49142736892364	
0.09310360180799859	0.16607747936858128	0.8804373721709704	1.3146771483510276	2.3882454365402195	6.118579130421702	
0.09588485677962418	0.169704209935103	0.8706407923492092	1.5256166173991732	1.884117061586963	5.086576312659284	
0.09728081217113319	0.16213192804774992	0.9366603079242771	1.293314076264923	1.654362492803341	5.938515540769629	
0.09856636000902688	0.14860781232450326	1.0353969538548378	1.467795626453247	1.98358450856359	6.047214536219037	
0.08854718023575261	0.134860471208795	0.8578144110700874	1.522264737587766	2.536706998590265	5.646480278254532	
0.11162322090344855	0.12370834320238033	0.9162726676158187	1.3720983823397002	2.2043181894210826	5.7761809279321925	
0.11089874496388841	0.1587863743961097	0.8097626525000856	1.2585419320152946	2.5491281119020557	6.344420589175911	
0.09993723999459969	0.1443745294569266	1.132309503837708	1.292617269852213	2.2467379058677692	5.566579020038279	
0.1118291161527028	0.16623634431259704	1.0592908261579255	1.523626252621208	1.830032538034402	5.545134078133538	
0.1022854166428645	0.14409108253306951	0.8722259138871844	1.3804889723907583	1.897417838156036	5.414267469233886	
0.0974925146062237	0.13277809595920018	0.9669217352683533	1.5515741184408376	2.4028531766473082	6.688780114330115	
0.09402121028326593	0.15544741294077938	0.9904268144642279	1.427501138003562	1.6515400032440606	5.954838087915073	
0.08936291536475242	0.1592258066562712	1.032764619747705	1.3838011308676783	2.23746622552954	6.180393558395786	
0.10453033626652752	0.14128095664642643	0.9460208456759158	1.3792108389792794	2.2990001862510545	6.365527713977084	
0.09251391919992567	0.17071013736418486	0.9221735558805471	1.4615009107219603	2.386963065009722	6.487310048905625	
0.12445086091980598	0.13495757306482598	1.0665767895515033	1.5337196529236636	2.2575798819508703	6.4482953650062225	
0.09311005715312591	0.1669871566511335	0.9629055268638324	1.3565442701399761	2.5856727235957977	5.316050425445294	
0.11382392213019117	0.16192246916357753	0.9196413685647254	1.3923440674006051	2.071809058829888	6.886094520685225	
0.10926716898279117	0.17737728016084547	1.004941867009278	1.5184562599137617	2.4277031685469557	5.137022457653392	
0.11259682429129136	0.13130359831076296	0.9027397383465631	1.489769553188216	2.4357897437758957	6.308457615076012	
0.08881231314975073	0.1638378397610917	0.9662760208860487	1.4132291720023078	1.607544394314991	6.067207654158119	
0.11905751482036253	0.14234334567537046	0.9699009919597958	1.5726623231803714	1.995885366402711	8.056291737309293	
0.0864888908288964	0.15473898563710417	0.8531196606903575	1.31405628637544	2.3812605973962953	5.355869988572678	
0.09536501205407526	0.1445715716781575	0.7398134859945906	1.5266622473929208	2.096699424750805	6.006193635870153	
0.1040423291687007	0.1617189070505706	0.8576796060198186	1.629972893066943	2.480636235539637	6.327775605898267	
0.12439265349442237	0.154163025826166	0.8742283059327776	1.550570418184783	2.543149639762613	6.048825126715716	
0.10277512288795954	0.152417467215544	0.8321301229761217	1.3309236244346725	2.1736314102930403	5.169014642885044	
0.09798811582031913	0.1494743462141141	0.9854259918399481	1.249648822907282	2.125819524010467	6.356864164525808	
0.09198191499457048	0.15521357834294866	0.7323255435162195	1.3453870216160686	2.2640252511420274	6.475348756491614	
0.11701004029995268	0.1774191083424705	0.9306780023807029	1.547753399298957	1.6867492450533543	6.00764699658146	
0.12670505300362775	0.1396692501889831	0.8988011377495944	1.6050302456689034	2.0823140681709282	5.249721336649351	
0.09131679279733086	0.15279316086503777	0.8005219682540964	1.286740203753515	1.964167485999439	5.282331036646675	
0.09197026767523658	0.13261545420935683	0.986246914842645	1.1948137387137792	2.226991348571864	5.888780799853795	
0.11401819964277378	0.13107323320942563	0.935508898173506	1.2983468520982941	1.9481482079682206	5.980858397341307	
0.10265195414850875	0.1387773498166766	0.8990922057332974	1.4973859412057562	2.2352873470267616	5.623704362494038	
0.09298471569929209	0.17263969812779853	0.9390713403252706	1.2511872751025972	2.115620865316914	5.891276368806465	
0.11141929980435439	0.14536440476621743	0.948837787607057	1.4160016715079773	2.1191482494415257	5.196663052179397	
0.10952066507300531	0.188410766118898	0.9951427563936095	1.4095075160681505	2.081250216055166	6.918103026580656	
0.09691966145357435	0.1762114681793482	0.8748113667885077	1.5054383402022469	1.8300125009372994	5.160448217800559	
0.10109948577600698	0.15060952214334195	0.9463482739223947	1.2773968644117348	2.303203441160062	5.404382057688871	
0.09889212605816504	0.15199957333436817	0.8367776381621082	1.5389618131582392	2.0248570656500777	6.3721537355171005	
0.09569592452757343	0.1559248920793319	0.7401410074704153	1.6968399643544958	2.2205924664216234	5.414445826444886	
0.0967064587780953	0.1250776926400207	0.8957116933727467	1.7237118174036998	2.1566405614675945	5.97682528284594	
0.11519512923413598	0.14019750232400358	0.7584587491740317	1.261373081446235	1.999447543005437	5.225207197809999	
0.11317722405215125	0.15611465183409995	1.0397517055259766	1.4451769475092813	1.7814808060037752	5.05469123004329	
0.10469857784617453	0.14097111185109143	0.8462741562204198	1.0684153653807769	1.7370686994891325	5.810978286803378	
0.09656981204822346	0.16024156571247627	0.9163103682388773	1.3873758522974848	2.009146647987175	5.6078019811268796	
0.09065601197649098	0.14678731840599432	1.039432369694439	1.3134838271618083	2.3155038806532087	5.940871931494681	
0.11910630568694863	0.18087261251680267	0.8721861772216587	1.4136210864663283	2.1940268854518736	5.525764273124697	
