5	74
1	1	1	0	0	1	0	1	0	0	
0.08296931411394343	0.13230351563900813	0.34728969523152387	1.2159301406069052	2.801162127922225	
0.095399923369162	0.15354525765537713	0.37789076098095437	1.1796120464031936	3.385040914879797	
0.09753681734841092	0.1526948445326685	0.33972307509519306	1.1367985357707402	3.4224969764793984	
0.09448766677251569	0.13416536822462255	0.34243380138754265	1.2875941778594409	2.9043789698906033	
0.09066246777991127	0.17959928341309073	0.3798549038593669	1.4518544849815869	3.1525706639054625	
0.09809489318723894	0.16256543890517905	0.3452875501393802	1.583643422107562	3.4414642506294397	
0.09167212550113789	0.13727323689550006	0.418229037342009	1.4626436773210054	3.1557017355463652	
0.09948677734142464	0.14009506952284656	0.37551423369283177	1.3354214047541444	3.40091866702293	
0.09046186343904059	0.18707891626723758	0.3680841086590195	1.4519204194435482	3.352503611240363	
0.10985696276236497	0.14122134798919064	0.37433442451429527	1.4361405603779422	3.2061691751835943	
0.08789956297119741	0.16994810136790062	0.43288431237057484	1.3676004822964747	3.32507049219188	
0.09654327253699928	0.15495031910559817	0.424154576164443	1.278876693610408	2.7939621911537005	
0.10667655123016445	0.1544298496706162	0.4101722337297436	1.2851586126695824	3.155805806903661	
0.10798729720761253	0.1605618146013726	0.3394987214944238	1.3169654775781647	3.459927126202926	
0.10516509198216242	0.15847978740184518	0.45203474787850906	1.3484404340817442	3.5110734612473418	
0.09561337086722375	0.13129923587227085	0.3907957284380125	1.225244580218913	3.2907214428821634	
0.08224848820079601	0.18110250994943503	0.3499639800411599	1.1522218902516388	3.6612468378152694	
0.11075530571817145	0.15941724463913542	0.33671459919602276	1.5534614676584486	3.440563398656748	
0.08734345034185126	0.1385732547908002	0.4002003827454526	1.302388488133351	3.6427260249925637	
0.10864802065604683	0.15578423070821762	0.4133597973685497	1.391267344795648	3.134666743214409	
0.10252066513084519	0.14025859771604363	0.33157847854101113	1.429212059203283	3.6595065598805996	
0.1074618826215926	0.1483228395902054	0.33782243637863774	1.394125867218723	3.0514893637536913	
0.11331202735273185	0.13839124495197508	0.42967941250770153	1.260295710135927	3.2783275002153034	
0.11346499990453246	0.16288503725259112	0.42456041097479774	1.3030416145378922	3.1077010134840064	
0.08284776520726098	0.14047768302373925	0.3790520897171297	1.2967078592038146	2.633646857915002	
0.10828282412297685	0.1500837119617064	0.43710655051411695	1.1706701687725896	3.352015058445097	
0.09959988590789025	0.1612137908371644	0.4003338076275986	1.6069073839435764	2.7927593903008066	
0.08369264581057143	0.15721933759898774	0.41611794676135444	1.3377152127679264	2.9956089747353514	
0.11294999678293055	0.13947284167520266	0.3737447959991477	1.4575912840851049	2.8965695259565245	
0.06418082638071447	0.16401463105147476	0.3533651780031897	1.534922048241502	3.159726891997039	
0.0886256838496288	0.14778315989252835	0.41234308194617286	1.400056245155759	2.8207925512375964	
0.10737840981920904	0.1683244109523202	0.4057865239275942	1.3513642173724283	2.8686981134352885	
0.11790423859810895	0.14690793880702466	0.4109639988461765	1.4597645478956478	3.4588025854263957	
0.0923269876625337	0.15887290836676513	0.4144715639649941	1.451270294433595	3.19390892163008	
0.10023814148076866	0.170438894461893	0.38897985716006767	1.4993906964944899	3.688234240349331	
0.10563781313372185	0.14147123344637472	0.310779553922115	1.564893305662905	3.0358037797496684	
0.0953016487059515	0.1529630366378854	0.36030621756020026	1.3040446212872994	3.6109781373301106	
0.10562473134670458	0.1389125056705497	0.3340649896000992	1.3530713091214328	3.3058169376088506	
0.10034912802617497	0.15275315907378786	0.3473635679113066	1.4955898810316315	4.2539271468487625	
0.09339928915855011	0.1517108962274999	0.4191590416861698	1.548956756072157	3.3386633409636923	
0.08568427182494694	0.138674024224301	0.4047737902353981	1.2137577821434222	3.4750413974345262	
0.10585755625769414	0.15197804516387184	0.4033408690154115	1.3087316837300276	3.2588941535280562	
0.10853402293894639	0.1616586000049436	0.3753644211733965	1.0203242347646848	3.190792935556231	
0.10778325441005501	0.14058059267311923	0.42425436351564444	1.5215337955300967	3.064085650435392	
0.0757261723823462	0.16400646121648899	0.36650532071809944	1.4511418962949032	3.573551478686785	
0.08813364393566026	0.1633432718322149	0.3517174077473504	1.5045544801323039	3.167279850688826	
0.09693709746818113	0.15144377679892043	0.33204921810300897	0.9976068513754512	3.4734521682617765	
0.09842142420564622	0.14523167053096075	0.42024428223235805	1.2241350468626766	3.219970590769127	
0.09688629495371598	0.15196925885179605	0.3913378670656144	1.6940410518102298	3.6228937982116385	
0.10972936948963122	0.15809431907355553	0.39906041014758137	1.3783580622909422	2.7415594069457074	
0.12002837274483667	0.13785814565091634	0.3704123738701316	1.6051337208559617	3.430580250145602	
0.10224879825587961	0.16067976453691263	0.3880226560918395	1.5827837715316289	3.014893951827707	
0.10757345472451728	0.12636381591782483	0.3622521731596295	1.6859698161149212	3.0632947784620166	
0.12283780652334411	0.16615602665976692	0.41177187178514907	1.2843724711470037	3.4392457199991067	
0.09722303847652175	0.143835965314136	0.35367645118842606	1.2807327022112036	3.294705034952546	
0.09829395963320908	0.18158058279424757	0.37036746994310504	1.3650238852867165	3.694831155397442	
0.08020465685556288	0.14602888337392764	0.31706920277150136	1.4297484732766257	3.6031550088596513	
0.09082085451508165	0.14744036505189412	0.45718475610505316	1.588030074005336	3.9938204144785834	
0.11162044682043373	0.12362180821244649	0.3756279435708751	1.2781443037189115	3.6721851459106443	
0.11032819704856281	0.18014752972213294	0.3491390259700315	1.541363635430761	3.115694888275486	
0.09121777940514572	0.1461095469979269	0.41107766327495643	1.364669466701302	3.588748343777989	
0.08595215627688722	0.15429200115501837	0.4054081315384472	1.4976535033341372	3.1460054920188902	
0.09834498388726544	0.12728332498164405	0.3422316150678972	1.2310648902561332	3.027633594706236	
0.09711938775292302	0.14494162128177712	0.39089657850126464	1.322094206423823	2.8795316135885116	
0.08584131408135498	0.15418920003492917	0.31187909883442055	1.5172454011668342	2.959597093733159	
0.09954898204866124	0.1557256949569261	0.34202840881588326	1.3128092507008515	3.7322282382674037	
0.10450181015016989	0.1485317409233183	0.4347600369127629	1.4897581996779965	2.9590247822814026	
0.1182612606247931	0.16291744761599156	0.39341054046558976	1.6517065795928356	2.9002142569402354	
0.10156560516032076	0.15315811539810656	0.3907339518600052	1.3433291710469404	3.625159345822587	
0.11515835299643847	0.16265367975925077	0.3432164131609	1.268368430731753	3.285045049850566	
0.09741236557299657	0.16480553276796714	0.3675279222212018	1.48171936576519	3.1613904658894767	
0.0985546936496906	0.1400316503873756	0.40524435119616886	1.5220438722741008	2.8134955968141027	
0.09997050737997562	0.14831054256158305	0.38694732147645233	1.370049888756675	3.6810371550637733	
0.07963995886904375	0.15193572937455554	0.33147612982072716	1.4760577796563756	3.40138567786216	
