8	38
0	1	1	1	1	0	1	1	1	1	
0.1223158527666158	0.4503898556646226	0.6006198697337478	1.013892606261108	2.005433170351536	2.9704513732943694	3.8719692678621795	7.022504370439121	
0.1577990198389943	0.41175688900608814	0.5515182204028195	1.0618121829284901	1.8351981477584156	3.241810908387956	4.473533009262942	4.526012244899963	
0.17070289361555716	0.39905448871410315	0.6961256650043763	1.0171891237869903	1.9052764315408874	2.675011997720026	4.127468547078488	6.526789429907534	
0.1370870639710836	0.41750287684167475	0.5304384595224415	0.8141925786149682	2.2569312279254756	3.463270315568438	4.716157708536043	5.772159310157031	
0.16533771904230016	0.3881162550067807	0.6442644076794161	0.979948983311633	2.4454048706219216	3.3820540962041266	4.4126215951318075	6.455912696572417	
0.14127293553010403	0.30039839714517536	0.5940041531761094	0.9560075564067783	1.9727119016210293	3.5054436587616795	3.944455295278396	6.1055500976195844	
0.14708506343962188	0.3591446663773175	0.6592710724062912	0.9417731644357312	2.3796677362523777	2.8337227867246786	5.173011476865388	6.75205189254331	
0.1756298649921112	0.4178266277881755	0.5927067498772207	1.0913285612698527	2.337385635315783	2.854195094726492	3.7712143482740736	5.883250424869352	
0.17597866685084573	0.35845571811730076	0.6477068582248443	0.8945902799281417	2.162141625835997	3.165798552530355	5.072137550500227	5.897983979632047	
0.13990863044708773	0.4738875161906148	0.5476546993672229	0.9648399743232783	2.0825169954598253	3.1760690661343323	4.918405186101036	5.800129813570681	
0.15788240655567007	0.3862433637343896	0.5697472596719281	1.0203931206992836	2.2509491790506604	3.3719594329001894	4.2474548953892555	6.455808922624233	
0.1427796365216851	0.3800764676322506	0.5369821217578264	0.8778329677244864	2.3719034096689358	3.3398286972655	5.360345829354552	6.633557676271002	
0.17172119148145423	0.38279282736003173	0.5449630615316637	1.0710297197941432	2.2407303669390237	3.052014751964621	4.756325506248967	5.502176877240446	
0.1337154395683101	0.32710275322203525	0.5584246624069754	1.1524516703702339	2.1237267367566277	2.970332321371717	4.550568313617	5.588908573553659	
0.1529486690906983	0.30750522306681144	0.5275188854270674	1.0081908373638422	2.390436755020818	3.7390497587827864	4.155990254687692	6.251831337952403	
0.1403674659110853	0.3763310789324471	0.6210212724156353	0.9920499441296826	2.375145008546566	3.392593444033503	4.157974371052935	6.938748209323989	
0.14839590575399658	0.3858301140853457	0.6657264645662858	0.9179418543304846	2.481789510550077	3.66186164587604	4.525130277178247	6.5222286883365665	
0.1297612291522117	0.38223913673136767	0.6068136454705909	0.8337221955570455	2.1920519302778754	3.1439158732556027	3.843492726887928	5.990688901846923	
0.13437499345057277	0.34391986921213447	0.5368955679631495	0.9168888166376776	2.282438558502559	3.057284273660586	3.8401989351488637	6.635242138633305	
0.11545722249248899	0.3426700854071856	0.6141095332128076	0.8741540186059243	2.2133388819949813	3.1204710311682264	4.209118667099098	6.000556571790229	
0.1427168894744664	0.43009547045899105	0.552477208222308	1.056253317884101	2.6253892099190574	3.4651262005308325	3.3283741274190968	6.174932020821901	
0.14242832354299195	0.4102744230778834	0.6688824429943866	0.9095938418582307	2.041160619760995	3.9588653229309223	4.259180240117831	6.815576449525236	
0.15260819968966863	0.3851816167959457	0.6108185018568169	0.953326632575429	1.8053109821415736	2.8011277292767174	5.251228562971076	4.955921478135666	
0.15201762230882285	0.42765738108651874	0.5885562294938557	0.9963865273788983	2.0592306595383376	3.6010200157339414	3.7861015197432066	6.177698193965421	
0.15080141923173207	0.3546975335131277	0.6028975176054437	0.7652881094528434	2.1428647637434204	3.193275915176794	4.143336206265252	6.44410193165886	
0.141635828611914	0.37732601830247314	0.5575868947472872	0.5867195548945244	2.4011247209827	3.6109549228100914	4.657182396114289	6.272314820690857	
0.1272762961580694	0.37273154614274473	0.5571506134816261	0.7932620751485859	1.974302755346587	3.074402859720795	4.377222492538887	6.775521209835322	
0.16865138959236026	0.38097576476024714	0.535841116291314	0.9527950617974863	2.1574142029194996	3.173714945814629	4.357874661871702	6.495015691619401	
0.18298382838146895	0.30094931010892645	0.5726833326684119	0.7806646263175165	2.3665090827903197	3.266875983039145	4.4626141708022375	5.724518967370042	
0.16938252871811668	0.3813024642357414	0.5640078393263974	0.8973199551268803	2.203566820415262	3.257722760077031	4.679957174149527	5.359982444571338	
0.15101899472190186	0.3153061483399223	0.6342439908571681	1.0078856528844298	2.295820166892553	3.065927177539581	4.459065888072934	5.7165481470715	
0.13042985096211313	0.38769452990537334	0.5093725281668557	1.1577963731172671	2.2592794536837766	2.5759181672597933	4.031721339443835	6.2361365588183375	
0.1497690818280224	0.4272827006131709	0.6103766484319418	0.9946450224158044	2.1192439494180486	2.8524517327488015	4.262761583599219	6.800771419373213	
0.15245565366794386	0.36497083902101835	0.5699509453847027	0.8621175172645479	2.355301376259133	3.1215022263411214	4.698506637825401	6.235470912771552	
0.15800139679281916	0.3648646518588919	0.580191214129248	1.0451737577884248	2.6952358031012604	3.48474376953469	4.266757952997571	5.709198506037891	
0.16147119893377881	0.41928365584055755	0.5669611655645791	1.002890033190783	2.0374033498023336	2.990621087117854	5.386917840324311	5.717900532848688	
0.14674901125799072	0.4118571186802715	0.5659438628245426	0.8930044400193611	1.9902450020450038	3.3573675437007964	3.8349028208941274	6.99848537839268	
0.14037640248912045	0.427079833812045	0.633896464843688	0.9313479256597144	1.9758037026366095	2.995460626306184	4.682149020760811	4.835458543641733	
