7	32
1	1	1	1	1	0	1	1	0	0	
0.10812225998688133	0.14261232891032932	0.39628984947721313	0.5339424483241526	1.0715232533941006	2.1972713984162757	3.339902223919275	
0.1080044214710889	0.19285760721471581	0.38339840413980475	0.7069548459458876	1.0253433329641337	1.954933443956403	3.153239203896164	
0.09732080182240734	0.161025728282251	0.3453314726351735	0.5720701994232625	0.8647987191323976	2.1414305026428955	2.837125240767986	
0.09216165813336433	0.1471586522061999	0.33289425340456225	0.6527113813251716	0.9893802228920668	2.326607796430819	3.0357349809640914	
0.09715125397207046	0.14765345112036896	0.30193666143324305	0.5165424151775848	1.0168756256392613	2.289141923898121	3.025948675701679	
0.10218636039518172	0.15621719846039742	0.3272947654231626	0.6494571518030162	0.9964409736725077	2.307249294674433	3.07178846347764	
0.11031147019201891	0.16889417399542875	0.44167631388030326	0.5046431008019675	0.9089487121529397	1.8069988052371848	2.7130511905153534	
0.09183861635521923	0.15215293523294543	0.3868364643843366	0.5834801478359909	0.8940251640771408	2.347370085667703	3.01889294482704	
0.11704816202750395	0.15444220754294227	0.33753578799264145	0.6566911002182283	0.9376013161444668	2.1971238817672947	3.1343932117927977	
0.10931966931034161	0.16710102924667447	0.3803388876603202	0.4971284360874145	0.8547992486464339	2.030892619654335	3.230785283474516	
0.0961394485731873	0.14424759093974054	0.3593918611992313	0.49266467730792507	1.0297801133290847	2.219912019122455	2.947498291882957	
0.10680466700310426	0.12648912270794757	0.4180060717256063	0.7759109269601646	0.9403455664575312	2.1949468753950523	3.6741765794850294	
0.10458846241897542	0.16676595061311678	0.3164965501219484	0.606902987293893	0.8778789149191397	2.3504580385820306	3.4774399732465544	
0.10332154064574416	0.1661407701561521	0.3895263300791233	0.6213661633638132	0.8749733551235466	2.018270368817774	3.3549536602142496	
0.11169514489056097	0.13989028585625055	0.3633942521760659	0.6706443252583877	0.8866515179925121	2.1155898655222005	3.1002360449064787	
0.10052913990832274	0.15399130444064277	0.3877288972952123	0.6899710925676271	0.9064579654289977	2.040669187243196	2.716821201656261	
0.08941393777874852	0.1429012914860366	0.35565796851872483	0.7152911236370983	1.0001617302405084	2.4076362626714922	3.1893279488256066	
0.10196736825969165	0.1341362960120213	0.34428989393416387	0.6859837668798231	0.9203102275920789	2.5855032985729145	3.1314280607706935	
0.09306613828378298	0.16809329131796313	0.364166977596375	0.6350711801976524	1.0005688965595327	1.6739529937338247	3.405462643937418	
0.1106179229225657	0.1628543925002096	0.40068396117980776	0.5977405062794174	0.8310253149129154	2.2561544667834985	3.6020510642349954	
0.09856546392809147	0.15231900544347154	0.4051218075199008	0.5900029695865462	0.9087931892240286	1.8323032834212538	3.5629309123368036	
0.1085021455048725	0.1284780081901801	0.4252768417146431	0.4911172177201131	0.8069738512944635	2.403676379354549	3.0779608741275033	
0.10402063769902237	0.15567264155780097	0.4009537274316747	0.46363662703243175	0.9651727089432801	2.436312354158317	2.787954852709801	
0.10598634132048912	0.15868690093230436	0.3700823046762184	0.6363245237510496	0.9438813624041275	2.3005668424049914	3.295077834776434	
0.0946002610656801	0.1484652344569912	0.4197601117619388	0.634683396805679	0.91034909081437	1.9419778151935179	2.91223529986443	
0.09245994643135881	0.1344533619842105	0.3861168860299671	0.5973184539676177	1.1148325793715832	1.8911714710884846	3.2076035419910958	
0.10103303885696864	0.12623704621115758	0.3775767581423922	0.6958445844839266	1.0496333840347325	1.921099486229351	3.0385691756719977	
0.09958495055528292	0.16452769396452097	0.4048563447086681	0.5418980052504303	0.9169286985292211	1.8312004482178545	3.0845089312416603	
0.10192989477262548	0.14247237752328315	0.3814620261186283	0.5754947110404844	0.7886077442931488	2.3430403065105985	3.7315248045049767	
0.11305353700895449	0.15305115442954562	0.3643165708155156	0.5445689203955968	0.7991416185848638	2.074558721711033	3.6764559608949186	
0.08938523835414135	0.13151991123842185	0.41207507889236744	0.7610249726135035	0.9160211704232536	1.9716299560068893	3.277783139490769	
0.10147047053029064	0.14678899551131	0.3261686962223172	0.6106060526718553	0.9333475686376825	2.0371651146493694	3.5487243845977403	
