10	81
1	1	1	1	1	1	1	1	1	1	
0.09612849036394316	0.14698608297076418	0.3544445340056184	0.6117367511183077	0.9469737218037585	1.3376967635962462	2.0407489280954176	3.2829179932537027	3.445770831070472	5.135101517697779	
0.1166999209609802	0.15491731416480362	0.3600534585038504	0.4982350301077898	0.9247625966599776	1.570882469124698	2.7174293124997373	3.864918338123602	4.100877890942159	5.702520281169426	
0.08528500769763328	0.13737517400064073	0.37191195980125946	0.5779717802024313	1.121074759511887	1.2419039572259012	2.140304693424602	2.579375577253591	4.64890085121948	5.19497679559443	
0.11102626308382793	0.14563461160477062	0.32672459780525004	0.4738378947865225	0.8389867135593005	1.4642314673762258	2.2406254341386393	3.088007656118686	4.9166086695448366	5.318554264262957	
0.07072940157491431	0.15423830476113748	0.42902364088196854	0.6779600204194646	0.8091177406227739	1.352108874213017	2.3056213033842092	3.0461905149133996	4.5474231872738216	5.57013606251383	
0.08910611242538627	0.13655439522889862	0.4163175573321468	0.6008269658778524	1.048284992371717	1.504420159378482	2.4953900247684024	3.5158721627115894	4.841703373611017	5.9277072608185915	
0.1300920657649665	0.151690473298418	0.30500991197321653	0.616082012376838	0.838646821378919	1.575434077589031	2.306050603008902	3.1877580637718883	4.100448143950578	6.087855436032482	
0.09358766192142946	0.16181705989175757	0.40112859714180576	0.7761579955496061	0.888604347905464	1.386610135126696	2.1167232301035934	3.2139297013618986	4.962185522082665	5.83419261296272	
0.11972381716143495	0.15873412664588551	0.3615420301764551	0.5555252589011597	1.0268011139869866	1.434078381719814	2.1519479115577025	3.0554939264121614	4.472349443585771	5.616627089518337	
0.11361711456225998	0.16075590228383096	0.3733587841065706	0.5886319150168361	0.9385721976462472	1.429207745841285	1.9442587214485287	2.6322484082748807	4.141034700101537	5.922889505600981	
0.0926216680228251	0.16229007045593352	0.37129218083577137	0.7124144145017172	0.8777810339846892	1.4501225022143225	2.087894722423496	3.3929278687638176	4.97958800804867	6.364968575356258	
0.07969203730533941	0.157497924157093	0.34158663059332056	0.5814138492950233	0.9941076143758725	1.2698741900966493	2.3985288216092857	3.135149582645849	5.476921817813151	6.041206695476257	
0.1170534274265177	0.16796518836800264	0.3567780068819291	0.5218985563419887	0.9405673445950917	1.346682034051329	2.4896395377187064	3.1697707692063974	4.364818218666551	5.162460923557788	
0.10419217013079769	0.1323866657707975	0.39681260268946716	0.6348055035898801	0.8602802145863842	1.566790930135533	2.0909017805523837	2.7718457988311287	5.195379303141162	5.445917655555409	
0.10507070541266482	0.15638691711070868	0.3947890176091251	0.6223117149558082	0.8397725497999198	1.671862993014889	2.355593567293137	3.4043934376563803	3.9001606940179667	5.41297927460674	
0.10657456626689164	0.11994473832454773	0.3928707466777341	0.5201293921568627	0.8492730446916061	1.2282173321035337	2.202912879393195	3.6128174718461468	4.656607885715708	6.274699829353349	
0.10167958896154883	0.16024040266305958	0.3977492533415005	0.4370941083601691	1.014286526602533	1.5445647305604089	2.0721027414084423	2.608382813486875	4.609113311535483	6.195996482481899	
0.09559516517439157	0.15280049586520036	0.4207299298028741	0.74385130309771	0.9436620415811756	1.4777496564335135	1.9728853918351403	3.087047585057612	4.438780816332835	6.706630821234359	
0.10818957756028058	0.17894030016011944	0.32337140532491204	0.5205759017610616	1.0324937129769418	1.637187033812972	2.1571225461592505	1.798678744353115	4.165411877145564	6.201296191289634	
0.09100587013422268	0.15277689235406575	0.4521451070571351	0.6855679691757001	1.005226978819423	1.4207837531261434	2.043646367551416	3.4962691774651793	4.511427593625102	6.0358226636234225	
0.08448784387118974	0.1392820442666116	0.40857069775803895	0.5339359895550847	0.9547107601700285	1.488988014065572	2.2512408803871136	3.4320858703162487	4.782476723913029	5.625724144774482	
0.08532345436338827	0.13689696881424973	0.40773700548238667	0.5279492043722583	0.8332232067707409	1.2804014078916526	1.753115492230199	2.877223581007165	4.950178610995652	5.569941208370663	
0.08251061843445655	0.14232534217628126	0.39940079420395935	0.4901536341069802	1.0186578588082391	1.2239397434036516	2.0649710176178626	3.1173138392514246	4.247351951960013	5.9611189809110865	
0.10778560353976699	0.14938797628045186	0.356984400916456	0.6274409210856537	0.9492755267618932	1.3342609909304637	2.1590948057481385	3.0054886864575336	4.110417572221376	6.483480728489944	
0.10446958806569157	0.16155569452854823	0.40413488304375744	0.5467668444567568	1.0231192194962118	1.387442183229685	2.3497818320024515	3.2093371017593286	4.640923389545695	6.205936757368211	
0.1081320038528439	0.12548180818486693	0.32009688691704175	0.6403026519061304	0.9631417092443828	1.319082958309027	2.2283264154385996	2.7924129317162323	5.968930279891055	6.786942832096766	
0.10622302677407874	0.15113445556016228	0.35648833429739873	0.5213888256392475	0.9194144956434837	1.307054229095597	1.977690002539552	2.7895540920732733	4.612348373368998	5.773803896506264	
0.1053507157482587	0.15685648190482182	0.3887196559430272	0.7595664154832509	1.0066046127615957	1.2497390604770644	2.2486283363031156	3.232443908535241	3.89631124312809	5.147020271954014	
0.10453202917279569	0.16046321302317845	0.340242226425668	0.6582100231916787	0.9564970389038214	1.6010078594427801	2.384268385642937	3.1985080024940276	5.236019878545942	5.32553034592772	
0.12390294504950697	0.13681821479271156	0.3781758961962482	0.5659687020832342	0.8949584381271843	1.8480681737394966	2.050515052206618	3.5266102209951993	4.394068689921112	6.561930257752649	
0.09455840481629008	0.15384198140488756	0.40389053541796427	0.5566913127998111	1.18646851095298	1.527374569182433	2.101416244778764	3.023398782023525	4.541275360632142	5.270401193631918	
0.11782295263849943	0.15646880658601622	0.37665652943836697	0.6627586712614028	0.8628991256380051	1.2646977791404475	2.1220213895783213	3.291451686077617	4.738763792966746	5.114233250140664	
0.09543683169980768	0.10374802810247166	0.33507073150556854	0.6429156920220243	1.0193754001974504	1.266693351450238	2.0802100219490094	3.2583220004165985	4.9851495624789495	6.917456919910194	
0.10153082255223023	0.14609075016626652	0.3251396428693759	0.6064841540736636	1.1229677926385948	1.6144975346410366	2.1875945336956644	3.3485977878275355	4.190167637346574	5.785718622734087	
0.1014759917558435	0.15225951510477664	0.41840849745031633	0.6577249759644778	0.9784127105596307	1.2871220965175016	1.9432957059459122	2.9614352721575097	4.605984130142997	4.7842073671463154	
0.09993724927535379	0.17112964074681203	0.40533938931786434	0.578956343343253	0.8650622465212705	1.5452172857230655	2.2158019037012386	3.169909452910609	4.2349361044922365	6.045829793812365	
0.09696963236013012	0.16176569354875073	0.4271644256471912	0.517965010329437	0.8159987797548179	1.6227720348337686	2.1856510726727505	2.8822135430436266	4.942463222997289	6.2050110599333	
0.12203245761924893	0.14647047484101688	0.42213075188861104	0.5130699336520343	1.0598305621652122	1.565014888324195	2.494934698265661	3.610938603190339	4.455428316355945	5.297324061577885	
0.09397947099635963	0.12358274419202821	0.345005836815019	0.6255516809525059	0.9255589822692577	1.3980266099610923	1.979482873071288	2.673970321471057	4.581937400956763	6.227496115481186	
0.09008436439953285	0.1419983959475442	0.4386010712553983	0.669569877214418	0.7919485157592077	1.417896996626002	2.462815471710034	3.1796631758750564	4.378975565216777	6.655642576045846	
0.10987069244275216	0.164029550180709	0.3700445795313831	0.6397732809765028	1.0690113327978354	1.4228680611189934	2.063266931417561	3.649773607704131	5.420447911303705	7.269002930139494	
0.0962548850022505	0.14588939625754663	0.34089183134081114	0.6070831394648879	0.8301069393744509	1.3546914178358282	2.300742906604914	3.376742658295304	3.685175412674838	6.942175378964633	
0.08913003912848264	0.13558599114181494	0.3329209582329509	0.5603229996861594	0.8465970067840781	1.3052420179099868	1.6201815088777394	3.29222640241749	4.604429325517002	7.346644042735326	
0.10486340997665561	0.14255116470422782	0.33437283081801	0.5942234124120442	0.971731228713508	1.3580211474373765	2.163118445664943	3.8666400805691166	4.327150442832377	4.867934667124507	
0.10873486787391436	0.1547148216872258	0.31505830357219927	0.6256586206365776	0.8371986899301896	1.4931091035381099	2.5600616544789223	3.192484966338453	4.987472039566419	5.262907609288574	
0.0848058085366232	0.18026055708593508	0.3916969705151408	0.6382001964696803	1.0371380741646201	1.354522482198892	2.3274000173489733	3.4689018527503652	3.917337830647936	6.9077911868476125	
0.11306860515979533	0.13074424141443408	0.38761088477554817	0.5861352157852233	1.0619025947031122	1.2282824831250385	2.924519230205264	3.193292644954141	4.832300324781537	6.8324989992016825	
0.09804000656829856	0.14827587171607082	0.36089242603489213	0.5468720624321329	0.9552829007447231	1.4106568647349813	2.0404845473600184	3.103436716889047	4.759305054251914	5.521461882389673	
0.0975303523160777	0.1634800108768366	0.3893945678626334	0.5370264440184834	0.9277799906065318	1.4924940918234446	2.3626935211157924	3.0045019333079073	4.248661624784489	5.582904006767882	
0.09354479800608212	0.1560750707354567	0.40259058693557864	0.663054209572985	0.9215207334559535	1.229038817466535	2.2939360853583546	3.301721695482464	4.526986265692201	5.229957907013267	
0.09804164136394661	0.13209517820811423	0.39831466956093886	0.5742063582777696	0.8816833011380961	1.2101867659182683	2.370825611982069	3.1659664948504593	4.5391413466519905	5.558705945584467	
0.08349424940033345	0.1420256161773412	0.3658814291646369	0.6175656012548905	0.8969819857873107	1.327276113063289	1.8267820296143982	3.2657473860123933	4.14154791280311	6.79248392025942	
0.10150146661338103	0.15843154260049488	0.3705460306810115	0.6120768173860747	0.8471634756333665	1.2615147079292464	2.1532531816299394	3.43537728794035	3.6243847034722902	5.700537905517576	
0.11842122107888393	0.15718841327504932	0.43843054928023895	0.5619573028926849	0.8874147638555172	1.5682428648092646	2.28405687640634	3.2193250127806023	3.9318678858291727	6.694111177336146	
0.1251022814752771	0.1264220071755487	0.4333375276904786	0.5719019314405577	0.8989874154534521	1.4685584467179815	1.8908124949849006	3.237930005393075	3.774935867489024	6.285649493866923	
0.12233722037963168	0.14040702766254506	0.373587753144915	0.5928313094356351	1.0217415792411633	1.4879968487744075	2.347874392225665	3.0854735160592286	4.695106052168908	3.9793165602384852	
0.10667462571989031	0.13173310936807103	0.3675514325030028	0.6447150665186523	0.7871436455663486	1.5857888901457495	2.123274465572924	3.7222625330433523	4.093720128433896	4.91232736539183	
0.09971053284661963	0.15880614101770865	0.4054956036747884	0.5318707118443659	0.7789091244788483	1.3853376717320762	2.261035457952252	3.4013807041845543	5.2074568514124655	5.77592687914955	
0.08155103561775312	0.16794999657426352	0.38741742193620865	0.6169312746300546	1.0013394064659125	1.6107010334227185	2.1450507034077066	3.632379280831622	4.748461318863804	5.6066505652152	
0.0976676152783149	0.15925116035097758	0.353064658958732	0.6531875461281871	0.9447110655787903	1.4845714081912738	2.4597086445632828	3.3658842352122647	4.532135334261891	5.950446922135127	
0.09865343040219259	0.1546844904630541	0.4318062733964238	0.5632934243799498	0.8660664861036004	1.6137607050133183	2.028278407930411	3.320230831564629	4.23369114083286	4.992309324986124	
0.10198225193291961	0.16672751841039074	0.3776419156318765	0.5111004862046262	0.9401435642236886	1.3218989514237087	1.5868064071021613	3.2237127904398495	4.732957887249615	6.70662328687915	
0.11756854739962141	0.15976403516079765	0.41547556152701254	0.522926072995316	1.0808297995438019	1.6112325059647317	2.0710701707321975	3.4715395407185494	4.761480682551874	6.882128106330236	
0.09848892227840117	0.13880651043449982	0.3613800619528689	0.653807759001832	0.7514520518567629	1.001418498188179	2.3422635364981153	3.3393117758504722	4.508308501336431	5.216672023206926	
0.08290110235404713	0.14048206374752722	0.3937444137760479	0.5648546572339677	1.0137093186225081	1.293569514091098	2.0383408092706894	3.4785403427724204	4.330388242581946	5.803590023806443	
0.09356511546351187	0.13756588888795726	0.393458739448056	0.6290223776786775	0.9511248046922695	1.3418857444058578	2.106679241518625	3.768678804611882	3.860512480305195	7.131534768257184	
0.10099719846117548	0.14729810415035244	0.4162283768744638	0.47596403585649794	1.058369720435917	1.6956547935396187	2.3839141665037062	2.566757255104017	4.843875509010217	6.9875991348112105	
0.11542748787735756	0.12887866129160408	0.4186215596009143	0.7077342241667488	0.9327403118340799	1.22226372514107	2.3281603074358608	3.592503839811819	4.437356326053344	5.285565926481706	
0.10981872084036165	0.13846786701567362	0.39509917560847707	0.6934899813007768	0.7757317769834622	1.559810251709603	2.105584863481243	3.191287682705013	4.731442395539772	5.537169581151506	
0.08824980863071358	0.12323707841953982	0.4268069829579302	0.5776996688934621	0.9830044583492351	1.3606404132919232	1.9002214917743845	3.46200159823022	4.64758315817617	5.857860507607544	
0.1030189606344147	0.13559273165633995	0.42030279143310184	0.6775436783120685	1.0006153251343337	1.376806036449605	2.162759560856933	3.759871845643798	5.07652479792503	7.1963214543052345	
0.09219481146686827	0.136946815740193	0.3851060709281201	0.624413745437778	0.9167671076494607	1.3742751268195368	2.4224899643082627	3.2205120705721795	3.9531548619367545	5.340186547838686	
0.10247064325133502	0.1950397872736753	0.3429141377376832	0.5811075558796164	1.1536468440997418	1.360747855633099	2.247924080873352	3.8596709848421504	4.07183459359328	5.814443866787063	
0.0951563406636546	0.1272315695554921	0.43963590593616775	0.564875739691808	0.8485091521485641	1.3664459540059297	2.3496987521081323	3.2866903995275614	4.143750162556336	6.245489906949032	
0.10812594697748573	0.14964353118145865	0.37107908470310497	0.6609525563029331	0.91333577207425	1.6599713853994733	1.987108502500583	2.9962031236277427	4.093291448962044	5.85669212598601	
0.1000250406136632	0.13011546135640778	0.38367677618073903	0.6339212512371574	0.7937092854042483	1.3554724860275333	2.2720094316423305	2.895938738590326	4.357809665138942	6.652910141360278	
0.11795182763126018	0.1565987281687369	0.3735683751385507	0.5699161187618563	1.014700131185754	1.5920771150735409	1.9013663036197055	3.545888715181778	4.226829164223201	5.484266535628654	
0.09846355796449573	0.16487419863843547	0.3917574023439075	0.6169398998874489	0.9627770738219703	1.4968750966727218	2.12545748823181	3.455363848752395	4.203143011811234	6.390604590567317	
0.1085698534783399	0.16048704891850465	0.40853909560437573	0.6278919384138087	1.0391301911268631	1.1051592288910512	2.3335553808765095	3.8920236963263095	4.220147036268514	5.559762084982498	
0.11286319012973803	0.13609890990781076	0.3546644761221328	0.6101969111818677	0.8556975374557654	1.555128503785079	1.9799775437147065	3.367205838004671	4.628017108348428	6.998332843445082	
0.11165301866295729	0.14205708687819518	0.33194928855405464	0.6502781305186461	0.8692346523679406	1.3819982264797634	1.9221370466363181	3.4706788775057205	4.209078097603122	5.9789749870183275	
