5	67
1	0	1	0	1	0	1	0	1	0	
0.09101142979583669	0.43838747089532304	0.7843572894750758	2.3919476620165074	4.265496133900482	
0.08911269693017031	0.2897172596243556	1.1109792535332794	2.272820888813047	4.966009588064171	
0.09805272784631958	0.36888459715069927	0.857903368855397	1.7636012398558814	4.584167241454538	
0.09966888062131106	0.37431359665306524	0.9188889624146592	2.0419992595074548	4.363871989429703	
0.10553760659110684	0.38198586279417124	0.8239490795810007	1.9027585222479086	4.171017113922924	
0.0867102565066386	0.35896665545291134	0.8900035274471634	1.9309483986424765	4.3486943541123955	
0.10838202585961394	0.3861560839331078	0.9138304973866916	2.0266810303132408	4.331937405368201	
0.09315857371937558	0.4376370094602085	0.7878041520480328	2.165958007208538	4.303371783266794	
0.08940276449958573	0.35327306021460214	0.9404519431687511	2.32626140318756	4.781572329173551	
0.10175357410576312	0.39274281723314614	0.8307678191279216	1.9562334841900022	3.7021163841764784	
0.10824552429356252	0.39227938644453947	0.9308641861808231	1.9015462535658152	4.158304753909894	
0.10638341785144434	0.35417489104752725	1.0078682329996493	1.9432010839085647	4.264359799930739	
0.09126764032800473	0.3876817859281649	0.9752349710200361	2.248886646070027	4.121251758931184	
0.10000119971320708	0.39956721884018737	1.0609054104932136	2.194796944750895	4.2051062352803905	
0.10573103511763585	0.38149814450589203	0.8331572588375741	2.1057812410189105	4.731224688515196	
0.09063466747318624	0.34734525562060903	1.0007819565908946	1.8878311413534425	4.843443006761187	
0.08619503745718964	0.32324452086882655	0.7978570815789826	2.1078735242806275	4.9455098693541935	
0.08955640432600101	0.38712092038872137	1.065813586228618	1.8952239573320724	4.787900017746227	
0.08449244035153627	0.3289456392383643	0.7992002315518755	2.363571650150831	4.149498717272421	
0.10319331465011371	0.3936538487936026	0.9928726659686041	2.095437835840965	4.37783270455471	
0.10097408984758659	0.35165058678609185	0.8514760181133202	1.9558458648800787	4.7303159450674706	
0.10260125930722817	0.3912826029050271	0.9757615435572697	2.610150568349364	4.221796875547004	
0.09434182890748903	0.4215180346256532	1.0319005454495491	2.06991290534183	3.913242520928083	
0.08845396034708865	0.4001484827873504	0.8901836083214757	2.1986739726326867	4.810313951753582	
0.09886990421368261	0.3439946061677556	1.0675573143493224	2.099680020319817	4.452493808324704	
0.12503758910352641	0.3731275681363082	0.7249415287277299	2.448001310097799	4.451423138268746	
0.09075821719932693	0.4036418482840668	0.9281205132405725	2.5796559962476757	4.824873182165926	
0.11063078267321383	0.35447813578343407	1.0169633974342727	1.9854892913260258	3.9765934814807213	
0.07967922480944194	0.4051041467617546	0.9970675571025642	2.049633319373428	4.0565693623931995	
0.11584320041538301	0.43519710398021466	0.9017737418263696	2.371348689034796	4.958378925647471	
0.09074136809786464	0.3714539303585773	0.90560995805251	1.7656272421195602	3.744024387127206	
0.10320704392511862	0.3833805383396417	1.084396704412526	2.2530144541256236	4.9353028233187635	
0.0949385814516674	0.3450974149518418	0.7745685225343741	2.444557915725947	4.172168261155157	
0.11540017123592822	0.4426788945461918	1.0828646489332117	2.3142450254370273	4.706967499335377	
0.1028016992590884	0.36599753112149874	0.9111799270637025	2.462192137802548	4.704787666679456	
0.07693314793565034	0.35003306312803517	0.9895880798264448	2.3856816913812637	4.14686254207422	
0.1079385822584132	0.3215836503836896	0.8882606746575163	2.393321271656259	4.70870528603	
0.10968269582192101	0.3982051238679426	0.9399260512023772	2.3453172894349983	4.912091515534374	
0.10981337701586576	0.348664355794306	0.9018893470096234	2.077087666359018	4.714182056826315	
0.09474166990342722	0.404652273025948	0.9257442632296529	2.4414014229578016	4.87605551303445	
0.10836732458215281	0.3911390039130095	0.8642990053096069	1.8623263594357853	4.498020833079953	
0.1085636798349718	0.41343865846381256	0.9909751166824187	2.14299605213394	4.022131787868769	
0.09104051352902404	0.4389684382255293	1.0644584839554099	2.0884485946925673	4.651409614227578	
0.0941666786035215	0.3357012258272312	0.8455450538937285	1.9907514974335958	4.487211100263747	
0.08937649799303043	0.3523848112342218	0.982166986648994	2.261725168741595	4.026562533807185	
0.10781362019909707	0.3551798435610614	0.959172736834432	1.991214546131882	4.59165058579936	
0.09226087056581359	0.32571059239997135	0.6828620640886136	1.8334185069315292	4.337461581610182	
0.09205158109836292	0.3922663322512188	0.8333859770527682	2.2148562013623176	4.6133632028170695	
0.10530493785577222	0.38256306130655165	0.8916798615318268	2.1875615242510014	4.510451776450345	
0.10031851671828543	0.37516518553893513	1.012507324038449	2.212552983191482	4.13619899424421	
0.11001908047213599	0.37467091562220295	0.9042801242553256	2.672464399521183	4.957770612250451	
0.10374579165828175	0.44568877305808546	0.9315787998767211	2.625951903583926	4.798266267105934	
0.0950542567299833	0.39655463702157495	0.8325395053309006	1.9151846435139057	4.652875446857207	
0.09257896232305933	0.44510513458183815	0.7716813203583301	2.1546330491940036	4.610164650167571	
0.09097788686674298	0.38669583036145805	0.9828107252757602	2.0760870480382225	4.715338063586433	
0.08875852261447281	0.3331085376377715	0.8901412235269452	1.7897705924417726	4.157264373844854	
0.09349823007807946	0.3782945884136759	0.8555721225083645	2.0535152544495787	5.156584243463878	
0.0899894019829876	0.3354538941553849	1.04253719076944	2.2877072982450337	4.6188510437987516	
0.11302050824420612	0.39231369160645757	1.0036950847989825	1.6024845141854562	4.2534098372384115	
0.09451695630392608	0.37711114364455256	0.8763855524974635	2.117478819532235	4.163770260459164	
0.09050352954271058	0.356424689230218	0.8346620760705603	2.0972659078076825	5.012348855093933	
0.12118126070935205	0.3847197206456487	0.9297459180814095	1.941641310349078	5.048629571150427	
0.08184635376619098	0.3470188239344181	0.8839046427987106	2.096391625620435	4.5744077156079115	
0.09141446317372617	0.344544215762027	0.9120122084114459	2.3150192175913915	4.67861300839423	
0.08775018275492569	0.3969043777261749	1.009686795217986	2.0971087410205658	4.3998185291395595	
0.09595161640988546	0.385603478788441	0.9044507291217727	2.18088981458276	4.464495140924105	
0.10051287332619688	0.38165735444109655	0.7933921888910964	1.884800805604222	4.746872121579028	
