8	66
0	1	1	1	0	1	1	1	1	1	
0.1632719152191419	0.36265131265826905	0.6067348564850971	1.5815655455805873	2.2103861953305897	3.5286234722179244	4.2724513434541205	4.880101233344081	
0.15912342588635645	0.32791932353362774	0.6783961024310031	1.5540872518150872	2.4213807661139137	3.4349893468873973	4.33848526238488	6.4467445133944805	
0.15560969045462247	0.4199302492159705	0.6217152741769459	1.3510777749625926	2.166020330113763	3.6426561470056242	3.8365965040086696	6.244878806565739	
0.15253747605036902	0.4097465167588382	0.5071604171042088	1.6188046913005956	2.2994532198193296	3.4429090998406022	4.694825717385052	5.668765838822424	
0.14324278282024971	0.35528886693591166	0.6229505874679037	1.4683544889314641	1.9861885144242961	3.3545995224616814	4.6316558883917045	4.967980807536182	
0.12362983059891772	0.39059599694672353	0.5615243703985902	1.2357119684569404	2.058893445897221	3.446776002182664	4.901880147104946	6.794092837244604	
0.14268512346943457	0.37638179552813955	0.5653756315357246	1.122912387231609	2.0996610903689934	3.351145354859993	4.76760349834106	6.166337955314787	
0.13050200200389436	0.42492182323989647	0.5796376785506413	1.491736843792851	2.174832981249863	2.6998996840587357	4.815937723085085	7.594444857312654	
0.14385680619881636	0.3008803709558875	0.6041196390865718	1.3528326170877336	1.7477828917487441	3.932496597165708	5.20664454777127	6.063103650938318	
0.12972256763831763	0.36843245274625896	0.6089231909821801	1.4202815687074073	2.0040564118311726	2.9840033512343567	4.90371606307049	6.302295957993762	
0.14927243289209016	0.3659580074880936	0.6674515058391132	1.2953072952327793	2.127150453413524	3.758065713140634	4.492335587855907	6.757437912551051	
0.15382198241072567	0.39315278869553116	0.6356251129770539	1.5507940782214853	2.1580123121354875	3.558110901560146	4.89988266000198	5.782713860609617	
0.14138507556569102	0.3960073043518387	0.526910989309279	1.5133458874036965	2.133637796949627	3.9531324844675146	4.842332715463844	5.840381096418385	
0.16095851918680018	0.36889605030695843	0.5965903832680388	1.4831626353631795	2.239272894066074	3.2855373420054055	3.76350779865235	5.6758568080764125	
0.13727043586217974	0.4462546535680855	0.49718198445239503	1.6213757604754322	2.6161446956269327	2.881698733021089	3.648296495589312	7.376751924166872	
0.14957238056518546	0.36594956662102773	0.5561897453206612	1.4477088658375883	1.8845494963402476	3.6914095377295224	5.322415963521922	6.039916110111342	
0.14262439351460998	0.4148377239008457	0.6245101041751447	1.320184530090836	2.1924041936458294	3.552577120124608	3.7712764739023186	6.734115428000756	
0.14414742777387732	0.3992731025840408	0.5846586667551048	1.3955736506091883	2.1611746614035026	3.7076499884619945	4.036664958059572	5.422100032351555	
0.14829886827183236	0.2948818176508171	0.5627510762233779	1.3970958554211228	2.309964601651994	3.580133322659295	4.052266509240975	6.288155115138139	
0.14067984616350815	0.361282128889825	0.5986753530507277	1.475332861393484	2.1769763799885826	2.840426132998305	4.694389712246967	5.594001057716664	
0.16213468391744348	0.36971327936613047	0.6242794482626978	1.366564225017127	2.1646346159608485	3.268562012999021	4.365010937215439	5.776867377390483	
0.13815838946632275	0.39302757523392196	0.5260779371572849	1.596263632803329	2.455005020505077	3.5290864591626967	3.6379175491001146	6.123719444755261	
0.14798187002331167	0.3725030980125437	0.5507129192769148	1.2360413252983269	2.4629193042301454	3.049561882804045	4.512941389478403	4.993790893322802	
0.1407135570244547	0.36198997290242096	0.5956765579306412	1.463979421447082	1.8471667983556368	3.023538166580347	5.077796816270266	5.493721859953004	
0.18199869900317436	0.41868579821532603	0.542717545008836	1.704750669960211	2.16253345903942	3.4437593423194595	4.568547373265056	5.777833411851211	
0.16365709330433023	0.3805535108523694	0.5936315819017071	1.4455372500956312	2.0861168394061655	3.5850612158315656	4.009078523862247	6.507521310549757	
0.15853901030131554	0.40979924677540797	0.6086760992414648	1.5414402424217424	1.9216904679389404	3.0165126985073907	4.406510882590982	6.665826025362356	
0.15859722952211383	0.39911156129731457	0.5757905217406668	1.4440930836230124	2.0648937796359967	3.000133076351383	4.7538279487927815	5.820943069426954	
0.16698691803915297	0.3068228507304405	0.5581175715458999	1.4858513374190971	2.239008351201003	3.2913488418723613	4.291255438551508	5.2995034378016745	
0.1449157010938092	0.38100196826270855	0.6557119240128504	1.3324250429375009	2.0302957617457773	3.559556725720623	4.617040298470477	6.06404583859662	
0.1439100084159992	0.3977463600319755	0.5553915382143015	1.588517377192732	2.20280699089744	3.3134889563229017	4.68295736160383	5.370752145015073	
0.1534336458123941	0.4044747335131191	0.7385377176682436	1.670294165823854	2.1972429165128062	3.5877363242052915	4.273069055662689	5.878760428256941	
0.15470493116435516	0.3661599024173555	0.6087522976113364	1.4438801522010485	1.998063290633319	3.4141320480627484	4.379300044478676	5.252959624292982	
0.1686495157329679	0.34365450804051945	0.607545404008072	1.469164356897024	2.0006485897781685	3.3492611950729674	4.097597863575443	5.611563483932792	
0.14806675248123816	0.3934988869250047	0.6942231007454627	1.6664980643418668	2.170522726833583	3.013469963785194	4.18257173136921	6.8708738874705695	
0.13381396930136552	0.36344270621660557	0.554610705647437	1.406723935017821	1.9243076914018962	2.856798126982641	4.734791771573867	6.391281137542391	
0.1735866153224273	0.37458540759578685	0.5059460720282054	1.248210541361235	2.2440174255656564	2.6909768228279907	4.639121737717179	5.641387143890311	
0.13607729543812974	0.4233146942117181	0.6017010801854467	1.3440944149319884	1.978372959254994	4.024704959472713	4.6983758422662385	6.137844358606584	
0.12741276959138848	0.40089049594747034	0.6369278154374246	1.1947083661805722	2.1628078066190293	3.3555895914602485	4.832592719666623	5.768954104189382	
0.14906983921621153	0.38015349909678753	0.7150264001611154	1.5150294062182224	1.6925974197313218	3.4897967262708676	4.086049793307639	5.409456180615095	
0.1726112504483185	0.35219184895205424	0.6467922261102296	1.5170796531662882	2.135835919402179	2.9765170828635563	4.313041617176514	6.522073807974517	
0.13879016257353624	0.3412528868490005	0.46539981835830485	1.3928618594773197	1.798529417882202	2.998316634822406	4.497998836863404	5.744549729101566	
0.13814647313218179	0.35507109237121404	0.5968937994594222	1.462745978245079	2.5352825308146834	2.906591797073827	4.709163305639315	6.289629181424954	
0.15024469399319482	0.3896930559417945	0.583088916185121	1.5524836667941042	2.321548326485425	3.0875318288147446	4.179084773938593	5.191237037331612	
0.1481016107832628	0.4267329097896753	0.6821789084042061	1.3219115552490182	2.288965672400601	3.494457806734594	4.4446619630915585	5.907945832781941	
0.1410638405777019	0.3824154283118405	0.6274671343161612	1.7116139944949322	1.843709821297926	3.3905229828123757	4.458763084594608	6.761425320824877	
0.15138425327771263	0.3545609441393598	0.5564262957320217	1.3074801057853738	2.0133027649268884	2.7898824368960122	4.580282313762797	6.010104416081328	
0.16866472225395202	0.3653391093220817	0.6269127108466541	1.3787230950863212	2.0965472704873274	3.9388810546403348	3.886233528817431	6.274048834423542	
0.16633105266695017	0.3141968336998106	0.6816074411058487	1.5013627566074677	2.2464136463829316	3.3186996527736654	4.392241912522338	6.098206421735342	
0.11587845817908701	0.33876922820390315	0.5885282569147617	1.7819533499169986	2.056723313814557	2.6846351245526687	4.032825003489773	5.159997527368749	
0.12434686643982545	0.3330542353875125	0.6437271583648249	1.7196887427219223	2.158015828687175	3.679590664886264	4.32327054943339	5.714831223323785	
0.13352047511815532	0.30693423157368327	0.6346355672360743	1.4928086493842203	2.373633360795393	2.585395366991461	4.4283407552874205	5.113563380049531	
0.13333591535108147	0.30721836819436626	0.5999717189762247	1.5000432638876948	2.3391428849472207	3.2198410488238016	5.367615207309195	5.978844046216986	
0.14701787310716047	0.35559072198436364	0.6109632872569565	1.4554169587344241	2.0762779054563607	3.3266803791620445	4.967709233890773	5.860068459996439	
0.14872090651464875	0.4075641459443761	0.6795695335162732	1.6309132656723189	2.5041476911208234	3.4509652143191625	4.819832716871358	5.42844531350693	
0.16079695665012733	0.3679375893444918	0.5650228038319905	1.583272701962479	2.3345185899640484	3.2809793396475877	4.170685120675405	6.376693330462139	
0.16850595475500188	0.2844831475638294	0.5652997894846338	1.3309186044551737	2.14562733293581	3.589846706429408	4.489614779122407	6.717295937467812	
0.14452286318449004	0.37016211676239846	0.4886972153887899	1.35436040921978	2.3729633462278525	3.306379473786344	4.5146475537185555	5.27275389641378	
0.13956577086632596	0.42518587510091965	0.5977026954901747	1.448067472254912	2.4150430921180996	2.949716511762747	4.271004963601609	5.8951745817797185	
0.15250868750124527	0.3779949663022642	0.5639717433781457	1.60995409569121	1.9224359697274196	3.2095494042337913	3.8475581556051504	5.456841223064814	
0.14442221732583022	0.34481658021895034	0.6297418087794007	1.4706307894249377	2.523177022888266	3.691576660152122	3.839546219513175	5.655771468571798	
0.13724051249483685	0.4018590619886677	0.575474123083475	1.4863336705338268	2.513300208186606	3.764355202579133	4.249041255256328	5.64092890783787	
0.1580855178822839	0.4155461611160777	0.4538799734789527	1.4963621453397964	2.279009288360588	3.1040556548168556	4.674050145991099	5.7508163784978	
0.17305618463765463	0.4368419228689846	0.6860555793070844	1.4685114509652395	2.397393793781417	2.9662119185882205	4.471301025113172	5.540402537013227	
0.12065761311930576	0.35922402216198557	0.6761929917676358	1.4593293595187757	2.0903026936422107	3.600992645766368	5.222546777422727	6.475886704970586	
0.15755283152941127	0.383860366110512	0.6274604051345851	1.6938976639397325	2.3044104727116546	3.792129332423452	5.076497906261942	5.542961910915645	
