9	97
1	1	1	1	1	1	1	0	1	1	
0.10826127056811714	0.14371159494930705	0.3852474542410939	0.5588571195021022	0.9354702163586441	1.3845677477845733	2.220960355139965	4.5444420141702135	6.211617462956786	
0.09379353389481336	0.1584266607648938	0.3958391408934212	0.6001900053703174	1.0776463008292094	1.548428707192314	2.6244939665844282	4.631294665436116	5.571591397328908	
0.08388766947669178	0.16659180915188457	0.364823388079635	0.5596964994441614	0.7338930866832214	1.4225737899328674	1.9111698827231236	4.466812664104856	6.189908795451487	
0.10506012554687832	0.12233698403484997	0.3679607284041322	0.6391562679658093	0.9474051964986944	1.4617187015256592	2.0414322042249298	4.52837036824757	6.069349239339521	
0.09933039829580288	0.15222605646616202	0.35659461028139705	0.6818110654379721	1.038648557443689	1.4369876690741483	2.0577394450426905	4.162454260600552	6.055359185214277	
0.09769507983915063	0.14329755193059926	0.3630320278288474	0.667456766351284	0.989566175843424	1.4739194354382308	2.010669583662306	4.777321522122709	6.21433915876503	
0.0997696911446385	0.18415126003412347	0.43330114512545675	0.5691371085670239	0.8963508314531364	1.571097373990894	2.1432352312687417	5.018086345579981	4.981553985242922	
0.09404276309054634	0.1596953565013998	0.37230844920782086	0.527497793854544	0.9499926024062485	1.4656446154939573	1.5489425718892793	4.49008239594786	5.118351643789074	
0.10563219459419806	0.14535194396594062	0.3595468042062905	0.6755551617773649	0.9842847799100027	1.5001106708963061	2.3846313132738954	5.034597545075215	6.599555272362272	
0.1057134239196656	0.16761373727834508	0.3835179944723256	0.6363894734990857	0.9119912892565699	1.1982799820643342	2.4295960326468453	4.297636819474244	5.069889373235393	
0.09856593108998751	0.1736084679109399	0.38445307841515525	0.6361586244595508	0.912994862710542	1.0167732254947932	2.558207777093507	4.5952839110612125	6.56322991864306	
0.11807265735406447	0.14761062705704084	0.394424284980875	0.6462462783104388	1.0365988927535217	1.4426665933404506	2.269056251351804	4.121592925527802	6.300138891526727	
0.10959396098491657	0.14491440973026254	0.44085193512279974	0.4449104484970349	0.7718572408894141	1.3065953848246699	2.5879737176371376	3.957178321396569	5.544074485435964	
0.09606781725594454	0.14730023570344417	0.38817849639195945	0.6632296515388026	0.8832435151884754	1.361157408230581	2.3159049140853747	4.798870093335407	6.457434984826861	
0.10181255481676317	0.10752400440907678	0.34895629843926995	0.632492145053188	1.0189920064853437	1.3245379829795847	1.8788643711497448	4.2654553801317565	6.118877638971169	
0.08037773534838856	0.13744815476476155	0.37376191710608897	0.6488621247091914	0.978821255448052	1.505965393947995	1.9101779844418096	3.926783312685459	6.086571642037903	
0.11662082601894785	0.14007312271010697	0.4443900104049075	0.7725903319441704	0.9605121615217689	1.4078182845557468	2.0597641290118074	4.437380981462845	7.41501187367656	
0.09368572921857583	0.13407542871598768	0.39940298355783344	0.6556220276899499	0.8755695038676736	1.28764830939282	1.9935512591368028	4.738760241612006	5.922264010646643	
0.09962191583412332	0.1274771125198388	0.3549152303635259	0.5368912819891786	0.9972844380409952	1.5807171133132636	2.2679208402850928	4.362587706182177	5.574552529148919	
0.10567485863863123	0.12951252503874086	0.33669321634568405	0.6844426713763462	0.8666127285254496	1.2993401725866256	2.141296976474498	4.350580949367986	6.051963508097799	
0.08336593212319607	0.16272338788051138	0.4192142537775616	0.687630859969119	0.8341039990493865	1.4487240929882297	2.0001398406106627	4.190753213409584	5.647442810055411	
0.09960151547970475	0.11672519297098076	0.36156995045340756	0.6189092265573988	0.9430122116606438	1.272488214009256	2.1989793297971745	4.340345792018458	6.006867321928831	
0.11729450493664424	0.13969955238969048	0.37355742913252177	0.5894639838341009	0.8669877510022875	1.3880700334762925	1.9494724805261252	4.845417998193422	6.263835548440648	
0.09268391400979108	0.14496576875840025	0.3744880202814885	0.5966370771072356	0.9234758736024088	1.4407804178934418	1.9894370506325794	4.046604324732471	6.220930776871321	
0.10449645486157184	0.1675321073926159	0.38285782682071196	0.5516001992207097	0.9756046997517035	1.2008187015728833	1.9707916255657574	4.124527164094089	4.85814251856552	
0.09661945015698323	0.14779623109684928	0.3178289069419336	0.7036701195365384	1.0143457512375622	1.6741280261472362	2.1655747612697325	4.363248660875629	6.343838404173688	
0.10590680759218002	0.15964223953909976	0.4024939306315582	0.5606172752463918	0.9753844564170359	1.7462325740822109	2.2671269920915997	4.707204596277343	5.219217121337107	
0.09318033872379448	0.13627977000971989	0.3885230079025684	0.6639531026534179	1.0595977582100309	1.2948781496968198	1.9833267634022214	4.842367462268226	6.1731773463593935	
0.09992781674800494	0.13909002120764377	0.3782871820905884	0.6010448737470683	0.8857413836464605	1.361345932497241	2.1660609040753185	3.820644953792635	6.137061369166343	
0.09663390337926402	0.16593511228103217	0.24455891622148151	0.6052546216075745	0.9290839293446613	1.3427520322416782	2.075194535427567	4.766849053319421	6.050668491508373	
0.09485193322564266	0.15833281893581908	0.424401627229508	0.6656799512186901	1.0106221236362876	1.3559105194111236	1.8304908272748153	5.259564122227984	6.630847437296363	
0.09789663728742537	0.15082107223063895	0.3269677527012183	0.5610969040695784	0.8602702511674218	1.38854366913575	2.410029757245812	4.693566103716803	5.952674178807055	
0.11162440149490066	0.14897840062043816	0.4182248114117919	0.6442390103342746	0.9167889001429552	1.1615304243907252	2.0680641472518935	3.9613123694750083	5.649258377198476	
0.10632525905967181	0.13789031667715304	0.34944878200666246	0.7350593904192032	1.0220626817467742	1.508533785924462	2.232832486298434	5.378097606367911	6.53373302439888	
0.10074875970906363	0.17198275357660148	0.34910479832156277	0.676196219648101	0.8331201727002829	1.4191895281760503	2.230792739669898	4.6910782587436435	4.829315961615533	
0.10720907212697368	0.15231762888160486	0.397287438706788	0.6530682103968222	0.6720965898881408	1.5570917419868937	2.3099651665548406	4.168143549291819	6.411275535499469	
0.09149692344302113	0.13531812573051097	0.3611830751498981	0.6286124180207391	0.8682404449916539	1.3710988267114674	2.2549592575177577	4.716005992549268	5.221460626086306	
0.11422058822898427	0.15614901855693444	0.2804462518240656	0.5199711993009744	0.8492764698363205	1.2835080155164755	2.2189742501834684	4.788528825125276	5.917321096795593	
0.11403830765429779	0.15667978323118237	0.38308959345138943	0.5250657595652708	0.8461393344432717	1.4640387294896093	2.2806796417666995	4.975848955999718	6.5033453300889	
0.0958568244311153	0.14169375185888333	0.3232786109526365	0.4728623515561424	0.9926366741780822	1.47822673462232	1.8778243484125654	4.757782289068371	5.9143498046469904	
0.11015160296478604	0.13323816415510165	0.4208311542447687	0.6031323746302958	1.0327982741561377	1.6412214886901013	2.546254710561206	4.44335250485792	6.097407049634388	
0.08429875834199099	0.17192533317691974	0.34220443781364884	0.6925598601691071	0.9542021603273232	1.5711979032022276	2.2316561908119263	4.130688445628894	5.806660249062601	
0.11465808145544212	0.15431710893190206	0.36666264399666687	0.6007732445287056	0.9344961201822454	1.3818330493977715	2.4073217026348637	4.0030641733242325	6.037880273535039	
0.11263185730114669	0.16711955440842166	0.3491124769259882	0.564648190602652	1.1341545752607594	1.513033832987156	2.407302676145905	4.3335594217241225	5.699125998726091	
0.10319870007781179	0.1467837719379276	0.35963091321297125	0.6710199586790492	1.0272866453601368	1.7214591839741011	2.1622035077137687	4.6293422856017585	5.89994801316447	
0.09511226133350875	0.11716985916172168	0.4088276763050552	0.647639228196649	0.9061041609325814	1.6925080612129753	1.9486395467155262	4.7748632425618	5.466184937063422	
0.1039292471395424	0.1210704032303741	0.32457513217768574	0.6579283868681419	0.9385605032249063	1.2998179023994543	1.8910064788958578	4.3936840413082425	5.612452516629422	
0.08928561507869023	0.14594178316645176	0.46547330250354163	0.6608973473049232	0.8510695247098253	1.402082653645857	2.0839585530933196	4.119711850643631	6.458829338346446	
0.09376429839834007	0.1548976337244645	0.4228041738834538	0.5897291100423581	0.9961204332265847	1.3844384440810769	2.169048377197943	4.51217091103225	6.301600422589855	
0.1351227236091973	0.16004607297769188	0.4218806944742031	0.7157225376534738	0.9044879260703167	1.4192042175237722	1.9830105248160286	4.760570809106028	6.119075386566668	
0.12358414833631165	0.14612011572598335	0.38180211404320835	0.5430174619552101	0.9664628698540759	1.2960550945901455	1.787006914364334	5.383588808020608	6.786878697359951	
0.09570414412839477	0.1587009979285581	0.3502871738528445	0.6591682510734503	0.9436089301435239	1.490613778759628	1.8220159227239248	4.682073983284965	6.334176007647753	
0.11127433074389992	0.14252455294525984	0.41998332053732296	0.5583818230834059	0.8934174387383708	1.177631664891357	2.107558856852785	4.046371954059561	5.662621291564033	
0.10292297288838655	0.13250392454613455	0.43887396596757206	0.6799479397329345	1.069884252327693	1.5137392145793036	2.6485315775011946	4.437387640859848	6.696935030910886	
0.10979229891992573	0.1626811185933234	0.32731421408122213	0.588804105339373	1.0934980994360166	1.6086835371245318	1.8187968398448109	4.920561717290297	6.883801713479418	
0.11844664086997739	0.15153343074099582	0.44633299315550745	0.5519134243176895	0.883216582637073	1.4839720599880846	2.517930742341964	4.690348312139598	5.493480370232323	
0.10568164497756352	0.1257398213295462	0.31038391277865657	0.6366912278569988	0.888747767444818	1.4088328162055637	2.2467655529026103	4.683988738550744	6.180916359432372	
0.09586687611719871	0.15488377821434218	0.31342641755194267	0.6640030149583673	0.8905654139881154	1.4719830054451897	2.435176191063448	3.7882080586471676	5.64099107500895	
0.10880796768688024	0.1510132292915863	0.4362149524087386	0.7024149016881429	1.0043238634213465	1.520745719262654	1.9626651395787527	4.485199498746741	5.676909466322611	
0.10915566195502291	0.15321496785052496	0.34910877537024043	0.6910395695660808	1.0092712635113754	1.3070507166294876	2.2788656988926603	5.22884918130073	6.270852316032825	
0.13135876934712784	0.1542699980991478	0.32566918614071755	0.6806754173640722	0.9323395649907227	1.5809625872752484	1.876510758017247	4.699636271747109	6.527440124381683	
0.10856582954347449	0.17531127863264093	0.35047539808075046	0.5668563590363435	0.8776441350820782	1.5353593533549057	1.9844260323680776	4.58786817488563	5.814250212286548	
0.1013366653301056	0.11387995530590866	0.39505841653383755	0.6382297339967765	0.9794500865108875	1.5205019300230962	2.4063464123986007	4.155512769065085	6.890730285203283	
0.10142678894334654	0.16654749470051597	0.36848783890947345	0.5570428348305163	1.0346389295747664	1.2304487906551997	2.184763492081433	4.379752120487937	6.108956582251262	
0.09839651189852906	0.14141210655066552	0.41758315768261556	0.6317591673465853	1.0591479978573004	1.3375452893124777	2.1732613975436124	4.415311471956637	5.165767590738932	
0.10362025565133506	0.15858278599147976	0.34733403737874025	0.530649335420709	0.8586366782713561	1.4788369133380592	2.287140438629312	4.221637090500617	5.858573379510734	
0.09500762759938308	0.1484236448800414	0.4435080267654026	0.6800410564953153	0.9972681496430534	1.486823796942949	2.212671959173562	4.116742465428811	6.235400927805184	
0.08836983686227014	0.1379077009460859	0.4259825630765775	0.5782647241083623	0.9628440444878738	1.680108804056344	2.1178990691315303	4.169643269190748	4.986040552155079	
0.10219014030371812	0.1653747213326737	0.31077805381851215	0.6576988579036768	0.8419768306471541	1.319677289284803	1.8127090397051613	4.818393110216622	6.310069566958099	
0.07832750459213939	0.14099839328205518	0.4118238719944202	0.5144907185154677	1.02077261590035	1.5852770383013137	2.1745646683479904	3.9755183813705037	6.494949019705912	
0.09079820815954083	0.16357056847117563	0.3522320200936765	0.4698750528837802	0.8253428771640319	1.2874715369249503	2.05484009455861	5.246932469653111	5.395547075105253	
0.09624565849434769	0.1583523835270765	0.3912737961614459	0.6178269613222868	1.1236383645760284	1.4362296330714959	2.0130752173914024	4.810261673759667	5.432774078181501	
0.11343824319613585	0.16106937789114126	0.3932806272670628	0.5969615298769114	0.8601181100680181	1.5024882082542186	1.7311457121042582	5.16638135448264	5.7195046175510775	
0.11788598867927753	0.15600593050212572	0.3251579890196578	0.5741052153121358	0.9152541550604903	1.2648656891649313	1.8959558376979087	4.398288767727373	5.728457792759998	
0.12979741271178433	0.14665928134969114	0.4343737503495444	0.568345117970266	0.7678625754207737	1.403827885646401	2.3217819974464917	4.307028314049297	6.182601795407695	
0.09415810256076819	0.12909498920109636	0.40981011653959365	0.6429143437594323	1.050553755310399	1.4875465582240215	2.257783202357695	4.49005133633759	6.466243196441249	
0.1041105016249784	0.1723251518395784	0.38142089529066503	0.6367565230671915	0.9183788657271652	1.3573724408371375	2.2543279654608517	4.497511777416835	5.933667423107007	
0.09111978814949453	0.13799817363260822	0.4365771010266998	0.6391929787903199	0.855904914018329	1.4392295373554893	2.5821220811327263	3.893623684706171	6.554504775072942	
0.09815738852112099	0.1555687354370845	0.36339886868006166	0.7145734369528028	1.0451973141839341	1.1450196173735336	1.7100710726651156	4.397143176684794	6.249088952216475	
0.12813692424074913	0.13907834766550345	0.35377306567204675	0.6398044056577656	0.936837559544545	1.588668724278206	2.5522125388337966	4.9706535496993025	6.302504074869071	
0.09804067245208559	0.15102414944368356	0.451494063126628	0.5349127852315607	0.8407745590357136	1.2562794506433914	1.9572941037119584	4.472111936791477	5.957152521765832	
0.09542283185848305	0.15469790192223207	0.34020753808433907	0.6644889339294708	1.060946470085497	1.5476051561275375	1.7386543005670956	3.9883837913966382	6.286170876168352	
0.1024307072854237	0.1667185775664693	0.3636163632918717	0.6785361049929853	1.0255380047680371	1.2920338846478607	1.7036546502060492	4.77044536708224	7.0082121368159775	
0.08873573477653175	0.1625687164787954	0.4156172251997916	0.604490916558819	1.0549801679885777	1.5521341421702508	2.4267257189052036	4.354355035216141	5.593274223599511	
0.09286307357827639	0.17853639389421694	0.43195724016056436	0.585685253613169	1.0344445107524252	1.4671999280712191	2.2918040521417384	5.269647031704956	6.471408805194454	
0.08712970570171899	0.16459662314861306	0.3203106662282414	0.6725118875249911	1.1206267904944371	1.293304363473349	2.056790070931717	3.7865772623309124	5.860917523268574	
0.10816300597902483	0.16578324354592858	0.3632759754918498	0.6269410137963342	0.9446793252561042	1.4186812794044528	2.019916795917442	4.890825635729539	5.8505832194195175	
0.10119378802153463	0.15326520167990187	0.3805111755663225	0.5631204669810426	0.6741813114333025	1.5652436013845699	2.14041388546038	4.847359665494661	5.545655492408693	
0.0883619712969474	0.1181135835528865	0.3760429390070882	0.5679519211590646	1.1089239047191513	1.6615304643603914	2.187608050573347	3.4385809833212844	6.6741799946999905	
0.08961220272179946	0.12764696714376808	0.3099708917898964	0.6057661455531	0.963078625213993	1.3337401807920655	2.171070475987166	4.52319689965534	6.988974775291304	
0.07468687469752071	0.14002556876423597	0.40043495190029654	0.562768849742461	0.9566407064020952	1.4200980842220872	2.0107772621219584	4.222822589437832	6.669684671842083	
0.0901254081985865	0.14358501631837198	0.3975743327390305	0.6237140672793586	0.9908940751133992	1.5251579237549595	2.1217628569240836	4.191013291232754	5.208223164062401	
0.09511597162613696	0.16238516342404993	0.35959783656891803	0.5837041750886943	0.8861975344108076	1.4139279428233	2.054651155677405	4.476875075797812	5.957510486814238	
0.11377528095081253	0.15067993359153822	0.38324498799822876	0.5766317134355786	1.1128361915913227	1.3845122254895479	1.4707658160671433	4.3872018707481715	6.842078785942589	
0.10264818986016616	0.16454062650421644	0.32601968353105226	0.5859873207292584	0.9853603100639236	1.3239350219799877	2.300735400136817	4.65025222886346	6.14519959272698	
0.09457657264759337	0.14421121308425322	0.368629313671021	0.6393044881126023	1.0059758251935236	1.415794057787551	2.1240950572440918	4.393806535603008	6.611028814581767	
0.11133696427227378	0.1588099437316534	0.34638905574610357	0.5897215861493137	0.9886253561354185	1.4473143944349722	2.1128598817627924	4.395820726350798	6.439921977721028	
