6	25
1	1	0	1	0	0	0	1	1	1	
0.0941087441047179	0.14416819912913337	0.6639998217163324	3.661972563485337	4.004887880812257	6.2965969653443326	
0.10738439137329803	0.16657305172267234	0.6100048388266401	2.9378607567013626	4.251808499803957	6.70031899986798	
0.12225523785456048	0.15234976596010166	0.6693929893508578	2.9472442826610314	4.946038167296025	5.4465620177766025	
0.09638812289140475	0.14140414017743236	0.6735749241940049	3.5159721706737854	5.32639296022981	5.5587620677986	
0.11002143479338895	0.15838247662013935	0.6677655466309087	3.039917458986478	3.9924341409450625	6.25002135380945	
0.1120003437549215	0.15344428246269312	0.6056894446519919	2.546502752518359	4.944569044638641	5.4706859787875635	
0.10581534072316001	0.14589699651166727	0.6376971496788889	2.9491301421236056	4.713283725111016	6.265829448067684	
0.101964497670701	0.16431966351718444	0.5232550651099596	3.0480548113407133	4.527838853821837	5.647922325213506	
0.09301147423549089	0.12731865204077583	0.6337223889237761	3.4233924030774916	4.285928214240591	6.557097518482543	
0.09774247775168123	0.14222690078886072	0.7276439807028484	3.196055269651275	4.347372200902362	6.004609594553838	
0.1110372972614395	0.12610848697290303	0.5397476290368785	3.411836587980995	4.643296983138361	6.391271267810888	
0.11462604091730498	0.17623852053962652	0.6356503572257821	4.110622409130866	4.423880494554995	7.183856651215255	
0.09236064576040191	0.15180728861715578	0.5875532611127794	3.535929396051125	4.006064918394861	5.950567110361045	
0.11312083599933308	0.16575141794949802	0.6366266305891605	3.4107394160791156	4.961385172025666	5.888180542565793	
0.08014921370594524	0.14395203804066528	0.6164093527115693	3.316815459040178	4.818781178997714	5.723516121862447	
0.09889960849668096	0.1589002833260994	0.6540718122413066	3.056477645331406	4.5267848198522795	6.887389641760443	
0.08395747521501463	0.13135350077129812	0.6355206039314786	3.4488409017421207	4.3519492972653335	6.161226881687982	
0.1066978140338188	0.15221312786787775	0.6340546498250473	3.0871755719935363	4.689660569556194	6.189316625203551	
0.08996921225847491	0.17409527531994315	0.6564922746750842	3.611403146988678	4.03714404098141	6.6080858205251705	
0.0887484975925513	0.1418039885627109	0.6658640044739801	3.0063461638520224	4.5432113576746485	4.942358328191896	
0.09261061944568127	0.13361189348110183	0.6372258719736686	2.510576666612043	4.361998306707844	5.768702094236146	
0.09932440032494015	0.14213415430253026	0.5409507812123258	3.1315921245696385	3.8925729119790247	6.259808274718916	
0.10468644258472029	0.14857672540771702	0.6744096733407546	3.116302684998757	4.746061825337806	7.154017803029049	
0.09218974679500165	0.1505482517942924	0.5015529187983371	3.4480823369744504	4.47956600738065	5.8152805099207034	
0.09194627349637259	0.1456528717786066	0.6053220289651196	3.188374002908813	3.9954314679039094	6.122507098491965	
