8	38
1	1	1	0	0	1	1	1	1	1	
0.10513746927971677	0.15063261253635804	0.39259636724422536	1.5603607784562543	1.9630078898266519	3.2354643952697817	4.410645075032854	6.293671950419256	
0.1100977087276292	0.12626893703460032	0.3476122551320742	1.3641822391131853	2.1689877972347125	3.172654155498597	5.480229467449856	5.869872615796786	
0.11457263128556464	0.14925601728398363	0.3252340680712108	1.3492420095351096	1.946300171366046	2.8068359692813996	4.099128552964374	5.214987225962014	
0.09606096604070861	0.15708247803387979	0.2867867624219556	1.453619785859052	2.209610256543673	3.607342752244818	4.506183752726653	7.335071711768623	
0.0964036210351432	0.1556303915053327	0.3818039104582719	1.433320778765626	2.2100077004094834	2.596855353956199	4.200986422072805	5.879786787009431	
0.10164499162467733	0.15879192583755775	0.37646183566683755	1.4681132579207639	2.2407786134234873	3.2654768448484797	3.031445845327035	5.967564500816586	
0.11727866485302617	0.13953801243929617	0.373940232450431	1.2114139405891018	2.3099686781361806	3.2099237030878256	3.6765900415545607	6.42149862387053	
0.1065163299637886	0.16158397526511503	0.3675134448162844	1.4715165792653824	2.2884735753073766	2.865719492803479	4.529303298057476	7.330140537625114	
0.11372508702409122	0.1612163185212932	0.29271865568455707	1.4701931062271136	2.4084099134114805	3.412155895650486	3.8427405191937116	6.0109038321753925	
0.09912636216189304	0.14129441673717646	0.4483470434883455	1.4749590731419084	1.8404656254778484	3.3951565711948875	4.644144361508629	6.313487611912311	
0.10892871844447492	0.11401349251193728	0.39885360111041174	1.4111163963541655	2.0569618003314485	3.2811435656202717	5.184234217647246	5.4848609115037785	
0.089354222761596	0.1323478261301931	0.41247538889394914	1.5041395867009664	1.8873254069559344	3.5341039666707075	3.903396999383268	7.272054274973727	
0.09803728412077987	0.14422425805274253	0.4065342480873236	1.246889893962632	1.938155422706805	3.3031582107893085	3.5698814307440894	5.255596865555395	
0.0994599166703386	0.14492612070926705	0.3950072674015157	1.636253837741214	1.9148689769152358	3.0947426652274417	4.668608003283657	4.476034610135247	
0.10188456089860126	0.1444754484848734	0.35566223976135175	1.4379692777514632	2.5931781333047184	3.080879443725143	4.07452102385464	5.298825262555793	
0.10713702187669222	0.15217023719255132	0.39688784101905006	1.484394249585776	2.3095007613606224	2.740505463958828	4.070276214188275	6.001964893481739	
0.0994640355205137	0.13691420890480901	0.3909904251366444	1.5018123243909292	2.108643689074799	2.4297390168091115	4.232799984223085	6.590947840234341	
0.0895854491513764	0.13074169681826914	0.4137536779989322	1.4820935477269528	2.0723947427533913	3.6827712167283004	4.188628436413912	5.162565032372898	
0.0816596262094395	0.1787894478961519	0.3581343442976773	1.393632431305577	2.041735733072159	3.4560929391780366	4.864234528243836	5.794476694235578	
0.10319983434970222	0.15997826856652453	0.37595327942393575	1.4052824443318204	1.9644595998176513	3.532973684608467	4.597209503050498	5.514296602507834	
0.0917321129919083	0.16024311018302548	0.43530263214288156	1.6964353906826357	1.9725932641773471	2.6514396139928507	4.043595948010477	5.37983941163039	
0.10445543773656106	0.12437141575913593	0.37706294471683327	1.488253197532066	2.044233408653931	2.75197727242525	4.43783081559855	5.6985221354377105	
0.09960473820013777	0.15638874746421397	0.3720492109054483	1.423651433977921	2.2455860902281275	2.8643893583082085	4.453797022811243	6.497524754582056	
0.10392263844433516	0.16196354426779278	0.3977800262011481	1.371873874009955	2.310235856189785	3.34013287902175	4.102862066751311	7.208651474970864	
0.08784397300932537	0.1601806682139287	0.38352339482665593	1.489937668384559	2.3144652649377333	3.4604445481330774	5.167419264064509	6.002884723307401	
0.1035268922961442	0.13767694657289786	0.36448837058610606	1.3563639824788334	2.192554340291636	3.035517276090962	4.372380356184916	6.14385522053621	
0.09402807514153655	0.14903344773556967	0.3466462937185014	1.39232899153535	2.4766514707286653	3.540256086544307	4.4535687175670695	5.6380591877858155	
0.1034164374212857	0.13141479238804601	0.34787025275081157	1.4697255337489237	2.1535613637544126	3.7526333704600336	5.512747535603607	6.599499788801715	
0.09659407955359436	0.19703751767868147	0.362403645524471	1.3194896179139555	2.3680364065850372	3.57062706159713	4.405594947810221	5.4317667949017405	
0.10171226834038292	0.13717736561657334	0.3390316507727626	1.3616421994211043	2.3116083585887957	3.5701086843821677	4.442407828164105	6.215149807651957	
0.11197685953032899	0.13865422309503347	0.3967011719231786	1.3447811789075037	2.228819733674384	3.6520581748182757	4.744550508796651	6.24545354462022	
0.10519580321722366	0.1390963754733943	0.38081798704369507	1.380920343591213	2.007477892057712	2.706632737690147	5.3545331754014915	5.358569300258064	
0.09035238870912365	0.15437966799938901	0.4372739328928421	1.5218863752761667	2.0401724972436357	2.919143878189862	5.18828572495648	5.8077557317021355	
0.10357072608522495	0.12775657234278365	0.3787504275753182	1.2404219827537535	2.0971536143634117	3.1016306462947343	4.151651085698788	6.354586603257431	
0.09267554726855244	0.16939139345202928	0.28989152466294893	1.5850026964447057	2.2783202937936355	3.4796343674586585	4.559684411072641	5.372398956902877	
0.09651958360079388	0.1593827297502555	0.35412448875115177	1.4434759656675544	2.436573177246617	3.7978379161400597	4.879471525094188	5.640815133088344	
0.10783227882362634	0.18235602581071655	0.4375332074089255	1.4866716410508265	2.207685218892353	3.279318259210073	4.534944377035854	6.216271181748985	
0.09483746658444545	0.1420396591388666	0.35699165813069833	1.5352256269603013	1.887245529832693	3.0854839815186383	4.495911771042436	6.299786790528095	
