7	50
0	1	1	1	1	1	1	1	0	0	
0.15133371488719619	0.4214918699378562	0.45436780453930403	0.8490535780609099	1.4916978982612505	2.338812024706931	3.113463092487794	
0.13975826462368396	0.42634900849582735	0.647765562359914	1.0098515110210695	1.3630668476438232	2.389444261101991	2.6178526618192937	
0.16696845137488517	0.3774717781692082	0.607736051474869	0.8420915027987947	1.1705942322205343	2.173156391775222	3.429203228617204	
0.16054038577228144	0.4026015866413343	0.6220897017032074	0.8440878614340547	1.5397490783703647	1.9273411952928041	3.6097958767211686	
0.1487402719679074	0.3780730496451116	0.6519555970983061	1.023136582174675	1.54020133108987	1.973601562345531	3.4978676038925296	
0.13777815585044328	0.4099402532656511	0.5144902082362641	0.9212877542397321	1.312612567050689	2.3370361652763254	3.612429201578929	
0.152984947706879	0.3863121474696396	0.6422506273488681	1.034263683835268	1.4353354979766892	2.0425698051361842	3.4603619330931585	
0.12211908943359492	0.41456675850323543	0.5573887830334973	0.9076588084366624	1.5609953392059186	2.0606654539762164	3.4604078855368106	
0.16708363131111623	0.3841812574218052	0.6186868893494827	0.9188924637232341	1.446530513580112	1.909972972310743	3.1545351218686255	
0.1306769158952622	0.34584684546795885	0.47982305875967024	0.9545453182759545	1.67189910964897	2.051937266944777	3.5636684169360233	
0.16688539224025375	0.3344327850947657	0.5409723649385507	1.0221442222167554	1.416795185092165	1.8724803937776224	3.0430206342482027	
0.156294903672181	0.3498304063840163	0.4335277880739364	0.9000527745196713	1.395537973278707	2.1519836833410304	3.659137096319097	
0.15080284196848567	0.38923161946817686	0.6633322184189652	0.9309619934727259	1.7355224665764846	1.8783027167945143	2.9464019932399506	
0.1592093761240622	0.4276639142516682	0.5879523001878826	0.8360122311165854	1.6818215106872252	1.9796406876170731	3.360192696618218	
0.16971227717021678	0.3632190015100012	0.5626723297645971	0.8785070399912414	1.5589218296901912	2.3779317566185716	3.260960752322691	
0.178246233796046	0.38121472925226485	0.6775399928500898	0.8898238508046628	1.7637271843198956	2.487578254349638	3.2084082434532326	
0.17151810313075505	0.4325912586645366	0.6931824645775589	0.6991752707780117	1.5328672572485893	2.2665942354007345	3.4030988163066223	
0.15327519650096846	0.389416828621552	0.6769884183178848	0.9801710237534835	1.4610176214537278	2.394966918189658	3.385858507983858	
0.1577035264103007	0.45094741013482664	0.5739311572470212	0.7890389385286845	1.4403479820716838	2.196126819165747	3.484496934573587	
0.15160973871992942	0.4086945312709573	0.7502770008162941	1.004540831655562	1.56975608805036	2.122150747339677	2.7997914459101265	
0.11552832619305381	0.36029013787884273	0.44517770064209283	0.9777600593267924	1.375257171227246	1.8676244037078227	3.2925340889833032	
0.13892051709537293	0.39712949763872923	0.6424575797893503	0.864729422842075	1.3960687911040832	2.1962025870752173	2.7927112805987115	
0.15322211284315523	0.32562129137298296	0.633943018773172	0.8895297793755775	1.2245743890316743	2.025305676184723	3.0752557611121314	
0.16602781325080418	0.3865855785728602	0.542623352546092	1.0833631647096453	1.5195881274160097	2.0776906907553725	2.7450038896491176	
0.14363109630779708	0.3716205027830085	0.6221419398870154	0.986474855398348	1.545341239643735	1.8035345023697125	3.3177640668780537	
0.1476057626212768	0.4817631364944554	0.6038816663457822	0.8720932525430924	1.4457827465105189	2.148157818077685	2.6035622251759203	
0.15612456695126756	0.3681987925542139	0.5983985270903688	0.8487581263481782	1.27357026507965	2.338959701826264	3.610248413343918	
0.15627147908155853	0.31118969117873385	0.6289838015556795	0.7629779007256882	1.335451884219558	2.336095066482807	3.4637195065539594	
0.15685451046800203	0.42989030084895175	0.6336009088444755	0.742231212071198	1.3771570889853406	2.141054181587822	3.198408938799954	
0.14074297237346414	0.34085406692838344	0.7440446981675591	0.8938467312558623	1.7662790936325468	1.9046225629774483	3.4635445223466776	
0.15344462124584804	0.3449659179715277	0.5719465734107589	0.9285929035494298	1.309291323745244	2.094929772282383	2.48140671174805	
0.16067273985403108	0.4266317636166661	0.6272618224499196	1.1405760058982135	1.5275397605467846	2.395704072337175	3.6524679205657864	
0.10873479965121548	0.3960995815524834	0.5170239029809931	0.8201759790039151	1.286002822132326	2.082766102996264	3.4613994872397518	
0.15650984737510057	0.3795219074529313	0.6433610064723576	1.0028642279080657	1.4932952590603683	1.7792314709939208	3.009716843459065	
0.15039491750913975	0.4078712095593612	0.5202852205365608	0.928944897350899	1.2061157027363083	2.3705723669296446	3.3287628654685357	
0.12980795946066084	0.3285963155634369	0.6232459122950557	1.0578562990543743	1.2731596252447432	2.3191198833524567	3.0737727416409557	
0.16234791154039327	0.4059612545938819	0.6093179904889463	0.7594016085159059	1.5274095479677483	2.257934143264326	3.3833896697882135	
0.15293511094846465	0.3466060982433799	0.6649777662611467	1.013526994035947	1.2762145429112128	2.4325734272613166	3.2927925662565007	
0.15193705429717758	0.37329849721609004	0.5953203962048966	1.0574936245128088	1.5777297227975877	2.367547122982474	3.309983414577248	
0.16333757585301595	0.3482961031864583	0.6350065787098841	0.9157256130268862	1.13544788680061	1.8089881433532777	3.0345318964710035	
0.15622730976523067	0.35484096804330917	0.5645329957569174	1.0009832657343605	1.3506332669186947	2.4361235570373982	3.628665215441544	
0.15032821980856975	0.4086315351630165	0.6370344272613829	0.9071531293357755	1.5532137568050168	2.366913941908963	2.94045854999312	
0.15230322957481113	0.3854151452578943	0.6509771680470422	0.8887211734082118	1.3445202724129706	2.186334926966898	3.633941747557411	
0.13200934326885097	0.34105736617318916	0.5687697055217646	0.8981403322964157	1.1775216592514353	2.4721119866867567	3.2076503578115387	
0.14579843213730043	0.4416602264453458	0.6430676097074287	0.8802057654079987	1.4535389218790662	2.141026516539057	3.720714028502015	
0.1474886369747461	0.32520173740938807	0.48736655359168224	1.0671900053088221	1.3172280982199438	2.294095505961162	3.273323114982392	
0.14375017818182612	0.37012579815388125	0.695002672891772	0.7953301011361894	1.3747369020019027	2.344911638546996	2.832977872254967	
0.16975924211666377	0.4139054891986378	0.6163077411079402	0.8832064079024932	1.228146039808694	2.302014867238825	4.143309603707264	
0.15218838803875287	0.31061027439218775	0.6274509894076049	1.0100044563403112	1.298747102238881	2.01121493589078	3.007102075657455	
0.14202954199704465	0.37345780165743425	0.5483459334903898	0.8150670900542432	1.4549356801515272	2.1107276614293045	3.1082214247120348	
