7	56
1	0	1	1	0	1	1	1	1	0	
0.1114116259482239	0.4443627198329217	0.591674580844723	1.5607217006317187	2.172878914754995	2.822823035451293	4.18019610533522	
0.10002625671367149	0.442117585060954	0.5518557631821499	1.5419318986018362	2.445200907338217	3.3975094751940667	5.722310451915301	
0.10952422434731474	0.4160557492674954	0.464454550043947	1.4896518977854674	1.9737380809337222	3.397580007170311	4.452225392464705	
0.10851554767415539	0.38347903711433723	0.6216744731398233	1.116796775721841	2.2745936955011663	3.473159538307648	3.572192165281702	
0.1004370696457253	0.4089896868388293	0.5293438591599464	1.4459362625431045	2.4532686236145653	3.083054535252674	4.027788917236485	
0.10549997056267515	0.420060913122624	0.5461392448995385	1.6080273505014222	1.936057311821041	3.1961009970338448	3.8376337827724596	
0.10136305054073554	0.36508076865312716	0.585009528167332	1.7287355893603071	2.1752642116893486	3.4794518998094675	4.957950944208351	
0.07398725928899978	0.3604695771328648	0.6870341414978174	1.6681964018415427	2.289548933621835	2.9750709769655175	5.20242717406875	
0.106989917143268	0.31215984108306216	0.6259129624254762	1.4659610654302404	1.8408441159367401	3.2350281658623667	4.751318298754647	
0.10297316643975268	0.42162999099632387	0.6084482365885306	1.381822354908515	2.002639336246171	3.652481126360262	4.6864342915261865	
0.10079808950752732	0.3170247232913676	0.5534399828470719	1.20091033883383	2.442729832057127	3.1921907385326946	4.539632871719679	
0.1061086543091233	0.3074382676541873	0.6072055427396836	1.3541620592291972	2.157988310704865	3.161807262515681	4.297916059985315	
0.09889289585805898	0.33516378648876055	0.5878470380435766	1.1712015677623695	1.698958750173157	3.5859869880961317	4.415419636800396	
0.09105244188617881	0.37720901985790073	0.6372858706341713	1.2223021550914257	2.337140961450974	3.6187622240110913	4.065107877970075	
0.10175261489070764	0.35793285850984874	0.5500437918395287	1.2653528028939112	1.6430019178611728	3.118584647473865	4.989125097496317	
0.09129568536003703	0.3637255344146181	0.6651869279867176	1.4424812537055323	2.1061331667968326	3.559089327910637	4.606781615702715	
0.09179219585488227	0.36820840775319835	0.6102717002891422	1.507076943886677	1.8959485388148585	3.3899082399697664	4.378079218104945	
0.09178284928086936	0.43469125246324863	0.5170409733296075	1.6259537314628545	1.960442915266602	3.5754342213605494	5.125241967685092	
0.10289978868472645	0.4156980598788997	0.616265164427016	1.3126264243434764	1.6372387382939722	3.6509813851666983	4.741122575581706	
0.09294927780953567	0.3931379454780138	0.6076631006915378	1.419498313851661	2.0218867049136002	2.3809761138261356	4.363013502606824	
0.10396638441531464	0.3048225796548778	0.5603391659466008	1.2995239182647111	2.23116662264869	3.669723351404237	4.267227315489514	
0.11176384475393097	0.3276870873717645	0.5923137314710059	1.70508491949057	2.3833778693512286	3.3740679376185114	4.862439121514126	
0.11804674930505175	0.3578331598225742	0.635164723959683	1.3987016199139055	2.3639880159385194	3.1373210063890196	4.289433592228901	
0.104719812468443	0.38281554125295963	0.5252572642909155	1.4071259324772323	2.4389822337770357	3.1104776222901203	4.69846517641389	
0.07687737561233711	0.33487890060434206	0.617791058101513	1.3449975615469132	2.2750421994085857	3.32301611603407	3.6569986210560326	
0.10019189681337114	0.41809463430847155	0.5030462116642765	1.4260855945878783	2.459919723843719	3.3147406414872878	3.952018845128796	
0.1065819219239535	0.3845150228968539	0.6156082374414803	1.3778432982077902	2.2308311158955103	3.5488572559859013	4.38729358380196	
0.09499723948659658	0.3786162767527648	0.6987894171299572	1.390360737105863	2.2919620512067898	3.34603914439618	4.853966170418346	
0.09727924598119186	0.3761155190975366	0.7021624476757737	1.5947211332202569	2.0839553302717087	3.4962685887635168	4.4102088975159415	
0.093290363058616	0.31078263124893823	0.5576183185126967	1.354194574837893	1.895573004005679	2.9635921069325857	4.55600860962812	
0.09988441038086135	0.48731794996443	0.49614395824108226	1.4443056209739698	2.30289594639269	3.642490497635683	4.525023742370116	
0.10404134966417489	0.31543896325532833	0.46005071749060344	1.384245865944844	2.0817454460681004	3.641135612350641	4.478780070823323	
0.09097450849181185	0.3992286107450982	0.5211437808363737	1.689454007136235	1.7670817280753996	3.7289925033514697	4.295831559587327	
0.09842391591641024	0.3512328222449517	0.5903962926439543	1.2224258724004236	1.8958901321380182	3.7230753112152932	4.877521848048198	
0.11268074993079574	0.36088256754378595	0.6893156454807969	1.5329614712508874	2.142188483021364	3.8278442432919846	4.353524259338548	
0.0977612774468992	0.41167577667032346	0.6773931449301469	1.4402179101014307	2.45486923488554	3.177545009449441	4.747380975352919	
0.10458912685055775	0.42848070357796264	0.5008659346434783	1.100413931916895	2.4511308056552337	3.1450349926155217	3.4258348490008608	
0.09634796515192343	0.35917167772644343	0.528409018964909	1.3555526953100576	2.2378505689554475	3.4695662113139027	4.472280812162977	
0.09771840542186046	0.4086293099247161	0.6369656583016646	1.4265355739208547	2.2380081020669937	2.9186559309617084	4.640906424023883	
0.10308045005306486	0.43022760769670726	0.542329503739642	1.469219891719195	1.771896020822606	2.8501938406532625	4.1742550473703774	
0.09208969322293424	0.37906358714669874	0.6146669888380966	1.4645165929691975	2.223286269887905	3.302435738108408	4.224874745874763	
0.08164360049732931	0.3667891117412813	0.5413748192316717	1.7759940138234425	2.1824351208283983	3.495456334091906	4.57366967858711	
0.10504499391325149	0.36928427992925467	0.5560157659856424	1.411143685030378	2.4143400853236336	3.029643604616057	4.8034912842721464	
0.10378933762830733	0.3784923471835292	0.6818920642450457	1.443270894385931	1.9657424775436625	3.1191230469837232	4.257798219495599	
0.09791442463661025	0.3493645672085261	0.6198842051130652	1.3809270471286637	2.270811372442376	3.033756633215282	4.3372030908766535	
0.10707395658819754	0.3711304893814719	0.5743130665691609	1.4305989497957528	2.343983107697608	3.1538960161627543	5.4871147716322834	
0.09724470193216657	0.41502207692552295	0.5752693180153498	1.5296274748526109	2.4081939990653107	3.4125742828051373	4.9919131656905	
0.09896115815556211	0.37512491665275	0.6198555668189407	1.437671222602432	2.068693770462852	2.806357695643047	4.71454992603726	
0.09675768934471217	0.3197156090908289	0.609793931956451	1.2760814753102898	1.860633703292163	3.2965574290454382	4.600643696022247	
0.11429875867439028	0.335784639600484	0.6212305491082872	1.4588181473038468	2.4079596282213536	2.7867458269146765	4.905799196885293	
0.08753007606516586	0.36299287946494585	0.6017784119566226	1.5675585132089507	2.2699348587492403	3.5591650393155696	4.811911627801183	
0.10232602473251001	0.3882994346152202	0.5517458235976859	1.3940356857667424	1.9623212549712825	2.997635801919722	4.496517806093658	
0.09345801014990834	0.41402502493178495	0.5665334726158475	1.5114562632170494	2.123288335246163	2.9619764625088663	3.5561942648937808	
0.09706711090502097	0.4350297864082342	0.5568809520040451	1.4437172470530828	2.3855754192956775	3.165731952077185	4.350778826660889	
0.1185872115474155	0.33598348750230567	0.5810226500852669	1.5180681590620493	1.684171790524916	3.347607133881152	4.981486559302995	
0.09691786046883558	0.3419441298120775	0.5313250472747313	1.3405356017378833	1.9859008081662404	3.9351648211074184	3.681791213027137	
