7	53
0	1	1	1	0	1	1	0	1	1	
0.13866556390986948	0.3436151439409465	0.6875801337624292	1.4627738908095176	2.2995216133913994	3.9168535507239524	5.994415685982772	
0.14596431202841886	0.3225658314467439	0.6338225635738081	1.4178950042952194	2.2956491530203254	4.4456380761080085	5.893281697919375	
0.1473144013199886	0.4337928118494826	0.5903307546750478	1.5562637448671486	2.3482056734422163	4.590396900010542	5.959816486660165	
0.1541749472615719	0.3245841604038736	0.5630947657233087	1.7079156717228694	1.9313186516562515	4.796934402241964	6.312282337333752	
0.12529957225526356	0.37265471039980974	0.5609171018980238	1.4022502992815888	2.15460048384721	3.923584042789428	6.155336331466263	
0.15480902522197312	0.36880931966164665	0.5550259598089873	1.300058901633278	2.206808142977606	3.8078820273129796	6.444037570870339	
0.15420618763050423	0.34693573658775323	0.5283953243104178	1.3750785251541318	2.1717055780924324	4.5791778642686385	5.235178597366332	
0.1398000578381203	0.3841297404822125	0.5129016661322845	1.0821894584196505	2.1282195756160833	4.218515879288606	6.216165737442032	
0.1413340524492298	0.41650408465717914	0.5759455692682622	1.3233985117065712	2.1026547100866235	4.451132207807205	6.076500145253053	
0.15100462500414466	0.4282603589911919	0.6655437138519186	1.5787207480410212	2.112896614318337	4.941458359621562	5.803949864957778	
0.15009625578644034	0.3810302378092195	0.5550801903120324	1.4859015718103652	2.1879136185242753	4.514721656068376	5.776459333677067	
0.14845326414304372	0.3481004369731231	0.4643559196311764	1.5302297254201471	1.7774486989322325	4.7116885694843695	5.606623388629787	
0.1262682061620556	0.37210663617343065	0.7024530214312795	1.4238738555697519	1.634114067170032	4.401818404587967	5.973219422605678	
0.1422035645666638	0.3801372111741529	0.6302938088612572	1.6387268718156913	1.771036700032641	5.2072250142892855	5.516965638256091	
0.17370107021468906	0.4091287223699184	0.619866449453924	1.4296390491384672	2.026779028199297	4.543886818405986	6.187727443731568	
0.18430673927462646	0.34566130216379276	0.5777708722537523	1.3797366178891308	2.3789534769934666	4.919217872049134	6.123876693021359	
0.15454862680068673	0.34101302899061336	0.5586231959648206	1.2500863416680466	1.787967621165187	4.375409078181571	5.6785068530804415	
0.1713238244942937	0.3658755121489669	0.5962370370998245	1.299471631888902	2.1636199985835303	4.371708628494354	6.85529306972908	
0.1616790628453565	0.42187550745384117	0.6889747170522713	1.411703810227347	2.331163380333137	4.977790710825685	6.298525965406286	
0.15044296796183415	0.38371516587702353	0.6535725410731519	1.305301048710405	2.1806096280736322	4.042749656002218	6.966480186645661	
0.1394947686992887	0.3337549608826649	0.6137620302053515	1.3582930676334826	2.0916458747572007	4.790884657260476	6.129237970267283	
0.15834958655099052	0.4036644843199387	0.5501421496039748	1.3829570709864512	2.3512031473813275	4.193653034678727	5.362390327673792	
0.15105525915178794	0.4282669248813923	0.6391092109916756	1.1076464269991146	2.229273726889702	5.22782173245931	6.375648909146845	
0.17232978258941314	0.37899074297169916	0.6642502287211586	1.32990571341765	2.383174089208925	4.834478507514283	6.6805679541087	
0.16725699676876607	0.3547376309990597	0.5649642603073153	1.5204515247646129	2.150835690711242	4.9383674932850665	5.65910208136705	
0.1523913253260161	0.40137174743502024	0.58814463108019	1.3617905725723038	2.04562118070258	4.441553653245013	6.82421007587962	
0.16319750389780227	0.402862872981424	0.6850513171412641	1.4111030950158392	2.187076936733825	4.330354827123522	6.46206324095426	
0.1266374199307748	0.31452587380529395	0.6979421071173766	1.2363165021437625	2.1831669939854037	4.372181407353149	6.292699290724562	
0.16389844355145738	0.29682260588596104	0.5732541843831493	1.4716290861772316	2.138837060065657	4.73137943900903	6.224270362875222	
0.14442441612770143	0.3552823237166431	0.5715121566693944	1.435913828561075	1.9679674487301377	3.788738175379752	5.7176882400543025	
0.14351857240334093	0.4163841109129184	0.6085098724616484	1.443832285391276	2.3849278691458005	5.270093167365401	5.817929461880059	
0.15312244119279872	0.3412167436188664	0.6884307197250797	1.376559338870318	2.390319187612136	3.866165681090057	6.831033445424973	
0.15909174591440184	0.350827045394183	0.5748010037371704	1.27343137340883	2.23358939356749	4.257922478211183	5.962674081750723	
0.1497732880236079	0.4298558391914998	0.5351520188585918	1.4786814226037905	1.9135829820907404	4.0992882511303455	5.44908828763135	
0.1387388566599065	0.4245403217830291	0.6207249827168165	1.450099667911918	2.3934417922901434	4.717308219965671	5.465687289493749	
0.1463401114187815	0.37700491305050593	0.588500224308334	1.3602617075688095	1.9555147538070408	4.3995235587045585	6.015065452456843	
0.15765565787508573	0.3561117370395537	0.6447912232203614	1.570450014523748	2.206177287145073	4.711592879462243	6.650792860523492	
0.12870825204193007	0.4224397755164565	0.7085952414639982	1.274114773919574	2.122389211132144	3.545270281349888	6.364495448818939	
0.15695693556305423	0.382285207103306	0.6245915804781055	1.5801330618202423	1.9517555158721354	4.772271170642374	5.529188535329067	
0.152874767847313	0.41352919419481776	0.6397045601796008	1.1927221724375885	2.0430147660681754	4.363754382205218	6.300592800505729	
0.16835359459136734	0.35467074909086305	0.5804110506424788	1.5023428829171277	2.159998870116233	3.146279175191163	6.54626658666572	
0.15042577030480941	0.36743794372542454	0.6596733659152908	1.203105042135612	2.0802092367866574	4.958776809244208	5.526156354693645	
0.15260194262676152	0.3549612140000429	0.6639262769441329	1.618015268768258	2.3660766716033543	5.146693358810591	5.89205324185046	
0.1421387742390648	0.36647753921918474	0.5358434073588769	1.2203715641045527	2.491832962353948	4.638591385140353	6.881996495492624	
0.13686069500021303	0.4251215780536115	0.6147444587782754	1.4246587990346649	2.063328168564033	4.303224800803742	5.856738069230338	
0.1556337748826845	0.36519300863871407	0.6100648109972228	1.545678941097961	2.4191906750647667	4.282714483900344	6.655621939046444	
0.15590993304461367	0.38396932590750504	0.613219589652429	1.3948599055301911	2.1547167548520125	4.283483154878326	5.00196910655006	
0.17632643779012666	0.34964703089191085	0.5693677743384337	1.1976267604138557	2.3830497380787627	4.185628632937126	6.267976087037664	
0.15247040889731153	0.3702855451552619	0.5667287159939486	1.3413732710894104	2.3268728968962282	5.2626055337323	6.486693282154391	
0.1752784475897572	0.4178823893720235	0.5946844674082745	1.3421844824173614	2.4685874380279915	4.214461683805838	5.83820214649772	
0.1460929571557033	0.389521018333813	0.7653425722529461	1.2408887930445185	2.098609286634179	3.8155438194785143	6.146695198540053	
0.15438421894638296	0.3822384487070019	0.6501027516519341	1.3366533764159736	1.961494861462302	4.234699055193815	6.042781973804381	
0.11157789265115055	0.36485609544791653	0.6012096664537002	1.8233583221959484	2.2530694909567637	4.229843437150082	7.242547614988652	
