5	34
1	1	0	0	0	1	1	1	0	0	
0.11097608889794625	0.14651132428660982	1.3671066597659507	2.121926051998714	2.9166388947870447	
0.11395959934558011	0.12639471263013086	1.4561500572395774	1.9806156551385492	2.9053115707025445	
0.09430288647273462	0.1530513666157781	1.530331471087109	2.3195642866621844	3.5758810684973428	
0.09062829245213054	0.15713617264991428	1.6072475287909236	2.2156198214836262	3.1651979934587944	
0.09625934687617055	0.17007300533113381	1.3878123918854561	2.065436428784804	3.552567274193489	
0.09112330603116288	0.15578324632195803	1.421976957946841	2.3688305586087104	4.1678349822385385	
0.10618900655270838	0.17849770020288294	1.366275433842191	2.2914606255828294	3.3034676753565364	
0.12392602332402465	0.16036203821316555	1.4545459045527762	2.087071501594941	2.847278181940304	
0.0978073261865802	0.1637047127555862	1.5773072624622377	2.3212172858136215	3.5482405341729755	
0.10375524800901599	0.16514621282060893	1.3569174923844265	2.0994056054013908	3.0143771807887236	
0.09784947544791206	0.12857736498580438	1.6384642298846759	2.2963187063947186	3.2177541277549047	
0.1090790929620983	0.12781599677351022	1.3878038646423878	1.998037047863968	3.4276065252064236	
0.10482504345373796	0.18115297012603424	1.378641344380761	2.3648715805500773	3.194523065293792	
0.11152399009086376	0.12180398618977871	1.3878563177061076	1.94991171297771	3.43934439545754	
0.09218168904658003	0.1380759351923317	1.6706529182657868	1.871740432261867	2.8526499114407593	
0.12151898599454705	0.1578099499756525	1.4855187202931717	2.1202135786599814	2.8406619397025605	
0.09984638549539582	0.13534299342024866	1.3265159752230873	2.3817092913670956	3.17836348369908	
0.12072824677341316	0.13864259183340719	1.2813281439555988	2.1161817018407887	3.0661220928411406	
0.09716641653305226	0.14099078208970847	1.3917130729394487	2.142284299284284	2.8731778503741556	
0.10603641730403168	0.17633868242480027	1.4617641861510275	2.3459016713775633	3.2048772445718967	
0.115610137911018	0.17104564917105236	1.6052628122030634	2.2803640829617975	3.164054510039344	
0.10808260817896871	0.15615276622516594	1.2754822164126596	2.3297360670817313	3.468713474215553	
0.09223443726191463	0.15286972476577676	1.2978838442867913	2.098873092900123	3.2588234279657433	
0.10356006006887337	0.154023543535628	1.3399722987072975	2.0497091543992774	2.674848281096734	
0.09957822880773431	0.14773321314506893	1.493336724438741	1.9067687076386524	3.09838476629542	
0.10062164904577016	0.14267343484301323	1.5918102687405138	2.3839307121158733	3.252187361420042	
0.11243187504099546	0.1426491093420158	1.6776386944218316	2.1191214762749846	3.1730362582101153	
0.08566702751675637	0.15235111066896143	1.3902515196134628	1.9181596766816302	3.5875220109894284	
0.09900366680347794	0.1602889348403007	1.0623561868424805	2.2601618189752517	3.1459466240088036	
0.10312419646541265	0.16345017798564693	1.4515219930039456	1.805992838006695	2.9309063422908084	
0.08804735416549775	0.1394109634663563	1.4261950280008013	2.099889597561903	3.1765789766984946	
0.11896150986059123	0.16862074737046512	1.5003177834462558	2.3864197824150546	3.0382564438656345	
0.11515405610349226	0.13872755015310145	1.464725875047158	2.100340237593237	2.89268497506149	
0.10977775186887849	0.1487996688536689	1.3666622744164019	2.385970117648186	2.806800827980494	
