4	75
1	0	1	0	1	1	0	0	0	0	
0.0987712160248147	0.37692683599124	0.8409289834915463	1.3696103205772008	
0.11668470481413001	0.39106941698976333	0.854009356554674	1.4773805151126584	
0.08120341166053065	0.33083269761820816	1.1745063714196735	1.6002075802302995	
0.10330471241752721	0.3352982726448114	0.9191381576340133	1.5968262382007568	
0.0974570125066461	0.3558904189541466	0.9426967966989939	1.487178538651051	
0.1012452819375172	0.3785021503981334	1.0650950529885015	1.4686765291393786	
0.08803988099171473	0.34217483003737276	0.9520701406241859	1.5877920706655106	
0.09674069232095901	0.4035736822451684	0.93391245206711	1.2710785024135451	
0.10655555523029828	0.37579467639733816	0.9501198270449521	1.3469339093125519	
0.10172043727972946	0.3341776536706364	0.8465573595905688	1.5986116551178282	
0.10172148962528837	0.3542421600239267	0.9140588098902404	1.4368903424977943	
0.09567531978044876	0.34903639857872987	1.01726961345969	1.3022932598803683	
0.09740129545100384	0.37727112208906216	0.9633179804434115	1.6380711246373687	
0.10910480445487006	0.3487292040870651	1.0194098953148623	1.1538718623458415	
0.09643716371169085	0.4023032348987075	0.8632078940954907	1.5595203962627744	
0.09495879571429067	0.33698753998241965	0.9461565670576682	1.3549536335359118	
0.10895177194490094	0.4049720075363322	0.8351918964117561	1.3039208660531147	
0.09967735178772377	0.43127787254482086	0.8797313928766908	1.52584038265543	
0.10470586570028012	0.40617313923381676	0.9294619609906217	1.180215781971769	
0.10746269147845396	0.47092247119425945	1.0320905745558	1.3724322224529157	
0.10919314805798191	0.36031581731480905	0.8195541126424031	1.4603042591699236	
0.07697339560918116	0.4145870121770596	0.9974528071476533	1.400251470102231	
0.12169762842017347	0.3661318953229886	0.950531224313408	1.2659191134886738	
0.09807204412283592	0.3395696488728308	1.0873997851706598	1.4240251593002082	
0.10535035921091299	0.36086038184711383	0.6960421016374463	1.1825552358646567	
0.10141286543993706	0.3731127588675997	0.9186412709854792	1.5065896539769057	
0.11575357446821594	0.3872697017350775	1.030607510603279	1.408378777167347	
0.08710897580185713	0.4548674625531475	0.9079493367264507	1.248381869238931	
0.11928909718622838	0.41295236030886906	1.0275736782632503	1.6633079212001904	
0.11111373928198685	0.4382668105852808	1.0970283976448816	1.5405715308443493	
0.10035680283236029	0.3523126301115024	0.902332443604115	1.424495131601153	
0.10452090727307262	0.4540495481778356	0.904690720868757	1.5056368061880165	
0.11195824109202812	0.382141502834235	0.8374533703340438	1.492221759229233	
0.09811931835589781	0.39557804640653993	0.9714406543997552	1.340931411043743	
0.0866037812489868	0.3626303558694896	0.9704805293664602	1.06123490974656	
0.08957298793317608	0.36590145998629287	1.0241492334596523	1.1242089360415872	
0.0860795325728097	0.4036630362432881	1.0410132766936644	1.3850949804317307	
0.07996566557515228	0.40669215349876153	0.9205724060727735	1.4118135057961694	
0.09396049018270687	0.4153572666339307	0.7227276645317466	1.4518411749600861	
0.10549685617901279	0.36713034234149633	1.1352321853395773	1.4968161501075903	
0.10697758927752495	0.35892816966823976	0.789011771579686	1.3256549439435334	
0.09222012325915559	0.4279331712142495	0.6935129067087661	1.6180587427621433	
0.08795519476674411	0.42008683537437697	0.9660254973498592	1.6014492139290433	
0.10062345636126135	0.3853865985618885	1.039809659258177	1.4344104211012862	
0.11398259280752372	0.38033358936869177	0.8394800831399326	1.5970904665221584	
0.10186645754021016	0.4561302077565893	0.9341589926063556	1.3575861307868144	
0.10169600825683611	0.39978790018108107	1.0224937155235712	1.3344928514483698	
0.09751312178088521	0.41568634579034974	0.9189638417187895	1.3805036611753598	
0.11258339294197472	0.4037297276208095	0.9455884190669377	1.6207673437572638	
0.10207497843534151	0.2576858015218872	0.8326862360344311	1.5309198834978817	
0.09235611564943685	0.33754605350207606	0.987005402872537	1.4838499286890545	
0.10679843148643971	0.33678323852817416	0.8758430874693652	1.3614483538779163	
0.09901527966903712	0.4049584313155221	1.0459811780020078	1.6770786106224826	
0.10826445805408705	0.4491246256117442	0.9755831517234087	1.4125388685951619	
0.09948847310921452	0.4046905089250074	1.053213808201506	1.2366620940781723	
0.09983318191051056	0.37106124758218256	0.9775518655550731	1.3320080789321667	
0.10540922646656135	0.3564924777817205	0.9826993728445811	1.3954686264948313	
0.0789023902443351	0.3302534154190358	0.8693244077764615	1.1488772163803531	
0.07988944426527816	0.2995166002513606	1.042624625490355	1.6590392553588913	
0.09670375905539313	0.3782536578478069	0.9399006576156861	1.3106315608632384	
0.1099554851387983	0.40060328331402206	0.8542663800962791	1.2101775648864033	
0.09902454622941116	0.3890930599440437	0.871165744965721	1.4060317440727845	
0.07982079106967398	0.37314050690385775	1.0442615362358838	1.4318468892594622	
0.11021960968309492	0.3071982686420289	0.9410500921077808	1.2957754183755088	
0.09721524811052443	0.33511035615138257	1.0597700951601152	1.4483022004375905	
0.11496505007612688	0.38480732014753066	0.8725731426780418	1.1916158126905017	
0.10636967720438016	0.3714926326201578	0.9358762106652228	1.5385431225771378	
0.0925967244703759	0.354660637017784	0.8620637916474222	1.6279353063450157	
0.08748747354391682	0.3217764367460576	0.9852415583144034	1.2808420916528984	
0.10481997162089583	0.3375701627755188	1.063908980289824	1.1817014149240408	
0.09039972598524744	0.3095263027169097	0.9288762278028718	1.3960874637647527	
0.10126015811063789	0.4028754301755504	0.9397197381268526	1.332189368734469	
0.10593926352582295	0.3534191360987434	0.9648352851459949	1.445808760276702	
0.1059497532615805	0.355483605655365	0.827301908323365	1.596333871970484	
0.10008768411091509	0.34140445246489426	0.7352000661575415	1.6535147369676577	
