9	21
1	1	1	1	1	0	1	1	1	1	
0.10807300379351531	0.14819348634235607	0.4339074121771111	0.6163127285725402	0.8868074211928759	2.2650697071509667	3.198148685561434	4.4098370276237855	5.071215585122889	
0.12119876858291362	0.1292857155123314	0.40888794687544566	0.6117159384839338	0.7771890175280469	1.842809742328077	2.7090787390685875	3.802318146754512	6.569827329794748	
0.10735761841712943	0.14362003387504338	0.3957071387623601	0.5540860304286409	0.8308046095001764	1.725111732919315	4.053067633135562	4.020288972165043	6.450490680432044	
0.09829361655446855	0.14771298633131089	0.3363451791030767	0.5971977554315238	1.0886336849348408	2.073809187699299	3.3022818648882217	5.321093133868633	5.261420821180526	
0.10094223363635307	0.1478782329674065	0.40921401995117873	0.5983589905645007	0.8610393571270163	2.2350002168670184	3.142299727040822	4.446607047165319	4.596037728658347	
0.09035364188462808	0.13424815371930393	0.38256649716271207	0.5833936652179387	0.927867299090963	2.302886347510556	3.224310128506931	3.8335710921156174	5.95768811333513	
0.09852041050045514	0.14590942116374758	0.3849825836153791	0.5572087233328841	0.9117550058139577	1.6964601816289981	3.142995606374731	4.152607008155961	5.501021179853694	
0.09194006248320848	0.15571285320111702	0.4196027014258946	0.598997627586258	1.127216955853152	2.31719507236535	3.80453794882042	4.903858229620565	5.497096485014743	
0.1096786234031748	0.1388480287902807	0.3935284546395066	0.4481945007381532	1.020477685658494	1.6575014962971266	2.961897524019379	4.568340192260836	6.060311325639539	
0.11124405761977672	0.15854970893764964	0.3633327466743486	0.5968744689377222	0.9109475428158128	2.2321209511071967	3.1753375235927015	4.244973433237366	5.362992433100398	
0.09164953789138602	0.1306149670050776	0.32124759590443996	0.6371090021328891	1.0019349627723992	2.6740351045111703	2.9763560099781037	4.680125080446694	5.966939815092031	
0.10079448967593052	0.15528245792717912	0.40879632960687895	0.634918712573265	0.9143849471777451	2.2340094164818325	3.6643444363542206	4.372079691182748	6.4295334212579025	
0.10013826552816729	0.17695207619288883	0.37315730911212935	0.6374774142978573	1.010196895070846	2.1324633647686864	2.6929926484944944	5.26289799414672	5.876138788220851	
0.09284854408254015	0.13526275558275663	0.3681836718692374	0.5472339105428274	0.8570363746012657	2.4638817150526697	3.0920301316208345	4.290148701867533	5.361444002664394	
0.09670658385499042	0.13946863544635474	0.3873331472264925	0.64712068770212	0.9762260674786124	2.5514998891613505	2.5256655319531767	4.11081826637656	7.59010636183493	
0.08823281532128491	0.1539976838566913	0.3770309755603098	0.5011319483447441	0.8125317715553669	2.4826624026578092	2.8727951685256707	4.641611152445695	5.9056070247723875	
0.10247155520914185	0.14311633906875845	0.34561839321205295	0.7213023556480184	0.9181973206804849	1.8079202360719584	2.9854435292599923	4.431741596247019	5.814703842593239	
0.06253714881756431	0.1634771402712439	0.3386016495964372	0.5748935796932824	0.8139236197296228	1.8393560189773215	3.0771326074055074	5.874634186849918	6.228985904604192	
0.12115931554523413	0.13409300567982557	0.33052994254706053	0.42624678884559547	0.8111766948349093	2.4037221652080487	3.3801786001309972	5.122585352030759	5.824856425335273	
0.08573921463352863	0.15797123946208075	0.44960984970840023	0.6925528472448347	0.8330018731110478	2.487604997094514	2.9394472362360538	4.496606820864066	5.066404563728497	
0.09231736985464327	0.17291313325661847	0.3719657746530376	0.5976884774838076	1.0374925797379297	2.243606549393562	2.6465212267914913	4.421785293459398	6.2981256212150445	
