3	58
0	0	1	0	0	1	0	0	0	1	
0.42487302426136464	1.3951793143111744	6.538215579806027	
0.3343769985493388	1.3278837604202272	6.282940588585888	
0.3777255366246295	1.392799446609971	5.286788599236093	
0.41650900595065693	1.1939661638909116	6.526003381675974	
0.3819359891949432	1.439513247092347	5.9703215146902835	
0.34714642225505793	1.424991756681874	6.219376145627775	
0.39566052793951456	1.4157106000662834	5.932100112566832	
0.37541905598106523	1.3933606695220662	4.941175414768904	
0.3602214074697809	1.2814517945606938	5.902797136294038	
0.3451390544276241	1.4793218666990062	6.7129666282440414	
0.3678507860132767	1.468926123763051	5.716109514402185	
0.3760750846319052	1.6245900219402303	5.072845250526744	
0.3543778358044057	1.445102862869561	5.899820554630122	
0.3657458335489162	1.26125145526732	6.259503956348263	
0.37616282857444994	1.5219382232682992	6.623450428863096	
0.37840599437358596	1.619571968751121	6.627255249460653	
0.3634150351297433	1.6394299568288884	6.393639838865683	
0.42856461105768423	1.1684974495603182	6.402232786082494	
0.391842278987741	1.3131743794937787	5.100819665806729	
0.37428227280447685	1.4371413745168546	5.647042069394124	
0.35149359226434274	1.3514685086125755	5.595952680008692	
0.415378241774932	1.3151327533704202	5.012940500174218	
0.40985905315937865	1.5607276094965983	5.927789064957068	
0.3371475690845035	1.1526873391161572	6.0208914696678235	
0.39948065010180106	1.3137655063979328	6.4812141786538255	
0.3255996453978094	1.4402241858411777	4.779624322482759	
0.34394348572308103	1.179440945405383	6.3384693693054395	
0.3929607774705135	1.7801926369994852	6.116556232068447	
0.3636689518008699	1.282517638283419	6.591484129494579	
0.4804293782458417	1.5742871653140527	6.127031223059411	
0.3826514987118436	1.1966802783320634	6.527864572934032	
0.35270964770013397	1.258173109074954	5.887684605446015	
0.35039771727248686	1.2978886368212428	5.706661047624042	
0.30815703639965747	1.392749560153401	6.1446108875163095	
0.3423946268219987	1.622651878489559	5.656665135190487	
0.339039351432289	1.5468211638910356	6.038704200784465	
0.43099114065773275	1.6598553728792216	5.171129260236245	
0.46460026067189525	1.093726651984128	5.239033152445462	
0.3292036073563595	1.6228507302852515	6.311442899092498	
0.39050155709787787	1.0854200459154701	5.986382531635021	
0.47265152825945317	1.503726758374069	5.80311297738574	
0.4210885051676311	1.450834585700789	5.700055488138758	
0.3541865971205766	1.5075490478692006	5.831241071438691	
0.38634912762868673	1.0977085728587928	5.93431658693358	
0.33971452133737523	1.5783167499327424	5.36454175335738	
0.35092120255830134	1.2366171849035437	6.497359374574039	
0.3996461600272099	1.2731974792562195	5.4444397562547575	
0.41012404774630223	1.722138186292769	6.268721889467098	
0.4236324403609531	1.3922485807307643	5.36257198034646	
0.3736360933224045	1.5852809049831205	5.660257986756133	
0.36683596990401496	1.7481512237111965	7.058323509781417	
0.38544453068597684	1.598653368181417	5.286687022261187	
0.40526788747487913	1.4452766179894938	6.252908570992901	
0.32890992066457525	1.2083518021992323	5.663758373252006	
0.32805570932231193	1.2942312761291497	7.551585923699998	
0.4268001206441476	1.4795395262692073	6.270099228744979	
0.3958463158515199	1.4026970582019536	6.194139646096081	
0.4159842596829625	1.397002398835293	6.86629255988481	
