6	52
1	0	0	1	0	1	1	1	0	1	
0.10509103415952088	0.602271527268604	1.383110939969354	2.356081230078888	2.988872464100343	6.234765069215003	
0.10063811994705352	0.5112954116684724	1.3562218444206333	1.920365767231264	2.976185270340762	6.450209952476165	
0.09501176173475406	0.6816957534583573	1.33437638431295	2.494375225384462	3.2051837560533816	6.862570821703478	
0.09614991502084148	0.5525998947083801	1.4162372999741675	2.267025202218926	3.119832693641119	4.744067137554539	
0.10429643222576455	0.5954981662512174	1.4395407958289554	2.330592301022597	3.231694669363564	5.663816699823858	
0.07140758554819959	0.6663396770817321	1.3833364185878236	1.7731593244937853	2.8553069044481325	5.839911365275415	
0.11307065458323165	0.6488662180192749	1.315768140267137	2.337093416778172	3.199154713651937	5.6745669895981665	
0.09750162626779524	0.6482588921828285	1.2178306121170557	2.326693789563154	3.3813853240607843	6.121528382350329	
0.11043985898645255	0.6100248362000521	1.554070085766519	2.1551608340652533	3.110992500598047	6.348604600007442	
0.09583966932578637	0.6264213528422566	1.5996548735018938	1.9014186976207654	3.4049435069317666	6.645102722894542	
0.09759374171850031	0.6412820374295984	1.4988229834551068	2.518211561830722	3.491019163324724	6.027321832184413	
0.09235940806698924	0.6757012820042225	1.579641901374919	2.2197317028625334	3.298289539148045	6.41258003097321	
0.09493955493751426	0.6777056021733262	1.3813066678782726	2.0765675858513033	3.4844299109069006	5.385785914782816	
0.1063240766598405	0.6495479026344748	1.3098564828382742	1.9833538221342335	3.526453094287789	6.781135355204882	
0.1277720688452662	0.6348036888381052	1.38724922902485	2.004680288874506	3.1006860699405423	6.469222223584621	
0.1172481503191652	0.6124655105078652	1.6028323024170628	1.9986461920689913	3.3187153258284745	5.875715734255037	
0.11347569442254582	0.5575041511969514	1.4140100369609194	2.021115610399365	3.0939078488996006	5.835526127945401	
0.09816702134970151	0.6451652621552431	1.2692242840540304	2.1422942510614704	3.3966260555835186	5.40271144821469	
0.10589176552503883	0.6218412398848842	1.3396111421304004	1.942628068276713	3.092270782832592	5.133754692587589	
0.09715041003007596	0.6735411602850486	1.4678662449038333	2.322795164760226	3.52983797460829	5.283626349879022	
0.09433100911118937	0.6080581305559857	1.262293912523811	2.3752003947654847	3.3547451551242244	4.909078431458562	
0.09853032904501273	0.5167935300626904	1.608054799121901	1.8114746413426595	3.649120567897304	6.130157130164848	
0.10481394767052264	0.575227858462384	1.7666267954745767	1.8867332987113639	3.3929800934383847	6.775396475213285	
0.08126451767051796	0.5278774950544367	1.2906845779842753	1.9435391674243991	3.4424958189990185	6.186460224424376	
0.09286427390880453	0.6387331991666313	1.5432508429283884	2.0948111624481354	3.7023147994362584	6.910654869347127	
0.10426430080829074	0.5782010681586865	1.5045057140221987	2.36838144382883	3.079354096131996	6.185101800981549	
0.10366683688565193	0.6370864786386048	1.4207446291424417	1.9302707887203896	3.3627087149983264	5.0958869807204525	
0.10016176964803102	0.5329364652697557	1.6380819509129707	1.9808985023381767	3.299611046075009	5.531367019710221	
0.10136572369410404	0.5724476801631007	1.607668956698407	1.8336465220249887	3.0233220777679053	5.571512873286582	
0.08816496656807654	0.6045396614298358	1.3982930347067413	2.139051475078154	3.3972421351721254	6.270353837476223	
0.10838378559856308	0.6630014434524228	1.5394514947252962	2.4558904028494055	3.7213104956225154	5.029663451885977	
0.09770369301898447	0.5727682368539598	1.4547772832949437	2.4751249712493233	3.1592210901691544	6.5661220329452785	
0.10706180066704829	0.6373249938262524	1.385626822404095	2.4217275434132266	3.327576660803308	6.957660891292103	
0.09552822150599662	0.5295602761241889	1.3078217359893258	2.1036471219969664	2.9353465571640096	5.420314782997147	
0.09769009095834152	0.5330462638669393	1.3235895667455002	2.1641408165716225	3.5532063411671686	5.850315686859692	
0.08591388085381488	0.5595258625700256	1.5276295841778782	1.810943366773945	3.2002408321831464	5.686117349750789	
0.10598581277329691	0.6543670311991684	1.3264470741485768	1.8983387356179198	2.8683835932878283	5.889107592736761	
0.09492200032549734	0.5717889743599096	1.5709306309982873	2.0767421492102907	3.3606277441906314	6.5521794596113585	
0.1137916302353214	0.6066032948694432	1.3923499893537814	2.3198755363198744	3.496398858552234	6.060341812620527	
0.10080664160057456	0.46000464129973706	1.4084161098137162	1.8414198434320161	3.406998884727383	4.736121109341214	
0.1129944737450732	0.5709647921533214	1.3722946975286316	2.4829782809045313	3.372571420728208	5.768048993544274	
0.10810845378958436	0.6199896524949242	1.638782614804387	2.220624655676224	3.3487177423629166	5.625737312565297	
0.10122732072653394	0.579969266231446	1.3712777474755924	2.038389017792136	3.0877680416179154	5.524783438802259	
0.11404456568140003	0.576209272180425	1.5091045138323262	2.2538375413435423	3.7670961404939196	5.757474484177382	
0.0909625749763836	0.47324476150109296	1.3828088371905363	2.007137094337722	3.0014825108367402	6.181868026474512	
0.12527209107872525	0.6151100297056389	1.1303014276118195	2.1349661432750886	3.4261203460349994	6.197238406552881	
0.0916285712317983	0.5359440986456886	1.5712625581896134	1.9669201393324272	2.791349381136926	6.688949658818763	
0.10335483366956454	0.6056627694073331	1.523272741190404	1.7375446939987822	3.110134047357524	5.513889470804067	
0.11101732850757738	0.5651381521516886	1.409373942280762	1.9603594997575706	3.298269759487487	5.45921594052167	
0.09705130551385198	0.6373220228560806	1.5048086114697283	2.11492259120352	3.1433872807859076	6.197241717740853	
0.0838096572275854	0.6443605072710837	1.4446162924243182	2.3726414796331485	3.272463256813208	5.755354037754221	
0.10664969223763793	0.5725836816088699	1.5618592085577185	2.147496245080005	2.723595081580626	5.389388032167531	
