6	39
1	0	1	1	0	1	1	1	0	0	
0.10765127638192269	0.41369169504491204	0.5843427014892808	1.255491117711583	2.059074961516189	3.05865022316542	
0.08783619793031171	0.3677044623940791	0.5343544953713278	1.398832388780955	2.0413173711934767	2.8745896661384016	
0.11733025756356162	0.40067087977633997	0.5643998186247015	1.5307653268143224	1.9050607730531692	3.2490524443411855	
0.09801229470980628	0.3639449927104259	0.5542836294344111	1.535310788134525	2.50969167603119	3.093470286550085	
0.09736068865488387	0.4478283030008329	0.6421540687535463	1.5953759401514933	2.119905661581635	3.3012696311358987	
0.09704500684479603	0.4438730442887825	0.6115971559386044	1.3836302263403124	2.5225369138268543	2.72470861839675	
0.0927103046389714	0.3734599761879434	0.608114268031206	1.3424584187616058	2.346371600682576	3.6750822772638996	
0.0913679008022186	0.3811277188866351	0.6044603706580707	1.3580136835736871	2.1484181981850314	3.072463763571701	
0.09141368840276523	0.41120043707283427	0.700538126693737	1.2308953233247306	2.243082009121512	2.5454793416352204	
0.11075126124736615	0.4109593617753119	0.7160719473061495	1.5393494134287022	2.528761943808017	3.282667757849335	
0.11840024073424338	0.3438680485818368	0.6259286716970386	1.5964394659708276	2.1307989211684077	3.4877251678923247	
0.09571431201173423	0.35168759982268877	0.5717903505786707	1.4233246984888643	2.2384847881440213	2.881862252504523	
0.10557540868874704	0.3791117063036496	0.5520912956828601	1.4161319870769813	2.630253137050695	3.3685384265995904	
0.10768992052826304	0.3383383182562421	0.47569138466297733	1.3665536372308984	2.196722437261286	3.1620084135192483	
0.09392815897119766	0.399545798053807	0.5670293443978498	1.2807639272766123	2.1815537617297602	3.192734266838102	
0.11232465180078488	0.3177079879162545	0.5937426191350563	1.2046975882022228	1.9576344211251637	3.697373819735583	
0.09202509577492698	0.320237983579269	0.5810656548230235	1.4360692170102118	2.160474174354363	3.3585517334403967	
0.11554241300154043	0.3967438200645995	0.5622390500421826	1.453491653829767	1.7612248076321477	3.1713516495604432	
0.11308983200463159	0.43196694882065134	0.6600200511699524	1.3570168186901632	2.321528965293386	3.0356534183035513	
0.08351517758726672	0.4658551564221201	0.6027033966768237	1.621440795590741	2.4265305057638766	3.2607621129547955	
0.09789603396318056	0.3620188811141242	0.6482634956540886	1.4973886225456678	2.20760476929526	3.3216467967498815	
0.09722530913121771	0.4144696178769943	0.49598038590480664	1.5792974832473268	2.0162155926219323	3.588284332801039	
0.09832823719116092	0.368219954036165	0.6351422333093386	1.4507025957721376	2.479254158091018	3.1566398994842286	
0.11004970244021134	0.34044350674407253	0.5458334315531059	1.672433019615041	1.9070272138115028	3.2562186471988674	
0.1093764529019226	0.415401217193259	0.5521387410470012	1.2233413834939073	1.9348031796336767	2.8131264512367853	
0.09974147273482531	0.3714096087953412	0.606421487574086	1.3641018883611107	2.1746948351897797	3.4642015388050655	
0.10816721640621962	0.2914392318124747	0.6269157119787491	1.4226149353308688	2.082459511414431	2.9440574049831647	
0.10037280956531094	0.3757360861323667	0.6702811660504312	1.3344457672074708	2.0265937311483433	2.8539306755192797	
0.09353067736026503	0.29568088336545967	0.5931450860366546	1.5207489035283286	2.19131068287417	3.6492092014375612	
0.11309601902102023	0.31008334179527897	0.5807898253569801	1.0538678406814845	2.21918891659795	2.7680839317462915	
0.11742350590927145	0.42639309634681266	0.5559662283363062	1.4422143424414304	2.2414759073758916	2.8297339678162343	
0.10873625887090442	0.42171305171228624	0.5535865144608639	1.560459414148519	1.9297554723876946	3.4324863418016083	
0.09733931892302042	0.36076700491583125	0.6155280414570162	1.5931429282520184	2.0528035509140548	3.3318189609025444	
0.10735666913901015	0.3688403297472854	0.5601919447155558	1.3056687950933277	1.9356712988232703	3.0607398880688925	
0.11795090332630608	0.30837677858525275	0.6276265994200533	1.4261119019091946	2.020842719517366	3.049110100730302	
0.09712568924256192	0.36763713828934447	0.5987924314531156	1.682763338015569	1.8373518224045853	2.7266939067134945	
0.08873515077942117	0.31744818362234467	0.6475412134106086	1.3007744358168096	2.0899617640944013	3.8976465539009455	
0.08819603921883913	0.4217028293094949	0.6179583545974913	1.2874997049211465	1.7732180725688984	3.2413204318683557	
0.10703645959289931	0.42213135330808355	0.6662544444470891	1.237544143864043	2.618163509384524	2.8720999016359614	
