7	97
0	1	1	0	1	1	1	1	0	1	
0.15479367922805076	0.38816415922606956	0.8249551906797553	1.1927446280810272	2.1997015706092724	3.013467246164195	5.388107382642619	
0.11165480873122054	0.48134903043390453	0.8825649562990757	1.5669614922643813	2.2257201000376545	3.6676811900182047	6.914866009366024	
0.15577137633812674	0.42275768223312876	0.8513692082500707	1.464893170225792	2.372709307106636	2.9690804124863495	6.948920994818723	
0.1718533492046376	0.39046808671796757	0.8888983318138515	1.5587370199417125	2.1663894219592885	3.320150799042703	6.5527240712677015	
0.17430993144211215	0.36220083127244257	0.8046343411406941	1.5153613439755012	1.9607474626149495	2.733923607984664	6.241131562196813	
0.13293575569601865	0.3694456612979162	0.8564999266672128	1.3710515385456417	2.1083396206814884	2.9178743381389283	5.571643687983496	
0.13849829820318627	0.36746032078834584	0.954597547615746	1.3757576438780543	1.9949122242919886	3.5193207972540796	6.468303903265038	
0.1396378896357181	0.3497360431595153	0.9835348170418455	1.5973319583077925	2.0252198872384004	3.0739875358713546	5.338158854577422	
0.16651878264642764	0.33041361907014766	0.9609479049729723	1.500866975085074	1.8642285286658293	3.5075997808827153	6.488153903463342	
0.16833938739889678	0.3752627734740238	1.0038567340345135	1.4813049907695621	2.167378634947138	2.9383683490745764	6.259999792705976	
0.15211185109337472	0.4135729789273818	0.9457122261612083	1.625445706238306	2.1082824700434455	3.4577722871723786	5.665533269299522	
0.15688290727761994	0.3491404170007114	0.8458257339931412	1.6630104780204522	2.5162268302687734	2.8565585335447796	6.965342990828008	
0.1393820704717485	0.39312207788397735	0.854923846196111	1.5174881196497854	2.3020849531873764	2.975679052725551	5.966571586162392	
0.14386597728788864	0.33859207072387315	0.9002348966925072	1.3831462349665065	1.8982564345435757	3.4858655026778944	5.6927063671825895	
0.14907884750215686	0.48146469683851834	0.9580850681218278	1.2391618807394715	2.37267706999885	2.7499800857131533	5.818901092628151	
0.14322270435831275	0.4008788444996131	0.9645970163666757	1.5602441711982529	1.9677704075305933	3.537767763978431	6.536024419638208	
0.17222250823638213	0.40421684521031154	0.9817877763906295	1.5204826076221674	1.8221420137298958	3.1722424282544073	5.962418290119809	
0.1890980042195488	0.3923455865310416	0.9849244172709218	1.3576812699508243	2.38044823289106	3.05698496795827	6.881807039615474	
0.14268200237613468	0.36969858567960573	0.927392816086034	1.3983185804673417	1.8734254116813243	3.504952792275292	5.48062089039068	
0.1496012828359129	0.377197504990772	0.956841023438404	1.5689303460052426	2.297370383652948	3.5565706467178066	6.741815164983852	
0.1420667665555921	0.3911149946565309	1.1118483996653628	1.7887289767570833	2.2971394011966884	3.2409341689361875	6.321995626866656	
0.13305750706268304	0.3717309595815349	1.1669419149104003	1.5095944838792552	2.2576149689681375	3.32077950724518	6.897599938247316	
0.1471791304263572	0.3699032691813806	0.7947081884545042	1.177925802811307	2.226051568836187	3.8117060308619104	6.2549091536062615	
0.15641464795031387	0.4084802840829441	0.8615165272404476	1.393175028156637	1.9805740049036462	3.384796783065492	4.664210079538539	
0.1786423527677059	0.36500207975860344	0.9230246643824824	1.2742740684878844	2.1110575916532204	3.140753743801667	6.670949099536291	
0.16074518663081136	0.4143008892623936	0.8860450101884022	1.4737286361619524	1.8373275915527494	3.841100856281135	5.4701319434485605	
0.1372799584361603	0.35988826075031183	0.9859722976149135	1.5644855146976253	1.7223855233638303	2.5723368288492257	6.904601451354434	
0.15348234003427672	0.42466310161183224	1.0374488440796068	1.5825966425563713	2.605001999114184	3.497596935683327	5.845594136407415	
0.14439667994440505	0.3879084250062568	0.9832402163103925	1.2090184727321374	2.121113074297778	2.478571893693696	5.761062248577564	
0.1816571171559108	0.36654647826991954	1.048826075299394	1.1886473821673982	2.054489344921779	3.6948600617060796	5.8409670913408736	
0.1640562067169673	0.42696769536417833	0.8445444744746168	1.461179730952143	1.824348317336482	3.030738220355116	6.313017545611728	
0.17931770775236575	0.3547986234981197	0.8940546618159386	1.394501322581271	1.9617286146456199	3.6916052432661934	5.741100492023836	
0.1436455601403084	0.3903292400951505	0.9151382128950466	1.5708785607730447	1.4701803328728116	3.7304841517396317	5.9863805636686	
0.11891133311529847	0.3358764964554737	1.0423615058400497	1.2880539278891492	2.075186243910453	3.312780873141333	6.755825521084054	
0.15396472413739185	0.3495974431956086	0.8606074030894992	1.4905512527274336	2.3060748490439296	3.568776443460558	5.71334498191133	
0.1454565132573226	0.3656802882424072	0.9791099539275244	1.3355496031072223	1.7490113611530047	3.1507245269602593	5.897027295185439	
0.14592286543883284	0.4054557522185802	1.0232479932156808	1.53763225545178	1.9294330815955054	3.3946884283621124	5.865634373744999	
0.14276877188335657	0.4386087444255824	1.0095230423147183	1.3600237794703067	2.490147663625834	2.91542148250373	5.99577246214878	
0.16391276383030537	0.36447402098629833	0.8227773682077303	1.5053445213308705	2.169531994773806	3.1499968126368714	5.314018719460134	
0.1592444538871031	0.4264731086807413	0.8733600230420284	1.3455666697691033	2.2701026108290474	3.7091314290517747	5.300716731317197	
0.1356134194296471	0.4130399575959118	1.0113986646101627	1.6974118079720253	2.262176226773728	3.190823273820612	5.479261017704713	
0.12876058704361715	0.39438028252803353	0.9648013394231787	1.4677351643646255	2.4488137324562897	3.392481015761115	5.916366296586551	
0.15690607584903465	0.4318490757706279	0.7542101894307693	1.362776383103285	2.357708854343984	3.466061157769975	6.885522773183606	
0.1615361647991265	0.3589783820277771	0.8004852682109262	1.391447927058182	2.6152569498932046	3.6957752414602765	4.90224890588947	
0.13818105063002314	0.38357408140954163	0.8318203464675361	1.5286782977728728	2.216059870280514	3.1448437354430285	6.5446937405534	
0.15208566908485585	0.38192035673995145	1.1297982073229254	1.6011197489098061	2.251249042822407	3.2474875956930824	5.866531054737739	
0.13346366422934913	0.3382915413293454	0.770658333812077	1.632860702684296	1.9658513900572292	3.4127632692828307	6.64346849913628	
0.1351209228486635	0.3855154642151354	1.0133326253629151	1.4514002256316116	2.6699156338528622	3.313280353276535	6.093887685731339	
0.14476427954569285	0.36701368865997125	0.7278369189551458	1.2029639443443065	1.9472135770935939	3.2416102700081146	5.678864697307993	
0.16765044315215388	0.3794278431994105	0.9443694350272666	1.4224015046454375	2.3676678741886996	3.208140471249792	5.7329522508650905	
0.12684000703445072	0.39162218614246275	1.0553740363382964	1.5351770125733382	1.9819804701859032	2.800301838168183	6.498353790646563	
0.15173897484984064	0.3204627071871385	1.0008857347056543	1.3038741873076451	2.230460393284915	3.0614138939245947	5.7855460629906394	
0.18336801950810724	0.3529176012336159	0.8057020780073977	1.5385289498522694	2.5314501741024893	3.68578260354769	6.049609343081132	
0.1542097044850526	0.3878602467969307	0.9264048400892415	1.5367359600865818	2.4728407091349567	3.290246234007393	6.052419019330675	
0.14632782979928763	0.30443014772557614	0.8339763382284794	1.4650674123327867	2.4056963151475856	3.6135545591491143	5.665435568220476	
0.1589230830992616	0.38380154495367075	1.0076241926910332	1.3020480032682435	2.0001502407602723	3.5537033680159733	6.069264585250998	
0.13814586567118384	0.3348380721884976	0.9317004211841782	1.4715421103790964	1.982575348248665	3.2921649622121745	6.034267962192812	
0.16077636409015478	0.33807848990363865	1.0317085422540797	1.404335360050175	2.000468677712219	3.7427144947267554	5.422096599240137	
0.15201277905955293	0.44479530219877284	1.0420354244457406	1.363385108236598	2.1898897732252776	3.35991684960399	6.7558454433893935	
0.1510801697489755	0.3537284503287414	0.9635699479267348	1.4978749745628872	2.4854432223149288	3.1954682696756964	6.382374471725351	
0.17339341116189416	0.3921097071661664	1.0064938728733572	1.4471783485136698	1.935512509573688	3.0995661899878	6.5395287995267335	
0.138311595416931	0.41613026690524685	0.9778418486991489	1.4115779660295924	2.189001211649227	3.617732073211259	5.818396879923101	
0.1312936120736907	0.41271686548224495	0.8541822899243362	1.4797959473815063	2.0287985090403216	3.303018074136509	6.790245920843567	
0.14867204079124322	0.40038205534806887	1.0575983881891844	1.6024515985504082	2.377164182510454	3.1607386266971402	6.9032715760043235	
0.13235477222273095	0.38397707106556134	1.0211758327590195	1.4395655966873124	2.2141690864465073	2.5556132244958993	6.483975201402609	
0.14428457574313464	0.3565583119959815	0.8680341666437011	1.4688171591005772	1.9457855081910933	3.069917053707362	5.166103885955033	
0.15067935989409736	0.3780588411899002	0.9374063264678955	1.3901619073360088	2.297611148933897	3.4254338324374682	6.365281822698082	
0.14885707415166033	0.338238204049092	0.9267107267311248	1.6791880555839322	2.0578094566920027	2.6402787798655876	6.75195256408243	
0.1405804579425417	0.35943525245880026	0.9928825850819956	1.526783687547081	2.2892868458694595	3.218211926485553	6.690220230802769	
0.14104578472575632	0.34405085645722605	0.9258588711253658	1.3920026839592368	2.203503777844771	3.086342870542641	6.336204398578381	
0.14494884419396276	0.3651843407616441	1.0735522771483517	1.4581010478568157	2.1722528189689103	3.0399101842124088	6.82241246547833	
0.16546543011055603	0.35656837877270375	0.7446327610643461	1.5728450012758204	1.9333866447810981	3.2503724994717826	6.873237728131728	
0.16530624463918234	0.36275933040392117	0.9479104133764717	1.3886168120165883	2.2700423650444868	3.4681961441811406	6.175288917787703	
0.14654364185292199	0.35331847069605077	0.9298173676488197	1.535472294432884	2.5695252619950906	3.653619894267877	5.410119253569095	
0.15595626470808574	0.4061410964409061	0.9310294804202046	1.3689413584955632	1.6875315765931942	2.836390528280388	5.722853593097524	
0.1854856819654677	0.3880009116526215	0.7742525633883426	1.3614776680113005	2.0453857551489887	3.190586237046859	6.591887528109965	
0.11352644976530848	0.40862225580971007	0.9184825077149681	1.3716564723833475	2.0325064019683867	3.5371528433451944	6.8619764606961615	
0.16453300145777255	0.3771534552490332	0.9005499957054001	1.5717593907321814	2.214012209842227	3.234512745546112	6.848939311452043	
0.16226258910881003	0.40604007976123735	0.9965837190214145	1.538846032176789	1.827846873862151	3.557969580679892	4.138639750581204	
0.15250086191920884	0.36883634121791137	0.8783018281693581	1.3901694251638521	2.2384156944118945	3.777468695267276	5.7880558644081255	
0.16667572890425258	0.37819234450174194	0.9055746913149287	1.3203110445439232	2.055058763678114	2.7565224182550034	7.15614728688806	
0.15225350413082542	0.35917223768633755	0.9148182094129326	1.4426905339633043	2.3821800146223167	3.0415498533898284	6.94239637377403	
0.1616826465197957	0.3775232303733173	0.9399281410769733	1.3297776088243782	1.43521903378687	2.9548188136451388	5.694387181739326	
0.14199964889825858	0.5148686953170847	0.7567822389024631	1.244922932598167	1.8940319079059156	3.667252361226841	5.715012216390523	
0.15455822229383676	0.3141306004398918	0.9369385925745534	1.2049985766941285	1.9253726421095592	3.6185590350607617	5.104443462697848	
0.15356103945474348	0.4110682877458042	0.9890435177235358	1.3472469090124066	2.741084341406458	2.9788550622737673	6.46684075461586	
0.14769913340248292	0.3916169977331877	0.9152590799874526	1.42620076206253	1.9465289461316617	3.1425887062439415	6.581094217811045	
0.1422173933789624	0.2949691438413097	0.7384185698321812	1.512401909559763	2.2844680909543187	3.3127424710892996	5.817204917594149	
0.12491925409728082	0.38428504930128377	0.9783076787516837	1.4291552911209018	1.5292174440143784	3.0815280411349346	5.800359980602192	
0.14563222816976648	0.4078017233560939	1.0158664247150317	1.4846763635829519	2.319067909048187	3.257647548408288	6.161540267959561	
0.15422327081139953	0.419087038283253	0.8946379632547676	1.4889625920757799	2.083088606076112	3.1201277680664083	5.421565617145709	
0.13940288097081546	0.39440509574714583	0.9544559503329713	1.5833299640602836	2.0851001963193414	3.6519317551148234	5.76054953856788	
0.16336180524599056	0.3859828791224775	0.9142093137326158	1.1040725684670194	2.639106170842795	3.184186891735479	5.10881000300261	
0.17656807347521972	0.41320723328351056	0.8956475139783301	1.3977516704648858	1.9810811691654926	2.7683526120083877	5.677713718510464	
0.168205358837353	0.3971632101496564	0.9089428638241528	1.3265377994461258	2.24467741966541	3.4049260624246376	5.566706132586189	
0.12784622775734325	0.37661134348727676	0.9226413598524036	1.4843961587959862	2.0625540101961986	3.239107977477835	5.032711839993977	
0.14990063397020295	0.3746533698797217	0.8873644829574288	1.271929657156178	2.3103995440425695	3.065041038667395	6.113511161485312	
