10	62
1	1	1	1	1	1	1	1	1	1	
0.11230366713929325	0.14500092176224166	0.3616600265575463	0.6466328130460763	0.9393456689000282	1.3656174582018665	2.199186681581542	2.8353208009172546	4.3616238130831	5.4228469164912845	
0.10024046056831185	0.14816045489165325	0.41406230533646143	0.4958161182098597	0.8729088320676204	1.6711279845829556	2.296824252368364	2.90177188507303	4.400585501573958	6.014554617952603	
0.10539755550670216	0.16160821388758476	0.3751452218621953	0.5842972090762455	0.9534476426499691	1.494285221732151	2.200438133344293	3.0610345863941926	3.9222943500973	6.217682169090201	
0.08141457606220287	0.15492467534314386	0.3720678756089616	0.5317569855296339	0.9098945344607728	1.5413881313805675	2.1900418669646036	3.2917657241219014	4.078035566289649	5.24616656313121	
0.10788317185323391	0.14277397260775168	0.34821635701953346	0.5650569254341339	0.9595300322769684	1.4145153575257594	2.1824605834085733	3.2439381252150445	5.0398378279806355	5.45869973239731	
0.09108038846019335	0.15514127417445145	0.35092668052793735	0.6533939245980164	0.8891447469572369	1.3911973283913994	2.244338031462999	3.169118185908749	4.184778118992968	5.885156208451376	
0.11578056262434044	0.14110860124816468	0.4018912738879731	0.5495423850884011	1.0797975424526338	1.3983605544942854	2.339414386541998	2.916448737635138	4.203063880758026	6.703156919207716	
0.10508508538824511	0.16207288424062616	0.3751263177794006	0.6016900222386777	0.9518418799684543	1.1782556105004645	2.2214013692298513	3.571247585318329	4.714766329376417	6.285386036088337	
0.09121526459488272	0.1610399252337314	0.33012275469467905	0.509361962655438	1.056220277199708	1.223989200020802	2.07058664525757	4.493532931089427	3.5825904597002403	5.7155904219156675	
0.10983519306914534	0.13727002628034554	0.3509397503280167	0.6044067051249888	0.9249600026349588	1.397679157437144	2.1881603449984284	3.441739267081716	4.479927414425794	6.315498796288442	
0.12561903085222506	0.15979866971608123	0.33961384022921687	0.5937868134814812	0.9080122466646214	1.6230833912792682	2.2094117218834524	3.4875364522570083	4.951367726809487	5.48432267870602	
0.09686860492189764	0.17088762144357866	0.4858226745984504	0.6326951408008129	0.8859233823405627	1.280477146776284	2.0039951121360193	3.214870296407718	4.468038386061399	6.1328875494535895	
0.10315840834142759	0.16430823654575646	0.3961093168800602	0.6271585229829821	1.0207981860384945	1.4022873972006056	1.9498963093686417	3.717117948121753	4.52115137914997	6.11787112629545	
0.10462224439951905	0.15147262134499426	0.4219768552718106	0.5950830664063813	1.001219223156046	1.5205363969832142	1.9993078026163642	3.4394634097626113	4.254643134930851	5.288831813682324	
0.0918782001520501	0.14769164761400821	0.37308164027786855	0.640183137497166	0.8559154733406892	1.3382942579083184	2.3159924151070923	3.2289289913208474	4.014780329689111	6.892457590495539	
0.09046232124516877	0.1501363288260532	0.3566117709805026	0.6010613420063681	0.6306142543716481	1.6207610380329474	1.9352322693012385	2.753043003670293	4.632340646690518	6.508419840413517	
0.11630092958247205	0.16824488272425028	0.3285335491392708	0.5596375014801065	0.9948900948356268	1.442660294967853	2.442522961640602	3.426069016518232	4.534753646153929	5.730736264435376	
0.09117236955120016	0.15821032217102945	0.2829149184406596	0.6320591890417601	0.9452143955322082	1.5042402537065858	1.6369272904242218	3.7331205571252246	4.53003993961451	5.399979802687699	
0.11259926932445144	0.1657272680991536	0.3383574618323374	0.7280598650130051	0.960295227533752	1.2995764067796471	2.0442489085620914	3.223631598089433	4.034400409012688	5.589977900739012	
0.08945132800020872	0.17032322673375974	0.32745957245125346	0.6089096678356265	0.9921985349738399	1.5046576117636974	2.0972641967497365	3.3888425042664423	4.699535992432621	6.28744963962437	
0.09640521653596613	0.14330620916401465	0.4002764474730866	0.5884123830403878	0.9489607763541746	1.422202754635882	2.4960748943900137	3.349150066526597	5.042345173044142	5.3964564833933535	
0.12985992158917142	0.1457053441793343	0.38580065632984306	0.5798358905472273	0.8109845899012424	1.4098413396710274	2.1184274868537742	3.0357757324314307	4.737519175298324	6.489990404855078	
0.10159508936532957	0.1534548269997813	0.39251691514023324	0.6206344747452358	0.8700404411534347	1.2800422581499287	2.2182230475871956	2.9810636373947332	4.766232620606178	4.62810467480284	
0.08848235186823872	0.16972630825143617	0.4366762888202093	0.5339242406379833	1.010554060055488	1.3475404704595877	2.156893490769507	3.2109221746643657	3.1256570425157997	6.176047477362218	
0.09103199671664776	0.14624810528815987	0.4408499164250404	0.6149237025566902	0.9048647906739734	1.2497449958400664	2.1358280244293795	3.186062784583076	5.386089775301744	6.025194332781908	
0.08021558486759406	0.1227459804496828	0.3552576024778651	0.5718989379823152	1.0442776728091472	1.4611658653364847	2.1960262744776577	3.172657943492092	4.321021276299721	5.89559145064826	
0.10947410473584927	0.12922277134280966	0.3878469680197398	0.5489246265092317	0.9496557720697377	1.3325763696024682	2.224401789868359	3.8224787139683816	4.254621253278809	5.340883862108791	
0.10861852880035286	0.15223652318802652	0.3167451824416622	0.5830129906584869	0.9415235343344052	1.4081016353881146	2.479004028711487	3.04187905641134	5.08323215514441	5.923916303862802	
0.09168807863718587	0.13623009872266936	0.4022273674875481	0.5902864661616093	0.8900727151965185	1.4418059549544058	2.018382476788701	2.9541117511501813	5.400628326241733	6.531194255148149	
0.09427421641180514	0.1808136974368438	0.44289630443494193	0.6638475397311293	1.0653216221878012	1.4274818019958357	2.3111409202483135	2.889926127330156	5.14939231033798	5.905247224611992	
0.09392785128627032	0.17365590189895905	0.3667735337112628	0.5294997642985401	1.0926132260565131	1.3524409759034284	2.0797665216806283	3.315500454977353	3.7988465097693376	5.832829121548021	
0.10205718985063146	0.14654922071929768	0.3460838856208044	0.5733730883694567	0.9058959064900693	1.4281534837905412	2.052461351980615	3.298119263187345	4.964805755715997	5.825687330387057	
0.10621004950998843	0.14491178983940683	0.36572151761024674	0.6119151142146493	0.8279428031648618	1.2849697627948395	2.0110572818393218	3.0824403558414653	4.34058783670019	5.810277839647683	
0.10633177477134931	0.151722712213015	0.3979172709234567	0.59859135411058	0.9227669629625155	1.437733095664958	2.231095615770943	2.859489302410607	4.41775848548275	6.604513295242862	
0.11708560106541364	0.1353583874588642	0.32482441051833355	0.4750119266220188	0.9773191442116002	1.32851507465985	2.037640840733536	3.5871265166654194	4.6762992588329455	5.69907753045026	
0.088981287543853	0.12662056006168013	0.3494172599237551	0.5695370387455188	0.9441269082337408	1.3982883592575848	2.1064448672821894	3.289683155620099	4.011638383599188	7.3929700672452565	
0.11238171753955589	0.14767662958080766	0.40615431332927915	0.5801431993431417	0.7406360037385774	1.348219596743393	2.187411283676504	2.918121497701801	5.079571567434131	5.199609934856447	
0.11919246885810719	0.15210334745949466	0.36625310231814734	0.7336708803685786	0.9993821942957551	1.443290414013146	2.0390055721493243	2.9026129218025303	3.942584744438296	6.694255224847165	
0.10645513143972929	0.14703700605663758	0.32729566986937686	0.5513448779000257	0.8938649062015586	1.4744285550805527	2.0914684464229856	2.4958332180267	4.544467752936257	6.255754918298471	
0.1071349653624209	0.14123355824227626	0.3503036555491016	0.6336997915740465	0.8867679636322546	1.346067224843659	1.982933612155746	3.1945974448021768	4.959110923191252	6.819863586761703	
0.10035501654102463	0.1474032332091347	0.34319591015012524	0.7196662079198094	0.9300797728258517	1.5919713988090642	2.4187439018649695	2.863443471231039	4.766083736841478	5.962681284473508	
0.10173270990829537	0.12881394527486373	0.3783941992382552	0.5965339607066938	0.8081250087637734	1.644462270205618	2.2725933731394594	3.1294159102521695	4.68118947118455	5.461157215066068	
0.10196572292512596	0.13468764696461416	0.3842163846538837	0.7287582630154851	0.9546069631903463	1.3731490125949621	1.9793700062402324	2.8216413894992796	3.9871912949961517	4.110715102631894	
0.10185689440553587	0.16032143918492822	0.29323316594447346	0.5791603481691431	0.9900711037054222	1.5136152460580625	2.0029035501942722	3.810037700473185	4.9146085620857125	5.532896270768618	
0.10815545676294465	0.1539336533510493	0.3845745203766007	0.5874783523025223	1.0427932205518502	1.4853304398926193	2.226376929153941	3.8129018385556144	4.600861697084633	6.044479453355775	
0.1022012665838993	0.15358768484102017	0.3572231420819079	0.6537132663101038	0.9210765841594223	1.5333790128143592	2.236712539892522	3.3706822598660526	4.716286627151222	5.395653030645998	
0.10649982466654706	0.1497635410326029	0.3698846065342222	0.6065287783789378	0.8850171244529264	1.5538801975431442	1.8970285434473675	3.820291958022954	4.43600557408708	5.64200742624196	
0.1083708647724157	0.14568200093150466	0.3480692331094195	0.5502976336140724	0.933752139507116	1.5127018063483064	2.3758481622300947	3.32009353380921	4.748755914542503	5.6621469958466975	
0.08919087295702909	0.15783769285281907	0.3789004845639559	0.5336512350420833	0.9103843538509301	1.3584893300043732	1.993133034233647	2.766145137032312	4.012796160471623	5.43312338757841	
0.09888327783254494	0.1733747186161634	0.43957968427619054	0.649049853704452	0.9427195808178493	1.5388630441172229	2.1380189397151277	3.2058707540852076	4.613297903757952	6.218465976995539	
0.10781714133332963	0.16711170894798735	0.3811854912793324	0.5891416994608352	0.9054201216436704	1.3911234347202037	1.9163750050112407	3.1409910575787903	4.245268855496795	6.027204712252364	
0.09627709760093353	0.13564754813916416	0.4011019851979646	0.6334996051293377	0.8967330870157825	1.31734837283583	2.2109196677933536	3.324580571803722	4.347574883178116	6.850338837168261	
0.11240617276472571	0.12925312278074844	0.39820675108331205	0.5814670033095195	0.900907293040502	1.2996222948333194	2.0999759996841205	3.2780242607899557	4.031800758463828	5.035614043190662	
0.10533994593543619	0.15765104587939857	0.39297686570987855	0.5985808327688343	1.0670853506409714	1.4958570185735558	2.3700130741068786	3.277690221777028	4.034688436755048	5.9817194920547525	
0.09172560544984268	0.1449089323517252	0.4043578527447327	0.6565411220698708	0.8722501008857984	1.4244401661700323	2.188840772095044	3.25119890499115	4.353399162219278	5.483596732397278	
0.10930063240222934	0.16348340311413515	0.30414187435275836	0.6550819724030466	0.9911822521357082	1.3117306318700295	2.5042265032202478	2.647903166411106	4.089555408821409	5.978138774763028	
0.11122058641032749	0.1509314285107952	0.3706187784598245	0.6060459823937495	0.8490251048886658	1.1967612234127818	1.9116436963017263	3.444498757450539	3.5877715789641487	5.576329028285507	
0.11781546424117416	0.1694891987408541	0.4101639558081453	0.5763046493418272	1.0165024359169472	1.538280030455545	2.0347063436166026	3.082734947502427	4.949568464096988	6.027021597550439	
0.08755663503034303	0.1642780956107816	0.40239571965277643	0.5900382816823773	0.876161969104	1.3929505939789406	2.056664155925486	2.698962876110648	4.00738892741639	6.182631742260751	
0.10509477625127941	0.17189482998201686	0.41788791487637567	0.5280801916729198	0.9149279748731789	1.3917145687599657	2.2555927535801925	3.343498099860341	4.821999790203167	5.75965669930883	
0.09239857498892395	0.16237933688521802	0.32774019991693576	0.5214745436747621	0.8264610581915756	1.556814666011748	2.086342410730286	3.0083266664729025	4.874355612872617	4.7143900818239395	
0.0871766847744042	0.15448758678984117	0.3675652490075227	0.5826834231463671	0.8295965708336537	1.4719374474039528	1.9078191826200301	3.977484646645335	4.51706129202169	6.736214602322873	
