9	62
1	1	1	1	1	1	1	1	0	1	
0.10331250638318837	0.11646848983596672	0.44903850957199065	0.6160946466091598	0.8390712556394208	1.4604387885842598	2.3092015315315852	3.2041479960534622	4.481723723022339	
0.08788465299807018	0.16142963670909904	0.3881671400556826	0.6099299037904834	0.8318874787697907	1.2772777536140778	2.4096585503601764	3.4400446204197435	5.71065102903442	
0.1009953430341146	0.15580940625823736	0.4281066783464959	0.7067590471618956	1.0014699198775938	1.3398800198640834	2.2275488013968334	3.2391276258088033	5.48956382568181	
0.1131147001406748	0.14194322554583108	0.35610255836815086	0.5181722203797565	1.0321485812260545	1.4100525536264057	2.444604015897308	3.8732489960627556	5.783456875984375	
0.09279436215710404	0.14974706651531908	0.4198760293335735	0.6243865763734425	0.8747851273067132	1.4653346993018666	2.35801722140287	3.534494044670931	5.213840706606229	
0.10306332935676331	0.14591206179841462	0.32944635787028964	0.6913151980028355	0.8745796262506377	1.3626030062513077	1.7625440827140606	3.144351551980457	6.179623471633726	
0.1040929918436227	0.13635329850879221	0.4062556466960712	0.5782343468960788	0.8108885672108577	1.5774639934745827	2.437856305142448	3.831971289883338	4.916983712676768	
0.1160536330688679	0.14254628990009208	0.32370807443058025	0.6242173747606294	0.7968048775017915	1.0459545929032794	1.9079078037453778	3.490864562190059	6.204511976629061	
0.08986073714943976	0.13740409936733944	0.37486057054673844	0.6828971405358845	0.7867740407184124	1.4412733447957073	2.2864824765426284	3.4092355276242983	5.050390121172123	
0.0860857810014204	0.14822770561119017	0.33969905910259446	0.5784611542905306	0.8489185666858241	1.5916676693743999	1.994384721638121	3.969952587708762	5.907110523404937	
0.09018863898594312	0.16665065019641537	0.4060608966622046	0.508013576560278	0.9708505883812489	1.5158455533324333	2.333944453147565	2.5051748188691945	5.88748406560792	
0.10175203141880301	0.15605737387948102	0.3407413044836601	0.5386307105056108	0.9713771899386869	1.341349318382897	2.1894811319720735	3.20520416327803	5.692093880772028	
0.08194877968435127	0.1391332076635533	0.4026697244324247	0.6460015865627157	1.0879921285531662	1.1481238546946293	1.8165189200970775	3.1633160526137236	6.708614368410343	
0.09887994878578157	0.14153613831242384	0.39932509558952817	0.5209341330600928	0.9354886513455294	1.3645216374964124	2.3609418396423845	2.7748071173520676	6.473213723201702	
0.09345869218787402	0.15573057589663195	0.39953362871661274	0.5510508800327194	0.8874900169666858	1.4043341724634308	1.8245563486179144	2.8054792793439898	5.5438197196494015	
0.07953299062875645	0.13670103420000013	0.3835192942299945	0.610255868622953	1.0140249345020182	1.6091439421901834	2.2022251286101406	2.8335497918459644	5.649217711554792	
0.11844064711081992	0.15787177205559122	0.3608573831149833	0.7258613201869183	1.070755252027168	1.6336681253701917	2.031966291526287	3.5986884464687594	6.620785666195183	
0.11355905259975019	0.157827583010674	0.3519020081217038	0.6449746532892233	0.9964653714466306	1.2584494524115042	2.3110853880460245	3.271532556934727	5.530625344402385	
0.11108283028802446	0.161646936625298	0.3979536762039303	0.5857112330131801	0.8759180942937901	1.2565312723221496	2.1857140237951524	2.948982263511362	5.822943180506209	
0.0918673928536167	0.14776987364637	0.37137498384006956	0.5525636680415453	0.951636932979298	1.1445358600088118	2.090260786508515	3.8186673410339997	5.736348020374201	
0.1078012181930042	0.13915038574198954	0.318603041664856	0.5108398530379441	0.9174006512383932	1.4027431423083438	1.8859874767714881	3.3139164441800153	4.492583276213416	
0.10875989376872791	0.14673560202949623	0.4007132318003878	0.6365824923234406	0.9237830852332014	1.5128908348485293	2.2946927930531373	2.996196912675754	6.6739217466364575	
0.10532865640876597	0.18527924748476154	0.3784405424739801	0.5360673391565908	0.7980796323550633	1.596763493498627	1.9335350014178136	3.462022803483353	5.1089065592246286	
0.09935643992037226	0.13547525043192485	0.34490367204254135	0.6405672159449362	1.0859031620924575	1.3942023256217948	2.3734484262526228	3.067002601381462	5.976857794057071	
0.10655312631600132	0.1394405621714851	0.34995573347602266	0.6148175555995142	0.9883461854273057	1.615368805015982	2.2379322309372007	3.5696335792979785	5.599006088042387	
0.0970354741554896	0.14877522850306993	0.42323784847947243	0.5326606348432482	0.9020846881747745	1.6337265415376034	2.049407842675707	3.5501000419420117	5.147656806704125	
0.1006799195102281	0.13660573092572922	0.33835426969930327	0.5531508496219645	1.083466543459928	1.2713487921330722	2.700253839826523	2.897833289580429	5.508553351776172	
0.08018966457353321	0.16564990856626613	0.37072396878040215	0.4959992523261213	0.8398798911478293	1.3146322983263508	2.221610984984442	2.8229867267351514	6.301034605583787	
0.12370897449710588	0.16433270460275506	0.4295697087348893	0.5772869061061335	0.8959843804212274	1.522934874789199	2.084877670208387	3.4294216175580923	5.05174883118709	
0.10323309870906139	0.14360946886852036	0.30710322511790256	0.4488319051404003	1.128216950892493	1.416863157196409	2.130885467675982	3.31228188943732	5.369667457601875	
0.11212324652113353	0.14696848957346673	0.35383860046086696	0.6886351653110357	0.9004043835577477	1.4722466227563276	1.9515548865139727	2.763057617884548	6.342549863734298	
0.08564540046078754	0.16423808751214813	0.27447149834618967	0.4942985793366623	0.9720600096132439	1.2696639274099937	1.7710320455844408	2.745403322642306	6.54926921107861	
0.09597530805143965	0.15549362684782433	0.38453032051786046	0.6291101626803607	0.8486657932754629	1.8029337454486862	2.1854714282587504	3.523264635513191	6.122468993582122	
0.08508833009418239	0.1442977655036894	0.397724678345399	0.541728132205837	0.7780205511860265	1.2512399104282077	2.355971495940702	3.211669110516795	6.038809880133419	
0.09078230089605517	0.1383412567581445	0.3693616885825012	0.5033778911400781	1.1077681233380945	1.458219168025741	2.1162181471678654	3.3462291443457963	4.598348356110497	
0.09136490636462877	0.16396261213423433	0.3663957017562365	0.6235996357812036	0.962064065236068	1.384734636195217	2.0178416554094145	3.147966526628975	6.805136422121263	
0.1158250251986695	0.1568921188419852	0.3863570238707746	0.5390091238360749	0.7866154304758839	1.427238737144478	2.5818016527316185	3.1570189630082597	5.470662816323236	
0.11446620578971939	0.15775601022236738	0.4441825847132035	0.6681721397671162	0.9486489780645369	1.5466093829921284	2.1503002249482517	3.334666493710111	5.509541511068999	
0.1079179798460067	0.1480745672514555	0.41006499669861823	0.6231679144549227	0.9552302924931237	1.4500562480095798	2.3800895349780604	3.880746594346705	6.039323522214826	
0.1009650052942504	0.15830672818670435	0.35117625499473965	0.573712202394296	0.9355697216964483	1.2896831292804936	1.9629889760035568	3.2092680340499826	5.0187795065264496	
0.08798347247664527	0.17176851504792962	0.44090514348524157	0.6601470093053271	0.915135077671135	1.2449527811637127	2.373261118915653	2.758416553201751	7.283749263662594	
0.08346309434675492	0.15597767130798865	0.4220110925729356	0.6547929418230843	0.8195267574572883	1.3022485219661	2.0584927880429102	2.9589835918412244	6.057062101386586	
0.10164610167686841	0.1264235832369116	0.3681455162169657	0.62845701930609	0.836389552124912	1.365904298785037	1.8413926762149184	3.898626871682205	6.383226692280341	
0.10988395161537695	0.15249328175612903	0.3313322259746573	0.5686220267629043	0.8904962410495656	1.4088843320443654	2.0935371011968247	3.6213949814313837	5.476592019859751	
0.10569321381435362	0.1395159939042305	0.35891798717997103	0.6851866568209498	0.9811157052335382	1.4084743605588157	2.0712227780810823	3.2051544524410516	6.6047920032078835	
0.10570899040406062	0.1471451671550887	0.3915281295459459	0.659936312515516	0.9160923497019576	1.4202752742052787	2.071957820926987	3.1372974261984536	6.035270342363285	
0.10527815375221504	0.17907950487382912	0.4632188620374153	0.6176037444699721	0.9633929191471191	1.4937576200054736	1.9515180338686968	3.391905056798252	5.971300183206649	
0.09410086402971847	0.14574103166840227	0.3821314066748056	0.6516423307280376	1.054121263237366	1.3024952485739445	2.3355598187070505	3.024361753058307	7.181908334979964	
0.09872645900436193	0.1472129368114789	0.3498363661205736	0.6505419915379268	0.8559184565353766	1.5745355916376784	1.7178843464705813	2.869763430933986	6.005936456934185	
0.1015940182079374	0.1551969427460935	0.36762775109480295	0.5520870185982835	0.9055996388344322	1.3526282106676297	2.6312822531144455	3.133868330086828	7.0194206317182415	
0.10177075681568493	0.13539672888114077	0.41484827809621194	0.5522041665620635	0.9294203009494041	1.4115447971032542	2.0619150336417613	3.4592464748834555	7.391804970128291	
0.07291290007936005	0.15952615746659424	0.39839750548058334	0.593666133865888	0.8431056682009975	1.3392288617745893	2.0426831906590253	3.940462599170725	6.115072680219651	
0.08339568949642068	0.11852685697830406	0.3820418705382583	0.5572176622820327	0.9891095055943111	1.6297778263398035	1.907978015061218	3.8426278598340162	7.2032859270970455	
0.09437893337137199	0.1647775528674709	0.4139516902859433	0.6398143738538878	0.9885433188373757	1.3171378920012073	2.0499275534795385	3.4132952975270285	6.792662663959167	
0.09585155001453323	0.14863983047753104	0.405398660286796	0.532119047356063	1.0493487605154408	1.364187404273727	2.122150686938573	3.387491292898141	5.296512762297193	
0.0896361765315803	0.1503143660622278	0.3771591338093207	0.6010783454133716	0.7261085104692987	1.4476225225493768	2.3770489538137975	3.0929819453302128	7.316951701399473	
0.09694736167816133	0.15717141633174678	0.34914694591663314	0.6153645762204497	0.8897710187282174	1.3808391394370603	1.8694843272809767	3.019544452559134	6.215595559092666	
0.08591866092656018	0.1530429654742697	0.3960846275739416	0.5483147785114814	0.9265803988477208	1.6025583185228114	1.762590060488474	3.0140400827606113	7.196221117188358	
0.09609259911306184	0.1505285642165157	0.3857378941355812	0.6344250147849022	1.001060787942317	1.6100178429966643	2.1890892148816143	3.2391882096023465	5.622939911506734	
0.09627928179351397	0.12373381899969159	0.4291610064082943	0.5683137806570179	0.904558263228861	1.4240285134990265	2.137066270476819	3.564847082151421	5.764789863746122	
0.08984596169370074	0.15468059262361308	0.36107719970626556	0.5278021148701423	0.9475125133662258	1.314205990351684	1.948161176779816	3.068689367292032	6.289962625438582	
0.09551540470503483	0.15659617388430805	0.3770168925477086	0.5173563324399011	0.9230475007701571	1.4261813194428714	1.8647766719729704	3.4682705335775825	6.418998744748624	
