3	62
0	0	0	0	0	1	0	0	1	1	
1.56859291523558	4.69851964841836	5.34843084996489	
1.3818460704245152	4.32101985873644	5.509274682834479	
1.0868338139874942	4.378401473061273	5.877900767635487	
1.584850318107417	5.082623207817266	6.643400372117523	
1.4634645049153336	4.17243878800536	6.040126410415095	
1.4716967962386687	4.7842592601320035	6.005663580578272	
1.4398053526835928	4.107955361091342	6.236994860145854	
1.5610443083670056	4.2851189718051685	6.492346245430734	
1.2961923348056352	4.285790755509802	5.4849345799691775	
1.658333813240721	4.211333122077659	6.884385556098921	
1.1745575703163622	3.9180583447396207	5.933964252414859	
1.3373990535268159	4.233370950884328	6.633862173997517	
1.676820859292616	4.820752015479264	6.175304990730157	
1.5313273238441	4.7218665074185076	6.499467470772075	
1.4797908896655174	4.1473463351469935	6.513743857126409	
1.2485240180480972	4.72211258623066	6.079533784115698	
1.5287773333901857	4.71257599833345	5.9935736745363375	
1.387617881768125	3.4100858561144105	6.513321651080443	
1.3085988422803314	4.579353384895781	5.345953790726565	
1.3358495713312553	4.183439106455115	5.998032374576033	
1.2493955202680598	4.488601279016396	6.2573600312453195	
1.2623831164391612	4.440393956130377	6.9734055092830465	
1.4460699888182231	5.764543582693644	5.082831605090531	
1.2984538636546403	5.027285315196911	6.80518643784204	
1.4871425882229439	5.159872792999124	5.803418265146131	
1.6087837949303407	4.509833486045338	6.231642845631343	
1.2181706760850675	4.118914563307176	5.295984093460502	
1.6399912406583534	5.31167163480605	6.785432920138876	
1.509057703754528	4.469429869370192	5.116696856813213	
1.4844725741323186	4.023406921186401	6.3581477663922055	
1.4960146854115903	4.161496353434042	5.878301588886991	
1.804604541500919	3.1447261721828697	5.75718445593789	
1.44813856983361	5.18570330349176	6.034329753182122	
1.2803052045101289	4.605357824751865	5.42242011239	
1.4463933941931832	4.790369725992044	6.269416033396249	
1.2061895067299186	4.096629384574368	5.847292884895992	
1.4227843729757912	4.302006787230239	7.2027104320242765	
1.5825999746278288	4.344717599127627	5.389017867586193	
1.325643039241076	4.2470608252842394	6.541256281762019	
1.1107946388006273	4.61473884133454	5.766855947404341	
1.5298612852958935	4.362544024123504	6.161825446261243	
1.2813964373996751	4.4326542797243755	4.266040973653829	
1.3825666213410086	4.579743998487514	5.610785398105256	
1.5522309041690492	3.6249508847496057	6.172759004028837	
1.3034102653379154	4.165631852796569	6.613355277366732	
1.2261640244881045	4.943166943984775	5.6956107578995985	
1.386993364835542	4.977057012568382	5.828441953345038	
1.54848719427894	4.939920574598979	5.4051582644878575	
1.7342689585723676	4.55729577302435	5.274402492708185	
1.4854019406260695	4.140103067918627	6.507490856814761	
1.315107762260221	3.429829624912436	6.754671260989856	
1.3135428855478588	4.061952465375583	5.740292399626094	
1.357616601767335	4.448781982921345	5.4118842769364335	
1.7311278774747414	3.7536372869940027	6.252796370101375	
1.4889241470978714	4.241580829909897	7.437955858445957	
1.337633924210975	4.65276349407168	5.787462654064223	
1.2514194072680338	4.624945098161259	5.88319161876092	
1.6760825365876284	4.5888769128634115	5.9053606583679965	
1.297082114944635	4.104514562096961	5.431777851023581	
1.3165140574824756	4.819909629282369	6.731618045624082	
1.5469043181135995	5.11843794362202	5.851554078040415	
1.431555976128515	4.275024283136395	5.655405642921835	
