5	50
0	0	0	1	0	1	0	1	1	1	
0.5782007841445558	1.2965487569608312	3.1231376009132714	4.167197845189128	5.549493469459286	
0.6587200008192289	1.2838090922149492	3.2885336135317083	4.350500715461322	5.934023309446292	
0.47779989864301525	1.5220658221275334	3.158803803783409	4.9371771715688	6.239874280480972	
0.6029075707451999	1.4310591947159252	3.9778266921018925	4.138611117274161	6.175253986211331	
0.6143306546767063	1.1992646360201378	3.230865793125336	3.799115542940225	5.959252243997159	
0.5026416694048248	1.484527692206435	2.8405369248439643	4.4946533695532365	5.025314307466678	
0.628535162175695	1.418765662905453	3.190208353051363	4.5630176759236605	6.31425774491114	
0.5484429030621922	1.427566094675981	3.0984617912266548	5.085911528125868	5.755047076981997	
0.5517374339561748	1.2148539349011032	3.163079197421835	4.189109933769464	6.2168277395009195	
0.6133238351174777	1.5059513716961301	2.840773661072842	3.2703269330193114	5.999411237443442	
0.6493910492674385	1.3737114726508752	3.8301467130759903	4.444442802676459	5.5584684069757	
0.6249866233462328	1.6274867302993787	3.235988733301466	4.83915629503075	5.746377308812071	
0.5759938018291942	1.5899598333904066	2.6742821148947358	4.027926818105623	6.348348918673236	
0.5793839745864904	1.472687410111616	3.423206995766761	3.9068353831817504	5.204182726939694	
0.6691764338670072	1.3747831673265918	3.0303567788217314	4.666590125994656	6.5876211325562135	
0.6467166600432951	1.496040513254836	3.626235877077181	4.729316879483322	5.667529795543872	
0.6157294056217626	1.542017542120314	2.98698815575592	4.244587189811931	6.1182839037714345	
0.6412349585527999	1.4266743311246524	3.333824439675624	3.3808800798335747	6.959577539388311	
0.6465366437320547	1.534071459213744	3.4587276428485496	4.828823294369373	6.834633791771501	
0.6671376863108268	1.491220352326229	3.5118452873208543	4.6249699104226005	5.543476723777473	
0.5695073895586679	1.3698930472986952	3.1947230797360464	4.393147036172233	5.307081100212915	
0.612638330099551	1.5355179757586672	3.098698826041969	4.353982340236957	6.452622584505823	
0.6113642786155807	1.5560447613364758	3.4889251095757294	4.1440228741823155	6.135837636075831	
0.6360071421698664	1.3304106250677095	2.8707555308167936	4.4917414895794225	4.740911996202719	
0.4007856864581727	1.5159131157736867	3.0030532643245067	4.364178902963135	6.1446992025780425	
0.5975668499355676	1.320320437149774	3.8869140948374774	4.464666462385056	7.654036684033036	
0.5436133167874417	1.3761243164137829	3.257995394526875	4.5335219470041155	6.594028655901447	
0.4602438952776338	1.6483763469387416	2.6406919775648703	4.150211428470667	6.031106809651159	
0.6246127532997661	1.4014849039885295	3.094465737247006	4.503267711657748	5.761360994489443	
0.6650154647351865	1.5289118274641862	3.395189210657663	4.960262388704814	6.208889123326513	
0.5856861990584951	1.1999589227733969	3.855596039747405	5.005331025794147	5.274417945100298	
0.6439398056560003	1.4959156366243433	2.9434344146739795	5.123387303322307	6.099202046841435	
0.5311220181261205	1.2558708152720917	3.3851907386464717	4.070312496237898	5.558995545231825	
0.6254781714080111	1.3355337738291782	3.0973055447035014	4.144559848587421	6.403500228006996	
0.674309080914559	1.1859847563883323	2.9301562553400826	3.489055663643486	6.075903382321494	
0.6122920437297256	1.2941905340629218	3.1080679098780903	4.706096317993101	6.931281922595277	
0.5556180661895305	1.4456523901367588	3.427424546844076	5.30874474951878	6.24122671915813	
0.714544962690459	1.2238819474581228	3.383877576672744	4.378844258040384	5.985298686586779	
0.5270952794088762	1.6048298959896479	3.4391391279035197	4.595996768744775	4.971928613147127	
0.6548037523745778	1.3349419873303465	2.9951957770492323	3.821583160149596	5.800093264885345	
0.5668165486711672	1.621857366834058	2.923775363643733	4.176515036618362	5.6457860392196	
0.5508638598834055	1.2401215508261323	3.46100494200459	4.4221326947997595	5.676397449850548	
0.5609116304656099	1.4479744892284494	3.040652819998174	4.4693277386610255	6.286526016667306	
0.6206625544839817	1.635600789459336	3.567968131648204	4.648730145226325	6.2290160195350115	
0.7176309728579586	1.315864848536302	3.411626678562243	4.111856439886757	6.500205185309964	
0.6383102628751817	1.3948938247453257	3.6717562330856177	4.5270975739716	6.2013931725303575	
0.5030509334911246	1.7521362008960615	2.9144383419593387	3.9404523775979894	6.372772790968837	
0.6102812152784197	1.2107975086187048	2.9713520605394708	4.318076993592373	5.554037359033796	
0.6117788194209555	1.5631238139006771	3.964431294802396	3.8112139480202187	5.96030314732611	
0.6050747650955312	1.440176746035118	3.3148049619995192	4.537368077638211	6.696859000787725	
