9	91
1	1	0	1	1	1	1	1	1	1	
0.09230980140644716	0.1695954490217018	0.6248917119489152	0.8795034348961485	1.5579681597775028	2.180493363313444	3.018761502541871	4.625436007822815	5.948978737872533	
0.1139562004454652	0.1619646283830612	0.5894976120163987	0.9784634520486726	1.1234843487594515	2.217243334206786	3.296997062536581	4.640925484976879	4.845618176736318	
0.09936678899302427	0.13858764907967763	0.47116256832406145	0.9330987996490488	1.3737663895465906	1.9955410768539985	3.18186330774238	4.757007061106418	5.659773427880285	
0.09499608234001486	0.14663400041215333	0.6706819380109351	0.9708062802167283	1.2929352851381803	2.121066278543496	2.9448527357786305	4.859510230910202	6.0091554777325396	
0.10045473834601336	0.13930330835005397	0.6212559221306713	0.9198237592425437	1.4627033188105873	2.3396587489305793	3.199341498191705	4.570190220685763	4.868823724475499	
0.10781836544509836	0.1525762942588268	0.3969095195814592	0.8884529945924333	1.630952258617825	2.129883141672906	2.946294358053457	4.777351238693285	6.194263843223178	
0.09573464464964981	0.18541448500530885	0.6678786496485982	0.9375304168955075	1.7732184447869506	2.0722351725434645	3.1449649004008986	4.692045220346905	6.115441012970403	
0.11008669397813485	0.17396250759837764	0.7170120965426905	0.9966807723356838	1.4770278699091937	2.230449442405264	3.3704258914248753	4.439838953564313	6.290295271267578	
0.08560707351775532	0.15049393543942974	0.6827372549189704	0.8913056789075793	1.2769659149468127	2.551829239706705	2.8581911138136262	4.028328436570917	6.861522083605788	
0.10577128619397749	0.13935159720413856	0.643147867871246	0.9334687045791149	1.8115672839005217	2.2031558567844036	3.0014458682353213	4.244636141142673	5.530872674433835	
0.09574135554997787	0.15792834609923634	0.7019485804744652	0.934045725599589	1.3943732056966882	2.4109417748063042	3.1007147234352903	4.785590107656383	6.373855546799369	
0.10028645406085941	0.15299420866505023	0.6195674341573125	0.9656929140215285	1.243770996296297	1.8136744870417196	3.1466964259873738	4.263887900487098	6.913513078461014	
0.09111571846374258	0.14022465629532696	0.5149866459029143	0.7869210233765187	1.4524646742429255	1.9927745760196243	2.965380485280775	4.865727402860917	5.934817798693995	
0.0965808985710236	0.14315480077170417	0.6286652055887874	0.7720027947044383	1.5005073632611896	2.5023505486739333	3.1579685367237293	4.046540557993387	6.071143585143185	
0.09242850344431093	0.1333768031709128	0.6557179173167533	0.9759151913144208	1.2288915788122954	2.298378399804155	3.6089171056529263	3.9779891356646853	5.362454149849535	
0.10420929178300681	0.16053969985404573	0.5463388820239029	0.843072917968117	1.3793011466506346	2.3717482803198253	3.3064538158011003	4.8973113543683295	5.709471083803745	
0.10040455264861699	0.13182787329949147	0.6612708228275707	0.9558407762039224	1.5143145517329757	2.6473247656297816	3.456216226008616	4.30964538368326	6.123619682902616	
0.09960730262070999	0.13962479608040448	0.5901384050626867	1.0192049663051417	1.4710918504574453	2.35253564044089	2.978623404393176	4.206584650725359	5.7794822719035785	
0.10537099373829183	0.17254633592895433	0.5513084363320667	0.7860289710946119	1.4036150103740572	2.282025374612713	3.330703335257273	4.663664952148938	6.306847929950836	
0.09791640310039643	0.17840776225060043	0.5222365716796964	0.7782920724407174	1.4087953732306777	2.0361303474601486	2.5201435454885828	4.696453099544275	6.550609104506553	
0.11889127038272651	0.12804458662837398	0.6828887724143838	0.9974222032851984	1.2937822168554056	2.0313719646774486	3.758802408389828	4.67658789254286	6.092057274073045	
0.10365626917102373	0.1589664186105032	0.5460880506562495	0.855853719380628	1.6179411113332263	2.030519432696597	3.2699735941100565	3.399246581881254	6.541995532757556	
0.08136188260831315	0.14362640089620504	0.6759723901352762	0.7086703638543287	1.6207173954754959	1.890298555000024	2.982287509540561	3.669579953671832	6.383271127186017	
0.10149502813331353	0.1518591773791901	0.634713867711361	0.9077846715827701	1.281779308740045	1.9878536192917184	3.01452363326356	3.742425528464529	5.537379101150595	
0.10352028542576729	0.15587210990130987	0.6384658935287254	0.9893608347576519	1.3222030865039351	2.0197102810434133	3.6165795351944507	4.288780521084072	5.3845672839846355	
0.1006731621343135	0.11534838056330737	0.6347686403213528	0.9610177287452429	1.278124668379372	1.8773664794271048	3.1153440607847602	4.643982030216943	7.268762497906496	
0.07561276797517498	0.13626818752561967	0.7166896045317485	0.9776376764838289	1.5350329987629814	2.347590149737135	3.4086335178414355	4.3437803156694255	6.467624794084601	
0.08684779618129018	0.1392174136589635	0.618683576831047	0.9543772799830809	1.5886891676094328	2.4050871351622924	2.980372803184312	4.437273638015731	6.337944418631448	
0.10562777517309832	0.14903435848991173	0.6299700105541022	0.8702157811296337	1.4092206167912835	2.0836539976190935	3.245983101227865	4.582090640848638	5.75633432911205	
0.0990053579015688	0.17594660837941675	0.5777990564128882	0.9333268963693857	1.4392873178885817	2.244878289617723	3.0864573332694265	4.591654274919579	6.9745108218730945	
0.10848404427236572	0.17140905477507168	0.5728732354555639	0.9205440732445548	1.4386679545513883	2.311910121443003	3.5412991467295374	3.2911262997427038	5.510381076145557	
0.09816453573586371	0.15620353261958997	0.4735966639973179	1.0451340889177214	1.2286939662318028	2.1598506656125647	3.467482290804177	3.9588787353131147	6.222021286401263	
0.10002688057461678	0.16027702926268478	0.5328636665916292	1.0702937615228785	1.6318137819411582	2.0060833498680664	3.370189541986386	4.615339091244359	5.715092718509818	
0.10594192407837602	0.15491612055040774	0.5675352443794871	1.0676249896701198	1.5896488621519722	2.2315808346025277	2.819274505595701	4.373721820336037	6.58063798950894	
0.10146098745641062	0.1672970470593428	0.6572633063078918	1.0595771818800823	1.5167691775602739	2.310813545858698	3.909142815032816	5.354249376558443	5.353278451501431	
0.09112892710755632	0.15913163753713544	0.6254088953562243	0.9626192871417584	1.4769311860656391	1.9433349859584723	3.6045184894252706	4.027377913027073	5.845760324122939	
0.10317310937326662	0.1434549740490049	0.6214642259290205	0.8720674470863673	1.5090434860280388	2.242603448084123	2.699959121150017	4.084573100003039	6.414079287769665	
0.09637670743777878	0.17248781161865784	0.6718558210910064	0.8144233132092331	1.6824104921847283	2.5429144362968428	3.3525169892360296	4.526802236661648	5.5269643632842556	
0.1102338819173963	0.14683680731123186	0.6025344867071771	0.9707647164064277	1.290201068121269	2.374747236975341	3.0717125381366284	5.0270367637991535	6.094812898681193	
0.08933210585108912	0.15347366417019	0.6014998396568078	0.9690318448873663	1.3519692369854812	2.0352013587562405	3.319613521879523	3.9541665968906683	6.406913173159987	
0.1071589270774588	0.13164289346316638	0.482391874385562	0.7258073367966971	1.6213976537501353	2.066980198105696	3.1993512635824244	4.244539475809485	6.172896438160063	
0.08219665901783124	0.15515477404326045	0.6202373277023193	0.957085444986779	1.0171949402228075	2.2977990143582834	3.0833914530114703	4.107721662399258	5.680564658408888	
0.1042711490430956	0.12298532692139409	0.5926954093848547	0.9011418761761923	1.4691467438044057	2.061349027476033	3.845310571896486	4.4391240250801465	5.537961549611747	
0.09476604699373928	0.12847008485240544	0.6715256346780911	0.8731773841084155	1.4037879686684493	2.1205728025597828	3.257007954932832	4.74945598856799	6.434285205428496	
0.09777278957811562	0.14711848790881144	0.6015625198592088	0.8072903759712866	1.3947555207482978	2.0483146019978173	3.382983687006308	4.407945759414068	5.453333207852626	
0.09012585588072924	0.1294228909494818	0.6250852083765283	0.9065024685185693	1.4545948235632151	2.2051980315559576	3.661992417929598	4.879355738489908	5.8056689716060355	
0.09634766256965867	0.13854829698962096	0.7016260830319553	0.9405668256799359	1.5998124431392478	2.045330509411606	2.831483778108526	4.73132369399643	8.138137296377131	
0.11682724678963995	0.13494585233431086	0.571121939306228	1.0203830031103214	1.4194292810304294	2.434794869237262	3.1385101726152	5.042542959549785	6.164957255403669	
0.12125136920269611	0.16739647448386175	0.6411815541655878	0.9877318526620991	1.4081763925670567	1.7018120401628318	3.238319897416241	4.712695770596053	5.996950500536498	
0.09328868647397766	0.15990065134038808	0.5011053891539914	0.9152539090679025	1.3076807312943204	1.8747164250240427	3.2917890898174242	3.843332209821772	6.271308288324075	
0.09352724526384801	0.162881420827884	0.5144741526318569	1.0123315571359124	1.418310715327931	1.7982068165383678	2.7492743573652296	4.016704661120319	5.738519871530446	
0.10248739395852385	0.15429272049010387	0.5917575680463409	1.174007631374323	1.3104212214731712	1.8905195095357883	3.128617459702322	5.119364212855457	6.382717425609054	
0.08510051282627754	0.1375694707498745	0.5779002262349731	0.9410365146245893	1.5284697885637812	2.2365834773199844	3.21209462725242	5.005323940315492	5.25474889276566	
0.10091083815843847	0.1480928388200108	0.7103523543110603	0.958688132535345	1.4669537613458015	2.1511906612562077	3.4340103188609836	3.7696566901882274	6.005932187029098	
0.08748781940684146	0.13752416158552822	0.6791123462123703	0.8369055403410933	1.1442167125241978	2.3558667211083026	2.845223743042613	4.530331983176559	5.55994081614854	
0.11294373439005545	0.14986458810837103	0.6289286079365491	0.9538708884041794	1.3854683203067328	1.9879631553101886	3.4426787887054875	5.085150325930432	5.829543380949792	
0.08807539796508031	0.1481598209941676	0.5023670077459518	0.8650463041078392	1.3839021668987042	1.814570508854472	2.9384097365411552	4.235401302948576	5.509932681707752	
0.10822461318768795	0.13795294373368178	0.6884330022632789	0.7971195010881618	1.4825667836093859	2.4136300664487855	3.393585189070622	3.977011176085527	5.747268066943409	
0.10912775789199516	0.16467767854279125	0.5431406681767791	0.9960021942338526	1.3599824786648567	1.8130154051773861	3.3879844195595012	4.237249084806107	6.4090153341182035	
0.08874317622942834	0.1617086281871156	0.50850669297101	1.0309832953395657	1.7194223154947552	2.069596490701825	3.1477189425854384	4.94449580361002	5.4272496221826	
0.09642229631430092	0.16214085757015645	0.6307053994966689	0.9043745272511812	1.182917571476723	1.813900050991408	3.201236761474807	4.258851234592821	6.874465595553973	
0.10075722183781088	0.16987268165590796	0.6781604627671417	0.690232702693375	1.5311236218512674	2.065890604787334	3.12274380581164	4.230071693719865	6.7840649891873515	
0.1091652691957768	0.15797372427325287	0.5585822638172688	0.9794376874304126	1.3602024497048897	2.3632211923149713	2.676946771161466	4.101973450370811	6.157746841402675	
0.09984307342910857	0.13621311382839363	0.6388204561993889	1.0011168260513097	1.355050741712392	2.1860670521193524	3.487110649760213	4.73223478203182	5.631550229233572	
0.09675344817853185	0.1754564142038292	0.6077504700095032	0.8368243805837015	1.524364157430054	2.35159177772771	3.674276401527531	4.809213701105895	6.3626871944176635	
0.11731177026506215	0.11890323816119289	0.6060597783153951	0.870532281351213	1.4002275341935744	2.2593220190570733	3.6480992201760203	4.273740372271707	6.412444455072207	
0.12014333420741813	0.14601562079819674	0.5812344530217611	0.9440562782287361	1.478887065356889	2.1747840359450077	3.3064884033235744	4.625528392738199	6.4138912434744135	
0.1037632540622282	0.12369524431567828	0.5911482248278996	0.9316679844538985	1.3805950938195217	2.598864530940698	3.028576446494691	5.066021986286151	6.314849144139087	
0.10618477981634084	0.15017427408091857	0.5918747327439323	1.0567396150300963	1.267749497920105	2.3174249976413517	2.811538721099306	3.9802615855020678	6.359410296829396	
0.09417357019665651	0.1529146060945462	0.6763116763177498	0.9066329346066662	1.5940115367888459	1.8897711940403106	2.8866329270497357	4.614521646436578	5.913299298966974	
0.10299797410237058	0.1507951940313911	0.6158572045492486	1.0630224023421129	1.4335755221612618	1.821018540052487	3.414511992090568	4.62352738099348	6.309750647063815	
0.11803379202478739	0.15073013935615476	0.6510115844122507	0.9485476732820419	1.6007654145892092	1.8802907414059398	3.2405675636661	4.988062951862746	6.544925267351697	
0.10366865071961487	0.1546953183419079	0.5126673986167408	1.0119236423961413	1.4273512820680747	2.1374910017587054	3.1228043020632046	5.117898678387317	5.987776140453134	
0.10986566443641402	0.1467609261677286	0.6120334789485469	0.9203204931035588	1.6125596185679616	2.2674835715063324	3.0438737588805367	4.61912208756021	6.433607342155717	
0.11366594475435193	0.16485527855029689	0.7178457749306217	0.9845716960939236	1.313266725944237	2.179575806756171	3.692955355168641	4.002483137060622	5.708889388250847	
0.10683335305035101	0.14472255105772375	0.6300871776504503	1.0672934809394747	1.5861499969264932	2.4784402235794243	3.5248337629067508	4.6433804941121455	5.082280909063025	
0.09818011625733247	0.15164871995723858	0.6176410108745499	0.8369884949573997	1.2062329774633413	2.1250715401684803	3.8599866224662422	4.041450329208251	5.71300963961086	
0.09525033364686106	0.1519082235057983	0.5354733331162405	0.7845649981528199	1.4522461746890964	2.1013007356488598	3.4998006793558027	4.572307413888609	5.395306610385175	
0.1032677497111392	0.14044857116940426	0.5372854656113095	0.785128429584237	1.4180532499180272	2.162489168330889	3.3395812359718517	4.582536770282721	4.9929534660194	
0.10300636150374197	0.15215420522632414	0.6271293872017065	0.6827123453102152	1.5510007218168165	2.0162961133746506	3.0981421560766345	5.200681101427709	4.941456752697032	
0.08390749307427979	0.16364167270946586	0.5654914219011379	0.9099727094325833	1.5859524108744576	2.366999880056231	2.4019387616588963	4.244823798155656	5.394140361678042	
0.10794120994576178	0.15775763185515213	0.6468215160118563	0.9402039066669141	1.4858787806655176	2.7240758485390772	3.2308815203237753	4.9635763709896965	5.977831249153483	
0.09712084515912144	0.12474802940883065	0.5822571329407121	0.9099645221243043	1.291833719618128	2.3477999314681934	3.2773137123397436	4.2817457768106415	5.403401900200032	
0.09317806137799396	0.1428442669131688	0.5617583457810237	1.0180489536264907	1.1875539267939326	2.3672057416344843	3.173869634950754	4.487435872790995	6.0347940595921825	
0.09560890778715095	0.13323741401445002	0.6246733270303023	1.0215357524474045	1.4219105095002116	1.9743155900646503	3.3413968392721327	4.448057640079279	4.550831138062969	
0.09288351780709424	0.1557594199635496	0.5762588337072001	0.7760259303987358	1.4963662305206895	2.1521606319799638	2.896130924263554	4.001842611444538	5.6158692931548835	
0.09954096539263525	0.1443969702918297	0.6512463700725868	0.7972129903311929	1.3970507758314143	2.043018783109785	3.3040528182086204	4.834583710940251	5.3742080743204665	
0.09504568691402607	0.15295343643230438	0.5457393511207627	0.9643522904111606	1.5589791862300184	1.8934131323740355	3.573384783794158	4.908537481027949	5.23063450702204	
0.10987318016285193	0.14471330900848817	0.6857986829659103	0.8991416450217116	1.4846349884086198	1.8734333331712516	3.560463982447801	3.8524983447298826	6.418711972798751	
0.11709774422773911	0.17989538673233915	0.6561414923954015	0.9634750262866747	1.5384638835959668	1.8763930507529667	3.317333048686825	4.631644590925706	5.812261015645464	
0.10032888704207198	0.16378357882592	0.5640687804496786	1.0347490294611281	1.5190727027702655	1.9878902242247614	3.0072470058102287	4.823492649738322	6.1739709622494345	
