5	89
1	0	1	0	1	0	1	0	0	1	
0.08586819104901526	0.31271642645034203	1.0321751191081152	2.5230072807446984	6.088979706044599	
0.10168071322368458	0.4093454778993003	0.8870865448780655	2.299526977650179	5.453871216473071	
0.10402332969919466	0.38533545226124516	0.8954099037506446	2.247108053147653	6.087478377119039	
0.11700779895417246	0.3624189528125515	1.0773656053300815	2.015088461909762	6.161374332720346	
0.08938941734427651	0.331917133272866	0.9368317996608019	1.856545290096763	5.79485213860897	
0.11241913168972953	0.3428009328197067	0.9730786524475169	2.174482995604963	4.64278169535796	
0.09227165437737092	0.41243373954600565	0.798407804194581	2.0054298657149534	5.98809443841871	
0.1009950986081859	0.43287949307165524	1.0626829589174343	2.6062771109530303	5.895834078243343	
0.11370869687040029	0.3836383477487042	0.8523438219299393	2.2948762749978	6.059404781250502	
0.09701647877525482	0.39448732955178445	0.8649442968762002	1.9947215712019932	6.093544119843614	
0.08355550781210076	0.40606510110046845	1.0062095084402503	2.213123626868897	5.913586873997396	
0.09220617226213275	0.3669319974043325	0.9065991488537465	2.221601682741254	5.891817072378575	
0.11306294579070851	0.3735031419642295	0.9639952085682285	2.0936364808571946	5.519868333078497	
0.10746584928961611	0.39122792950804886	0.8303489410075087	2.2670328743569055	5.668490247117537	
0.09034258797790128	0.37370441394690035	0.8087407694706551	2.11357100890713	6.00991769114121	
0.0922541731206995	0.32167165609326437	1.018254172178907	2.025103869873664	6.18521720361559	
0.12062706221541744	0.36798367288739386	0.8614476411106423	1.978138011255864	5.285949586572011	
0.09819883556872705	0.3715197513964044	0.9535662072565703	2.6774911238963073	6.35622651481036	
0.11934767739670689	0.4439161607409643	0.9280026459791658	2.2014604247517884	6.674055425922791	
0.10901286669688788	0.3688070013571778	0.8885433333306203	2.117291774825877	5.997996672635136	
0.1078715401499395	0.4034697732674035	0.9627417602000972	2.4641113097020195	6.117448653909383	
0.10481040304050711	0.4042726374520117	0.9470940904357361	2.059771301891036	7.1325238538804925	
0.12673699867742613	0.43443312568825737	0.9987813733336202	1.8175999385710409	5.920802828877644	
0.10420103506994581	0.38860084603350875	0.8240193326330641	2.315196345414069	5.918402449113	
0.08984920030301285	0.39136872058604993	1.0572627317369991	1.8443746980044267	5.963235894179552	
0.09664138175926737	0.39694954305507296	1.0460585254602304	1.9707802542374038	6.604777724880657	
0.09400607829508047	0.37243883353436963	0.8598447987091333	2.040819132311631	6.810661531796306	
0.09906812970592609	0.3634338871313347	0.8925763452072575	2.5267366265100017	5.961308573667614	
0.10676651486886278	0.35350382625761856	0.8880821554121929	2.4225960307079326	6.219791522706014	
0.11992208559466566	0.36493880981228066	0.8939537351349507	1.997252957642304	6.6021335965494075	
0.08629115120497473	0.351233314170677	0.9309415145409742	2.076639598888744	7.01008657846935	
0.09743455558107322	0.4206678703471195	0.9138544324817085	1.7606042337814916	6.320831079067362	
0.09034533641720924	0.3454040999464035	0.9750170391077949	2.2874193158604923	4.72833526207375	
0.10496412480524608	0.3634540151138252	0.9182846226468488	2.072273499173654	6.1311795553615	
0.0902229836669934	0.34842753394552883	0.9702202666524211	2.3284686579762846	6.946769180519072	
0.1061000572410406	0.3350650228362043	1.0122128947765539	1.728261352698369	6.067005704731237	
0.10758001233123476	0.35379787605190316	0.9000961378839403	2.4824607868776187	5.924630958984737	
0.0918172553256309	0.4063897415700799	0.958939587871011	2.249319658006973	6.120107432794802	
0.10928287844193181	0.4263477806646771	0.9098362324875227	2.1987143587320355	5.270577124865712	
0.1057162956180717	0.4007460083851097	0.7883894660907238	2.0759193049346223	5.209277832714265	
0.08370149813565578	0.3220710061267641	0.7276896952264552	2.1562859521004727	6.762081351157817	
0.09913115203320741	0.3880719960198471	1.1303954744387195	2.0829505276404485	6.129133129110603	
0.09750952216180565	0.3647534680189718	1.0243723841869223	2.095559642785766	5.45548994352324	
0.1075018685720115	0.3544548692219974	0.8670647705020136	2.4045710687497563	6.093378193153162	
0.10586804577899192	0.4354702520462549	1.0588392090622072	2.432005439741199	7.530804245986993	
0.09772036928971632	0.4433287375755855	0.8447671460731601	2.281907701206889	6.0419030287887825	
0.10498234529195954	0.418898938092162	0.7828648591246872	2.27758119048589	5.632846423120661	
0.1255455791297006	0.3374742308741233	0.9456425429150052	1.8772390368886875	5.693609113278029	
0.08875073191570403	0.3217266710121925	1.004462683662963	2.1663866370842	5.807940993797822	
0.10153380004365867	0.3753063423889988	0.9958097763530057	2.262871439060679	6.0154360027269504	
0.1118728142945754	0.3383963469249286	0.8379613288294698	1.887903983352997	6.134607210436277	
0.11224327983460136	0.3850154968292877	0.9863370409485036	1.758033459557961	5.806086174208602	
0.10975272899924485	0.41571771915552425	0.9746499693184759	2.537141982848759	5.730886041051399	
0.10038308568918097	0.42387729637466415	0.9824048569418903	1.8199777911500281	5.196610656265596	
0.09628853067036469	0.38476568533433203	0.9224263745992161	2.2834699792031543	5.717565078957709	
0.09995786605692736	0.46034469313080784	0.8356925162416309	1.970316449882794	4.8601047712821295	
0.08866589351028026	0.3893265329518872	1.0832328412474503	2.2355137376078034	6.118053400635812	
0.10268894576820678	0.343679865444838	0.8604365630927742	2.267512295300796	6.1963467485839985	
0.10212336932753628	0.3943194009859659	0.8117935921385737	2.388593029762396	6.265190245521724	
0.09525914547697523	0.3758177918764061	1.0194039280133207	2.0827186491694683	5.859626227150136	
0.09050886397543104	0.3457479508611987	0.9139762550906408	2.508471909097549	6.095034152652721	
0.10892743162056076	0.3922423843351264	0.962276010263816	2.0586789426704337	6.264899401773783	
0.08713931620631057	0.31994391303091746	0.9045322203034547	2.090043465733552	5.3156499989096115	
0.11288484539127946	0.4175878536008037	1.0937676651695494	2.0397630650395246	6.710277699206491	
0.107750185534433	0.3602689815514901	0.9208711462538393	2.527050113740608	5.796489025113935	
0.09447583280667336	0.42296394585567915	0.9002822608419243	2.451213783461596	7.4524631737899885	
0.1039424167501477	0.43545822735817147	0.8984007032992558	2.3602293102236103	6.4715593901840975	
0.09458840131929148	0.3512178809988562	0.9710791668818552	2.466520267004967	5.706123456866996	
0.12002213464988774	0.4000792192978774	0.8881116463804034	2.1827519065792242	5.521442212797577	
0.09219337850549914	0.43360225927043494	0.9250071676780632	2.17220358803964	5.5032361067471	
0.09729940069809093	0.3881466373809463	0.8750656272771161	2.395481366697653	6.4674252748216645	
0.08183334227042607	0.4298237973677078	1.0241518840788193	2.424395869922739	6.28179322553463	
0.0999672261551387	0.41034001024239797	0.784137822344949	2.1187479108352285	6.794495015034251	
0.10884053469995139	0.3740767536551337	0.9170888485286869	2.25641712003851	5.593080561452834	
0.10192459017995599	0.38678789460529345	0.9627322271970656	2.010158373699861	5.4653855987385285	
0.09702814776881205	0.35539555909986614	0.972768191518958	2.130803205694409	7.1899173543575285	
0.10355538902205484	0.3774209358790187	0.8858745903483162	2.534939277570768	6.08366448133737	
0.1075338264655889	0.325001937062566	1.0185514249104655	2.3838844120663523	6.021372344342991	
0.100897461644953	0.4218256417454272	0.9471717734168882	1.8828446179007845	4.904123380385676	
0.10204059755966788	0.4289356066051126	0.9039335778626787	1.7319392201937287	7.36838708424841	
0.08936328874097882	0.33889834130567864	1.0082833629282812	2.275387467479527	5.554921276025684	
0.1172876697813951	0.36944893380321214	0.7297709841308853	2.096810920991288	4.92607414262543	
0.1093598743231484	0.4000532970114625	0.8307490300075254	2.021012920289648	6.09605682917851	
0.09887077396062069	0.4803180886926799	0.9881965477112646	2.085129296772171	6.21366541512222	
0.11279351291693351	0.36890820204480923	1.0677410129498417	1.9535364573399892	6.510257253903175	
0.11081206434116822	0.3451298798745867	0.8856258261266253	1.7722398577091873	5.806447501567755	
0.0923094244471145	0.34827617821583373	0.9038227117756685	2.232621961871631	5.982957635717247	
0.11221451833181373	0.3298155372417035	0.988648763056535	2.2165161546388905	5.695766045378518	
0.08868307011006124	0.390831309786853	0.9399558744064503	2.084880896819368	6.252912447731429	
