4	71
0	0	1	0	0	0	1	1	1	0	
0.4294121016146457	2.3613572867814394	3.62557947662059	4.44672444405662	
0.3673353520222449	2.3168819619854597	3.185499790879378	4.070395282516676	
0.41968070224796	2.3567696915009737	2.830852918290582	4.151965954939957	
0.40936823635652175	1.7498046662108593	3.617330858472134	4.8805402561996285	
0.4108093781561075	1.9216919013281435	2.9679909297369056	3.9818939140489693	
0.39095541476436235	1.9771124858109552	3.338045993880853	4.066055766313858	
0.3994117945927152	1.8664953347141242	2.9658288589312436	4.160195926980786	
0.37279884328081864	2.6448543669018583	3.3589715866036927	4.107825139638416	
0.326262621487537	1.8664002929658323	2.976942553535861	4.745226057015763	
0.4039725353954425	2.136982632353442	3.6659134330511502	4.315976861171908	
0.3917433619624379	2.0899834005741007	3.200325851018316	4.885079286942413	
0.3818151377945702	2.158539057989208	3.4709010715260913	4.6948226876322465	
0.37950110425575884	2.1654789344320315	3.021280337915412	4.807891536807023	
0.33796447080789865	2.020087109381322	3.732268141090606	4.847707764507958	
0.3932686342732651	2.356827528722846	3.0199005877903056	4.095043206429232	
0.40433798613431193	1.923449242368615	3.4039575964381545	4.717573965022232	
0.4263337848516681	1.5610140847804077	2.9852721358665306	4.709111289746668	
0.3915525731719124	2.0796984736752795	3.4453631470342656	4.075542529307506	
0.34294472356531985	2.2542701287627454	3.0070058298967033	4.277416806093135	
0.4296488698636678	2.2289062594128155	3.696940005036795	4.629878154292069	
0.38038979026882824	1.9636262315740804	3.4349992746933067	4.5192974867035725	
0.398977388341081	2.0465143435480044	2.957880507584637	4.244802557356484	
0.3851739080135351	1.9818159848268435	3.27050018290277	4.4663027990063835	
0.4186226850464419	1.646046700977399	3.073568392294771	5.04215239956444	
0.38319410925162534	2.132009508931087	3.268329583767978	4.486649877169182	
0.34552450666739776	2.4583671756180747	3.3886384283316815	5.087893927779552	
0.41757677839625995	2.046922772571419	3.5590635850185057	4.162877576444056	
0.376726870931844	2.0451984299155654	3.490895099685202	4.132082375448243	
0.4289400752235192	1.8001621103190468	3.870536186056681	3.6813352290634755	
0.3440058791013865	2.5067680091709477	3.827433621138446	4.079936580416906	
0.369529434534487	2.2712932891872106	3.4315431404920766	4.937548796156082	
0.3326873172639181	1.9290462157422064	2.661778364920245	4.946619508111915	
0.3553913691406664	2.1438551843881304	3.486758762165166	4.654228029615103	
0.349086956654286	1.9001162444004362	2.94890866700398	5.051792743944267	
0.3723121926918517	2.1204208323568876	3.1178840215143078	4.3122729341661845	
0.37324657390745297	1.6821710933681495	3.4997247157920475	5.265072044892913	
0.4229063252794514	2.0005895771719606	3.2342900780682293	5.330857718899509	
0.4323258107322115	1.8483556005493589	3.3728859136853124	4.308619716009655	
0.36287763688297797	2.3881666032424276	2.7555881143849885	4.767238241913631	
0.33217346874588505	1.867936806215685	3.8166823265389542	4.805820216966492	
0.4112403903977046	2.451150394324549	3.4667992807794894	3.950336594384454	
0.41327460220417445	1.9189308511354084	2.8313539211246015	4.481864845949748	
0.39840565200000055	1.5026967062988328	3.3191933988165716	4.192285659674495	
0.4058546569621796	2.1072378965699077	3.1121993487280966	4.495409297666418	
0.36042698610373064	2.007192643113255	2.878368906985406	4.272211644409934	
0.358235952535866	2.4034221214938767	4.1015808600724935	4.818259152000213	
0.38774152753684893	2.407969711854446	3.197171530940618	5.621769548251817	
0.41318807936118873	2.3929430958737266	3.215283411010001	4.304134486885342	
0.43325067052023974	1.9528104943666684	2.8431722886087147	3.80175547856268	
0.40359983556772794	1.8626037516471872	3.1871970691522655	4.201560290560895	
0.39790933459287753	2.0938600463396804	3.3593137907997823	4.304300369647695	
0.3202797796408218	2.415640431159257	3.2462789693400804	4.36418752456453	
0.4049119840705437	2.2402780752616747	3.3936928199125833	4.486494538435999	
0.337632787851305	2.087485976789348	3.746755929352182	4.906045877165221	
0.29946779357623177	2.083208549027473	3.5166135464216866	4.588877285812343	
0.415226783063886	2.170096129647141	3.6404501346691083	4.397230834958003	
0.36581278513297855	1.818028315655179	3.5437509031576573	4.268673878407133	
0.37050289970661465	2.2358552945618904	3.1261327473690517	4.552883475515422	
0.35787854715341627	2.0511455283890596	3.3997479371249746	4.431646450114577	
0.3781501603001974	2.0466910333183206	2.8982500049161266	4.824506471048729	
0.38237272701070457	2.593117706349873	3.324698951301733	4.969204543786114	
0.4981800055744705	1.7415688167178722	3.26333929890969	4.043895642078958	
0.3614837505298466	2.1375016962967264	3.4963497225866758	5.165874242812132	
0.38998828562121096	2.2757874999496783	3.238225884780972	4.1071918441197655	
0.33742374829497795	1.7926529608412838	3.0106803410324927	5.076509104489788	
0.45580003282026166	2.136511887728558	3.5565827161855874	4.683580534586369	
0.40148521110277563	2.3009305855815665	2.8306735941564845	4.213067538902542	
0.4011286154255068	2.0226685689829753	3.7056762172314572	4.221774322699697	
0.36587611507576695	2.5376482565983984	3.0628383384133144	4.713096198108006	
0.421999459518949	2.191340774106045	3.1089786213930983	4.352170992640026	
0.37173596356561034	1.806421283324474	3.3397055502817414	3.5355682530767187	
