6	23
1	1	1	0	0	1	1	1	0	0	
0.10341746337831514	0.14787685680435078	0.3614090391236072	1.4236854865562127	2.1288476036773987	3.056379337641068	
0.10668477780007089	0.16955198188454637	0.36251550896182555	1.3757235983032894	2.3112849739055936	3.2200297517545797	
0.11198505899363603	0.1534343567119793	0.342467524483844	1.775035155668802	2.165391332708776	3.1661515641507356	
0.10517429074978435	0.13880169946543164	0.43927220490984353	1.350306770765224	2.419612980099001	2.620511531425098	
0.10666334265220037	0.17627923353909708	0.39603026394181823	1.392802135978814	2.039195120702853	3.4197908421114986	
0.07521733793843788	0.16882947035984128	0.3974710226797401	1.5343330585482764	2.1487548294721046	2.878161256638545	
0.12057390133225172	0.14943325261763848	0.43572563685570304	1.474303514329391	2.6349991482227777	3.6521513923737188	
0.09713563208453181	0.15539074524214114	0.38150517622983593	1.301630708723662	1.7689553863871925	3.4486324492105083	
0.09949308323762837	0.13443059533261897	0.3900914893204079	1.526650699483019	2.023919003118507	3.194426163161681	
0.09220644824761334	0.1703275237152101	0.42693819850206927	1.2804633039129127	2.6853058097349325	3.543346712533109	
0.09659654588552569	0.13115546575674542	0.38130426492804925	1.568219526124285	2.0282729147076033	3.3040956645898394	
0.08620636586271416	0.13493867281209757	0.3815754971054782	1.3402262020644298	2.0899064877001092	3.8182986008989452	
0.0970172658719913	0.12593094733183138	0.39868715504023683	1.2112558394586912	1.9835204542579714	3.0594973857719756	
0.11074160543598349	0.17822568642510828	0.3639894807695225	1.477703968423765	2.0685965156770934	3.3037846440973726	
0.10078976300299457	0.12604779157347784	0.34266329211428376	1.4584428852808735	2.2695516760726955	3.5157803669553864	
0.10664103142148762	0.15704704578863052	0.384926845061173	1.3366662043441822	2.0294322257288546	3.532821527734957	
0.09537815125702676	0.1643107583718256	0.35228584716810085	1.2855683746286988	1.898416573913698	3.3794925346298923	
0.10798647132371711	0.1747587461017652	0.34591698751966565	1.3529594368909776	2.0489673687717396	3.1546806464923307	
0.09921787853460226	0.1430333230408519	0.3636257515151496	1.5630292599092437	1.6358761140585218	3.264523543760661	
0.10319575633083256	0.1737176057625275	0.3788529024825222	1.222747105038327	2.2045920987265566	2.6565712051307058	
0.11022264614980688	0.13140820629119868	0.3955719323822855	1.4499484212206637	2.1430285365228814	3.437317282756829	
0.08603398262839251	0.11380115427797882	0.3886514620959694	1.1946315998679542	2.2728764485983475	3.11936261858125	
0.09826938197859446	0.1519137400158862	0.40160479515229686	1.4026611836881901	1.9120755846088349	2.9419002817177433	
