10	89
1	1	1	1	1	1	1	1	1	1	
0.08776582271766571	0.1498430672367823	0.41680360924104326	0.6651886963476327	0.9528420699986287	1.4816013922779656	2.122996897102906	3.211298622022038	4.548460202665001	5.399727042763824	
0.10273439455515716	0.17110796076208942	0.403283035977857	0.5510718140376477	0.9310114212565693	1.5766088493790744	2.0056057049777283	3.378822689800011	4.42268317740802	5.779068078640149	
0.10650796492025488	0.14461503744449192	0.42628808186628087	0.568543676389471	0.9492320824876016	1.5784891953356162	2.011486330591905	3.3309148287377037	4.788857651171371	6.361426720277347	
0.10075051143544277	0.19159053234762183	0.4032760904428364	0.6420688094110951	1.1808709768905221	1.4407897196826438	1.9810139253021781	3.5801831272949753	4.455072952046276	4.9079873262254505	
0.10509962059210753	0.1595977686790984	0.3197032914829467	0.5502240400669564	0.9358698249337877	1.18693611829539	2.0854602471286183	3.11962514214252	4.23839267726653	6.024369865123385	
0.09794404462213796	0.15339291565304872	0.37076597298179786	0.5117213711686982	1.0754999860252938	1.4185820064968804	1.9629485581945696	2.963621104804399	3.7884927676344615	5.358711064956439	
0.09150626611359257	0.14913069397888995	0.370371601842658	0.5877319467480955	1.0002046723213467	1.554467283547635	2.069725426327147	2.8317142800259743	4.912518525210809	6.21359045658131	
0.11776586231919804	0.1429155502710296	0.3309778375103754	0.6110191784680099	0.8440125649376006	1.3327112909010785	2.296806816213265	2.892591081160629	4.54963793294665	6.682288767951746	
0.11540168715854804	0.1937960955838344	0.4398438447508042	0.5205365681465217	0.9909151525352508	1.432546603031332	2.1254005544228556	3.8218116076078332	4.490267960986802	5.983441713824218	
0.08665579009386398	0.13725023502398392	0.3336788325979587	0.6474939561625609	0.9683121106701679	1.3790439635243656	2.0518835158277775	2.8801489390350565	3.898762198004081	5.557881440188501	
0.0811288388620155	0.13477893193271162	0.32106688319397636	0.6460263568313437	0.8054958653042842	1.5062039144572141	2.4296947611294892	2.85877080605057	4.90278566061145	5.866350373534711	
0.10624570255452143	0.15223191629398064	0.4028190759781485	0.518384976632893	0.7476865838275052	1.5177429193367669	1.937504151415244	3.206663392337865	4.146697055658151	6.153515948858658	
0.10066747655751179	0.15354023835927139	0.4653192571102624	0.5727250379781993	1.065491579480937	1.40549299733891	2.254119361027569	3.609333369212215	4.002120404377207	5.769918879229706	
0.10559655205473234	0.1521738809312594	0.405611209317161	0.655103613790029	0.9584183555077199	1.472082733183679	2.5139588794778325	3.2701968314858076	4.686557434427803	6.375223359639499	
0.08849891629747925	0.14767622304547745	0.40838287273563456	0.5829047359868039	1.0742465671339985	1.4321991336459072	2.1263598151059337	4.00821571256016	4.8076633167288145	6.6388214729052635	
0.10842910415167739	0.13155794563406112	0.3745268348655495	0.5928932081820796	1.0117594627462145	1.3621253193548546	2.024950370878313	3.34840152367397	3.527086376845237	5.771483435976375	
0.09989554087012295	0.1402334539333164	0.4251881938658764	0.6308017937593396	0.9258657974006155	1.4109534824726955	2.4691332972641193	3.235672734144293	4.650222322788219	6.999078614162719	
0.0924255607665104	0.14377707335658382	0.45197382077914566	0.5713210377352811	0.8876383209689064	1.3839218966587838	2.282525906358007	3.235327797265678	4.598258100125696	6.101654711419711	
0.09755624213410093	0.13771216671079134	0.36454189071637294	0.5913301018921856	0.8175634350033771	1.0482014248785814	2.2511103380894446	3.2391982526265304	4.548975510423098	5.681585427685125	
0.11352019528850708	0.13959675397221236	0.38729021436366173	0.5937706753931468	0.9427131479931599	1.5813831107816818	2.1468632792470754	3.0443297549284245	4.213922102125009	6.194567676293037	
0.10111604962781391	0.16759833376026673	0.37140406683331	0.6468035330864635	0.9081293456687874	1.3864136503612008	2.195121144207019	3.251354557964094	4.299363915209719	6.018353368101726	
0.09092349483072568	0.14041575705106543	0.3779412372911097	0.6063027553825234	0.9099879626982262	1.1616458477661644	2.4927860520930256	3.2898369400957295	4.093099335527445	5.308925670278393	
0.08702123555417768	0.1512387093391294	0.37521174290264525	0.5452941578883659	0.9596643053641458	1.1580257246780696	2.1390240151918056	3.505864286373801	4.4025661912665415	6.010666947887133	
0.10102808302272992	0.13713533237397826	0.37354958556438933	0.5155841893107124	0.9049708849611134	1.7758136763975978	2.0286278763174868	3.930218442897099	4.5733854889604855	6.677103837678656	
0.09154155438039009	0.15718778657880295	0.3767327621748525	0.5898696137401589	0.826780723049839	1.4937308851708901	2.458304659462381	3.110699646079407	4.639554871893449	6.573940000310033	
0.10978201858218675	0.13607758473457332	0.42676429340029837	0.5191473709915981	0.8461586397940144	1.2262025584557183	2.091125334342403	3.0790722372068453	4.147565328249652	6.573740131480849	
0.10355882632751495	0.16711773822016834	0.35948778438365986	0.5794983406562902	0.8867509362043181	1.4402776774291555	2.128650304905665	3.1449755196160236	3.9717317615003664	5.515752031533858	
0.09668416400706481	0.17095749394586732	0.3863027093498563	0.7272771325444096	0.8831615314783912	1.777591741421206	2.315533455113454	3.6664465149400325	4.401411721984484	5.766803265337324	
0.12144286719698183	0.145639227563943	0.39737163003785364	0.6309544715853408	1.000134088300319	1.5153607069289023	2.1621259106477466	3.347142301365453	5.1561504253832515	6.368988069303299	
0.09353684047707181	0.1448160885020144	0.2894314487702768	0.6196198150513677	1.0906563040838706	1.3750630727948543	2.635753635555965	2.6799457102955393	5.446755850481722	6.625358218961138	
0.09422110465909121	0.16024268943938846	0.43481754275826445	0.5310450683372938	0.9824583400863024	1.4396971199207602	2.005014587553836	3.9676530352024697	5.112922159774116	5.465313024060654	
0.09900720660528992	0.15899628147497355	0.35457904803790036	0.5783563209900288	0.8611766667131984	1.358712172816057	2.330849702736095	3.5447910592714216	3.8926180888258735	6.10721356106931	
0.10501531137966624	0.168859765480511	0.44852315757312966	0.5832843871815718	0.9380287477479314	1.277572399756168	1.9083795671025343	3.254337265061347	4.038624707479993	5.633498185242645	
0.08333345887064894	0.185128553046867	0.35130144944615904	0.47150847917622296	0.9127661775619209	1.599559262403274	2.2156036701332495	3.8333381948379	4.754815416358933	6.229449956220853	
0.11000708981805318	0.12189857992271044	0.4268770715207632	0.650833317659351	1.1055892490623347	1.344754599940401	2.1736099561400843	2.815394351151026	5.135733267582103	6.335606734304272	
0.107148316810313	0.15824860727775444	0.3924173346037642	0.7000621904212037	1.0159564568497845	1.5745280864258173	1.673439185411019	3.4411078477255383	4.494128369110358	5.682758582070893	
0.0973491860400651	0.13160874929311484	0.37876548147749256	0.6237940152270188	1.109667974688542	1.2782112777336205	2.4510914440179525	3.427016939739325	3.8192198748347193	5.607710468008921	
0.10313725014075237	0.15609283943135294	0.3940944017397058	0.6024141113339033	0.9693809443367877	1.517271156133324	1.9480096361879577	3.03198353530429	4.891271734684642	5.349274800934179	
0.11324603941859815	0.14684777960933104	0.4203682520872362	0.6079652761469213	1.074854631602717	1.4025815787154206	2.5679904982591	2.9199038467195333	4.5115905497577025	6.182459794407567	
0.10239331084421584	0.1581516326801075	0.3540927247177429	0.6064176852258005	0.7305437700673697	1.6197790115542958	1.9818781620456336	3.15382608348781	5.264247400603219	5.857216114475877	
0.10797455568925184	0.13555066614293282	0.3969281698041354	0.6733588892664347	1.063608865091268	1.453125724896673	1.9076150885715	3.1370077100783953	3.6400505685180056	5.721764762099992	
0.08722809578717772	0.15202517593508116	0.36754717662894315	0.6793679288933675	0.9008536581191858	1.2344629120775459	2.243124248693218	3.3317182312416103	4.032857439634488	5.650455374526887	
0.0986409016356117	0.1481354169220686	0.3931981391978478	0.5851756685272185	1.0034186301880328	1.3808412214499823	2.248900300478014	3.1748583831955153	5.074030218734486	4.985486550501965	
0.10064182600490333	0.16640786263579568	0.313685784813992	0.6514923662804932	1.1104385858606096	1.3565682585899075	2.6126548668513374	3.423030172266605	4.569653133990078	5.753080929523974	
0.09167817889206743	0.15947605450703042	0.3657432017435797	0.5882997476640986	0.8548198504383807	1.3312357812332662	2.011611898854029	3.4705917659289387	4.23593753120281	6.197825813652576	
0.09333508609418828	0.14736276770587953	0.3819982057035274	0.567934784152607	0.8276084607007017	1.4381038252233014	2.182259286264556	2.756801286193909	4.159160989610734	5.847286025409321	
0.08013230543103887	0.15442389339867793	0.33811301606820027	0.5912012229530595	0.8200136067318015	1.519745166419487	2.2691270220840445	3.5162510679865577	5.796086238275272	6.119257951197718	
0.11134876294626186	0.13599818779276382	0.4079957794682504	0.6226287328478103	0.8582018299474967	1.4898088683595208	1.9523089118582717	3.4961326047875603	4.351413016316308	6.496204273738355	
0.10699580235439453	0.1441776376615704	0.4190985671388927	0.6423162179162355	0.9187268461892091	1.302554449436146	2.324564032711289	3.0484519787621034	3.936126277907591	5.991539724174894	
0.10483760210548268	0.1334906848669926	0.3947909564359574	0.6755139364811347	0.8038062549814261	1.2676988824185846	1.884009807689745	4.03662070735859	4.680982461544197	6.839644346458808	
0.10924100783911761	0.14048617908140934	0.4064703978860248	0.5987085647279023	0.6488248323901713	1.3641111739627392	2.068687691270316	3.33927463494384	4.531632842642313	7.2186943064286915	
0.09567135445476423	0.19604357012982215	0.3574884345836804	0.6573986134077933	0.9005860356315806	1.4944575327332192	1.8059429603975596	3.3334553211255042	4.353215512087868	6.3261262778582985	
0.10765331278478121	0.14604638952493168	0.3643954162431638	0.5940790395012444	0.8348912284485984	1.294423539245553	2.1096621635762247	3.4327738846478875	3.8070134242898077	6.652856341267592	
0.09991776965151189	0.15495898570293573	0.3792714963491492	0.7076064437808146	0.9949768211433321	1.4320093537594893	2.2380689804256657	3.6861008335360337	4.234973446771366	5.83461363481527	
0.10734830229848136	0.14019687344933623	0.3800207813027915	0.49084785270194603	0.938732744073182	1.5285318718715457	2.328846717260647	3.6171081666558202	4.632841828409815	7.293565518022917	
0.09461279846246567	0.1335706969925505	0.42107741767569357	0.5325372973930169	0.8592052228722643	1.321065547769091	1.9885394678938437	3.461256020719444	4.208433192772583	6.409606241691694	
0.08396379652934434	0.14253393576261145	0.37268316350748176	0.5528920052467462	0.9259197892230134	1.172670926025204	2.252526711932905	3.600841838733826	4.667603752236175	5.629334010766822	
0.10342399912107184	0.15675197897131193	0.3936087585757627	0.5346441082497619	0.9025209021399048	1.3321456284797046	1.715954248134182	3.2208223377796115	5.478282616887602	5.688300820232575	
0.09603574574709506	0.16977410669146611	0.4692870983288531	0.5030040754639935	0.94913501314773	1.1719959777956501	1.4440789871512922	3.664469615836451	3.908803559270118	6.63051296983447	
0.12240718446489932	0.15578321098674894	0.4119480790298128	0.6057777909189429	0.9319380586858014	1.6959055329990749	2.289719840506623	3.398965795994044	4.08177633585743	5.788220213714892	
0.1191273585574261	0.1541792957557745	0.37740385756967926	0.6264348024249762	0.9256741511986655	1.2041369361246774	1.802418757359917	3.5373786347024296	4.613998349837287	5.716362841361739	
0.10376501513343704	0.1498862361269514	0.311476419042628	0.6559542857713507	0.963113263363106	1.5334106774243257	1.9425041921117585	3.7235814109357275	5.133614658765817	5.830171711666602	
0.08915005734224947	0.1442495877589035	0.430473637687462	0.6529690481593237	0.9667335537853046	1.4807424805438048	2.3434786275315296	3.094590050907684	4.60904168097395	6.471192815405285	
0.11035945829679612	0.14077386794464958	0.3765280288549994	0.6176288964429186	0.9480762773864181	1.3570579890803844	2.146056673059403	3.045185534698827	5.089401030700833	5.662931688374362	
0.09094711042544831	0.15706300609292226	0.34620039861857366	0.6187318043300359	1.0469093962834255	1.395937572607897	2.2460528810167926	3.53510778675102	4.19415995853385	6.133535103004211	
0.09191486313092186	0.14001907127974428	0.41082502120109154	0.6565808005068073	1.0382258128827593	1.3357133947288007	2.2461491714984274	3.438057819074825	4.179595393268132	6.0198675137810405	
0.10445680158267066	0.1497714746552695	0.39663666799305203	0.5999420467026002	0.9451123954782048	1.4105379443507213	2.2437620135424465	2.9500566920768625	4.305313374503491	5.188293602526532	
0.09764322333481959	0.14818864124396233	0.3199001219253373	0.5534228228785554	0.9544526469232896	1.4867836504490513	2.0846461860099548	2.727354039851221	5.101178677534874	5.576433829319817	
0.10971107597027133	0.15338980804056473	0.37412115125310597	0.5720773444654691	0.9928732206275048	1.3503677293820693	2.0620147792164563	3.003626374115797	4.803597944842888	6.125974658436439	
0.10524785739072934	0.13762734904921026	0.44802173972609516	0.49120923632297603	0.9968006689091797	1.444243618196801	2.141528193897603	3.165421671997823	4.067159815173457	4.705713705378515	
0.09423012008866621	0.11685385017705252	0.3978905670069027	0.5778339915847034	0.9058632507841632	1.376744640011954	2.128472060063438	3.4706119118922087	4.436345933668248	6.565893930315153	
0.08522938646502289	0.16995019880010845	0.43805033377416275	0.5444479299422536	1.0668622331471946	1.3662864963028065	2.2902121171366847	3.19126748964747	4.29169571144091	7.758149165418073	
0.10236502378652741	0.15838562435648043	0.36770666899765564	0.5516676141339855	0.9021363339659164	1.3816106784304094	2.0158162313471757	2.9406293958659515	4.4300883583416555	6.947831328976843	
0.09818367006148154	0.1432707225595768	0.40714217873542113	0.6217791164427853	0.9794367307070851	1.2820490850692041	2.352112819126326	2.876059564400095	4.664734432897022	6.624637513993424	
0.08445467990481774	0.12156031652268129	0.41899213768826243	0.5417615758604314	1.0211043822295254	1.312135125962213	1.781219650461162	2.865298348622287	4.75326895339958	4.8995185547283535	
0.0931836650502417	0.1579900757354536	0.4078016851776272	0.48680766294354544	0.9555598640978025	1.4636533677920056	2.3626607732768954	2.613475593229415	4.770484269212941	6.5074317770381604	
0.08118824267831314	0.1537796652002206	0.3977290167839736	0.6206553239254265	1.0569710670832722	1.504328203488448	2.1848613051936496	2.88746601088854	4.2410865051288935	6.398076386197751	
0.1218301990827013	0.11762033937189918	0.38593105818510626	0.6386747412003605	0.8596987377536167	1.463230296674671	2.3348516349432664	3.7521815855604483	4.607225498745205	6.002377676422283	
0.10057172393067318	0.13945709222255287	0.37644913859806617	0.5331807746081133	0.9657310852394325	1.6549798838988405	1.9778335983712374	3.229240241724904	4.952315867724986	5.769810616304595	
0.11692103095980927	0.16089111128036065	0.401956917180169	0.5651457667714238	0.9258414434714191	1.508816575461412	2.27680211781625	3.854597190576592	4.468875008687982	5.520465998666135	
0.1024996908356183	0.14782562760121426	0.4229285975589339	0.6761775373134549	1.0008072597078264	1.4431159980674009	1.9498057727872449	3.220078695364099	5.143481799897457	6.417796608042406	
0.10573364437012944	0.12384876337667175	0.35335809303071825	0.5202355861717264	0.9214978450877711	1.3280767317980264	1.8694499327663565	3.0330319173999505	4.767657959492483	6.027892578425426	
0.09068760762170901	0.14660577004565142	0.37968611549107656	0.7533943182151189	0.8932715176900001	1.293509275669957	1.9598488153575084	3.183198982638226	4.109047998599575	5.4094600563109285	
0.10322741248843831	0.13519170851768056	0.4321275387694338	0.4576348928193043	0.9023807658006071	1.5956726875630869	2.433104151816584	2.9974065484787893	4.033705272478752	6.847896605762703	
0.11071004320814777	0.17343943512519275	0.36401196111480366	0.6459672773076793	0.8463940902217166	1.6462723115667646	2.003240908721108	2.9144619965464504	4.684590595804244	6.122306796743698	
0.09415186289154844	0.12572989482012625	0.35805393785288736	0.5656799530643174	0.7145395667021814	1.468357241011343	2.514810176703092	3.3676232545615594	4.280935135203745	5.579687532933259	
0.08058175627638109	0.15573658418003056	0.33849974560996904	0.5362292690752498	0.9988406177582073	1.2951174128905858	2.354844320521904	3.335048512766459	4.599022548986844	5.556479166595899	
0.09529256865290618	0.11663914097086205	0.32846504093335666	0.5312346247572836	1.0540062106725452	1.574437441377617	2.238420212770728	3.441279182786859	3.9725064860527737	6.419365096971426	
0.09619695083518429	0.16450013484473547	0.3767111751727769	0.5923050361490787	1.0115214830049577	1.4573999352576685	2.0859472126730685	3.2121261003110377	3.888797945821415	6.519577020974644	
