7	27
1	1	1	0	0	1	0	1	1	1	
0.08703253448876358	0.14785817173182325	0.41796643451267423	1.2934880454309259	2.702750704896461	4.554713921830219	5.652182657101003	
0.10311005032336679	0.14264208757523564	0.38930204813870883	1.522888071392834	2.976696326111561	4.456094188613596	5.691508684674729	
0.091794646517254	0.14759195943969353	0.40095015748096174	1.3674351537168492	3.2219473124569884	4.699444711773098	6.5343888432695945	
0.09596322419092537	0.15156122669583252	0.36352940878847273	1.579990610299738	3.36792985383943	4.169730890070829	5.797720771436205	
0.09399289991050985	0.15450486941454358	0.3901565081393596	1.4350241347700408	3.1704051123345565	4.631441656988161	5.995804727712391	
0.11124137831293937	0.17706139340552504	0.39095966821247885	1.5247212565722725	2.7612751804500286	4.358332147546213	6.094373206994338	
0.08970003947693117	0.15804872427246272	0.39381848946277637	1.3665730747005438	3.7757158727111166	4.592161733448053	6.084974395342587	
0.10483099181244251	0.1529127282500599	0.38793548006596706	1.574712022249906	3.3116911346823756	4.56558818016786	4.919556118275241	
0.10274169945102365	0.141125112978412	0.40446516901949514	1.3138438058350328	3.889103539426414	4.72002274935153	6.24534203890698	
0.10505131923086436	0.14151559421567914	0.41486371078582046	1.5184010718564387	3.3378712868620015	4.751012287783367	6.331699449170349	
0.1141801977412964	0.17659883314798475	0.41268892322403866	1.2800310533764545	3.2015362332400263	5.064177274474454	5.531659731215521	
0.09445819271738379	0.1511768122329092	0.3889507535510796	1.5600956771260228	2.627563962155576	4.201936756425724	5.127174295042726	
0.10426483644593787	0.14145027144553246	0.3859527327816971	1.745675810025775	3.2669917152681633	5.06983373851847	6.603990331530623	
0.10329872718317637	0.14161895212608613	0.37494054947006217	1.605205069897817	3.395613221633625	4.858496514620059	6.883082260146114	
0.09994297685698775	0.1701450801532873	0.3392888648041475	1.3498243276052455	3.6054113815145765	4.158802503192343	6.091584994411304	
0.09695423610192695	0.15331116128126707	0.3827648882831111	1.5400979550576461	2.9813118254664763	4.526663648261395	6.392712763575679	
0.11368673661082776	0.16715965965850196	0.40363763516872414	1.414192977203109	3.9661095642414503	5.173149521838528	6.3896585068058	
0.09968501536857198	0.1559724257101979	0.38290611724959606	1.4184200091329369	3.538651215575761	4.272361184542543	6.892838154886231	
0.11819702390499442	0.15177861893400643	0.30482084126612885	1.6568411260812117	2.714031150941726	4.745887048030444	6.074167853627165	
0.11404902850633421	0.16317911700398563	0.4852101377718526	1.039023222015992	2.7808764631223895	4.139232538102518	6.305750656492414	
0.09680034460386738	0.15223225906790339	0.3783923830303293	1.2662450438322863	3.657427814249124	4.731110512903069	5.283974724329978	
0.09194239895358625	0.16459327329980514	0.44092521287776143	1.5331451487606753	3.3031135912486373	4.8462696173772795	5.965872693437855	
0.0864679486063502	0.18525368063419423	0.3774152166129825	1.3149244951958474	3.473211915806777	3.7143567031557616	6.196690244692139	
0.09183586899653694	0.14630247616843015	0.3519867605279663	1.571426607528507	3.4851568046707206	4.143111093331659	5.630712071542358	
0.09414407703835787	0.1509617844787912	0.34416391374735417	1.8018093244814948	3.0800675522790373	4.460385998596003	5.574402989056503	
0.11314198032970305	0.1570435726597973	0.355521843454825	1.540072875500522	2.704421017282138	3.749116462752819	5.901377623640231	
0.11440086462733393	0.1365220611995931	0.3604776596297656	1.5103619889310418	3.041479686574053	4.074958706914443	5.831778980534991	
