10	94
1	1	1	1	1	1	1	1	1	1	
0.08916861707430195	0.1285085776263533	0.36119806078010075	0.590076826436987	0.9264178274027967	1.363310149354595	1.9608146932791488	3.1444779178788016	3.880248883974897	6.566524532914222	
0.08750271170800575	0.12536305199916797	0.36767526549690316	0.6084174832016429	0.903306749440233	1.473607930916306	2.232237289572941	3.6336291790129684	3.437741052019482	6.2912282619244575	
0.09904755069390253	0.13153867633323713	0.34063527814768263	0.6053590145790527	0.851625883950543	1.4702425782215882	2.2755175054673242	3.2324895489477754	3.82659749693579	5.894717186786881	
0.10805559549121602	0.13398652033044453	0.38568709889755237	0.5939531363150027	0.9039414491476109	1.6201576233482944	1.9800745484605715	4.109701354756984	3.4784052014317286	5.794721190551273	
0.1112604931287063	0.16751751691215905	0.2706276617285824	0.579361866551816	0.8732107117678591	1.4770956671248308	1.7973026123136007	3.341257189601105	4.860922076521975	6.135283724679481	
0.10086676327630675	0.16637881788253486	0.3838424344378953	0.5800359662289234	0.8783894303958383	1.2350031622769595	2.123207505744713	3.59110731985459	4.506290293216186	5.791605440236195	
0.10999298353157574	0.1404793601124766	0.37636208605241095	0.5294795476009736	0.8770071972538446	1.2380148778854345	2.271984486029904	3.6273705268347776	4.780723578542835	7.017085934062989	
0.11820441928756185	0.14468164484663393	0.38142999942158046	0.576633929942905	0.9633338080473097	1.744793740245485	1.7393864056146582	2.8168159842925644	4.990628060033611	6.827138389932712	
0.0903212581669494	0.15630443437790198	0.3566439341259756	0.5541467272317449	0.854116380940003	1.5365993894873478	2.1586548775279573	2.8647466587739165	4.126774528564403	5.538056751881261	
0.11827339625276148	0.13906780806044616	0.42216305315312036	0.554316022423555	0.8242391033580593	1.3543029237017514	1.9428274511823573	3.2814187096215908	4.936501648810273	5.942319117122388	
0.10580029730413239	0.15167792418535822	0.3621817612472182	0.6490985683107572	0.9259735890469613	1.5264502894332812	2.3517242231172846	3.069564732863414	4.130110136777493	7.049681427015244	
0.10868041280195662	0.15731841883944186	0.33028432484156633	0.7069532211425712	0.956732158779998	1.634939001305832	2.2924788063547075	3.660180119108666	4.420077686711373	5.427872912023034	
0.09417478189350932	0.138694537952095	0.3491776447634518	0.5650279632443771	0.8632557424559862	1.5294560647636077	1.9556007400185689	3.243464521744768	4.268807614887374	5.815001066381966	
0.11705655087234533	0.15971037385923254	0.4278726056501191	0.6407943711327776	0.9898849511984776	1.4455616234427342	2.3306202033039076	3.560179838634027	4.081381491147413	6.253317240501842	
0.10028138064124635	0.13553881757621775	0.34091429220006947	0.6918856913534402	0.9513395839301186	1.5665992941369087	2.0633120413823924	3.5598848668486625	5.033667722385805	6.329440042685762	
0.09274961363918774	0.16802492593079904	0.3897026120459815	0.6395382677791213	1.0924914249674775	1.75539294753102	2.0825015999197123	2.555669890900936	4.195526220692116	6.12380882284416	
0.12199848759672556	0.15134910914280278	0.37915589281135	0.6236783731557861	0.8498729197338596	1.5206685851368775	1.6455704129239408	2.6032112263301324	4.895528728516206	7.110806880859	
0.12116013768330365	0.17104677059620566	0.38852963219147746	0.6310180198089108	0.9673392216570565	1.448521220338763	1.871736673701717	3.5781877312520716	5.257340852679736	5.795094786659185	
0.09532835328743638	0.1391704099981922	0.38782919909604846	0.5718509339516816	0.9116388825320455	1.5493284756969847	2.367558161412797	2.8510668964592516	3.9369488951458	5.8667908069997745	
0.09980062553354707	0.13751163327228091	0.37809426687428693	0.48942075758619885	0.920841899177176	1.5408908398632293	2.1533252488372585	3.868683963123992	4.581998487100271	6.12719174595542	
0.09924964323126205	0.15166552174131404	0.39122878973752323	0.5218996326867199	0.8720812417128745	1.5255754262972852	2.3392852313868646	3.0943376660836837	4.652498848476562	6.232696530781022	
0.10023085320200863	0.10956157826616025	0.38218800302524003	0.6463861210221734	0.8762463075324349	1.1510599048428802	1.7160051975232995	3.373024069466926	5.057047992773113	5.752085497092443	
0.09617621888698905	0.16111322196922329	0.44482759675140315	0.576361967270538	0.9642588234941311	1.441222950193686	2.2491769599051112	3.185960566207285	4.81932767385978	7.371570992336116	
0.10177077424812747	0.16400394499614168	0.3871544275842385	0.622905651268562	0.8941292447402089	1.5634525213265291	1.9708127315273858	2.9574784704494617	4.956727493222615	6.2277722291188535	
0.11095357938037874	0.1383262213514569	0.3922885531202405	0.6573853086861534	1.0568424622673047	1.4302446920462508	2.2248783988319554	3.2300034217823828	4.369399085684087	6.996815866895799	
0.09682655937896822	0.16452203981601007	0.3741182461021635	0.7061590140158908	0.8586449412660434	1.5625192255881202	2.0544684860265385	3.3275542683818053	3.8872930155162484	6.0293055135727185	
0.08545372700140494	0.14702510334890614	0.38678028366293216	0.5964623033043439	0.919729365869783	1.3277393200758822	2.360793797547749	2.7539363420085468	4.0060871304721	6.625379223457767	
0.11078226918281696	0.1617657513211459	0.36876450762742446	0.5729540591145145	0.9021492470538722	1.545472668538076	1.7946235498950964	3.2339781630842386	5.207846947295124	5.3975237697053275	
0.08969157814216776	0.13380841000375596	0.42635045853712766	0.5880364799929042	0.7990286592515045	1.252322878313287	2.185227666334274	3.828824579978795	3.9835549445927754	6.676221095023189	
0.10305451717146091	0.1767959785360386	0.3700899018419248	0.6201110635052823	1.0153776096352185	1.4910400263015973	2.009506625113393	2.6075477749761493	4.6599258796749465	6.742449961284156	
0.09665755397705128	0.15125023782894553	0.39980932282427334	0.545407982683946	1.0007785894248853	1.7574426892720836	1.8682612078794483	3.1283914912384976	4.295277811937303	6.151522534766471	
0.10819108996978569	0.15521697459481562	0.395378655744336	0.4985071162374749	0.8923558169899773	1.2452878947362704	1.912096842142874	2.798861533580298	5.0293928388943865	5.5902242834339715	
0.09322975443385063	0.1579006489053927	0.3775186724956239	0.5754332933543547	0.8234375038495123	1.5375301405308377	2.0220928598783487	3.767975480475132	4.815523150991407	5.475132940419023	
0.12397379657220749	0.1492378940887831	0.32458714609863043	0.6128121531801648	0.8344617864138136	1.4017668195542148	2.1487953740778525	3.34898564113534	4.536271777268369	6.029941847572781	
0.09283541661467687	0.15045143673513364	0.3591735920471253	0.6086316964147394	1.0851276545105357	1.4444460891518953	2.2041550904024145	2.9992133968027685	4.530961545775374	6.116409138094018	
0.10170753106977314	0.16660730433189933	0.371550227922245	0.6226858834123578	0.8841633257674556	1.5422341555780297	2.1372878341325445	3.2327011555680185	4.28292788038697	5.924045372832097	
0.08995114877561135	0.15624904213551336	0.38127270303734584	0.6357970441622546	0.9599213538233765	1.5304820945463515	2.392164186541188	3.3569591718452765	3.8295205304631375	6.453389229294325	
0.09357375550153457	0.13979699309068927	0.3620027499055265	0.6759260904845675	0.9906532075986263	1.4040233281497043	2.0705152317551723	3.714931598179211	4.383432111777714	5.4038600929221285	
0.11115199355860483	0.17869638070116972	0.44626841694403485	0.5521900240035579	1.0072221124220686	1.391279958694558	2.2935171502031446	2.77563319559633	4.32957329614003	7.197189128810863	
0.09983425023901385	0.13927649347664015	0.3605802347445068	0.549059153845905	1.0996723542699471	1.4935588907742026	2.3387637426169583	2.8071823041991113	3.6502290488416596	6.337988637695371	
0.0930955132724302	0.14636530263453573	0.35662856256456715	0.5363599495850934	0.9476217550663317	1.5959427092759078	1.9924958998165756	2.84599045772523	4.615354573916456	6.253187175341051	
0.10355122570462641	0.17641829918842064	0.3968771722508703	0.6230013064869366	0.9894677352713086	1.4863875256051566	1.8663578965959837	3.305555772926167	3.454768439590292	5.805915411897144	
0.089582482922151	0.16521234933868298	0.35682391954937215	0.6241404983833141	0.9385038946443222	1.25783949571634	2.2305686510268097	3.248104667313257	4.630573686302581	6.080505096334176	
0.10422188227094419	0.1600652605987041	0.43450678604942483	0.5236726271290294	0.938401985782033	1.451748062100763	2.31071796805042	3.8674845748379294	4.135799587980988	6.2783616365104145	
0.09842857882392725	0.15089172776401713	0.2958154632517702	0.6219066868463734	1.0747989317800613	1.4718550381548	2.166622240530908	3.1428993399880465	3.994196144881507	7.001369811275994	
0.08544868405754798	0.13535578508521076	0.4367849623059041	0.7320960855059385	0.9420587638598924	1.5250735092131176	2.1914745488598224	3.7531913428183854	4.8700793608171535	5.826815716154704	
0.10902751017013534	0.12404078104997225	0.42411045510832623	0.42483121518558714	0.7349599162310974	1.689741293860505	2.3408675213844115	3.9988958715090357	4.503655905487637	6.669968271659155	
0.08270437695748416	0.16381684762992635	0.28821335012565935	0.5667021707504638	0.9477076446006569	1.4839455621107516	2.178184429750584	3.741263349090754	4.588342533003891	6.189147803639223	
0.098807605684234	0.14185757719004038	0.38698570621836803	0.5450833966790114	0.6348625417508288	1.607989764573034	1.8376579982025032	2.805008697646977	4.7755304570595385	5.987561692280837	
0.10320793204223962	0.1548235810275244	0.3404176928005312	0.6369168246544077	0.8658998134520366	1.250803764574166	2.468288922622524	2.601300743446593	4.935470574134416	6.138714600803377	
0.09408175521520287	0.15413973907598072	0.3801922656608867	0.6028097131925068	1.0639800220908635	1.4960484913561467	1.9554777762234201	3.4930806014971663	4.961542923442738	7.562332683746073	
0.0883857104807488	0.14082121677961168	0.4029425590638304	0.707605907244405	0.9719047891432067	1.5375785506309714	2.3179887570853457	3.324204035960743	4.4755871468878015	5.682288213081922	
0.09096330585837666	0.15635903782773206	0.37132122120698724	0.5315104476234987	0.7603931477750729	1.4381224473276073	1.2251969492935115	3.01070301633504	4.890548616347501	6.4808047231688874	
0.09383954436116133	0.1595116422429681	0.4065550648817848	0.6248969208393974	0.9791100406257748	1.718702187904373	2.0592198516838627	2.582724092508032	4.965547897263285	6.888491435296576	
0.10543718708400623	0.1622279949080844	0.37809332046780886	0.5296931125907105	0.8253041184339477	1.5850780593209617	1.8035924898880047	3.142041216405196	3.952777982826461	6.65367867718676	
0.10543324032067194	0.1309773530557502	0.3949678758699518	0.6004900342695112	0.8466102602982031	1.3649876911490268	2.2530525671813217	2.9570059103812847	4.389328407197244	5.17100658748001	
0.12512031863588027	0.13491975490696595	0.3057203087400373	0.6580812099782279	0.9385004348878555	1.4852565985373263	1.7681931843844214	3.758294015396994	5.107405509200854	6.454522846911484	
0.08114203506241507	0.1376198618621477	0.42006624324042596	0.5717182073885304	0.9638735359021092	1.401938951197996	2.0165165559622182	3.4767346479531405	4.291442686611587	7.498405276842318	
0.06909259932836347	0.14581889103515636	0.31579630141098547	0.6214095671221168	0.9608827425690923	1.2694133451089262	2.055554538945781	2.87341771920384	4.361216885215662	7.548324153914646	
0.09385367109891475	0.1458035694975873	0.3810782090911948	0.5507200848145247	0.990323329806515	1.590973513176763	2.2565491065427774	3.5747601406007465	4.399470648691797	6.106082019766833	
0.11107659072985483	0.1457625175077976	0.37865341580430956	0.5976879501527567	0.9341869698784617	1.2165500599697896	2.514357680632683	3.2882530130602188	5.536776153256454	5.912422000063536	
0.10622125509679492	0.11660109088701837	0.314382943057686	0.6413973878044834	0.9212661251692288	1.3733275174171125	2.434152889566407	3.0505657336105254	4.846767832616113	6.129741993880903	
0.09551479521427537	0.15830393434645498	0.43090808517417195	0.6444615143868182	1.0002175075216249	1.3915158433673505	2.3599098364637694	3.3429372490810962	4.112021216404579	6.215361301753653	
0.09403684363040571	0.16638817331216896	0.38349703923675466	0.5027187043431078	0.9412903808661094	1.336757880696835	2.0412378710679064	3.661635981397736	4.285876073264273	6.288064463050329	
0.10242740003465883	0.14554317059274308	0.42160641298899104	0.6214006814160914	0.8740869720206353	1.537509309859065	2.3110386664111333	2.9786911974315884	4.581027825155192	4.411609658985267	
0.10742475528789122	0.14912532899650627	0.3746202129818005	0.6431290030898784	0.840253610663228	1.5872360157710117	2.2193908234898916	3.0025851931979837	3.946472996421918	6.396563868312931	
0.10793361496868357	0.16051851859999283	0.35637245012097823	0.5642118630879521	0.9504763665547161	1.5470160584216626	1.5159757148164517	2.906221972845028	5.479080988569603	7.268191718060421	
0.10244352177353605	0.15971199998520214	0.3266930911361753	0.6628514035695645	0.8663003202832891	1.5006657123365446	2.2747025169863497	3.1373239821551873	3.807971679609771	6.070710653990921	
0.09368690057912518	0.1649826323353189	0.31050179299929415	0.5420790436058824	0.9396748879913425	1.4001170865376635	2.2718315460589777	3.536029720567389	3.797476966789568	6.65805448880863	
0.10211180467309283	0.1417935879428067	0.4036793583830443	0.5818401914890607	1.0147444760103552	1.405421263530131	1.935248528038978	2.273959361958182	4.690817526466649	5.922774512264447	
0.08589417548511541	0.1412521564471328	0.4643974895719443	0.5330878133406118	1.0976725710255224	1.3274879349984967	2.2299284979560157	3.378446566421408	4.0545042816966745	6.024288054995186	
0.10230565016415383	0.16474278451968746	0.32432461909491644	0.5443912032202536	0.7998971079754451	1.2629186728705992	1.970362270493404	3.333017511504652	5.141521857004145	5.800939355364633	
0.08831947463414996	0.17401648940624645	0.3886680006659556	0.6982704095829836	0.8992073903106181	1.408259463804986	2.1006456351074636	3.2310025253673214	4.6151576084481185	6.33114094621396	
0.0970766440042318	0.15111408502495485	0.385037725662179	0.6014307249468674	1.0083958279706975	1.7325969954171905	2.255252295584744	3.1729466756307496	3.529513822309112	6.889637341146059	
0.09833442786037036	0.14893615038965657	0.39917349240676814	0.5967727114686683	0.8185688298287565	1.366623162714793	2.3403368910850415	2.91030273228234	4.945033937253637	6.306995535077821	
0.10724518633471791	0.14300944824130868	0.369393687104039	0.6224527164184049	0.8652781065391174	1.411009132364365	2.1643161591852955	3.1703599069012705	4.5730878851834715	5.277467063414672	
0.0885099819370215	0.12378811935311904	0.3727613656353224	0.6582397386474776	1.0171690274631153	1.428639180620128	2.1438847974729094	3.065325266221304	3.714373007651619	5.589379703760643	
0.10973004289310373	0.16940763296015723	0.37612388465361357	0.5138490096253501	1.0242598639391196	1.6128987688064165	2.505492842155021	3.178883668742712	4.903084390001899	6.0940548312499985	
0.1047204729738766	0.13900149632771647	0.41402146227516207	0.6349197000469566	1.083736681727061	1.3684329120128393	2.711034453511793	3.1853643784448855	4.908927919642075	6.2349997611734675	
0.08545793078014675	0.1541746987197443	0.3005592215567425	0.5420239567602658	0.9772748641270718	1.7670214288331967	1.8086108430457952	3.1426987363136707	4.855551484089859	5.920805183669696	
0.09922480565783742	0.12261698514986862	0.3387206455825888	0.6714268509097516	0.8858973219360734	1.3448112617930246	2.30280394499745	3.397098330562142	4.944873880284873	5.717692997010287	
0.10190472680474046	0.13072431806946294	0.3737862751815892	0.5984685453194802	0.9401096468697517	1.483703039524094	2.297754021042364	3.304942902072033	3.8840612252420845	5.381296262687563	
0.11186056481321077	0.1458954864608653	0.41976779612615983	0.5948941138566596	1.0092248858888115	1.3394389502550834	1.7932285904642218	3.726231281138988	4.908233512653955	7.007803185727601	
0.12243117751417108	0.12401827916470287	0.4104159761394514	0.65566009427658	0.9496689145590723	1.39283427754359	2.1919837768361896	3.161453909328832	4.804188189798055	6.754190239458647	
0.11014711441224989	0.13094380526170893	0.44304950136155574	0.6965550943287846	0.7583931404873776	1.5163442630759743	2.001627172354871	3.6739488767847477	4.777306073236822	6.6450937309293	
0.08663917000781304	0.11789731601542852	0.3529273118405107	0.5855664653516391	0.8581378233433384	1.2877565698371491	2.2376044892093474	3.0202676987122254	4.392259419424043	4.840394000155181	
0.10405990969540194	0.16934524359154093	0.39496680700566866	0.6920510904887561	0.8611880634879061	1.537721169846908	1.824731917961793	3.256569960015376	5.073078835084061	5.954686432564889	
0.11605280764248858	0.14666676539870904	0.3246600005135876	0.5430981285593184	1.05683962324744	1.356181677689321	2.2983921789096518	3.3941832071601965	3.7558791193745344	6.521359622730698	
0.10075078047611669	0.18531629624445783	0.32498812592968196	0.6216932395979998	1.0221038817170887	1.4443651156139605	2.191689091082901	3.139653340897856	4.863915135812872	5.852514379897971	
0.08139059957352435	0.16735506045759044	0.3901019518867677	0.683257694876597	0.9754425262324559	1.3931860730277494	2.366342159296739	3.1392824444631646	4.948064234897316	6.317356833085276	
0.11123635688887415	0.1663276159489811	0.3634152917271164	0.5830730803573829	1.057799987397171	1.623370140998465	2.365960039553289	3.240419525148325	3.9037846739129196	6.667381594735863	
0.12689234444506634	0.1550378556151343	0.34246151002261765	0.5828474395923792	1.0608939535504522	1.3688212090997096	1.8525869768117207	2.5376514461408792	3.797202384082051	4.5443693045057785	
0.09644748696241756	0.13788001724625554	0.36392286277587277	0.6697403478018035	0.9030475984658048	1.6052988602896057	1.844209233275404	3.2125432651146224	4.888814302995259	5.506251168282981	
0.10318637857420204	0.1475488413288707	0.3764325688082324	0.6726194370990222	1.0628826378584035	1.258885297646118	2.320436893154158	2.7881944225172046	5.372297446722219	6.389943932659443	
