5	45
1	1	0	1	0	0	0	0	1	1	
0.09895577459818328	0.14969691992130832	0.6763310699894529	4.87202542220383	5.771304299165466	
0.11081069372410068	0.1556102270112734	0.5594529255646409	5.147675599093885	5.833186490341635	
0.10036071959639835	0.1575537188030424	0.5555832918271718	4.252011342399109	6.533610298122864	
0.09341185665971082	0.14067901975595964	0.5571569955759288	4.250321075173523	6.070143914063677	
0.11292322323354712	0.15939392504180985	0.6263051557997263	3.971353151793919	6.561456080508603	
0.0987965105917612	0.1711987500274155	0.6377459491660551	4.04027938279741	5.58938977797138	
0.09456541763647981	0.1600228718189359	0.6104746086718196	4.662710363391812	4.906323451324529	
0.11249573905443949	0.16146189175876277	0.662276207473743	5.578119341228039	5.805753568603285	
0.09844123602372418	0.14156783965861489	0.6666989855454196	4.84111266027102	6.027254330031965	
0.08156508604285549	0.13384280844160526	0.5932195980983493	4.262620898704884	6.236366164947406	
0.07955920071140185	0.11941540500910502	0.5935238006125142	3.7979405354915055	6.36699919252688	
0.1151541306337798	0.16778042942683752	0.5787397400519858	3.9741297052101157	4.996064610294674	
0.09871281333268099	0.15467254735134417	0.6670863547400298	4.0021272423085295	5.309123743549549	
0.09792814563585917	0.1493005572940341	0.64878651586981	4.119863406720335	5.5308372798072245	
0.10621798007646398	0.1172654229823179	0.6312351813053328	5.100040117477951	6.130325333139163	
0.08558046794102492	0.164498771315847	0.6201116038752944	4.9698120009840565	6.030617700269945	
0.1065399558787985	0.16080409446693278	0.5804176213616341	4.285843549112465	4.5871957454683585	
0.09947776939227898	0.12593982879982413	0.744429828366383	4.492931874680123	5.578614231669368	
0.09870939615950511	0.17359914460940282	0.5436558667052703	4.701070052340989	4.695802067368701	
0.09408080950571708	0.1482571799471426	0.6177043275523678	4.88066695803691	4.52009013154365	
0.09984321193809464	0.14938977172358645	0.4865716458881719	3.899971544179544	5.700493846305516	
0.11865478334859225	0.15210878955315385	0.688969100296689	4.674981617938189	5.929142944442704	
0.08862025344654234	0.15888900625867222	0.5863637944134116	4.6226281643074945	5.893036603748485	
0.0969985690919167	0.15154519689482554	0.5460347022281772	4.457490084481313	6.714898177454307	
0.10559313660732124	0.16906469736714141	0.513869777703755	4.596238013447887	5.591377319830253	
0.11971123736992217	0.16393489997141858	0.6152139174982669	4.263892026033787	5.899922815530518	
0.09460116496682137	0.14855025159296456	0.6350609844127896	4.113716068232439	6.078544331831967	
0.0935506689134001	0.16267935705309175	0.7259673037035584	4.02896999419437	5.011369604693828	
0.1052327514218596	0.1301351877928135	0.5615243282342071	4.210239173120035	6.608656810318826	
0.09998470920572693	0.177248844469518	0.5496230242359118	4.503965115208296	6.439297617933736	
0.10034276332052061	0.14222213869392006	0.6298263821646538	4.825692957179628	5.1458010238098435	
0.0951106099555642	0.17798818667147565	0.5815323922336391	4.255085138697917	5.352353688503165	
0.10952874612377064	0.1468767363180016	0.6552303594284092	4.1522638790247965	6.104238205264917	
0.10817800777768641	0.14838988705277573	0.6205399361063342	4.178094550597901	6.201932806548754	
0.10982386564098828	0.14443277929233062	0.6145379984969461	4.613046530848995	5.818423599019059	
0.10470583448182241	0.14060654498948444	0.5473878124399651	4.271473644421455	6.723564299926191	
0.09836680302673222	0.14254293973643675	0.49201599815935293	4.228852578348706	6.13276393463865	
0.09917239853389531	0.1522544062822505	0.65809476411771	4.773080284999351	4.82636510290458	
0.08400572885888416	0.14110426689722388	0.5539861860198964	5.277470592087294	6.275493733688501	
0.09672124851725986	0.13561207989420318	0.5914162303444622	4.022771527611771	5.592143958193927	
0.10719090078295018	0.15355615825057142	0.5729899280214661	5.213809733886226	5.595236294898735	
0.11022889977269937	0.1432289269926982	0.6239647687492856	4.366732824729039	5.448834569316494	
0.10353984533407155	0.1396519690547615	0.6348263738331646	4.361032603515001	5.570301112001982	
0.11989031932683909	0.13910214194951048	0.5569712649525068	4.082558910118499	5.5282724363032525	
0.09628556743947214	0.16670065754136948	0.5144156948596315	3.854593940627998	5.842127362991266	
