10	36
1	1	1	1	1	1	1	1	1	1	
0.10501520561765486	0.17202896358305877	0.41147123485350545	0.5563802656981294	1.0201130863021208	1.622306837684098	2.002758824823121	3.255235390094167	4.298674135839898	5.950392111964055	
0.1042531844638857	0.13624753403351672	0.3843374519874388	0.6488763508532863	0.9651195814034249	1.3810132598428102	2.1343411297764994	3.002087891280782	4.808802975628314	5.841031827616289	
0.11927580777674703	0.15941303263756126	0.3704248075597311	0.5803879276949654	0.8457421145429267	1.2366709944777	2.089711778786795	3.2274464679417805	3.939572346692471	5.862180477448452	
0.08989019261422965	0.14108211253057298	0.36528129098770185	0.6581185104469622	0.8931578887527439	1.3613599154821407	2.2796468112028356	2.548610821205076	4.418099478805643	6.467413241721161	
0.09980962138312963	0.15680692417706746	0.4130335734123482	0.641738142964726	1.019799760700032	1.4068589956893285	1.894435835099929	3.0515771668107146	4.026226224670395	5.539873208619095	
0.0965227296407763	0.15455983307956145	0.34022671806911264	0.5115905791411429	0.976903645761637	1.5289059349035392	2.10876919228877	3.0491510088935008	3.9099005825372646	5.958301124905106	
0.11068827396985069	0.15647798945514282	0.46930635904119594	0.5641052720013647	0.9877918607653473	1.6217294462652203	2.1578232676195026	3.604749763270343	4.817537809819359	7.8662759502024215	
0.10706031234346967	0.1440498540288142	0.40328425983667987	0.5511411602649532	1.0255446750022414	1.3300195000233044	1.7517977643849478	3.107091685307396	4.332215400136843	6.617863320596497	
0.1321356033484975	0.15362704712287348	0.366670554093709	0.6530966604063693	0.6618862154317057	1.6277174586708116	2.660957871445534	3.16383682805026	5.159052057842115	5.6779710435402775	
0.10599349564279255	0.13971571453443693	0.33048659962010446	0.6377795244327952	0.9969744201087649	1.5212549349399882	2.6242774858590514	2.8452608152412093	4.5727242938472825	5.944905699053003	
0.11447802054451438	0.17154337628031888	0.38680578870376586	0.5119325648741503	0.895613054458912	1.4389135941596503	1.6117028102335935	3.163407431182999	4.238936375575603	6.5920305847284695	
0.10288508402818784	0.14435199127448348	0.4020885145929442	0.6816502664977073	0.916073381731454	1.5474688880065663	2.453103344971642	2.903564712784395	5.406257546844531	6.145102856000202	
0.11109358331437569	0.13258835979073197	0.43590611284674596	0.6416639902258074	0.9741456997074981	1.2453688321344993	1.9690091904779994	3.969664645064647	4.531463423179596	5.8037367780970115	
0.0886047239698826	0.1443899577052459	0.3615523792486196	0.5880264668248605	0.8749081315307424	1.5321205085133083	1.915951180657223	4.0380075582078625	4.954917222393979	7.01808975883802	
0.10499103778316986	0.13950609536715305	0.38531510265796365	0.4312561083501409	1.0122923485865172	1.55054845034529	2.4172690250751803	3.7373740781060443	4.461301050720233	6.165328618353515	
0.10219658215121288	0.18999534972614726	0.40155834141867	0.6086263968918888	0.9907233176329989	1.2756840293763314	2.3210666396715145	3.19968084861263	4.008781596729072	5.84105788593479	
0.0989250867094404	0.13375373173913988	0.4037692045314603	0.6498356842187013	0.9042833927747372	1.5486828650570015	2.2282527067115856	3.520395452770184	4.393849748135538	5.531181867828808	
0.0842948327968675	0.1550401964792036	0.3678760338425934	0.6593476292700927	0.8774736743550585	1.6361728999755758	1.925688813107191	3.6786345609359428	4.958498307753938	6.573876304026369	
0.09777524416889011	0.13554473637477177	0.37622245180091857	0.6249124622344998	1.012432856776687	1.6505496559069355	2.2949739595540106	3.0220978835275205	4.043092519875882	4.967195994728613	
0.11433652026234156	0.15195635182822723	0.3870950978880222	0.5236882518244568	0.8056544118867599	1.3800191368554928	2.3308610793519793	3.4071693377793575	3.6574353667009194	5.5141975798072185	
0.09530234840863791	0.1678070543860137	0.39001122796899745	0.6233736955809731	1.0671642240966355	1.2883535724956339	1.9698910055154515	3.081849459723619	4.1647816347897955	6.069759119360888	
0.10005689459261911	0.1413191260621369	0.3381994060698417	0.6875953225310723	1.054072523617332	1.3041861549053997	2.3884297817292968	3.275672886950766	4.291504388767594	5.936392404979253	
0.09881926553812972	0.15844022337971256	0.32816159981320303	0.6179128717907373	1.011986592486729	1.3776825000832726	2.2780462773933836	3.299094933103695	4.663783026172356	5.201490133983167	
0.09027191059990819	0.1369494040570827	0.3566578508884464	0.5696168768339209	1.130687035748947	1.486571364304733	2.1191337395391825	3.3146651321039333	4.793992171101908	6.39574339166642	
0.11439431640897163	0.16393682859550665	0.4036982037795226	0.5594679187474301	1.057511189432055	1.3809738820114035	2.3931929381331276	3.01251921946406	4.575648488641837	6.44487895031828	
0.0810369046433835	0.13836155528230415	0.36488743924918515	0.627134827096645	0.8531894231734379	1.467224633637494	2.1947695230489117	3.4077444993672636	4.031777672103735	5.307345221051938	
0.08997925627145875	0.1390023813135069	0.4115043720854092	0.5547700861298142	0.8190145227878632	1.7335315662172175	2.099523063015096	3.285216181044991	4.421961118008065	6.36287777781382	
0.11042758593918488	0.14147602618470617	0.3549079596247744	0.6556301773067091	0.8543767677827534	1.5905302761378453	2.072022163344462	2.833465782132492	5.234735476489701	5.3648791479250155	
0.1020065657747379	0.1467830575423921	0.4178500382760242	0.6823884624189263	1.117166316064881	1.4162618235273998	2.2446656640428353	3.3090961914735635	4.8094518915704905	5.1301253748007705	
0.09412270795005412	0.15288975083373377	0.28009513641083467	0.5329348118342745	1.0686016457964211	1.617060411083013	1.9337307462020132	3.7045072840211914	3.9912639517774515	6.751781579771877	
0.11492471502177698	0.1853654201125013	0.3943697257344841	0.5410897110006003	0.9967731150096388	1.5564506129712716	2.0564685483408778	3.129347553964817	4.398774847869726	5.500925806642863	
0.08875400261705974	0.12690660907409207	0.3776849672101308	0.5424446325838562	0.8385625650605709	1.42785723831542	2.298987496249795	4.08774440045412	4.494272633731969	7.0055109437477805	
0.09449204150731706	0.14356015206635817	0.4037386359992111	0.5804374293644234	0.8286490361593314	1.6894464629621158	2.0739969121027135	3.248479474810682	4.898212540043977	5.5224987536492645	
0.1039021263445713	0.16025689800718104	0.3671888751366003	0.6042154529280755	0.7824869367036641	1.5391549213335523	1.9094734225591723	2.5832975332375896	4.299472006263275	6.2671735552905155	
0.10637869787281787	0.1319299731826044	0.35570421263887997	0.5153537738237297	1.150135784139912	1.5286589338588006	2.1224389185060484	3.8131799075400195	3.8541253143043646	5.6980897446140695	
0.08997108310818872	0.15170261820356676	0.36976038190083177	0.5493336149601817	0.932640743555235	1.4155362931339852	1.6263377994133543	3.4873114538292462	5.339275825117814	5.8248795759453635	
