9	86
1	1	1	1	0	1	1	1	1	1	
0.09193108834760555	0.1598797028503627	0.32193462299457887	0.5408230483913895	1.2590043565987397	2.427824817271988	3.2296674713343263	5.64646472476861	5.371753173162796	
0.0997679717527048	0.1295935792778035	0.39838156003390496	0.5500049646468447	1.4650207341725503	2.284513756698935	2.668252413369568	4.393971672672738	5.976681112973316	
0.1066773041169054	0.1177550322505619	0.335781976696571	0.5840672790326464	1.325804777198136	2.2341381362105808	3.2042684915365705	5.350172884401494	5.1757894640016975	
0.09959654904981563	0.1738342584620535	0.3881975108090461	0.5778356104731086	1.4650163335762516	2.080288091415005	2.6928078018615538	5.076783626410298	6.42417768518182	
0.09684845018255235	0.15125064469267926	0.4134804673161749	0.6191112968043884	1.7224495097262513	2.1579442075999813	3.205755740462569	4.791697372126065	5.767023564881775	
0.08355123691142363	0.16109847614045042	0.40965639676554416	0.44007093514440637	1.3556286579208023	2.1787475983341595	3.0862355244647186	3.528260615285188	6.426889279782304	
0.10478109301654699	0.16202550312249084	0.33134402863190576	0.6484985845047009	1.455369483307198	2.09807798924163	3.850323783904662	4.656287644129675	5.532571936238354	
0.10453201644477	0.14508237075534744	0.35325932282153094	0.5526212719800706	1.4022601725262545	2.3463495075237786	2.920422389152412	4.683280676087436	6.063094976906257	
0.09537035313107915	0.14124474482801466	0.34288174958458045	0.5518549131181434	1.6467650691128877	1.8079124617337885	2.759729838421437	4.561735927471273	5.65917202203868	
0.09690450627092623	0.1230779748623743	0.4040544182408582	0.5951242388920045	1.556146771302492	1.7946893294736708	3.277667829719939	4.2931374911131295	6.642598132112985	
0.08556315626394854	0.14892074412903944	0.3681587674103496	0.613762092162317	1.4822549909114018	2.3640641093962134	2.9034492818966915	4.621187044849155	6.1451529609017195	
0.10175282898291832	0.14518832126230347	0.3893908533719027	0.5787708986458591	1.5589991724723105	1.977922692586951	3.166910164448352	3.858661738978233	5.397152196981011	
0.11039923421217242	0.15183273094751248	0.3448853814238508	0.5475061417109645	1.254558620727182	2.0744733886740834	3.225218514345544	4.218342095435057	5.395303599661766	
0.09686041227232856	0.15636729658882573	0.3776879428407825	0.5772054811858475	1.1994893149165555	2.3706062936889056	2.340291077347599	4.795922562127693	7.16745343161894	
0.08679321735616251	0.12384208957648243	0.3813519979426782	0.5397831544267929	1.5149593493818723	2.5108249662161386	3.3216056314860567	4.2762152881636215	5.670985562161758	
0.08263065343483489	0.1640892618834725	0.3696487850758402	0.6221893624810133	1.3236766474857533	1.865698249882957	3.263049755859311	4.104226218118677	5.929254998879202	
0.08906313621353745	0.15371527941214513	0.40245854211241916	0.515757466745928	1.530041380530552	2.482700414872187	2.783548793797195	4.273949852704889	5.857547441611674	
0.09153434139431345	0.15701238286464195	0.2898676914139161	0.633699542790027	1.3800486290383027	2.116861784347831	3.4698466623869306	4.474046909302116	5.776139432976002	
0.10268117610647881	0.1656149770517737	0.4195865559895487	0.5041972812614234	1.3868536519068704	2.1002228537311107	2.9178259332799574	5.120273814332857	5.963211701833708	
0.09503415368473733	0.165496174179987	0.3795212153153377	0.5915200918224163	1.5178551764508756	2.2237121995309477	3.370771016764936	4.114381158796325	6.095923040151622	
0.08585619096903738	0.13106901564831294	0.38273647630371477	0.6267142943401686	1.4735134937797703	2.2500855726004603	3.2599791364622432	4.352082753938636	5.984447876136245	
0.10656507409912673	0.15187503859952453	0.34305236442845	0.5740863287770688	1.5074679543653111	2.138773874805515	3.7775399198426087	4.3936106493963125	6.620059043468293	
0.09495413764010842	0.1727931046355404	0.39313772316581114	0.55967315195458	1.3946653648869418	2.002831093553555	3.4430315312295443	4.372799688282488	7.152613405632444	
0.1056462371705689	0.16109871287928662	0.34935812152464574	0.5125002006196543	1.32862487250016	2.302721205676009	3.282317521380026	4.5215759755246365	7.185876068611064	
0.08528137007798166	0.1524747028555926	0.4404195490085253	0.5388238681840911	1.4059722607305487	2.357595909333897	3.4504889185582783	4.661135828901877	6.12981037376752	
0.09305255796104912	0.17171081073827657	0.3631856654715314	0.714567914929323	1.4036715961917694	1.9876808662872696	3.6441379741737254	4.2427072026748816	6.131561811472189	
0.10761902584389192	0.14460628688778357	0.39098608449083644	0.6105173136764488	1.3883749816767863	2.152498423108164	3.8540926195404133	4.553432615725487	6.937124731435329	
0.10290837693350373	0.16846269726224802	0.4430110995880507	0.567420853091893	1.4713382974150098	2.262011987595391	3.233033873753524	4.349909323567786	6.414225905477159	
0.11447211884160349	0.13993518334360144	0.3911107803717678	0.5759851865115716	1.6786299674103744	1.9168601500613536	3.3339636623512554	3.693001954085244	5.233422717035943	
0.10876675107921913	0.17661714219965796	0.4263518002505653	0.6185949609197197	1.6284835534474618	2.0689901444147973	3.2036033472525673	3.895472297558416	6.639450069014076	
0.09884684735985232	0.10626398044595446	0.3932079441860501	0.4450464307405214	1.658895851457192	1.9568265872443036	3.156590465738827	4.203917375709286	4.496985968606124	
0.11516135109526611	0.1413170223219118	0.40708244156275775	0.5151214136964282	1.2986791540887868	2.2497070967435615	3.042479518427662	4.472432142270494	6.00001312443438	
0.11101538128209737	0.16065627618083483	0.3828103444892326	0.5843078363652787	1.449633285903043	1.989449054609273	3.4241788262841055	3.7907935311548053	5.663839855515578	
0.10961908981594007	0.1118543377580523	0.3374255405722548	0.5456911603161909	1.4046138300893134	2.6198060437738393	2.963232060604107	4.3363464760573525	4.926559771539511	
0.09610257943114846	0.15945691382431953	0.41557636894423744	0.6168624803223646	1.3766007757433472	2.2272305934342063	3.0225384626540666	2.8035638017830133	5.731455180573841	
0.0916115622282746	0.1568042660046061	0.3652579990744809	0.5859522865847042	1.4765081263237165	2.3513063205349045	3.3889162253733383	4.633628733159242	6.5694929090135625	
0.09679693251614402	0.12562426923654868	0.44142738789199365	0.5621306801989889	1.4796859160122384	2.1449970192582195	3.3372377685011068	4.564581647672438	6.6094507882903075	
0.10566703921196552	0.15104171039764183	0.4033801698314106	0.5440478075681856	1.4589771012217014	2.292243812845818	2.8870065210823825	4.824239919430751	5.681157781056086	
0.1090829700117228	0.1196090386648791	0.36039320455936963	0.5847509525175162	1.162708918493688	2.0989063909456167	3.093767390204056	4.14867240153521	6.750118008747176	
0.09674483595170615	0.17224715732706072	0.34261572406324076	0.7468225912999648	1.7187544094080145	2.275464138247575	2.621859370864439	4.005813583455081	6.392764164823837	
0.11032724643627989	0.11639612526401023	0.327616570435931	0.6748524010741047	1.7061273563200712	2.091723113629674	2.9654412270680446	5.493811575433594	6.025035935169274	
0.09961586067602558	0.14119370694835912	0.38504420495000735	0.5893586268497832	1.3532729005137403	1.990350877292317	2.8777736580265256	4.945860016840552	5.710375834185067	
0.09819383037909135	0.16931014878245781	0.3438235625972325	0.5788886145327202	1.453270512010589	2.3214438756556652	3.775595654449653	4.908963881091881	6.152956989688504	
0.11404920205329064	0.15591353633731136	0.36688165793050914	0.6903417216250284	1.2976884043062573	2.5660183813353816	3.117456991262201	3.5806639249745866	6.520704968389253	
0.1029446453048356	0.14449187578385045	0.3568353187890723	0.6135840191576851	1.4652545000501505	2.0003918605468156	2.360513367907152	3.780297442282488	6.6186494731082455	
0.09216331368681822	0.1490302880855761	0.4039196982705876	0.6104912906069956	1.6231705961945866	2.1115864183444395	3.3454415976760394	5.274407451064147	6.527656197891234	
0.1079466877288144	0.13705544522369292	0.41857606784909446	0.6193809059703783	1.5211028150860466	2.372366776433392	3.2648015900310963	5.096365332035197	6.399635658079033	
0.10106015849721389	0.13332035316986707	0.3084041493984233	0.5986815169743667	1.5593439616121043	2.1909988769558524	3.525026782213057	5.099570207315683	6.783435588032095	
0.08194651218699353	0.15647677742271898	0.3730536300484	0.5284818115558483	1.5678132431793335	2.156129655799176	2.9763895354073315	4.771603823030135	6.201193070585349	
0.0810410036225943	0.11085368342450326	0.4329832126518567	0.47594597213217565	1.424215103528275	1.9915354209139013	2.462006788787144	4.627411146182964	5.293941895265222	
0.09507484448663413	0.15746243783429123	0.4056573209235376	0.5134771513955632	1.4450723756180999	2.292545392469186	3.383698543524609	3.378023672703935	6.243997278257039	
0.08713919060233498	0.15485358617707448	0.42631012429151904	0.6054518433854228	1.3983160431181172	2.5328183365072423	3.4493180396697047	4.228716361642439	5.943135689531444	
0.09696264020959254	0.1391014584417731	0.3782822388326741	0.5589199509681019	1.3656019671193524	2.0662758176950367	3.4414563161173897	4.635744351883962	6.077851068673441	
0.09010631070555339	0.13195824994798383	0.31879135210930915	0.6861263349450739	1.4243152525046052	2.12233011325118	3.35674811546402	4.4266504844943215	5.1691750149851545	
0.10274377567055736	0.17642088900387007	0.38150636435554514	0.6246258243333651	1.5119733326642035	1.951787641163239	3.455321885235377	3.9985897235528673	5.61890383658028	
0.11052261013233673	0.149356755608363	0.399240968899239	0.6681775474081731	1.364273997922454	2.3418661714056324	3.1114964208844245	4.87066888183022	6.187047471679064	
0.08764840716422556	0.1519246934818608	0.3248207119945793	0.5882965203372335	1.477395923097736	2.2877891600460933	2.799510032099353	4.663246947256911	6.183166349393959	
0.12877992776658856	0.143388515492712	0.34426661681735127	0.7575187514693158	1.4718716673687027	1.9239752849969867	3.1011890779735767	4.7915654418243	5.260922848608724	
0.1085633094601652	0.14850019616354462	0.3754617335870915	0.6140454453341896	1.4615574145065116	1.9318345995147588	3.6671647143548616	4.651023684659556	6.179376662347901	
0.10105843480887121	0.16298026341927002	0.37348135267353433	0.5639357903870271	1.4250538074542154	2.104854375344112	3.219767797142935	3.9487989015893596	5.305072036518288	
0.09273999637252706	0.1449974046729697	0.37206181972763014	0.7407333281873782	1.5212562507889373	2.095636998972575	3.311747474116097	5.548125259760983	7.355661594456379	
0.0939897180781366	0.15818577070762635	0.2908045048419409	0.5715731106952687	1.4403801532798024	2.0487757285573513	2.7248034891187327	4.640432578506042	7.157352658848206	
0.09142026236314124	0.1436950302606197	0.2913221785407607	0.656065983174582	1.4851560686676506	2.5690610191354217	3.599485960851702	4.096188341514517	7.059804331649484	
0.1058390639002877	0.1667156038265263	0.37958622638396533	0.5084952058668165	1.5690963659454849	2.1303866447713666	2.9183333705167254	4.990342053927624	6.539577459259833	
0.09805377812506233	0.15587174830630948	0.35028898455981594	0.6660149839693851	1.647766674194214	2.1325520460729117	3.436107220950612	4.02322753848272	5.219057853047934	
0.0909119714471952	0.14326307028419877	0.44816522478257526	0.5891550544790752	1.3776009270675291	1.836118142301776	3.2010767075064694	4.30524323727449	6.823084890451614	
0.08266355566917231	0.1651465965361171	0.32854186208417197	0.668430486833357	1.5329106516297186	1.70403603672381	3.427387954728299	4.699976642070093	6.446404242748608	
0.10225198874393554	0.1322840371591417	0.3977412678924137	0.7211548895365901	1.4782287261353013	2.4771361266034875	3.386100756834347	3.878887802025573	5.665768835045661	
0.09982988542218522	0.13865748809157882	0.33426667731763166	0.6388550691580023	1.3551331555149337	2.3482529827189618	2.8518461310898413	4.810538265626039	6.806374129734856	
0.0960494689213032	0.1637353131873794	0.40290727049309066	0.6909445075612858	1.4539554044905243	2.125046190989825	2.8579256854936697	4.302731952074047	5.5225429210937165	
0.1175698042637704	0.1468807480743397	0.3244093463212128	0.5896838387956457	1.3303347873151903	1.837504459005483	3.193957735254184	4.74049462232462	6.250951031387486	
0.09601611259257624	0.140986833714485	0.3464464941312072	0.5734830731041887	1.3212167092084424	2.295319655917747	3.413338429717106	4.967131190465551	6.565952501995677	
0.0986860354297719	0.13118612362406007	0.33991257164971167	0.6071917306045912	1.5831080647725975	2.1975850021007175	3.0071445200825364	4.468639542161654	5.789745828884567	
0.10868928300586592	0.1413504480197606	0.38693353409861303	0.6214291900165975	1.5900116804762927	2.3638624520162552	3.2150026752362995	4.848274309742396	6.800760183577264	
0.09659717132541994	0.14129487545260022	0.34226955853463187	0.6088909832036059	1.5892163531444938	2.1038250960282565	3.7207750758764653	4.987157420211164	5.820029268513057	
0.10866881891095899	0.13988907860010574	0.41581318784996807	0.6141302485321475	1.3887027856794263	2.209705438058851	3.208715990374954	4.674186144406047	5.727295043427538	
0.10775788873892292	0.1353943906804043	0.3760064798038339	0.6038021779812509	1.5957533376081747	2.4310156850177824	3.4751715377907297	4.342019463604687	5.582906874567494	
0.12053662055871012	0.15274922270531086	0.3299798014665187	0.5555438143730068	1.5629211897183375	1.7621731437340138	2.8363328822968974	4.764916771496856	6.4478660126712075	
0.09767700658595514	0.16039282337042823	0.38500820364826815	0.6045118734575785	1.5190506618662467	2.219581716994776	3.6116451568269268	4.2089599712408345	5.420349232283883	
0.09096539618465721	0.14255068166097742	0.3407671586511256	0.6042023467307038	1.3836279965536002	2.0691386435357546	3.0576765230751373	4.009844588718019	6.871830192740099	
0.09231341306236177	0.15912986734268178	0.3619838647257358	0.6723812154337069	1.3751076995240321	2.1721797261013824	3.281681435195347	4.385589986249066	6.572778077374229	
0.09193813944481441	0.13937717459748286	0.4163449644736693	0.7044375167751378	1.5952288843369467	2.4372850622320765	3.530601714080059	3.9927280004281718	5.346305147633383	
0.08944250773846416	0.17528499373845235	0.36122774380673994	0.6772082639106959	1.32554588029154	2.267085675017691	3.025869959659297	4.8124557552337714	7.25698210047141	
0.09515205919840958	0.15212194987982017	0.3659784765780501	0.6555503856475093	1.2119553944579133	2.3855016457701494	3.568100612885419	4.4020379282799595	6.04359504502761	
0.1032809869465871	0.16710327116904664	0.38702272578098645	0.6279416511666543	1.6513657805058626	2.3190940695928965	3.1728169044405976	4.189561543331379	5.408739938031182	
0.10393900989084406	0.15162773693384227	0.36575293041583856	0.6128422605450502	1.5703985124229913	2.144882811987683	3.2586190248247435	4.507576606820319	5.339853490364271	
