9	68
0	1	1	1	1	1	1	1	1	1	
0.16979257702457462	0.497323271620603	0.6450383758905712	0.8146919408191668	1.6902848365927823	2.266510821681542	3.019521726904527	4.765743770086059	5.704713415854695	
0.1549558517575525	0.33111409449797097	0.6467530883439047	0.881689125775755	1.4389444163025478	2.2341107615449842	3.4567027839647912	4.79859929158276	5.56408260609862	
0.13779201078609485	0.4044912516109237	0.7018143433907061	0.8924242070923885	1.193727680082215	1.5927023996669996	3.130991271630891	4.542929126917187	5.417444419117696	
0.13167802345252813	0.37448863594783943	0.6387360750765502	0.9458781795472837	1.6149857870018558	1.9940787711824992	3.0588708205822686	4.584417505545596	6.5397311567941125	
0.17855738041892158	0.418698038434208	0.5314071961038387	0.7392934262691295	1.4327442167051403	2.2584762548690436	2.9803604705775824	4.360142120712069	5.109826929224644	
0.13442356051732335	0.3774755945711856	0.5041719019410359	0.879254069698123	1.4437224346221118	2.186297361865826	2.783586609642488	4.052413554675569	5.841156359125328	
0.16093774853838744	0.44735391118761464	0.55540125373573	1.0713996549213323	1.505201787305097	2.413666427716326	3.4584119028475384	3.9302121454465064	6.150405206909765	
0.1392258746178844	0.39871696027704345	0.5885825168432471	0.8507121517632239	1.6416971171249946	1.8569646788487264	3.0271893406213093	5.080354790502233	6.7842757685271895	
0.1612855155943505	0.2976097584564437	0.6009185279976419	1.0217428063818315	1.1800704562882045	2.1089865774440115	2.5430396644440876	3.872642444858518	6.645685477421265	
0.14237288784972782	0.41438690688935453	0.5171623749763438	0.936328221714675	1.403452293125719	2.29715204303813	3.029005291444456	5.3966455219028875	6.200736031338801	
0.1555115798231313	0.37768686636570764	0.5232763812556925	0.9509529293697538	1.5454617400375088	2.059129945028912	2.643573767934661	5.175941376321772	5.723225717205085	
0.1713958523959592	0.33315204526514064	0.5440128096042236	0.9325265190521668	1.390937327205489	2.0322670930506526	3.616655807814759	4.534622014893282	5.957864195910749	
0.15652581655215778	0.36094143404692036	0.5692570242002687	0.9758794982915784	1.5658910755460673	2.571626632315911	3.236126209330538	4.471259827939845	5.336131705284812	
0.14416684750528685	0.3786527951196119	0.5023983641123776	0.8393011475745942	1.5336009923314524	1.7585865324705658	3.1268143099781227	4.733893462730585	5.585495133534389	
0.15778730576796127	0.35987643424931354	0.5625337654873801	1.0371172765345342	1.4492565817233969	2.111784310905429	3.2677211975272202	4.654877258821813	6.527916720811157	
0.1594166748891589	0.3728750750744903	0.5820672890525487	0.8017649674551983	1.431445717850586	2.409712709605291	2.7719099195646972	4.701857265142413	6.974721487795083	
0.14960159502073495	0.35686536245657685	0.5552904072012365	0.9848042280194255	0.9938783414353322	2.020351817486942	3.4075308221006675	3.9892427116122295	5.4484417393150295	
0.1507471339105447	0.38455900914706237	0.6417114662569707	1.07203029479328	1.3509877937104235	2.4953997157444308	2.6219043382173166	4.445548100972564	6.2329374693114	
0.15678666776436304	0.3118798028811029	0.6012371053558383	0.6276869341547803	1.4913985588269838	2.11803677610224	3.0329538855551124	5.498343251957774	5.599970040685311	
0.16041405467438352	0.47806295092362255	0.6463868298574403	0.8742502353371714	1.3028933973050636	1.8989279880002543	3.3022293822310456	4.8688016881402465	6.482160030739269	
0.16323329810890042	0.38163197229948825	0.6300810596528019	0.98389916782421	1.539571767371951	2.5872522279956027	3.627952557535186	4.203962063294972	6.837064901133454	
0.1439762373949922	0.39070925598055944	0.5409901915644398	0.9523429670948045	1.2846999732624487	1.9970581174877047	3.0708465010055828	4.35601343855406	5.770652969827379	
0.14139794693666702	0.4197771765849637	0.5671875689065996	1.0286571827380429	1.2680015980359582	1.9783680244906254	3.2916715651443664	4.623024504137495	6.149022128440672	
0.15396288460400476	0.40971034327651323	0.6792941349602812	0.9729067021819763	1.2568511057050282	2.163609858098319	3.717422826039072	4.77704472656517	5.873700331793454	
0.15800515662311457	0.3989266387439632	0.4800995405426321	0.9712576675938563	1.5115869292878978	2.2484950305982982	3.0648271589064566	4.556581717857224	6.003887631788297	
0.12864374531664846	0.39740932248715205	0.5725344073538949	0.9551668709544199	1.579707762746858	2.380796474805182	3.254772090340144	5.0472909835542605	5.486789310439191	
0.15018025833899667	0.35590133414132247	0.6347242298736232	0.9758237711105368	1.6248530196917355	2.6606510428861427	3.256908145939016	5.010156856820172	6.9949158878729065	
0.15088428291148934	0.38800701715925623	0.6038186441382749	0.9693387340154406	1.4726759009652846	2.0160572174281226	2.5646813331209337	4.716175897413571	6.068449927431227	
0.14184531152719929	0.33403884781862486	0.6546692838319637	0.8444417874405842	1.452049592999126	2.1005990967953183	3.2789938984505325	5.116206473770798	5.790521056030621	
0.15932007928796066	0.4227746772770223	0.5638689995647997	0.838208485332818	1.1872822871497055	2.315658733551961	3.0442922113871917	5.018670016436639	5.846536441216468	
0.1486439998920809	0.3392191016360702	0.6367770675823979	0.85537067273398	1.2274919645107616	1.8628413446542336	2.9522324813484824	5.043827450230971	5.470895162337096	
0.14827948006590816	0.3819267469684514	0.6417788212591992	0.7733203510544094	1.8352437090163283	2.244333019379916	3.14659678935259	3.899865544550929	7.381584865685601	
0.14860179163681028	0.39508840995588995	0.5945074328129183	0.9057356873602141	1.4490603233107975	2.1883069710769285	3.6663160785198454	4.970518930721961	6.030129645118141	
0.1374913793463383	0.33986316342177464	0.5679177257119966	0.8746039282274548	1.36164677897862	1.8099038928925766	3.520739260821014	4.4381677146806675	5.829822437830111	
0.11318038076553608	0.4198410527451473	0.5227385693980974	0.7941848505446528	1.621034378066966	2.0047685886541693	3.5555367008422203	3.983924707169106	6.26196669761348	
0.15351777555795154	0.4416896132350441	0.4979942523406668	1.0860520458041025	1.5294321920345353	1.987903763985641	3.7005582158068666	4.269888285762706	5.89226198359666	
0.14494221023075354	0.3595634855213309	0.6377180900674443	1.004880598063326	1.3008558792076732	2.4166373645177517	3.473736262719338	4.308291369954185	5.950124711899319	
0.17137994154824512	0.42658599146934295	0.6918242232504919	0.9563903427342034	1.2251887056446567	2.1962796553184036	3.141108241839095	5.097172409039368	6.596492063380596	
0.1426032849845962	0.3832327836409218	0.596724404418374	0.8879908426659778	1.7896927755250616	2.037317588816497	3.0048897218852764	4.156876612863626	6.137939227757361	
0.17483680665236082	0.31876914848329607	0.6070594697646753	0.8853043295123286	1.514807361605253	1.8364126907132363	3.2504038133744615	4.340505008364316	5.943689866382758	
0.14328130710462716	0.42002396219478105	0.5848987015203204	0.8400228735936871	1.7864312043802975	2.366313418805228	3.208382110807556	4.847273620862692	5.625431450306907	
0.14498491847109676	0.3784801885387619	0.5567273961167406	1.0155770409414835	1.4513393613941818	1.670043241860119	3.624239512176948	3.3117726367934095	6.698634460967419	
0.12487902419896868	0.4571187296864462	0.6719003837924927	0.8450910534599688	1.2900157567993271	1.9582738615042892	3.9096357129229573	4.72399145488842	5.620466675869859	
0.12811755592849403	0.4086345726013996	0.5530646077742708	1.000852583123032	1.5073039357958018	2.376125119362473	3.6303678042855267	3.996567545816421	5.83130192197018	
0.15164918043491707	0.4044480734113885	0.6890876040973565	0.886030375496977	1.5445215812639062	2.1096771394091545	3.6217623258130116	4.616958026341124	5.52307690651384	
0.16149388886023783	0.3446634537693885	0.5824158337364098	0.749983490160122	1.1792708725273247	2.092327908849116	3.5610764275347013	4.130355842248146	5.905193944843047	
0.16614623335838113	0.37239715356041136	0.6019780921698137	0.8623673749777881	1.429226431067582	2.2881934817180674	3.3367856818372394	4.383427418676687	5.490043006905484	
0.14509699243741708	0.4360725851423448	0.5806053736111091	0.7430228586225849	1.2241077426887756	2.206948780269222	3.293834665998793	4.005237112119618	6.155304511483861	
0.1776769032975666	0.44338571786265435	0.5755397178890421	0.766737469946214	1.6844542215983578	2.132415274551578	2.876466403983825	4.474347042535463	6.343258493745322	
0.13872850605439332	0.3521075382647336	0.6438630980994284	0.8368119467611054	1.4092650661156452	2.0376600091300565	3.7835351473672834	4.17536199075365	5.479438969513092	
0.15487925419811943	0.4006023943000272	0.609640494383672	0.7594099306863309	1.442229695927857	1.9777009097437483	2.6970372015019333	3.617420692565781	6.923355566471392	
0.1380446582471847	0.4025917475071881	0.491907466167606	1.0893435380577479	1.4506820145441028	2.182390684132965	3.143155032752313	4.339338738279344	5.707332311071543	
0.14554049349746925	0.4308942917755495	0.5048380023939772	1.102107185172539	1.5064577455429988	2.348245645166684	3.511801540680406	4.618566699916068	6.105316953575037	
0.15201176703036132	0.37163763215101536	0.6326185157157304	0.7646341604896363	1.36164991954902	2.2142919633835327	3.793997968139327	4.9888782222594505	6.50449087494967	
0.1360642171743826	0.34323046726697676	0.5762981025561523	0.8900259960618666	1.6233831002232004	1.91750484997783	3.1117429643024366	4.904527541916883	5.890853058792805	
0.12040707716941684	0.43035833904555687	0.5934657886176913	1.0274368995904373	1.4211822961472125	2.3208661439051617	3.247901858541628	4.334994233895749	6.38046158335653	
0.1631515275029294	0.3956603998178178	0.7075158559171669	0.9564570640082961	1.354375404933264	2.158038830206977	3.2051020967219586	4.034792098960194	5.854895260699697	
0.14660124215585452	0.3898236903289504	0.7022904283590357	1.0127335577133787	1.661212697636047	2.4296083517107383	3.516702206002419	4.262447289325156	5.847954598604092	
0.12490455615487231	0.40713879355230204	0.545039200512437	1.1475041851316734	1.3450417279354607	1.8771957367534076	3.4938369822478035	4.229397644187798	5.959696488536327	
0.13778942410153414	0.43834281832712096	0.6143642913918678	0.8772175233866076	1.4970999077907792	2.2306400935007273	3.107761732722907	4.3750361843546	5.5731097859671195	
0.1429260210995109	0.4330446422089602	0.6337219613604222	1.0169285991661163	1.3566601556615743	2.153281651816169	2.9651780599568083	4.657219797341215	5.916995562666753	
0.1365439608127325	0.4501547583772805	0.5840035076899044	0.7799114081948045	1.6305155999919678	2.430135112654613	3.160584440916719	5.569560237751605	6.0940501018213205	
0.14770234057253487	0.32068082522860286	0.595130765529659	1.0095900515135205	1.789533712461019	1.7973156219272142	3.592045761226794	5.136147388956214	6.529181790559491	
0.1751344162017678	0.3989536818612224	0.5651454366317	0.8638131357000699	1.1063678004479476	2.1799042682458682	3.2399420890520374	3.5250415286822427	5.309193149771082	
0.1496563984041616	0.4568128685007025	0.5660858921203104	1.1024707978982893	1.627496315479736	2.3103610026469776	3.0181907018029914	5.058587180281302	5.8679371358902275	
0.19758015723011688	0.37698675535386306	0.6474006347952751	0.9200411382635786	1.4333901158354398	2.488518390976792	3.130073408196202	4.555402974135324	5.957194233495273	
0.15809358038883445	0.38317989690821525	0.5781439519720571	0.8375743962713926	1.3679588045504754	2.346338526790241	3.1531835924798925	5.007410136482379	6.847096106316115	
0.16575708414360227	0.3817417774747886	0.5172717872713214	0.8210839728403182	1.6886948431956488	2.361523563464134	2.6407980171489753	4.39825439130914	5.63943347363822	
