8	31
1	1	1	0	0	1	1	1	1	1	
0.10209893596450988	0.15771184317168255	0.36882566713055853	1.2983877560218602	2.6333464586728743	3.4471510171285553	4.548583514330133	6.004125111202435	
0.0981891054831012	0.1403421869615743	0.391836202774098	1.256704163145668	2.0711511154685436	3.3886561976950516	4.011637030626606	5.906149696033613	
0.09911091226131728	0.15307459724022596	0.3574597432517624	1.6463260872815264	2.1484482508025424	3.4410683774427673	4.886749589145269	6.449041117380426	
0.09291910742491812	0.15221911528278073	0.30387179389140695	1.3238174059907117	2.1228539233236243	2.8285119144889657	4.950207602715378	5.741242846623841	
0.10496387306493066	0.15690910587086987	0.37728130197472803	1.1635085235088216	2.4625560248535594	3.289929195028096	4.240503084123253	6.635748444531938	
0.08089500402266597	0.16624647275795348	0.3518893942099278	1.368835485172526	2.199514352660648	3.2329856050051693	5.0107725478359	6.504604452141557	
0.1172667626822141	0.15842022547335236	0.38477175678844	1.5914322856284122	2.1698348149922504	3.4948937939765403	4.361041215620953	5.780676295395253	
0.09559164328556678	0.1424616707969353	0.36747531694430036	1.5879740251192658	2.258450396049048	2.9545928968145394	4.353852237215074	5.117002026415005	
0.09747080014428433	0.12870610699701043	0.35211000498457967	1.1824621396436663	2.089591725165733	3.0864682886838586	4.8512542518581405	5.48020290366275	
0.11507175963278167	0.16146764445828954	0.3330303258137009	1.3368662016098378	2.2485225919396368	2.972184179770113	4.880031498086589	5.577700901378764	
0.11229459579399555	0.1489562729410285	0.39439768410067483	1.3475598790713654	2.192145312636649	3.703254275098961	4.466991831779401	5.901590793706509	
0.10481595468946502	0.13586890871117532	0.3782471198994202	1.569202884787639	1.7265517539208393	3.9400948729392735	4.753341889516131	5.965447804649484	
0.11154053404995484	0.15116933858054124	0.3860688597314899	1.277917876879843	2.0659480834042148	3.1219117332485653	4.050777836648085	6.840352137429573	
0.09740910974561239	0.14751173730275843	0.4418636561146185	1.6409960922366476	2.4240381470090218	2.922612535197195	4.848598830454195	6.721370933089954	
0.10194287790580968	0.15425633951007578	0.4330422255009267	1.680607489562387	2.281969029599271	3.046906910066857	4.826206561032944	5.27043228686494	
0.08143195593770607	0.1637073171130644	0.38263663276338583	1.3675577551257565	1.8628805818743395	2.1890075356616894	4.393674240067603	5.520852747681919	
0.0782241370486963	0.1595902182034482	0.4285805827030106	1.350578357159457	2.1485765687231804	3.978066137468119	4.516218398312878	6.352801648585148	
0.0902528191328321	0.1710563624818262	0.4478759775108237	1.2295053647411613	2.384198875982389	2.7966899349383207	4.637485048511814	6.154539392297629	
0.11199300485862812	0.1306789068087861	0.4105189012024307	1.532400769537498	2.066739873810677	3.591269491032531	4.046742355201097	5.411664639215397	
0.0942152608560327	0.10919396094324442	0.4032332802867326	1.4374963817821853	2.0478111662703333	2.751472600307169	4.723870292879559	5.130198951761789	
0.10431755780600248	0.16192314888140324	0.37497366335587384	1.2543508056595958	2.424299288558421	3.415109653827363	4.889935632333289	6.212369986035533	
0.08823015000603601	0.1486422597787714	0.3841991227289276	1.5026623868663675	1.955855136600334	3.253830534391757	4.170223278502797	6.249025253819372	
0.08748181995759097	0.13086977985074144	0.43800822032545017	1.423452954481566	2.001324555298558	3.8053247671645383	4.215162556163672	7.511090771040573	
0.09878802178970425	0.12339635139594739	0.3739778488662988	1.5437132738333565	2.12049374740798	3.5057260952798717	3.753095549532614	5.927346332204594	
0.0976799526464614	0.1523304839837493	0.34480658440030026	1.3368252863855752	2.451958280168899	3.8667730963933464	4.066845324350734	6.086769943276603	
0.09666487703170284	0.14259945715438238	0.343243090490465	1.2423907400544747	2.4263917615948225	3.1352759224382623	4.982128122749943	5.345341387518847	
0.11857625979486719	0.146962895197077	0.4044387811520979	1.546953778133699	1.9960123130459897	2.981331045798341	4.88428895319226	5.917205635854149	
0.09517850494071146	0.13575754508330867	0.3639682387602557	1.3795799683969634	2.0696257401926057	3.276299278151259	4.733358919990328	6.235613106071812	
0.09862156920160832	0.14067241970647537	0.3285402054592071	1.489150721585375	1.969577852245389	3.357772056486289	3.901115102241395	5.698684994877852	
0.10498622577992255	0.16123303184021423	0.3685402451342802	1.5993087248617326	1.8816635552925165	3.242454060246899	4.823786697445245	6.400137403416428	
0.09270983351826616	0.13030394358829725	0.3870123629971492	1.4266094193741639	2.232832745265227	2.9549837043438734	4.016564073279475	6.8118682897823835	
