4	50
0	0	1	0	0	1	0	1	1	0	
0.3984282860691702	1.3236846453865212	3.2784081476503744	5.070547067743265	
0.359252742141052	1.3304316099167437	3.319820168208741	4.9929832721508305	
0.37290967914987005	1.2779788239675647	3.187895000519474	4.203039178948854	
0.3596484321075994	1.5220915292085244	3.1319779218090473	4.838919993525107	
0.4007680702555324	1.3678787476362053	3.3064874772005894	4.701841073726656	
0.35472041441773416	1.5045141196805323	3.2655059879745933	5.206547042140935	
0.2670012065456771	1.316205207579221	3.881439163561961	4.288234162593337	
0.3487735795446067	1.6654397420365963	3.6103165038985807	3.8417759718720434	
0.3510073731363017	1.370989054568406	3.22680078788218	4.851642393248942	
0.3753441601313243	1.4510245378443587	2.9180146072873403	5.557969555450897	
0.3466987848613159	1.5100206351171568	3.2821028428959145	5.406553523227362	
0.38767672354751376	1.7448778966219851	3.515229230155062	4.566499701933608	
0.3558637530152744	1.5141952635942877	3.2855744082268323	4.115364461729002	
0.31060248797253887	1.1956135009996	3.6176291731804255	4.524151606406779	
0.4079106304620295	1.3289237512666878	2.6040289902723472	4.267356829901948	
0.41000748321781544	1.3959217618086404	2.7818045858446996	4.9992819119811625	
0.4200378421238254	1.5910962194008733	3.419027656794127	4.4214364714988665	
0.3256547802904249	1.4091890448269169	3.7754681389078915	4.330780585403475	
0.3558718708645218	1.3809237885274852	3.042813315399674	4.4960091791212395	
0.36111223185736074	1.3544896451145483	2.7951539038495112	4.259864833981498	
0.32930064839208995	1.3817354860439155	3.477052539882992	4.22648795253767	
0.32651938301780065	1.4982054356400774	3.257035505447033	3.6040754792223746	
0.383078294456405	1.2808826931455874	3.579378768742891	4.184900382255494	
0.30684429868052093	1.527328586078816	2.7135145898020463	4.42810136378279	
0.36156825522958047	1.2066661965837346	3.8485809409635454	4.464888432887352	
0.4223142019630166	1.3037982290350087	3.423394532460098	4.677900584242926	
0.37206157582907967	1.310791401036282	3.408361699481131	3.824365319733221	
0.4336748755030566	1.4739709392870004	3.705959185117996	4.122889643886104	
0.4131106981980207	1.396437338299711	3.423525317602171	4.408592815257837	
0.3899712131152038	1.5820251025138783	3.538717853072694	4.895912796860432	
0.3933804659997182	1.2909578059612605	3.0996998472837265	4.205681667308739	
0.3626028103087208	1.1866843820649207	3.185427633233141	4.371704653987118	
0.34619328057640336	1.5056915102886554	3.1158159977857007	4.431900833554765	
0.3815447310980033	1.5013395034191666	3.5707507211403637	3.180200155398639	
0.3982747624039872	1.3840232516461417	3.5604200866920674	4.459291502567808	
0.37303977415990447	1.46392480076472	3.660535385313026	4.884909135422827	
0.40611425498041553	1.3396695895362518	3.125608016803432	4.4320646259060235	
0.40202266502430717	1.240202559644207	2.8799422397462897	5.291963978151259	
0.3658576379388744	1.3643101659875483	2.520552908607723	4.98858155000765	
0.3210188201450782	1.513186253768258	3.837171997830858	4.736532578202056	
0.45441683904272506	1.555177243391678	2.9461555123107646	4.01160304538862	
0.35625775533472404	1.4379742855436535	2.7634546022177906	4.22039434782299	
0.48278282967126407	1.2134278050471936	3.0722605705248527	5.373914632217621	
0.40487307362845953	1.766788486364205	2.8899822815834155	5.306496315701064	
0.34690276773217366	1.3797131184580187	3.7271724786406626	5.537954720202041	
0.4125846875719815	1.2026784957325953	2.9420916936175225	4.805975716915961	
0.3800681176218905	1.4862907474564935	3.285835172292899	4.847605340451118	
0.40107868692838267	1.6114057359604015	3.5451866009111592	4.4417953883661685	
0.33664007653991335	1.4722373386034795	3.580186341453379	4.254599898468938	
0.44926704556680025	1.4549934461498708	3.1471810894921903	4.9689103374762436	
