8	69
0	1	0	1	1	1	1	1	1	1	
0.14956361894271297	0.638845169944049	0.8077062009850862	1.423733945463412	1.9974332749157107	3.8002629668163657	4.669485595156427	6.417944052286938	
0.13577874322602826	0.4737538214690445	0.962185306475222	1.4317323315195434	1.78697824922909	3.15125715547094	3.635397376186348	6.442547577884822	
0.142037131992046	0.46558940073915983	1.0127236082325646	1.4237635256724976	1.7797528926135473	3.609093343409805	4.602273973946929	5.112044756542417	
0.12735680873482458	0.6525428968459002	0.9043336876211422	1.5183190513455251	2.020691185259623	2.7512160732031057	4.639222916078875	5.994853268302577	
0.14754394259439477	0.6554889285674598	1.0046573857116161	1.3529495592369296	2.2730661815522337	3.2754512377984106	4.26588950463951	5.7892422031067605	
0.15222179173672984	0.6429364630535802	0.7864584282113047	1.578231080245076	1.736415360032045	3.0291866926609994	4.211267230993775	5.892938503629379	
0.16641699526979406	0.6654195384089521	0.8979491541903265	1.527234464635954	1.647770369963043	2.8680760717092366	5.146255586466838	6.094052725673615	
0.16973474500133406	0.6409240692052961	0.9793572864835943	1.5013683928019903	2.065830932921135	3.0974516702229846	4.637801070203386	5.552648238414131	
0.1524923156705958	0.6641932220553762	0.9664881990724243	1.5041757806589593	2.0569924158320134	2.8420862496284762	4.888986759519702	6.370328433749681	
0.15788085428419887	0.5627979381957059	0.7863668334590859	1.4491950700413838	2.4832372692030593	2.8797493531757095	4.053763606266174	5.527569945997904	
0.16108457685811894	0.5940503833765822	0.8817275646854745	1.3246115519858548	1.7696821898548156	3.6235129458234954	5.07016424775046	6.0521083995654	
0.15259833357625507	0.6656593235611089	1.0007987621372392	1.3154777777633702	2.540263373246185	3.2368252720387614	4.081955076281637	6.285717798300722	
0.1460419807883796	0.5577770716229725	0.9067484978383105	1.7962078711950251	2.038531467013726	3.118686986166511	4.937283725043871	5.683473911581306	
0.134023692916132	0.5591697883977621	0.9148313311078604	1.1698369285452601	2.0143509040972276	3.8541832400056504	4.810457683866609	6.214122473433418	
0.1584036814074688	0.7232230648916992	1.0083828559369623	1.539448318498126	1.6254077487482996	3.1627631841167796	3.281383815797665	4.998543022172468	
0.16923921385425883	0.59505912263187	0.9945482487765324	1.2002062899796186	2.187461202472439	3.7998579031724673	5.114125104352358	5.7893322065952795	
0.12095489421493588	0.6595729253239843	0.8677808642648231	1.575050451588004	2.1082240600958424	3.1909623451436344	4.357456561462025	5.447884272845269	
0.15817767630912788	0.5884809907290934	1.0134879429569201	1.827268461432116	2.2860331583966365	3.3260927936167923	4.795845445369666	6.187459430730746	
0.15154311869665568	0.5951805694946928	0.9959612152723474	1.383071860062622	2.0772616143416047	2.7047135417093413	5.484406672611821	6.2437404942026555	
0.1401539400617197	0.582928827702306	1.0552314423290936	1.5624915451206716	2.4895752236699185	3.252750699935381	4.9681505304873586	6.323438190122751	
0.16048101258538236	0.5160042436945329	0.8096317974311388	1.2749518694583382	1.987648529838211	3.0141096883093046	4.761202793828398	6.159203015496782	
0.15120244193335775	0.6061696251214694	0.9150496741659592	1.4731040095126577	2.2083456815287947	3.060919673224709	4.590081657256666	6.642483148398798	
0.13348029379414023	0.6375805910998334	1.0196561170821596	1.515117006738999	1.9255991812983766	2.79384891386293	5.580133737273128	6.885082889728649	
0.14851859448352212	0.6774520596236683	1.0774078485190146	1.4385696339052219	2.2421248271422356	3.7095585342672988	4.880092430456484	6.130806943808863	
0.12827647836720435	0.6859725192305337	0.8888676034359806	1.458921843790298	1.7982149866041661	3.5511701926027213	4.376741346203017	6.709900854287626	
0.1633539050046006	0.6322043198118609	0.8721191517796671	1.4755413601266514	2.273118978997307	2.66451785129491	4.387204367889825	5.677247992434127	
0.16115676728762401	0.4841626565283487	0.9378856142087074	1.3806922078412527	2.1729034318418727	2.8413008597680363	4.527744400931385	5.611068221607061	
0.13860215833899406	0.5865190692289085	0.9499863582692456	1.3706879699979693	2.1438301600900234	3.7856502062903505	5.039992213360098	5.600958179182514	
0.1645686472008541	0.6320898357769168	0.9895360712797594	1.3067994494315	2.191015625703846	2.8494279824300746	3.937264619210378	6.456430837942576	
0.122396917763114	0.5514610394552557	0.9620514827579587	1.5212603403152727	2.4156141098450146	3.675992130899612	4.616246594217529	5.616943592857176	
0.16158705897125544	0.5617518340881196	0.8987134998795345	1.3013698064282435	1.9915831518223042	3.379919893106443	4.709089259430648	6.230749271548518	
0.14104060631344503	0.6875571518660143	0.9436148834669279	1.487986198476613	1.7190235812291752	3.361032596700385	5.168680661549757	5.650555069497173	
0.13744792905621694	0.6286447733487139	0.8756811805240274	1.6543948040981735	2.2642567173551025	3.68961999586505	4.668489386155311	6.413161490359151	
0.12017752087755765	0.6330452785097717	0.8770712718083178	1.3198672347974312	2.5035019226941584	3.995922615886709	4.093186683238979	6.1492147139691244	
0.1422111937148562	0.6176241197482076	0.9941613011610662	1.3809930085695532	2.459144640308617	3.4071436445736154	3.9812764508148883	6.064785296666955	
0.16830167217653744	0.6573137582381218	0.9845946538469289	1.7539338111762077	1.9434546002639874	3.181440928124349	4.557444838094853	6.702719259380075	
0.14176469705286	0.5735791220061598	0.9445595472788751	1.3026324536834426	2.279660540410086	3.019382206867594	4.260571653966337	4.169477369030876	
0.11647516631100215	0.7605348892234631	0.9717508509422785	1.2492199806203466	2.031453974223926	2.376698508198271	4.9643799430586775	7.1034349876291145	
0.14843531669465237	0.6290266243041089	0.8474675346394843	1.462612286865439	1.7382561690574698	2.9104504795598656	3.8242620909399925	5.858665584358813	
0.146859165665884	0.5682791821460895	1.0641708494490631	1.389220955946571	2.153912755860421	2.8747025583867774	4.660337289710935	6.5452101795069	
0.15761091401419994	0.587849551790504	0.7765499692905833	1.6269746372108265	2.2566211210890237	3.3397331038724385	4.46209186550075	6.190689946718166	
0.13285392619905165	0.6835117518415418	0.9677541296082411	1.2845084170743588	2.365439213822197	3.650374782642452	4.7480405115146835	5.74572250659261	
0.1561024426976112	0.6249787382763586	0.9248323660641156	1.4661891331494565	1.9745615308485303	3.567508369776858	4.9491006352843945	6.258905189000447	
0.15861214182661754	0.6457467793280853	0.8748525034200348	1.510798471741664	1.8829165470733118	2.6305840923235935	3.8007040844544715	4.961586610319225	
0.13737085826666146	0.5598392145817248	1.1495328898460324	1.4109701151779157	2.0122647856801334	3.2544603224692406	4.449663200836534	6.376875719372167	
0.15923136173942776	0.6775034753486052	0.9532380468073961	1.4575269261083466	2.260064958099166	3.11263130150581	4.2349790390521465	6.362695669033571	
0.16963054294448313	0.6995781830072814	1.044511282035802	1.4597224925189822	1.8162585588442879	3.208279016232612	4.353283068446499	6.641363228535079	
0.16151253286942882	0.5779871788251654	1.0048379564771386	1.2865646974685583	1.869262797605472	3.6397979655643726	4.459629222188192	6.593775448547005	
0.1402866698472568	0.6645502072841506	0.8046778130315523	1.5611265291660834	1.9081971521577306	3.5732021956169207	4.775777758668309	5.341631870938981	
0.17029170503045155	0.6693725866848852	0.7026650892251354	1.2039221586807674	1.951637051673466	3.1333382083927463	3.659049681683556	5.033422903185697	
0.15129093020656387	0.6826295227486432	1.1939601431528772	1.589001682841895	2.226061008750097	3.6404278998209803	5.256474568261433	4.921551726760193	
0.13541287055061296	0.6378988017593843	0.9609459989125303	1.2583252049255615	2.3074973157420993	3.0362822753860526	4.892786379848101	5.6371551910461335	
0.1722616637954815	0.4915830781577877	0.9636558470407521	1.108897755094836	2.3397017466158974	3.758924693826877	4.665645182062282	6.59813204010541	
0.1389370110513237	0.6922343245725548	0.9453170534237104	1.5088390649682937	2.3569493407168203	3.35685615016401	4.665663115970777	6.912628989496833	
0.1456238342983473	0.7381935419915778	1.1020140131773337	1.6525619824289997	2.29149745267566	3.471411389862253	3.735433048729794	6.636262211499922	
0.12218494223231177	0.621167526934535	0.98779172305519	0.9725062878673619	2.259940337175721	3.289109938022072	4.316102772528495	5.631632105329949	
0.12329083240421854	0.625764846791635	1.0739866339621487	1.385792717840143	2.3507524047689246	3.792564964975634	4.534139336995631	5.634493661626382	
0.13537662826315483	0.6128510221083944	1.0532765774763713	1.3448681785253074	2.2575099684615467	3.5636947938916532	4.58171392938827	5.9580968107732035	
0.10589320819005821	0.5649678557330706	0.9436007704595893	1.0021686813602353	2.5081032003501504	2.8718862574683706	4.556020073230934	6.7443028366917765	
0.1660165151093261	0.5700201496488393	0.951397432734268	1.4529998452314372	2.628401406755276	3.9892702839696175	5.023400212517035	5.800535005485047	
0.15571171707743603	0.5692671640764566	0.823559042718304	1.602432555111562	2.337407131281856	2.7346650353143067	4.266395987152691	6.284242920020375	
0.13980736075204103	0.6311596183625325	0.951694142846125	1.2893169179639843	2.3940556141802882	3.442237334953305	4.1633511280469815	6.634868935599632	
0.1501712940594185	0.6768059195931807	0.9238142381809155	1.5270267901922336	2.044720797604951	2.384804275316352	4.60733555455291	6.236233060371986	
0.1356368478042925	0.6641441068095143	0.8317401095816561	1.5661551206808866	2.2255812649683446	3.846962736826223	4.278513481180205	5.516900665122222	
0.15119445530728476	0.6067831867261592	0.7187337200491959	1.4139105880662222	2.1235775308797273	3.6710093072552303	4.4141387186137715	5.86985781849069	
0.14939318085852393	0.6118958281300247	0.9797735255973977	1.3837788941872438	2.4735889848906836	3.501948665779418	4.489430837645708	5.693447947147897	
0.15675215666978734	0.4632422382413539	0.9514412383556794	1.6655587408672166	2.0382289335216712	3.269618968935998	4.506748835399454	6.099300660354001	
0.14867203122543998	0.5226696216984353	1.0848174436976235	1.445577118480258	1.8057255664131588	3.161497714419424	4.32332668518632	5.770384882469799	
0.14784418913440325	0.5258093131340216	0.7530634973621678	1.460482382734372	2.097356716283964	2.9785280323713037	3.786885715663519	5.705878035249758	
