3	31
0	1	0	1	0	0	0	1	0	0	
0.1621407529148681	0.6106325242392528	3.1098353825634	
0.12021120431582252	0.5484243393301044	3.0245036512549235	
0.1664471075748083	0.6412318156130205	3.3731077535589393	
0.1347289569362909	0.6578027313247252	2.6886663496559517	
0.1603360318898513	0.5650731599022403	3.4832778479609754	
0.15055373974753375	0.6538625671538567	3.487114616983816	
0.15040063804593765	0.5701242397794534	3.2896917376001125	
0.13892396886557398	0.5856410533729265	3.8978176976490517	
0.14232427126041777	0.6103921898327433	3.0077644775713384	
0.17551494292648664	0.6458074215420933	3.3938186561141013	
0.1456104219808214	0.6668857560529758	2.9764548424810187	
0.1817945372402974	0.5605707562585308	3.290521452678585	
0.13215092048764973	0.6057465241557928	3.2274167690998943	
0.1554814639394166	0.5820031305698513	3.081676868661239	
0.14673968668550255	0.6032807291587321	3.258261157509195	
0.12022657347555091	0.5994149175150758	3.326938911616755	
0.1378688586657522	0.5931675931781799	3.4891734863803263	
0.14348537088162047	0.4767157966543262	3.1699626018242726	
0.14980068031329313	0.6100421717639309	3.0351691614130676	
0.1565738106080942	0.526907915668301	3.512217191463668	
0.17151771412710684	0.6662232853507655	3.5691513193116133	
0.16988220372822968	0.6711383015148521	3.854859962984305	
0.15213135871978245	0.5818291840997613	3.8493272446949685	
0.14700185729639173	0.5578895871076605	2.6592847108618867	
0.15289670767332691	0.5386078844256699	3.09320470996796	
0.16370924501149728	0.6306725019017747	4.153605943725861	
0.14993693355896082	0.5919764660584591	3.531703892748683	
0.1369338764042269	0.6399188120088323	3.602459502883088	
0.14141102618938534	0.558041361578274	2.685448031179411	
0.16576582417530555	0.7347808381820722	3.739053106366029	
0.15083042545702668	0.6540584102075314	3.1254065819370336	
