7	44
0	1	0	1	0	1	1	1	1	1	
0.13346166294897344	0.5460200092913976	1.5025042294480864	2.218220800720151	3.96071258254311	4.818414043830691	5.399734372395661	
0.18363935847258508	0.6814303525480218	1.4519216152647187	2.2841176101242904	3.5007169255372306	4.564869094746096	5.254107834472197	
0.14919892074773325	0.5546457444385376	1.3924902197164346	2.357071590965291	3.2007890157644656	4.955911516054863	6.786869545718609	
0.1363431584554187	0.592011213807668	1.6221910577003473	2.422222789683006	3.2026400112705513	3.9557163498208565	5.740776253911044	
0.15107944766727638	0.6354204356243819	1.5364299844581581	2.2446654318704975	3.3135368069083335	4.003411026468145	6.569341724120398	
0.15441084927404347	0.5252046833893596	1.4846561801304434	2.38637060399673	3.6512210615998604	4.688915073300063	5.911839016872699	
0.1379172639763181	0.6957400352340656	1.4248478345167008	1.8778167100344154	2.47970892444292	4.104456968682515	5.439116881644234	
0.17280702617125435	0.6295828968887115	1.3130718053567834	1.9082133020519205	3.3285050508455547	4.711095846232948	5.977010188169461	
0.1615934430655234	0.643562696127016	1.2104792019996575	2.108041413716071	2.811696445038719	4.161542651087408	5.686649981924474	
0.13617965365975498	0.5997076123713481	1.387045759040519	2.0374271816876477	3.1883485785196197	5.097289147711835	5.827276330824388	
0.14067594276382733	0.5683188152688905	1.2842416983199088	2.4984360466428135	3.0803705049969303	4.8442453454940155	6.771828074143677	
0.14558094238135094	0.5593674534183919	1.3640889537990077	2.3542956231945262	2.690004120228983	4.070504369349571	6.114554667827434	
0.20072388792140639	0.5014795799377898	1.126532703686485	2.1950164318598975	3.164244838145832	3.76144784010264	5.555185401230622	
0.15345414328573076	0.5887416971074625	1.17496714738351	1.864743718660152	3.440437606233897	3.9563581093183804	4.993989824204896	
0.15447678648813246	0.597867317060107	1.4739181908732288	1.795416877988274	3.3824970230307985	5.0787183840434675	5.391169065540594	
0.16512376845321908	0.5685517023041023	1.4085293589442278	2.0444980431884257	3.30705139300855	4.578129148467902	5.478978855683696	
0.1725738869072152	0.5268204108352168	1.435905773453532	2.3128489782371604	2.992739658564274	4.020781255757884	5.684574604757402	
0.1508937721379761	0.6012046442607597	1.2253510444039521	2.6213464637631945	2.921004722896176	4.144472150334254	5.915623923942735	
0.17598263300918535	0.5334195520181946	1.2869115781456626	1.895117423815649	3.299987930451732	5.444612978448411	6.085639327584111	
0.13303862752168014	0.7281010157770317	1.5834155349803491	2.3551446129446525	3.0716861688891126	4.357122413369346	6.33821739291688	
0.15331989717954314	0.6199725089519219	1.4302561710795643	2.409080586830095	3.6746704795704144	5.032833136262897	5.455621846977529	
0.14665533418124296	0.5202270595279294	1.3890623916577587	2.0751334270763135	3.1017998990710867	4.945861281951173	6.918823721926165	
0.15448312670924802	0.5552140724329898	1.4810831775702844	2.045640196285875	2.5114426879208143	4.683951729231766	5.20155537748045	
0.13493088863636765	0.6314411052290022	1.3748776201647332	1.9505199039953574	3.3266963730209023	4.442972527203617	6.526392121199277	
0.15024249485080096	0.6317030504403668	1.4022944783917646	2.0839833901786626	2.5524711403636022	4.082263572533592	7.194007028952342	
0.14727458365030477	0.5706208181192555	1.6225996225556885	2.4228466250386416	4.132680391481877	4.048426195342837	5.436513555297792	
0.15470783093460344	0.5960486501436182	1.1823503533358728	1.662796208638797	2.97052415781914	4.271981170692691	5.453638049872847	
0.16386354840459388	0.6189732096952051	1.3581828643103535	1.8745293287838052	3.1702610714443735	4.209135816080487	5.947310273268237	
0.1475259512957099	0.6299394608599168	1.2576215954535555	2.3042637120511924	2.728960538728831	4.723732890660766	7.213658941012461	
0.13368981481959893	0.5600238653081108	1.5026044445687288	2.0410713649341607	2.771492815873468	4.767571087036828	5.664378166505577	
0.15863948528527158	0.6021659762081065	1.4959011294994915	1.7725992016522705	3.15750805953731	3.881920258624559	6.60420020907437	
0.12910017921761652	0.5053060325776207	1.121462021637197	2.1833481996955495	3.1703872736752228	4.025790697415258	7.117982586198876	
0.13869254431743686	0.5154456663838904	1.5677795171180189	2.1262231525195205	3.437476865382715	4.973836994092146	6.872012563270825	
0.13498825371991874	0.6393516847273211	1.3978783945664635	2.087830688539979	2.76009283609474	4.64981577621961	5.617089913546849	
0.14248036482650983	0.6181093098189708	1.4223889068139184	2.2868916087171756	3.6523561366398747	4.727807233180697	5.808171550116063	
0.1770651058303233	0.601193565837164	1.4964237173813182	1.938198522935708	3.372482721455627	5.062540370528657	5.539508021946636	
0.1624648772909725	0.6334728668426389	1.6049089943514285	2.3105729077143122	3.074974363597018	4.714612845354947	5.680861762439873	
0.14331431505389883	0.6581198665020603	1.4902439497496645	1.9280537025538607	3.19977345278207	4.867156218807247	5.457263200863137	
0.1488502674313843	0.6191525823419112	1.378890427022032	1.7958434608339235	4.033080861756143	4.297365042252302	5.4714673218289	
0.15388931558763405	0.5542928594851222	1.6293797380775312	2.031040571108266	3.4282729267349628	4.19316380821011	6.260081686307386	
0.16204818308238297	0.6431770644588809	1.570002198063225	2.255733515550711	2.9856818674598777	4.448579645073997	4.784500122144324	
0.13496868134578718	0.48157565903385946	1.5965574519303116	2.210074818133985	3.085872292144718	4.790352884918287	5.659939246330575	
0.15948023248245044	0.5586067991756749	1.4017219663097267	2.443330562312188	3.436910065395168	5.417498134994593	5.870596864915425	
0.16777468942713009	0.6040335834742553	1.495658416881448	2.385759857230255	2.6745005232164676	5.372205173553744	6.189138925255202	
