4	99
0	0	1	0	0	1	1	1	0	0	
0.40701753886489855	1.701123941549215	2.0471147189022103	3.5570558212850756	
0.3520705981970645	1.1731932787846122	2.233760895072013	3.085676745111755	
0.4059797716317496	1.3873484565315686	2.0061711643992672	3.556384998257672	
0.3710528522962763	1.379747395084718	1.6804415632485499	3.8779192627786707	
0.3719155593548583	1.5952957878531706	2.5765184935751004	3.1733884161376515	
0.3832115713955856	1.220616118191379	2.091476966311567	3.3507728476008247	
0.38980038292890806	1.375632474998731	2.4185822374617443	3.2620626133826107	
0.3530238168567848	1.6098877150732664	1.770498378713939	2.9245039891336777	
0.2889057226602329	1.4255784929686004	2.093565122722024	3.4019427575129293	
0.38685288553154806	1.3350130543614431	2.1748970429597425	3.3422401450976196	
0.4018220372372737	1.3888427643980588	2.0589999554976366	3.818705551919747	
0.38899055587805226	1.683927040741713	2.1084343447624057	2.9953250808352085	
0.3487392631576299	1.3246445604114447	1.9097316838468523	3.267857503833863	
0.4480523604790404	1.2430436610018838	2.2359236856178213	3.287181310133714	
0.4318497225209166	1.4892553011534178	2.2230135832384788	3.0080833041371196	
0.32754869066533127	1.5752407123989778	2.2192899424827774	3.125742842493311	
0.40846908743117866	1.3901315887864258	2.4251580242701305	2.875235897516909	
0.3369752430105055	1.0932637012766389	2.1884810489839674	3.2068383512941594	
0.3764668296742254	1.5190456967190276	2.338838733504972	3.314876805198769	
0.39339391293219445	1.4939348832804413	2.3146786774341406	3.1207930122901177	
0.37287292360993046	1.6059093865688243	2.2773327839715045	2.9194179642735865	
0.292585999440928	1.6039721103060756	2.149061796251449	3.1936822745430984	
0.3420545382320527	1.302466455332401	1.9000570589047734	3.6581841218821998	
0.33162850056964865	1.326434532753295	2.194120444644345	3.2747484454343128	
0.33355028555503363	1.3289814124522699	1.7882047149351352	2.782259449912971	
0.3166487901750587	1.4057147102182581	1.827593432791177	3.148106435109616	
0.3117601624963684	1.438774135328496	2.1603540251249718	3.2039388033996654	
0.4048851243881677	1.077014894815992	2.3084474614372046	3.180570578617929	
0.4218432589938019	1.4634002893674953	2.3331502154044648	2.9491215815395346	
0.33360153990038555	1.5266444973174351	2.176871695449402	2.6983616826577355	
0.44647380785625446	1.444123434799627	2.1997092182574858	2.882423542661892	
0.4372898822228758	1.2482593173796672	2.1273681875363395	3.5478666425234326	
0.3764620535596537	1.3795160595088725	1.992640967878456	3.195917391915507	
0.3104297295619028	1.4143857589968836	2.2183452489795594	3.3153933209656765	
0.41354561030683434	1.7616703100990336	2.021272111265184	3.5498351876830636	
0.38106923837229234	1.474158004973531	2.6743178727120425	2.949252330940701	
0.3588912026070661	1.2338979054675534	2.0963252425077346	3.374310846611694	
0.4139233074509886	1.587667995795947	2.172806059675406	3.4921280212254793	
0.4182828677895015	1.4433866348316937	2.231414392030747	3.299973523129873	
0.3974550182384625	1.350375515749044	2.306641653732922	3.7969798508019386	
0.3764591861223655	1.4731960867381695	1.9869110555290113	3.244604382920535	
0.35564822408933394	1.2184383561099923	1.8609260944016632	3.0796369933977212	
0.38727730733658505	1.3546120357435123	2.055485701661356	3.4687525270116453	
0.364751080902987	1.4840246425858161	2.314838645716722	3.5161368538371827	
0.35233514917932124	1.281082145527688	2.421100214643003	3.358569180256234	
0.4056786903420066	1.6461581092012518	2.341801010454812	3.3244241389930407	
0.3617703030103167	1.5077588641443107	2.1474905243286444	3.034604351241542	
0.3872794227731679	1.4877976878732553	2.1314763825918055	3.6875319903370607	
0.36971459564425846	1.39947681971009	2.0814372468865114	2.8597553304464123	
0.41725663265584245	1.5351139158745897	2.054841023199286	3.394992003581056	
0.3134428400829416	1.2636898086396746	1.9599807205493436	2.979784372888229	
0.3330401909293153	1.1866268596022704	1.9895882809604277	2.5309991820592277	
0.4359986965949691	1.4590864609237069	2.235126462439784	2.816572126479386	
0.40101873004648714	1.5497653489425838	2.657325753339071	3.840037005629445	
0.35721263936047426	1.127546216485479	1.770555551646821	3.159121803478506	
0.45809018133465124	1.47678665497817	1.8778371725684828	3.261846408775143	
0.29673568844085557	1.2830079517362458	1.9838380058006921	3.3801887909428965	
0.44189530612822525	1.187200495576535	2.4120584519959376	3.0185344219682655	
0.3940096313528355	1.612051912428904	2.2677248250115234	2.8237424859989346	
0.4120994546702196	1.2710040860310103	2.5130981699908106	3.472126060619953	
0.3586654040924516	1.457931225765955	1.8692282285656716	3.866735253730826	
0.40116480003488797	1.4520880030303709	2.1069438126833506	3.4097901854137698	
0.41540053865424925	1.3469070208303415	2.2006818088239055	3.00430691991645	
0.38383425417242384	1.6501990026814233	2.0142964661069427	3.2860628932390683	
0.45083971937270373	1.5906290550313635	2.1391970229629567	3.3853369235608666	
0.33212979551962885	1.4291661983159443	2.003590439479323	3.8167419386940504	
0.40270185786588836	1.510826214650129	2.068232493582699	3.1492668427069574	
0.4037084788392342	1.5665193351640532	2.25542180769743	3.2827982231488706	
0.34100285201416314	1.3759056689566367	2.8260733897270125	3.3721189462696572	
0.37329194566723506	1.5695711105515278	2.31180473256091	3.224100267821505	
0.4214152964707791	1.5886867468443966	2.138597687434952	3.475890006618086	
0.4119244249905429	1.626724557192426	1.6727578885707333	3.2313713102125563	
0.32760752369528123	1.2709940994863862	2.1876701660698847	3.5148132303517974	
0.4165384299983102	1.5675583579871613	2.1814502784478833	3.274066141049319	
0.4071033065043134	1.4513580374297301	2.3830585301564318	2.844640466596809	
0.4735745374953685	1.421637584330862	1.9863425277047417	3.500198093432905	
0.30686199588097124	1.1146939478035762	2.32974768847912	3.3397828204402806	
0.3628249268364324	1.573122653356548	1.955279509252148	3.4731544994841324	
0.31172019709440435	1.283222416052053	2.2575977792850233	3.516385337794172	
0.3687820770111504	1.4537940899704442	2.1738302358360673	3.505581079538449	
0.3820569818432948	1.4137372707484852	1.9647871102928007	3.4006227220484355	
0.3683731291162549	1.635536432890397	2.323118053975889	3.3509346168505507	
0.3703784237826884	1.392793896797904	1.9813442062758027	3.1699312882077835	
0.3914327950800344	1.3232609750164015	1.7531685195717244	3.0215721959696324	
0.37773668702295377	1.585522622089075	2.028845423588279	2.669536948745173	
0.4294660603289115	1.3343818508333194	2.191318120407005	3.35054648245661	
0.39089941128776673	1.690576674642178	1.9685325838337564	3.142842194321537	
0.34984383310351275	1.395780560179583	2.2376020836661756	3.2132290526812013	
0.3553023153932951	1.618496717166303	1.9042218613380504	3.470073403825295	
0.4351076004083862	1.3832080431195524	1.747398004757902	3.7726292233526606	
0.47585476553991995	1.5692004029177509	2.1110872421909295	3.603831056623002	
0.4344850539802702	1.310527999757014	2.61285222690931	2.7138990132368037	
0.3581289546320129	1.3978034218057604	2.007907037391756	3.350550086393971	
0.3927945992027948	1.5317471794496016	1.6376939522459721	3.6177264368159205	
0.3039322772419488	1.512182813187882	1.909051498709656	3.3269033071282936	
0.4179924959929342	1.2964080131589955	2.208412747646351	2.987418685937909	
0.3771244133822076	1.3281485529902277	2.3253402798498373	3.1833565899791734	
0.3229539202971861	1.5128561592675125	2.1761855865135615	2.708759387351365	
0.340680943720518	1.4614466702458062	2.2367836308051308	3.6329396398177476	
