8	52
0	1	1	1	1	0	1	1	1	1	
0.14023609809728207	0.40243475048710814	0.5324893844144196	1.0601077271405213	2.233239546636733	2.681559336386416	4.856814347288558	5.4693386068358585	
0.17642362172616002	0.34541767399126605	0.7233647186927622	0.8803071809848384	2.082662002656809	2.9025970533711645	4.015765967632651	7.184054071670818	
0.14885282168780614	0.36979383596294463	0.5788039344733105	0.8535517109052665	2.0560419751344807	3.355732111490636	5.108665519230082	6.2252788287004925	
0.1345781920704813	0.3625492332966267	0.49764538105437356	1.0906268709604057	2.220284065630105	3.733670711343142	5.201212169249546	6.212744090064419	
0.14580299365161734	0.4078469776311785	0.5780029811205801	0.8720078471725482	2.0536577211596856	3.4047592821707506	4.2857885152879	5.545842115194606	
0.1503889023512983	0.37421655814738175	0.5855980126671378	0.8769664402504266	2.2064079025786127	2.963673355538946	4.912076606952024	6.392845221390629	
0.13956898040103707	0.4072013359632994	0.5539800054592944	0.7943043914098642	1.873582114529618	3.5330776128007555	3.9899005786933452	6.929478020773138	
0.15722942631482523	0.3508716019745253	0.6956094579595195	0.8957917056875417	2.4501038989426482	2.975112559617896	4.451958792785907	7.292138071677348	
0.13730445753635515	0.3917306357973359	0.6032609141308524	0.9835539359990216	2.257387503009482	2.723017425103279	4.073100724346622	6.343562250904904	
0.13693263184880833	0.3363431339491358	0.5334033394296448	1.0635896289764426	2.4369043316296293	3.526250786899111	4.316360436818008	4.806746879152365	
0.1580007790349536	0.40976191086395786	0.606639136493791	1.0669859154780943	2.334827195764541	3.6433146804648207	4.422291817994875	5.228752092238789	
0.14624660539875728	0.36332487060156105	0.5838210429385783	0.8363394946440874	2.3477902026293536	3.048799091995039	5.221394596315793	6.35885042862814	
0.13581446163695238	0.29214064698295505	0.5284711553745808	0.7920544330111859	2.2575573965317703	2.9565380006146915	4.790524852405519	6.151832706939272	
0.18546582344234266	0.3659712287414142	0.5696813116398275	0.9453074014357002	1.8657522381064178	3.548271304855597	3.3292172362570445	5.310150273935459	
0.14610194670845492	0.3633170200519202	0.59093785753281	0.9727876582602621	2.197223100236756	3.2363913280403103	4.138633505641856	6.843234945678672	
0.13577116420572405	0.3519421580609721	0.5951474282352245	1.033685408188632	2.321114627970924	3.2067430312437484	4.137635164837097	6.605949836256762	
0.1588233006307526	0.3593432525468243	0.6993471621127819	0.8159040615941563	2.014171819484263	2.8871231480542514	4.160136064570778	5.847326494720335	
0.12290747573184331	0.30178085103342217	0.6181290362422939	1.0079529595587682	2.2085609551096907	3.518666071006501	4.5312207362631955	5.736654679278976	
0.13538031359021233	0.4106976770602557	0.6456861157934518	0.9055159368258898	2.0689437285565666	2.867559396483556	4.8137314443086385	5.889360535548154	
0.17019437460290526	0.430599879520997	0.5825978002845038	0.9025365461713771	2.369649037093874	3.8813264738258084	3.820814170332288	5.160373015758304	
0.16532733414802736	0.29539266491885713	0.7172119911144932	0.978173490191994	2.4269742714417286	3.3974286587135984	4.964514636934791	5.7264778108273084	
0.16112659006336755	0.3720563123522296	0.6057620306147976	0.9862505671671896	1.839137886353556	3.4038700737665555	4.149017944934217	6.741732298268403	
0.1762278598919019	0.3773400858517945	0.6778397735660106	0.9237811195243901	1.9892142084872664	3.4753665762652224	4.745700917765755	5.8681992948214345	
0.1523601418694039	0.38231940024193417	0.639609201320999	0.9716526967468584	2.382468410106299	3.9369516522611896	3.751074638156214	6.394201198668775	
0.18113911896650373	0.3663047366386034	0.6248853826694865	0.9513621763258666	2.002752965590199	3.270824948465023	4.16872066323541	5.5980755287360955	
0.15097902678878142	0.35948836932188627	0.47852883239093136	0.9263027851751366	1.988755339550828	3.412264732989997	5.101203182672825	7.314130109862787	
0.15322944483972403	0.3845660382732157	0.6720487174536768	0.7515509704463551	2.022746423768763	2.851672493832833	4.786841965135015	5.776504818084003	
0.13785213343558245	0.3325932405720237	0.5750067326944259	0.8121865749260124	2.2146495765883043	2.975487084222173	4.331841377711929	6.590677376423148	
0.14015311938074848	0.40313656163611994	0.5688699259687819	0.8922824173697936	2.452496849447942	3.5121876098932985	4.06929721518149	5.496092967673777	
0.14726285562362487	0.44648810105765474	0.4791740361676968	0.9597192268101729	1.9933149321035353	2.9907656422115796	4.26585082849509	5.695219436467729	
0.14105636138753214	0.39291639022798924	0.7125859210757298	1.0438060647567449	2.1163947609413807	3.6864922443547536	3.3154225706359455	6.063386105651185	
0.14764477694589867	0.4111510602881327	0.5033313958960178	0.9955631388199588	2.108696246572948	3.304347151269206	4.067931915941115	6.47646928739726	
0.14113461231499655	0.3208238101768487	0.6559505665219583	0.9389613177036902	2.1893034956263	2.909021349635053	4.874986473552923	6.561665468203085	
0.14945081298953902	0.36311172092610683	0.5729869633785025	0.9843345402520433	2.0012309038756086	3.024831345295674	4.482930080945592	6.235744095128011	
0.11549246295120154	0.4173568377023919	0.5550666268702285	0.9956754708766271	2.1100442988109984	3.1011742686383563	4.193823871300179	6.074194733446738	
0.15984855532973652	0.30901062220151754	0.5462593241225023	0.8694113548257228	2.2622810862750624	3.2703512681028206	3.6344516251135808	5.144813872358746	
0.16354832512953252	0.37055919926240083	0.6717610747971039	0.9213338256680279	2.1914499156484846	3.613602700653648	4.281545769144227	6.474683369509418	
0.14462239153940537	0.3958024504214381	0.4897724352408425	0.9175933520638555	1.655309634261765	2.806419595075767	4.6139335164857425	6.827752530721218	
0.15859980348254435	0.46591805562857036	0.6036894321244454	0.869074184684699	2.3054315557058676	3.891936817271122	4.6144350829908936	7.6854122578057815	
0.14972371401158466	0.4085997599279705	0.58870620646725	0.9796919939035121	2.1983536463642337	2.8813386903532434	4.5247979762120485	5.565041176562981	
0.14364765486410128	0.3530371766762311	0.6535555944170687	0.9833104969271027	2.183955814888336	3.410095147252356	4.422487585654459	5.334262706668493	
0.15152810358474297	0.40091098807914227	0.6079359307026876	0.8736456629486081	2.177813745704175	2.9187915033661334	3.865653131388057	6.173944196055854	
0.14868887096487426	0.35480965011809545	0.6780299596375856	0.9996667923594085	2.654380203099431	3.206128566956844	4.085460670485791	6.056966867494099	
0.15193848596138904	0.33943091869160713	0.6014055569739946	0.9388575121911724	2.2000101236890224	2.9656960044907703	4.552276838060913	6.142263679172435	
0.1519806784538373	0.3452603750855202	0.4492193783732633	1.069050177323811	2.107430287272581	2.954761420275718	4.119727003784844	6.572785127389777	
0.12877526995204586	0.46790746948947204	0.5709661615749954	1.0101506937820113	1.851503937777653	3.7387520678611756	4.5123306011880615	6.14101103657825	
0.11480489838431582	0.31635385026529356	0.6085449818778307	0.9178856712790231	1.9434117825888695	3.173729562482999	4.533074958978001	6.070043045850833	
0.14915191282014317	0.3423187064631481	0.6747325187752051	0.9051372624716058	2.518244398611543	2.6454344447521536	4.837836987619021	6.016408476141349	
0.13476847315378637	0.3590404295973288	0.5416782877662053	0.9350041416474238	2.2533794612101024	3.3600100425769903	4.4860595360180024	7.323283525789123	
0.13403710280152478	0.3346739104455952	0.5670038646674577	0.986236032456822	1.987140812500406	3.4457217689333586	5.39972374932952	5.518798455343406	
0.16937731485641297	0.36970885655835795	0.5254235810904999	0.9512102556034123	2.0959701687739685	3.83485524677033	3.472084521513621	4.784708588495626	
0.14884303385721126	0.41574954310884815	0.6743551239422045	1.0323969788509113	2.0601483879857247	2.9397271388996593	3.67692452568189	6.661247523216215	
