6	48
1	0	0	1	1	1	0	1	0	1	
0.08669535881817095	0.5013849791577702	1.1095958030673045	1.6300595446017223	2.944057640510773	5.631830436678984	
0.08929192996607585	0.5270104643629885	1.0211235010397184	1.4244440781893215	3.268700236777141	5.879835267783589	
0.10227654285747434	0.5284857016793311	0.773839249260173	1.4811461193499953	3.4303545887646134	5.719462576698952	
0.08522065026172772	0.6253944932019382	0.9920853235245264	1.2997345936486393	3.0958727349180077	5.590281945035502	
0.11213772549642437	0.7079730192769425	0.8756353971734554	1.2174608205049287	3.3607463938145083	5.645427852751961	
0.09894984959543052	0.5087887178798212	0.8386121575229314	1.318693821421547	3.3631440455973314	7.558110837623601	
0.09653702775721305	0.6024009212348033	0.9309536146654499	1.598390237709144	3.133813684887561	6.25271667788078	
0.08810802040620258	0.6659896275225651	0.8862915884740484	1.3524107827340761	2.702734748955059	5.756646055725995	
0.08243677399158145	0.5655215167662333	0.9279324719788419	1.59817923491626	3.590358850051747	5.7062547204793255	
0.10279876633287194	0.5958448423098097	0.9550606949873091	1.074316374237113	3.271794998590282	5.179025544795346	
0.11623288971993878	0.5857746621617932	1.0130786908116753	1.0805012510320826	3.5909326602514606	5.7878100389744	
0.09819563084284277	0.5696714037537995	0.9535929303070617	1.2819139860837603	2.972189790970917	6.3149732221574535	
0.10373391291663535	0.7369515032719915	0.8154718491162014	1.3064260054815207	2.8635098178099447	6.148881633421217	
0.10015566023990932	0.6461773431080745	0.8925096880952438	1.2813912794532545	2.9680311939022705	4.900059546383983	
0.11217555391547976	0.5538846227304963	0.9516594367320977	1.3597726388271358	3.0262289522211696	5.79341189792644	
0.11140364463961681	0.5021457806715556	0.8326152502089534	1.4555967533449743	3.48588487656948	5.945554740826623	
0.09464288648221915	0.5283821818668067	0.9888130663773538	1.6042846171467782	3.4665658041171983	6.305919431478754	
0.10675905373131594	0.6963212886828805	1.0273606138768712	1.5408740775436462	2.935633289603908	7.556173322978875	
0.10651503313567301	0.6331611675324312	0.8017313564190087	1.262530069156543	3.197420625913616	5.189687472004488	
0.09294358655750927	0.5517825678787438	0.8147626341538345	1.5052299872514103	2.642494424245783	5.260912605271036	
0.10072469475311036	0.6324646290758044	1.0388194005154268	1.4345280648656844	3.461492480451449	5.681257399929809	
0.09675414444576869	0.6689017106024713	0.7761241991115583	1.6094100009854337	3.1362639618281536	6.307588554921459	
0.11575991992348303	0.5397031758601805	1.0290002452217255	1.2923155809336948	2.8496573093766084	5.47517812618235	
0.09938453600767189	0.5735194798300507	0.8420801947486397	1.5631029279750184	3.2775531254981844	6.754435411919524	
0.0946278220681626	0.6108366037239135	1.039535491264471	1.6734146593986918	3.0872072382508953	5.3166663416234705	
0.09806802051056798	0.7172227725318528	0.9115821333700347	1.2690308598634512	3.4424436406681447	5.462841838549895	
0.1008800004055725	0.5894659038395047	0.9997884606737528	1.5453221240411121	3.050681167147397	6.311169083019378	
0.0935521814079805	0.605119199929743	0.9888057664244517	1.1194001008082786	2.7919318097035517	6.344398127602469	
0.09925470020176412	0.5208322104916429	0.8846299546920251	1.1531086918186808	3.4979613029123824	5.782323363008347	
0.10737693022585736	0.5973492390976669	0.8625348743749099	1.5575315614311636	3.1649692636555447	6.6441598095372285	
0.10981988539880833	0.6554997924996994	0.9916282730863665	1.496272199530924	3.2462484810236774	5.81818861348709	
0.10808757296890606	0.5091172689337461	0.9596342784373884	1.5610448048941834	3.2858929755275215	4.995003048732423	
0.1052497370853772	0.5254807421804544	0.9859975257707962	1.663457218905509	2.9752980401267526	5.664685084987522	
0.10956066381485002	0.5592928173517574	0.8079095118611561	1.4065896130378657	3.622851175774588	6.471109441376045	
0.08368733031699031	0.590029754501732	0.9117354057634166	1.258221528480651	3.3877071614462992	6.690647475241697	
0.11514128074410268	0.49686648202161743	1.0272384736333717	1.3747703525357498	3.1595075029654103	5.33447213828329	
0.11396299404123372	0.6489751111589529	1.022604486436867	1.3604089610265644	2.906223747378735	7.242170696398506	
0.09528055863483054	0.5994196947678607	0.8636753807638072	1.3028063087070232	3.214101113081865	6.004488251806059	
0.09137895915113836	0.6759897162207146	0.9657676578412734	1.1725415814485138	3.414457022176119	6.5231939199018285	
0.09786290037912573	0.4836491166073855	1.0637249557260213	1.452438526682019	3.3656153751334683	6.491263449602457	
0.108554047820395	0.5318195859897225	0.8207573826576322	1.394913500920826	2.937473808012965	6.588246328291078	
0.09374844461577754	0.6715839796161278	0.9098090603778832	1.5919123218037603	3.7319637536559465	5.914573958575208	
0.09456902748032604	0.5387885164916145	0.9416356452578806	1.2177954494766159	3.363535679917269	5.570310430071692	
0.09378556545402768	0.7002886018308045	1.0123171568465392	1.4395666869031298	3.6481559976920908	5.802031191647087	
0.10437863931103808	0.5513509460099746	0.8352585985868229	1.3535424335178352	3.4496421933640846	5.1901282814368415	
0.09911908074617522	0.6107199057185491	0.8764233411674074	1.5811778540823374	2.563660105288814	5.8926968989154895	
0.10548279074490607	0.6312039376264813	0.8902458325978585	1.4366500828277389	3.5212215022664584	5.047565681760815	
0.1049237533107904	0.5692508045882472	0.9160996975180403	1.647072253013603	3.2630167158651338	6.92685395997987	
