6	49
1	1	0	1	1	1	0	0	0	1	
0.10861795461833	0.1698246420187509	0.43852801463644736	0.9707305911755967	1.5336185119173997	4.974935180469334	
0.10281820086016585	0.1380944102946054	0.6238083768954741	0.9211650654338003	1.2946750718086482	6.66579819816087	
0.09581634976010495	0.15404945691032376	0.6788428574090458	0.8447474120223641	1.4311510424601144	5.702803712973997	
0.09727820355462276	0.18234127811859685	0.6274065530442168	0.9591641189258652	1.5049444887521988	6.258155776549479	
0.08174186461014817	0.1844514123078331	0.5121378284916813	1.0911312667404443	1.5183761971981817	6.108467410880683	
0.09694515023923359	0.18907740826639946	0.6362693736104655	0.9316449900374112	1.3534574332550213	5.606911038751749	
0.10050610847172214	0.13604095452508133	0.6407790628766846	0.8699552598470206	1.5737086385657528	6.589552428786772	
0.0994456432087581	0.15870453344782465	0.6378218345716079	0.7940031603495337	1.677632097377468	5.846553771427708	
0.10695573513415702	0.16085435266579237	0.45062777450787544	0.8689055848882994	1.5501727413209259	6.037351475661122	
0.10688969336338071	0.15138549842167773	0.6737629076281887	0.9406051516253303	1.633644740839608	5.411982853672773	
0.09872359930521056	0.1410990064712694	0.6233181638437358	0.9040838811259204	1.3971794712456098	5.5771401820498525	
0.09539264483071457	0.14984584404124984	0.4787192909290096	0.7159359613891005	1.4384578697499701	4.338494060859874	
0.0980685772319193	0.14434254358213178	0.6325222721916525	0.8675022907481706	1.6544406120087511	6.50889772393826	
0.08487705968348486	0.14573480463788485	0.6916311086510325	0.8651202327978434	1.422436397521366	6.842476545512866	
0.09459404383937223	0.1668446991012434	0.5454000238431829	0.6614519119364108	1.6056796922510097	6.263241024034485	
0.10504564275334466	0.13360555813042088	0.5391988430101882	1.036990596335461	1.4647786449588096	5.9295263655973445	
0.10220926662114166	0.17262758295018452	0.6434212936231541	0.8858579966431803	1.2293012358598325	6.35283225709667	
0.09076031989365772	0.1322643459357185	0.678944951212444	1.0111337344485076	1.485153087515311	5.25696176343765	
0.11789266060767084	0.16543302472073773	0.5817728639362564	0.8820789545910396	1.4412240330071775	5.712948800076809	
0.12211853956785108	0.14421707437942702	0.5359270277075864	1.0777226748249764	1.3486241578399436	6.4718580648700375	
0.10675387606086072	0.14912156924182418	0.5416201941286383	0.9255189877910097	1.2627098617944925	5.985769342477858	
0.10772781466459658	0.17576670099287997	0.5347290530433427	0.9067073498283788	1.3549520149557848	6.1642436265044935	
0.0847819162368918	0.13607005984312548	0.49847900651588184	0.7962376777181454	1.3355573954705717	7.002529567695532	
0.10347600476932634	0.1509749381039971	0.680813160241709	0.965674602950058	1.4982933839297718	5.716185320892119	
0.09362671644390919	0.1303330957540287	0.5639346260375164	0.9039113224887882	1.4792948094949194	5.977944950973178	
0.09634930534132312	0.13632484872154876	0.6239476084773126	0.8837077539058529	1.4805929006428546	4.852036734243878	
0.10336421162969894	0.16120360354194357	0.6371718515618249	0.9117050004423854	1.560890519105686	5.236224670226491	
0.0991079393479347	0.1470990629825895	0.6621839813424653	0.7420941351412171	1.278687450336396	7.048350485178309	
0.07569433876155039	0.16221635957531252	0.5579803702183714	0.9536873421390873	1.6321708837518876	6.175924122647299	
0.11434533376761019	0.14261476228819797	0.5783894246494256	1.0031763291428386	1.3671614441796265	6.358407828622801	
0.11183804216577685	0.16302505341431084	0.5052653060732051	0.8982515877343945	1.4703020452198396	5.853663876222365	
0.10079366013391533	0.15442606116403887	0.5684059127569457	0.9120101841176047	1.2611120338950197	5.713294927855607	
0.08473321397234185	0.15174745043539037	0.588406667738487	0.8448310452794775	1.685292152662525	5.8527531101718955	
0.10286552944079622	0.14042050252731805	0.575139118755762	0.960170452788914	1.382488099877615	6.001982014132961	
0.10806824615353466	0.1422296073072172	0.5200703290057268	0.7880574210599075	1.6356967822033213	6.5586880203453415	
0.1065579966718774	0.1434592079119198	0.5200151993407299	0.9037459499448584	1.4166503249060955	5.321068999951633	
0.0853034368695138	0.12404531090394101	0.6394435912526306	0.8179016766861197	1.474245675862379	5.761320087955651	
0.10589637908776138	0.15503736767953524	0.5860837549265229	0.9421321685444574	1.41422193650213	5.630791709620157	
0.10980082785457863	0.14365389370137002	0.5947889912249111	0.7983933657318519	1.469188378349808	5.6336510417127235	
0.09523151340842098	0.13740658708673337	0.592560213126699	0.7433980468015596	1.527577052846596	5.9768011351924635	
0.09532714398797792	0.12677654001313624	0.6259840011887982	0.8710075368925579	1.616770422445509	6.291791377397869	
0.11534655688687123	0.15205455061182857	0.6646693656697292	0.9730377072127343	1.365509658054857	6.112326011090481	
0.09166013733541065	0.1810316914946156	0.5939480934176752	0.9324375571112347	1.4857679782135933	5.347832805409963	
0.11321371105666576	0.1346200567384792	0.5249117662583164	0.9145132668186187	1.2470604578160893	6.937164321714826	
0.09769296730316945	0.10168248753239355	0.6119969110875024	0.9814760567774259	1.3697351884801987	5.186464184543275	
0.09896692983333502	0.14277441799159732	0.5414656848084578	0.8310642684811882	1.452341712098046	6.541813080233794	
0.10461543837997099	0.12408003212117429	0.6369286802733589	1.0018400831185157	1.6292986353712304	5.430067346344863	
0.09943397360635373	0.15851286375455748	0.5683467781116233	0.9813276160822365	1.4265642353508392	5.492127110006672	
0.09238757761309455	0.16873934034412283	0.5402148802561997	0.821375973572226	1.4792461776566486	5.981656329394504	
