9	38
1	0	1	1	1	1	1	1	1	1	
0.10967009550491694	0.40004711913748203	0.640327065880245	0.8323678871442052	1.3663762830998125	1.9168872747311207	3.1717442213520246	4.953443723304002	6.00032420459214	
0.08346540467946494	0.4013852836304803	0.6972361619521229	0.9096949118599051	1.5879728264322488	2.135808830330553	3.8752480061772547	5.401887957972166	6.360120581949147	
0.10964457170485092	0.340665187956726	0.5742809476589581	1.0010799653109117	1.4863809769541725	2.246094020895745	3.513561328471214	4.4276043015110815	5.429636998396993	
0.09094374231705993	0.3509249242022006	0.5667628709793622	0.7438840684980944	1.3122681900485276	2.643035599647231	3.0325092230370077	3.980973830959672	5.6468043999654025	
0.11152977201502812	0.3073442956769674	0.6642330323444311	1.0323094203601395	1.5072365350835786	2.4314065367854303	3.2002054300497047	4.427762492106119	5.597262933770236	
0.1068916650806176	0.4410144946299778	0.5803581240636858	0.6629971883214917	1.6619236751196735	2.0040058390094586	2.9020318129597107	4.403571097119297	5.398592883117807	
0.10331099047977399	0.43762360841014586	0.6469000312871465	0.9491339216475801	1.3201771476513373	2.2213926265124884	3.0290725183274616	3.888739189103737	6.044740466979535	
0.09023743962622596	0.3890253006356423	0.559459363327673	0.9917081152062505	1.4659284272296123	1.8534330347989387	3.0367560789032826	4.306854606316915	5.599901736717902	
0.10265214378057902	0.38858070407598383	0.5540833995256956	0.8847960988361828	1.5337238871208605	1.9550548399612984	2.94196839757258	4.0353617351681255	5.261621051931632	
0.09716192427269821	0.3312068469580715	0.6204509528975597	0.8137158352018249	1.2881302965749997	2.2131033878964255	2.6629027126008156	4.135996146904222	5.979509088308943	
0.09168779117280114	0.38857432706159717	0.6348209750328706	1.0114648876983734	1.5409996418219711	2.424450503151199	3.3201958332643278	4.807890235317439	5.814689355248966	
0.10987654505257072	0.37039098868661907	0.5882954900437404	0.9000432331238399	1.3747427209152188	2.1852650233809325	2.7512241821478596	4.003266867616884	6.507941185623869	
0.08420968062853797	0.35506880479762953	0.6273806174188127	0.8433253889290012	1.4773478166916225	2.20474118948017	3.71561066883014	4.184435141281491	5.40448228058474	
0.10067715281759344	0.36298566961506806	0.5705574991110542	0.8692516915854904	1.3708499402569632	2.369990055131058	2.738669810676527	4.956178541280524	6.651108214936949	
0.10185374472777947	0.42985872502884576	0.46292845503771674	0.9498366401576168	1.3362490991735925	2.18087427897559	2.5635794161570944	4.429988661553018	5.410836932558602	
0.10305748967003377	0.4060445496967086	0.5639762143885685	0.9285686948611271	1.6836158989053884	1.846365759307426	2.9834873565903766	3.808245506374884	6.377367412765492	
0.10048138732163783	0.42213307459322746	0.6057876582727636	1.0012797350332345	1.2005199997642364	2.0908741486607325	2.752684342192755	4.823507905337184	5.4770976074368205	
0.11098081319383848	0.3407363434673654	0.605856158244446	0.9047675476202661	1.3779942592933827	1.9302852690578922	3.1773328870820534	4.079137052043636	5.90609514439468	
0.08663237034636942	0.4144492703469603	0.6434062198539643	0.9121508068127453	1.320867855179076	2.2594711067150377	4.051719482105268	5.658601208922423	6.054015315716873	
0.09433458246145043	0.4065511390212504	0.5815405130556881	0.7378768853502523	1.3493563727620967	2.2773186269271415	3.0149347137550984	3.8990960412874673	6.568240260704802	
0.09328925262022089	0.3440441113838885	0.44404494922668275	0.8834599709378501	1.4245908429564051	2.2386396316559263	3.717384043346096	4.739049427965338	4.966225802520101	
0.1076251657257733	0.40798525252918866	0.6111907938283575	0.9048469671378994	1.4584006047513283	2.0619404920523396	3.757452884099018	4.878381030149347	5.9678672745595405	
0.0949614295573149	0.44681202027446904	0.5868821161833666	0.7132113501063976	1.4699809179067922	2.012986899438481	3.0194051396347708	4.823808247186344	6.349839430086719	
0.11077706930351411	0.40090636386065587	0.5555128756323463	0.7985568029151312	1.4192318110509956	1.7511976354857228	2.7128284525993562	4.169641610435302	6.09766470502541	
0.09934645894272445	0.3862893725064281	0.5470681130508742	0.9275393004675553	1.45761972088505	2.584865092800042	3.349444549975429	4.600591838087373	5.655613617125811	
0.11891494427139114	0.380924799090158	0.5710998839459678	0.9849290286137783	1.2817691290422542	2.0865579004205523	3.452921060120015	4.194574802098448	7.038249301954059	
0.11517088556087923	0.4227580136626298	0.47339855228331407	0.9024464414539249	1.7872536578924136	2.355318901235222	3.2515619173888775	4.466136558525804	5.692747256793359	
0.09997600622716662	0.36019019138326197	0.5781182595309536	0.8861299339702855	1.3839590456432425	2.212316319161296	2.7584347633860475	4.7658745052575435	5.074542892979777	
0.11377221501832135	0.41627711830673897	0.574001996876962	0.8847741578294666	1.3330090301445796	2.2817121494186403	3.77149573599011	4.061235174600275	7.237742339425816	
0.10093930646547883	0.3719852914925015	0.5482008760059909	0.8195067186753604	1.2871206088745604	1.9634637473715035	3.1473264594482484	4.577201932126101	5.630465695905283	
0.12427627528779989	0.38596189924562585	0.7079356204927847	0.8541760896647556	1.5125492275410146	2.2185685372239745	2.6829615639217166	4.8836063266055945	5.745644434092334	
0.10886642382492409	0.3517310693667353	0.4675365701073599	1.069864326635128	1.2545371553801636	2.1222807233848924	3.1952234849667462	4.9242024368297335	6.827230346840361	
0.10797282977960353	0.35118777913463023	0.5759566723062917	0.9926976014896344	1.3648765830952052	2.032906052612039	2.880139054139016	5.242632706894055	5.701359573585222	
0.11326907313410711	0.37103760897714383	0.5329308359431096	0.8496991301957812	1.2466589168718418	1.8342397255609653	3.082665264242217	4.196275067794919	5.9871112415477725	
0.11005600144742045	0.30190310939668213	0.6959259809519452	1.009169713149923	1.1941492113195962	2.4869282241710082	3.160905249921165	4.587080873637912	6.506987308043463	
0.10126416729194723	0.3677507692705198	0.5740652270078543	0.8407467559707417	1.2171457798865615	2.282983062623506	3.5310657815963693	4.133789239689002	6.371262978901042	
0.10719821316658047	0.3345569713849183	0.5762301979807012	0.9248748744107631	1.5255559865779609	1.9198037753065047	3.348034642784796	3.991470273821184	5.883517527680646	
0.0989364503724228	0.4104751079885731	0.5672244060010249	0.9226181731830685	1.448684870427286	2.001947853385971	3.2342626983585108	3.8263334650855017	5.021483929322333	
