10	83
1	1	1	1	1	1	1	1	1	1	
0.10094779535095313	0.1648953889982916	0.3896445355574473	0.6493060619545182	0.8805798523093342	1.515542897192943	2.2230814437542588	3.1574362527302524	4.5460286185593635	6.805546697536151	
0.10247596146021952	0.123155388385165	0.3604512803011265	0.6021352859726821	0.9625450023310578	1.5843824658579428	2.174165110706779	3.2628113193838693	4.689579200557161	6.126410510997427	
0.10094107645466016	0.15993592305161528	0.4388135514193429	0.6834215904739089	1.0814828292303582	1.4582275418213269	1.9148983635550259	3.3905660385420857	4.5951189390251015	5.458410031870864	
0.11296888911438713	0.16254148408330732	0.3507799610102131	0.6231702474120459	0.8817460930371368	1.267762784180711	2.3117571273742494	2.9046689904503697	3.56094452556843	5.781217020340181	
0.09934480428031257	0.17400913591577358	0.4375567898102058	0.6450347081568993	1.0927151489900033	1.3545320593576806	2.0465860543654175	3.1457473348071217	5.034601622049304	5.59121486653329	
0.08795539663673563	0.14206305861015708	0.4092373369018039	0.6250541830740163	1.079205005150457	1.4696799250492993	2.3722984410721426	2.7914844087519044	4.086827585269591	6.356773879838498	
0.11119387533185653	0.16143518013320982	0.34189265972898314	0.5052642368019096	0.9810407268736615	1.3372763958242257	2.319525559926622	3.0717192247401948	4.0612831828751546	7.055095058558667	
0.08408085666741906	0.16600519906352165	0.337207839740746	0.6278308992046001	0.9777154287962699	1.2737526614529406	2.2568077662761796	2.9011347150198863	3.690414979844366	6.671951782074799	
0.10398267109073389	0.15948406292082637	0.3558388536683848	0.6959112074544938	0.7250423535147308	1.4785082323633854	2.16480392042977	3.944990043980733	4.753997466457477	6.202757430090445	
0.08798774971445328	0.1636394379469999	0.408758518858241	0.5293216806629752	0.8752884419443216	1.5941685242445267	2.1709256188207795	3.674336475848092	4.564631732507045	6.505897518173834	
0.09182404490369833	0.13801486178871003	0.3476252040765664	0.5632900658323448	0.7817821416155133	1.3670258375225421	1.805226004071773	3.347403837410901	3.5045612983400174	5.9651961154072435	
0.11451907106960375	0.12704617559139922	0.3835523261852836	0.6007627220110542	0.8205314645105138	1.431139250820792	2.0347172529782864	3.0143586524838533	4.625210896970172	5.817299420442309	
0.11213463893360226	0.15924424745163965	0.35426377283634897	0.6371373912108632	0.8970439632731786	1.188524658325106	1.906376430562007	3.4026706691515747	4.4940827959400504	5.903543603040347	
0.10025232368983616	0.17552539235764705	0.4131404773352972	0.5188611680010213	0.9212362075993826	1.571534361433532	1.7868507902582094	2.7618323319827893	4.427699459117127	6.326714305437004	
0.10066728953756597	0.15940457777111108	0.371301982887242	0.6770100972068841	0.8358772579366571	1.4465586576172635	2.2365462698221403	3.488649302224167	4.315514291046883	5.521453568410653	
0.10260016229844462	0.17691821805595523	0.39077191283435414	0.661139418399427	0.8759805154888759	1.5293337435816001	2.421597123809615	3.30766366185674	4.123884984171163	5.361843886254939	
0.09617862047898994	0.16783833745988386	0.37895647866135046	0.5142533501867084	0.8584665051836254	1.3973224982867738	2.6095104274188996	3.5898937948407954	4.111223983040778	6.443331062539745	
0.1014292841889583	0.17244094763133908	0.42642931337548867	0.5453292009987348	0.8800281721162712	1.4740201237567148	2.0810173971144654	2.9126185124856026	4.268375536518536	6.195881342409127	
0.09356948159057697	0.16257468710586062	0.38324969825500954	0.5576599557425854	0.7456311985551716	1.501329768778194	2.77681685105078	3.146039942322716	5.479614494121501	5.915423452013416	
0.08442404509842662	0.15451571818375706	0.32916570411551554	0.5465871758162869	0.894084679972705	1.6520160458008049	2.1293442338452513	2.6310684169276315	4.484006887031991	6.097526180902284	
0.10451253675152142	0.1670791731194933	0.3386708935126535	0.5592546469822669	0.9421497222702303	1.21673270643138	2.0626224823159385	3.628767946537271	4.210202239910979	5.755337305036741	
0.11225095202245994	0.18319478282504031	0.34270608309664763	0.5741896849338811	0.9599753056969151	1.6130907260762797	2.265984338516884	3.154749006409487	4.272796835741399	6.165930344150885	
0.10946595035354645	0.15019469089909535	0.3869126630118247	0.6597872533907061	0.7586182165150539	1.6165766157045272	2.4319303220994746	3.24787609980501	4.5119106270858	5.878081148447029	
0.09420304288970256	0.16486909239196199	0.3583100553571059	0.6090725511237459	0.9480791501514397	1.2277235381212257	1.916714111500025	3.4194533438349035	3.6108612746034328	5.280086720266994	
0.12005212987285326	0.13324614523962208	0.4110789766662847	0.6603471535013702	0.958350539496524	1.5996933615716145	2.3222117055078604	3.5746783200231373	4.764947042169892	6.074784791409284	
0.09865853734142974	0.17865172537249172	0.40236217869829083	0.49262260751177184	0.651383260873938	1.4276692532395714	1.8830824096778223	3.1733938392390466	5.038366934308819	6.740771735903964	
0.10092996597563847	0.14316431622355308	0.37620144085679175	0.5888034049059707	0.8139227245118956	1.5491951668500705	2.119170803557661	3.6178432710126036	4.7710102879123975	6.225379511292046	
0.1087623921265752	0.133454638133836	0.3940507471802438	0.5329072006797707	0.7778722377251545	1.4923707202277758	2.5755863759247792	3.3247933489386647	5.180074369489755	5.53856363778756	
0.0931394719112718	0.13733921978961525	0.35462579873034833	0.6846767108300004	0.7993174564008739	1.3821930928265937	2.3649113191857927	3.5457784253235736	3.977301823627797	5.410252275274708	
0.10920114246528495	0.1265960931234987	0.4189971259059486	0.5528450566636126	0.8492675669243941	1.361297522319772	2.2107016683796963	3.375951424208094	4.947227367772808	7.266093964603813	
0.11057681421797086	0.14561485807106428	0.4079118944166414	0.6171215619438927	1.0080699547341214	1.466045923325268	1.9040926304325438	3.3641719313248037	4.624356937557138	7.065594697965748	
0.10490083081263107	0.15255379398392724	0.40822481726055865	0.5839552860597631	0.8733359576149292	1.315607575088805	2.3087976294437444	3.1275644268609946	4.384779853876596	6.20997387647013	
0.11106348448711229	0.14601858920139132	0.37946856471355744	0.5610739882368632	0.9345071160402068	1.4385600879345162	2.0806730211369744	3.096224975218549	3.8731002075595193	6.041937709639968	
0.09630644376618266	0.10905042078405698	0.3790139449837921	0.6309388628721267	0.9855754521797001	1.508076733629425	1.762756463408299	3.4746445612499137	4.825742411769826	5.935289331492235	
0.10675529104341364	0.14911873461852	0.36898499542854224	0.6665394353702798	0.8433076902078955	1.5665894582309048	1.9409180633035819	3.214011867942558	4.470559189192945	6.114378181259245	
0.10634202617056626	0.166893839888616	0.38760108451950687	0.6763301755373876	0.8827756852260084	1.5871107113287373	2.2319928062409207	3.4749506722428753	4.213180682659915	5.747950303908091	
0.08186339032190834	0.1259334390289886	0.42272132848420313	0.5474737885639333	0.8050761549017809	1.7305422158981525	2.0939061913204062	4.076514692975941	4.8481289386417465	6.834305541782383	
0.10445267566794719	0.1497644032528213	0.3918938049208542	0.5507480081815254	0.9180760886343124	1.4669570299375654	2.2875165368606853	3.583760027361293	5.470983979830919	5.399045546263851	
0.0794372736118815	0.12974431607238485	0.4421342946773595	0.5838211535519383	0.7846055555833888	1.5913520531250887	1.8610055250640436	3.020408739187876	4.2571131925139305	4.829187199366399	
0.10027057388570138	0.15163165563671901	0.44722000823840263	0.49310268812417835	0.7939880328973825	1.2382384731142193	1.8465904364248336	3.0882830204418417	4.946045751929936	6.2014305688435	
0.08691596737227336	0.16025273299413742	0.3430997261804624	0.4916189159095999	0.8730056039199944	1.3972990128027056	1.7979224378666343	3.89049739058452	4.59156757535165	5.335724869404665	
0.09447799601563517	0.15832839485766734	0.38883454819525537	0.5851811905671243	0.8624874067886701	1.4955991913477196	1.8502129459969996	3.6713584380430873	4.122398879463819	6.463608618938882	
0.09303787887410153	0.13943888234610397	0.40240605651787587	0.6222883888390222	0.9497133666617792	1.390840453770229	2.2114066198953277	3.0126869111475605	3.860243563885958	5.384072960628874	
0.09849943449686233	0.14564408369454382	0.3561480900390653	0.5959550458801639	0.8967131957676547	1.5328601041827767	2.0612733096805074	3.3147483103755144	3.8309972782890163	5.839753507814958	
0.10369203163966406	0.12414688294474084	0.39500439629344813	0.6037137353514194	1.1111126000773557	1.2798873356784082	2.063499000013285	3.7734622810224483	4.587382124803902	6.1745805355493975	
0.0994837556597879	0.1527821813196463	0.43365332435661025	0.6952981610125579	0.9202409485394846	1.5568983471507094	2.0077738641311567	3.758580777483593	4.193061093299232	5.780829639405728	
0.09158710531456915	0.17051989909733525	0.4195939297772889	0.5391955312375343	0.8758635859812122	1.3156336437125937	1.8392811141747478	3.6052976592790222	4.796929339441743	5.425830181597554	
0.09828425824583832	0.14605236537118066	0.4078792978423899	0.5967198184021689	0.9996048693797387	1.1893433912092914	2.3405948771173013	3.2116024610228306	4.702714122532863	6.225144602872924	
0.11246593360141165	0.14891165118273408	0.33464443371198277	0.5504137416724055	0.8893960560874157	1.3892397806270262	2.129060151413678	2.7789751086877144	5.077147980074883	7.022728390386572	
0.10276606890157934	0.14641422452534916	0.42435377391501483	0.6390297133783935	0.93361399842444	1.5713312271611046	2.2713175601551385	2.780172879079244	4.464460483948044	6.479390434508296	
0.10367719734427848	0.1627704052876128	0.3765622095524861	0.6376870968986519	0.9479904732808352	1.3636315778489259	2.17078651041038	3.872354076408141	3.974271771341224	5.870381208454087	
0.10170655293070996	0.16236205669360285	0.3730554116489995	0.6539668901680448	0.857006992362074	1.407192716373356	2.0295910199609746	3.4556233825063605	4.322838454810635	7.153252270899571	
0.10701824801588718	0.12750259244092446	0.3822930659459551	0.6448716654272845	0.8416322677025507	1.543270752325481	2.3335284722861767	2.957401919039107	4.718255613215945	5.257303858513184	
0.10848408925268194	0.14031253556975964	0.3722385948633348	0.6334467727726826	0.9885126510818903	1.1939755016133784	2.1977707161883178	3.8445673686911634	3.729976357053222	5.456406261841352	
0.08459014835946062	0.12752371754713213	0.39482930406219796	0.6260887069198676	0.9709138948026713	1.4376915528116998	2.3402382580826044	3.2852014761099544	4.883686921087972	6.504410616391873	
0.1110646394465697	0.1189878509373788	0.40355018584587254	0.6969387945027748	0.8787182623072649	1.2890587788102763	2.1226210836498205	3.970361761600016	4.521802573504004	4.998376072192748	
0.12390534452767087	0.16147250637772323	0.40087700703716556	0.5609920782884205	1.0305805403685835	1.5387128799714198	2.498121278735129	3.355190264555739	4.780120060327094	6.043899189592068	
0.10352747350140044	0.17523210112979223	0.35917548263185467	0.521728218030076	0.7692662424386232	1.2436419928113283	2.1757728848887443	3.2753774121856414	4.310874120295288	5.8783966515705455	
0.10870763057455833	0.15726614533545907	0.4220677619258052	0.5520540520214279	0.8632868208360923	1.6138674148529732	2.103231843295156	3.4822468279222623	4.234911888004856	6.107623560402091	
0.09776228587458499	0.18094675988798595	0.38549168100923076	0.6511576882523956	0.8465694156943493	1.499652255188844	2.1682261316041833	3.2736789341903707	4.048367185610387	6.29505542163181	
0.08297960377286918	0.16614333277696922	0.49573978780306005	0.6624544196661293	1.0376873301907807	1.524753584080092	2.025356265695567	3.0052294127069277	4.393555757476407	6.817881700208427	
0.10731425658489346	0.14047273710238012	0.42042089072380767	0.6146449344980879	0.9741551451920997	1.1814376764917107	2.2023496839534062	3.459432790217552	3.4470493270158507	5.004138241569541	
0.1001471530366933	0.16144559328810995	0.35537698021169156	0.6060139828773065	0.9181300561355691	1.2828661028273676	2.3605959856168	3.802880610685663	4.956909433492965	6.448846640080417	
0.10623588091940993	0.14435508055776897	0.3687055130433653	0.5784374709852338	0.9841232943511238	1.3922750603594438	2.4035145983613484	2.7410322012528776	4.2577996556326685	6.842800331384192	
0.09275033789362291	0.16084981396331602	0.38741337623832806	0.4679470012704912	1.0820659968089263	1.5160264388720677	2.15963292963954	3.750773357010216	5.135901557157172	6.659363400996471	
0.07099605189334482	0.1758984901013327	0.33167821565854494	0.5525836070797577	0.9664176130028276	1.196208113273853	2.0678939993172674	3.2273917936768295	4.542037831345759	7.006863607412765	
0.11930749138567237	0.14455724380048907	0.40894312983586356	0.6689439996404656	0.8214931860605721	1.5478102191312328	2.1496242333230855	3.1235966887599202	4.259813335391727	4.944274767488603	
0.1017427419835551	0.17399936231504337	0.3472466354644564	0.5746599347632992	1.019740587374169	1.7249059088279166	2.1597243472917564	3.403348554688047	4.555600065152434	5.998217387004902	
0.1110277438295426	0.16082947146378765	0.4285248087720034	0.6049519163177361	0.8924549441239406	1.5998270931012368	2.212339822042396	3.3166154425215093	3.9944448635582726	4.937999797544261	
0.1013559305809878	0.15495082345294756	0.38568678539404916	0.5298384651493583	1.0364876346724772	1.4646278790656198	2.5287702638606295	3.2784928986581887	4.580590710851258	6.351340868800639	
0.07909101119558627	0.1563472781078879	0.3611540243105449	0.6359726963300303	0.8085879309234816	1.5918059377349456	2.250253913457719	3.0904820964371043	4.7834688248948956	4.884226486003361	
0.0994508771849293	0.15901128623474972	0.35129257116726165	0.6126535492927901	0.9419190229133045	1.3187585954873484	2.134436017595459	3.4989482587251257	4.990527092818041	5.706041962204566	
0.07766403690907238	0.14327118132540517	0.4126071287816858	0.6131723415408576	0.7904324393799417	1.3361082208387633	2.2059658012828645	2.884188544393272	5.113611764998186	5.209574021969217	
0.10233877431896586	0.13701146395005945	0.42643744365440667	0.6312660527448494	0.7787856499979023	1.480401017192698	2.064853457474733	3.295281463945428	4.847042880653543	6.4847362772823605	
0.11571289925109388	0.13597490906192114	0.3361455448743812	0.5673917558525075	0.7410453090770615	1.4903872403266945	2.3047828335153397	3.1603613791015945	4.933158461403491	6.199288367495242	
0.08793042502212707	0.15422347554501625	0.35444974287592573	0.6578256946768984	1.0577722781856291	1.4390355997099458	2.119208172172169	3.260591377533037	3.919642779746938	5.209529930624365	
0.10562782998099496	0.14429467341835417	0.4067768952725662	0.62569309081322	1.1450877512956976	1.427222905157891	2.1499696494617693	3.672903192320987	3.7626773398951494	5.5018016253169	
0.09812055232954603	0.1537703932875992	0.35996121345338566	0.5215649160807523	1.0141793730185014	1.0689981835135987	2.326236307205426	2.993505079598984	3.626611523779547	5.541619774179513	
0.08500950136482267	0.11806442005546704	0.37642198210085925	0.57181586605922	1.0450772527102086	1.2948333833326167	2.3538389890128424	2.613679057912204	3.7382171767937336	4.80937801284419	
0.10081047765319806	0.16076363908497993	0.44423812785266803	0.6218165427549766	0.8669155060952827	1.1114821153810424	2.221087062731292	3.203609896787789	5.575643463825597	6.075404459958611	
0.10136066679593424	0.16440964938641425	0.36990496473797535	0.6002164054532273	0.95675641954784	1.5268027357427272	2.0232903873376076	2.8849863676256815	4.503746021726852	7.199412193783977	
0.1077555398391119	0.14595755116012668	0.36226647637967097	0.620671030196936	0.9179019508313351	1.6745655238208528	2.278654773973291	2.959387990874117	4.786632049545319	6.463376288841307	
0.10967902619212651	0.1453881228649553	0.40007677009598774	0.5756420411046598	0.895008549620549	1.4475546363408718	2.109547318530618	3.166960453572105	4.327613523337514	6.453897018736043	
