5	49
1	0	1	1	0	0	1	0	0	1	
0.09725569939618245	0.36881298027522325	0.6113813297502838	2.1110852159514835	6.060104558430039	
0.0958768853483517	0.3217330545131994	0.6772654283939802	2.3831362035303596	6.869403903029156	
0.08934420228060003	0.3643465608667622	0.5420247179439137	2.017799239239618	5.988715477834682	
0.1022935787329685	0.3862264321785256	0.6953791235164735	2.5716222004319738	5.752970898529303	
0.10976939159232552	0.39753044523342096	0.6336541948106139	2.0880852069450873	6.05543018070704	
0.0978127050583842	0.4226280195385473	0.5309135555795663	2.273743422297188	6.911773476899883	
0.10388171007169396	0.29789189106243125	0.5783802217489377	2.0913710905538205	6.486778323572738	
0.09262922031705541	0.39818136234204293	0.5236911926930615	2.5890494516120373	6.404709332663087	
0.11265073533644537	0.3246352497548469	0.4961906238556232	2.3166948117691883	6.056023839086112	
0.09964081268968636	0.36055257135508884	0.5942053801350722	2.0106829603414473	5.435302658189316	
0.09076577293591002	0.4514728977683799	0.5943215350859873	2.424086197588196	5.393817736309581	
0.1173692072875789	0.43905606156425886	0.5590505022842449	2.007543808564711	6.352769778800421	
0.0954569778786219	0.3080343382367836	0.5301790566493115	2.038120850981725	6.796743055148685	
0.10700937753388172	0.3908650810011964	0.5311030372716999	2.1114971117929557	5.749060880444782	
0.0912148056483744	0.4216192866388476	0.6351502245887602	2.1797766430431453	4.736365471301545	
0.10399022012140645	0.4095318450167607	0.6619231784769609	2.000420040900045	5.992277867687978	
0.10427525787927792	0.36407609181650447	0.7616573721277354	2.3023247607135118	5.813136224117131	
0.08818073517748398	0.4217860017344721	0.4572137464633317	2.063932220161345	5.391865033444554	
0.09116886955077286	0.4765719734960583	0.5677285386685942	1.9401291039920567	6.81272023752976	
0.09081030623490144	0.3956559319413563	0.610914525983299	2.3789205011442256	5.484080643930371	
0.09108164812884068	0.37382390861447945	0.6646959167400488	2.411590426476207	5.630406197901244	
0.10483202369341516	0.34923111703620485	0.5235996560354608	2.0807634376291193	5.595741348701817	
0.11421276813275308	0.3254338247275952	0.6081619214283118	2.2739475830003744	4.990609010917813	
0.10620582423576935	0.3356046217145324	0.6135175092846925	2.1003033511175184	5.8887125114694765	
0.12378141765960654	0.42442860631505364	0.5839518288791273	1.9304197010899282	6.7315286397122565	
0.11006657938137823	0.3888701738653641	0.565082596602377	2.0812718138552984	7.219537518377052	
0.10816697715031423	0.4255738371517567	0.5391248393588434	2.3567543371806465	5.686767752168093	
0.08992109607289894	0.42165686716736195	0.5687446080562182	1.7257297055629173	6.880364564118752	
0.11076041596020736	0.36967079589319635	0.5744848888258057	1.9442816029537608	6.291522479162158	
0.1082316362151262	0.37231312638178443	0.5391944787707126	2.0865117526343657	6.675670474485418	
0.1098890526195429	0.40531731244353836	0.5688940907586493	1.8929503103292828	6.880330995884196	
0.09842223641879175	0.3622249516078959	0.6541394369798037	1.9478016059776702	6.208172233637985	
0.10359460877879018	0.479840191566913	0.5697485706700041	2.5105822047062576	6.498759564566335	
0.09200090651703019	0.40497011308927944	0.6752484394914423	2.4330082087534883	5.319857757983606	
0.10484061679059141	0.3758665231979502	0.4966068700867421	1.521033351750056	5.574287889266771	
0.09132999996592434	0.3546174828494794	0.5598821001200669	2.242826641259122	5.854941074075532	
0.1070446682063969	0.36885463186027645	0.5906528712362146	1.8971762609486158	6.034687358459885	
0.11277287878229258	0.40088805809055744	0.5914897097165642	2.2114821091778074	6.140779000172897	
0.10184252352370048	0.3505032596245569	0.5253412207524644	2.0263827235122855	5.088491637923342	
0.09634519486476424	0.3885192530654512	0.5607523900809412	2.1313845438112	7.038749006514189	
0.1023462669563624	0.295988682677514	0.5950588571374283	1.994511708384887	5.616541156148283	
0.09347616849659174	0.40183483219436394	0.5305001484671116	1.7312167213714904	6.112958604472269	
0.10069688742251628	0.4483499047950774	0.5663353037054626	1.8963139264271331	6.9409150002461395	
0.08882056996505294	0.38234102691588195	0.7012053823919701	2.0904827880947936	6.038625132083043	
0.11202054714876455	0.35698377551870686	0.5449503196850761	2.337192463801871	5.305582588059412	
0.0947992552949752	0.3251445673986036	0.5543879834180693	1.9762050515739378	4.493430337365681	
0.09798211979945037	0.35844144485262064	0.5569098857742115	2.4745793772531095	4.990587383106526	
0.08699065537525474	0.40454539860765726	0.5516244701774111	1.9744902975533882	5.864866875743463	
0.10459038994421006	0.3768634837261167	0.5849188430259574	2.2823611236704657	6.143771392804466	
