6	36
1	1	0	0	1	0	1	1	1	0	
0.08931913379139686	0.14258661470706252	0.8943104117816688	1.9828590516815983	3.5423975361463316	4.934939412463452	
0.08707117517833425	0.14051015086852972	0.8161146348815211	1.8373450846505066	3.517652743067317	4.522097287749585	
0.09597760115685561	0.13973564114816503	1.0533926943666494	2.119339746479175	3.230328576369341	4.2270843816309505	
0.10339933407312095	0.1377031352276105	0.8487273578013697	2.336177691807849	3.785731909357375	4.725037796102593	
0.09986366878099531	0.1665388742967049	0.9566518353078471	1.764681699668494	3.0924426011862858	4.303405002677128	
0.10573752281885228	0.15914100688997976	0.8793923975649275	2.111164490258416	3.067485239722786	4.458012622151429	
0.1196850887759161	0.13378150312588455	0.8476329670989936	2.006710143016353	3.4232817579799457	4.071900520611624	
0.10118971346593429	0.12524404767348638	0.8897700034073723	2.1760731825094175	3.239038797008871	4.523043924739587	
0.09311423877120832	0.1574519286418439	0.7740420000995935	2.271729698101036	3.6441426338541127	4.631204248712439	
0.10361256734692788	0.14630301994006753	0.9504594321295459	2.2180546145676723	2.7948857246829037	4.145989673966302	
0.11217397691215672	0.15860006397208823	0.9009662118120821	2.5803683115666347	3.0962405270363593	4.727438612344512	
0.09838633119148135	0.1566494940304293	0.8838447975215545	2.2931820940679826	3.9179696545662015	4.409358302082566	
0.09952151376311524	0.15462568274368188	1.0213579489313085	2.1727979110898348	3.0198974229259785	3.960236954772483	
0.11115418393751841	0.16243728724284728	1.0012041115864314	1.9832872538538586	3.0125265475110368	5.041972726787923	
0.11073163033229116	0.15228603007877137	0.9596380732685427	2.397447365145264	3.4956468669413914	4.000510731693191	
0.11452575993401287	0.176668535775958	0.919340533315498	2.1111430909968814	3.123156230741082	4.412750928446273	
0.09356512670937189	0.14948691508000184	1.049919586217943	2.3238301531217798	3.932988077646518	3.4094418084411915	
0.09756589980434621	0.1665262170887928	0.7521952577391123	2.216092094367646	3.4640301473994346	4.835536292032687	
0.08194147378624389	0.14918764892702477	0.9936751659242976	2.2755438136591986	2.9493485070387013	3.6556938407595325	
0.12068731219894496	0.14029874609077206	0.9630827494542512	2.080969691267688	3.641657965284488	4.853959835773772	
0.11502247499039497	0.14269302545575185	0.8581289501927014	1.9228292592130527	3.5162218538667953	4.645186169121204	
0.10069512431355197	0.15027161715697204	0.7729627227959222	2.4804579829115867	3.3469490960269113	5.4600593500448635	
0.11458549328766553	0.15867477424266616	0.9372951961558439	2.027069177387471	3.5024199200679442	4.1473891472133335	
0.08876856144226941	0.1363882112986365	0.8619699988447735	2.1801185046264275	3.7219000559816005	4.987102187796563	
0.09180755633281136	0.1402178220252672	0.9485456913556629	2.156093199904089	3.0413351925972387	4.6501237663693376	
0.10469587759514797	0.15182754323195488	0.8184283271198677	1.971436069358197	2.9457513845035854	4.664875764294481	
0.09095927108586396	0.14858386397447917	0.8867871890933592	2.381509654296397	3.657533650095331	4.177863030522122	
0.09539174133123973	0.1310753741825839	0.8508782372001324	2.135407952200617	3.133214527082686	4.768146113336336	
0.10036508131846436	0.19656954173834035	1.033727635321122	1.941306641833943	3.172431876870271	4.371912396597466	
0.09792009569095105	0.13488798253915782	0.9942576491267994	2.2760086757428555	3.6888016455827666	4.744798484344628	
0.09008537571106573	0.1630965936371266	0.9660269222371302	2.0144919774769416	3.090508311679338	4.099557376505136	
0.09924812802681153	0.15415094867253837	0.9646846654504154	2.245293898982183	3.1804520037207804	4.429763194718835	
0.0953345409779802	0.16633917771060852	0.9483803205591421	2.190799473743488	3.18181499493588	4.463361416649639	
0.07539256688894047	0.15254694301441404	1.034225227793285	1.7005719380480668	3.17689021760669	5.3045972198558555	
0.08712115394839043	0.12775700797414508	0.9457780383392175	2.247605617804488	3.349996985794453	3.4721050926794974	
0.08723478050707463	0.11647513410441383	0.9885948110085828	2.2815454141884364	3.6082881056938474	4.261239117760078	
