4	49
1	0	0	1	0	1	0	0	1	0	
0.10176663273008142	0.6103410655776964	1.5665579862546573	5.519796523814989	
0.1007869753089937	0.6736321581593733	1.3051217996232123	4.182177113709873	
0.09286149124380048	0.6131704537668132	1.314993222549936	4.683170722582043	
0.07967517118204595	0.6033757956027166	1.5471322364647442	4.510560477993877	
0.11508484764386047	0.4686818004262737	1.703913763642252	3.718541195644121	
0.09297662955853107	0.7008153242645688	1.4679641861919321	4.988908913189661	
0.11076662876612287	0.7047774786164289	1.3825315298502567	4.817118113349069	
0.091494634235818	0.5807743627648507	1.5522506698944412	4.390289357637559	
0.10017437625512045	0.6373245617822534	1.3153552375015531	4.668766723899328	
0.08958425588785619	0.5644505675164406	1.1409109250387925	5.575375928406265	
0.11261464745466424	0.7552259722986727	1.2958308494759156	4.785061935931237	
0.09189770778687165	0.5194944266462295	1.4557562081939657	4.473881662237966	
0.08861801424128635	0.5139359463925588	1.1747343550084817	4.611597607594257	
0.08847948411066797	0.5872825617123728	1.4175558763550988	5.470938757883954	
0.11546464409614923	0.6190618416511303	1.3280946256419615	4.40145798729624	
0.08584380259193347	0.5721211748413199	1.729190941654515	4.522077345771061	
0.09213130558876781	0.534639554139333	1.5227164317888322	5.316418095866577	
0.09758802633149921	0.6761665578072672	1.2688923580088238	4.003795514408865	
0.10263616891790589	0.6823420309529146	1.4498300057401556	4.674296685579615	
0.09206370351271616	0.6035249134910773	1.5557258444481765	4.523216313924846	
0.10089288862187347	0.5827438488404493	1.4851413860512652	4.257697016538968	
0.09600243651799815	0.6651228760896163	1.308801545288443	4.409773582290414	
0.09046167061542347	0.5801979820946152	1.4514615494059135	3.9083789782826184	
0.08394531345663413	0.5093992829180476	1.3983453384134925	4.2946465152917845	
0.10447824994249828	0.6171679287918235	1.7569559102084709	4.1236917236947015	
0.10649146429129142	0.6823479393174091	1.543201556085065	4.954419134433482	
0.10260672997616134	0.6400106903598954	1.473932293906647	4.4812108255406935	
0.08758553628689573	0.6000488814403965	1.2879786434935059	4.811678956369895	
0.11847071117653399	0.5630438860527884	1.5570928171142755	4.704451940227663	
0.09285812196754399	0.590434254632174	1.2338465222969215	5.7822835912592545	
0.09769282442987104	0.6235385334219793	1.5329876266320615	4.20707638429398	
0.11161255437413153	0.5401908152251075	1.350519981888844	4.73855644788458	
0.11615826719007097	0.5612675402664887	1.2801457200107147	4.578204215747538	
0.10150381483610112	0.7275179013529621	1.3626879673502776	4.643278722068616	
0.11448670295639203	0.6390222789814568	1.481872826176207	5.7182484076409095	
0.11199444130053696	0.6697839881459654	1.62360087055453	4.929334337865128	
0.10307842255338605	0.5909301712900398	1.3168262571663476	5.665538784087887	
0.10780009375833091	0.5895610055507584	1.502830186504885	4.264770401177349	
0.09184424354163637	0.5887235962704949	1.6313549106910437	4.15987833006439	
0.1048183761387565	0.5640283295621702	1.4672133324426428	5.045853811549246	
0.09618478865687649	0.6290033268898729	1.590001188926582	4.533981762602007	
0.08969088500016803	0.6503066064144092	1.5124824321799382	4.717210030095324	
0.07741034569677221	0.6559154016022558	1.4320467472107155	3.518731235354517	
0.09481961110585575	0.5992295147259639	1.346132051688156	4.256781219871598	
0.09759150774163289	0.6229798388824316	1.4028367047521793	3.511395570175285	
0.10608182410175104	0.5516112754300034	1.3548883382862194	4.319201343481773	
0.10585860780425077	0.5497316154996237	1.5529421210069705	4.657021838789015	
0.09626321716421246	0.5590686157530117	1.3729649910168642	4.273339222282641	
0.09378848215025627	0.647786168840719	1.4270087422484645	4.712507689895971	
