6	24
1	1	0	1	0	0	0	1	1	1	
0.11218378319239562	0.13900311662742862	0.544939101488397	3.2248687192838585	4.285970231431317	5.8939434119512	
0.08944153897608209	0.15589969274853954	0.5555958113279734	3.0942298315875534	4.898990025415938	6.736617049727434	
0.1004914282959978	0.1583045557886568	0.5502752246612481	3.2420432617025052	4.753180302733645	6.325772495040655	
0.10871133159984946	0.13776682603488472	0.6400851295634793	3.34447559518948	4.609716385661237	6.70888687091974	
0.09989555674611325	0.12557910098252995	0.6230105700334301	3.5358787080729392	4.922406057032246	6.386438920802561	
0.08620777175789587	0.1350420454868739	0.662905482933534	3.408840405133234	4.441551526825231	6.4185448008569095	
0.09926000862121032	0.1534197949351107	0.5785401176196524	2.923653171416301	4.414160010789964	4.313051003633353	
0.10985188712286852	0.15168571874415204	0.5738254870402316	3.8601349845484703	4.220231382890242	6.302354342117193	
0.10203197234471283	0.16937237845426048	0.649988038278847	3.7910379655409967	5.160228530180836	5.424577062297788	
0.10038796405354965	0.1518965653237538	0.6945813549266547	3.5513521810710564	4.345185346378238	5.600327055468033	
0.09102941590040756	0.1404517832377503	0.7031439213418488	2.842040616956737	4.406971513136133	5.480514518133566	
0.11301841860624817	0.12687054626991576	0.5387723878334976	3.2017072726444966	4.201986721129655	6.306060312866848	
0.08697461793200008	0.138080273771843	0.7016673121978299	3.5620331787236923	4.662071774940684	5.976238723784547	
0.10298282225035171	0.14974111695511622	0.5841668323237917	3.377716642931327	4.922995761443404	5.720384834000023	
0.09525353830178122	0.15428425847438856	0.5668663146825541	3.117957171798828	4.586599960245241	6.448624745702948	
0.11626636205878438	0.14533901390533355	0.749431653925447	3.158252325947715	4.50311701268317	6.004500240053319	
0.09337695301371768	0.15195760950506448	0.576870917393492	3.374234568820016	4.048927676912074	5.680786867838878	
0.1043673658683597	0.16837411906963248	0.5635859929904075	3.228125467514432	5.150033605580842	5.567315433964033	
0.09457889493675364	0.13778769700530777	0.7022143645157124	2.9016510709182484	4.385044599063381	6.94422970059259	
0.10098534337569283	0.1498790077875091	0.6003851830848214	2.4407259358435205	4.503833365265157	6.085407127514321	
0.09298302918690504	0.128235848865957	0.6388284422849951	3.492812147113421	5.109217803635715	6.2626519808445185	
0.09368875950586035	0.13746837696803454	0.6106343045849211	3.2359509398363095	5.226314495241926	6.849116343699209	
0.0929063823118642	0.16611676819605586	0.6037547915219263	3.0220160138946115	4.214329760447758	5.724618546718897	
0.10376527102604274	0.15038840938589074	0.6188516198922832	3.435842952106072	3.509521032545898	6.384819079994129	
