8	21
0	1	1	1	1	1	1	0	1	1	
0.16386575251194851	0.39064329830832956	0.5957205805417307	1.1866894833143538	1.4351224173553576	2.2227489327004593	3.6323107410628044	5.770884138566475	
0.11778381170600231	0.4375635947661151	0.5912089561367433	0.905105478952689	1.3671976712360552	1.9516722347304427	4.547939909851289	5.530998426613147	
0.13070141552964337	0.4492454738512438	0.7628404197432324	1.0276490780146275	1.3787572767074845	2.1874034212126725	4.038704465490954	5.977454703673542	
0.13453671165854364	0.3906546764590991	0.6993720909170541	1.0603139903292516	1.2843289818539225	2.12943330270085	4.621831084156946	5.606754916729061	
0.1597105012608386	0.4420984482452236	0.6502604478104071	0.8592998421240494	1.6263592882150322	2.0985789077415227	4.6027519699104325	6.1982549312646	
0.14471586506806505	0.35537599621186994	0.545833422012802	0.9306184981528002	1.351902207119494	2.189314213862854	4.815042399598	5.237066878705095	
0.14968139067745928	0.3983974146370627	0.4865508275719248	0.9868098738307634	1.139280625780746	2.444631340454992	5.26981389731512	5.387535713482697	
0.14896985828480988	0.3453851805541824	0.6084764927475291	1.0216818863591997	1.286749873230391	2.2700435620362587	4.741559343656199	6.9957332231772185	
0.15937841683023873	0.3455170445896866	0.6166284980921937	0.8298526759231825	1.4124202572759612	2.242658600219345	4.236764793402532	5.909207152554078	
0.14665813027900904	0.3562465004287856	0.4938885871278779	1.0049135560471978	1.2326516280678592	1.8946569480734576	4.358135229395587	6.261291581926835	
0.15841051531660053	0.4621767046496032	0.5631297329438604	0.9329075494929809	1.293829175867085	2.5239386468071947	5.054240939283481	6.78604969122523	
0.147605116372227	0.40525372846866253	0.6586327747763224	1.0020749992657985	1.3004455655934803	2.3024973038404166	5.214378022425401	5.549404654759865	
0.1527136123633026	0.4347208727412807	0.692989685072685	0.8691740324685879	1.5374488412305096	1.9642813219371262	4.406217888510121	6.058722867160537	
0.13311179332482437	0.40479041311912967	0.5289247890273401	0.9035638459187542	1.3648255491423993	1.6650608426705598	3.7204264798063544	5.760808951408242	
0.13456073721336828	0.47097382485946143	0.6270620224668387	0.7294148481491312	1.2539043519582123	1.5512288035632318	4.525799491612508	5.955495809547234	
0.15214034375200478	0.40431445307429803	0.5589573728447489	0.8337432558686523	1.3371251541077378	1.6657482239845263	4.189675785804644	6.544734507807708	
0.1324493632738948	0.36259174639612435	0.6900052381185071	0.881861255765851	1.462986993377661	2.4677350838499135	4.5727437331837155	5.116095148079044	
0.13417870244998528	0.3861182477862715	0.5918253543293511	0.9325888629483349	1.2379719879346005	1.904326163330459	4.404360178329432	6.359274791174828	
0.1695406734207588	0.41540130930048214	0.5946790939809048	0.8697625180517745	1.360146423659181	2.318771867749498	4.971057394033826	6.105635981855406	
0.13928046454418824	0.40603632144115914	0.6227276102296861	1.028080286790064	1.5649621638472428	2.0780557408460782	5.182516623203855	6.775541590187919	
0.18370141620235905	0.36185306461970423	0.6065842885485447	0.8878183808299593	1.5543425672350115	2.2191245903156127	3.71174835684229	5.249365289885535	
