10	63
1	1	1	1	1	1	1	1	1	1	
0.08512951839789895	0.12400044536526386	0.3961855524276955	0.5896297347464228	0.9415194822380937	1.4543157341381208	2.3692868669891336	3.53332942965846	3.7786510240899474	5.593622385466952	
0.09901872044464015	0.13752466890190665	0.46147179413973094	0.5996253943441416	0.903939323913822	1.3551151989477386	2.6112725283328504	3.4107571121440716	5.1823113911613685	6.075149682275681	
0.0869813989773422	0.14114631667972333	0.399285906523476	0.5944000288149418	1.0132812229157475	1.4902780452585307	2.407995220523416	3.2257869300250612	5.300689733107227	5.493148767417722	
0.10008132803374625	0.16725455973791384	0.40707369179505526	0.6338490715044424	0.8907536234007936	1.4477367188733754	2.0424760280409977	3.7241559225970327	5.104351067237473	8.065417089663974	
0.1199626553138567	0.1256374817804128	0.44189172991128794	0.6441152590723436	0.7498480021879724	1.6236441713126628	2.307979579165859	3.341011593763412	4.054313453421758	5.327205199764946	
0.1105563320539022	0.16376858528611046	0.3321158656169399	0.6181903744293313	1.0862009223675795	1.60935729468058	2.031890307329666	3.052506027447433	4.619690679861106	5.001630490749919	
0.10614328624306708	0.15005981865850795	0.37488418501117965	0.5995532643662276	0.9588877762292141	1.6249227263392854	2.302719118744999	3.2908093860407837	4.2627542514432815	6.145454975982579	
0.09195645852538725	0.16338534042431743	0.3709639500146215	0.6613773754747169	0.9926379616140851	1.407730493643879	2.1436613508117737	3.677759100647984	4.521051173220489	5.914597486585362	
0.10164166367994787	0.13919215376570473	0.45374810772346874	0.6638030779453357	1.2001371588833631	1.3020198055785792	2.1767031733445723	3.4165055362182786	4.682692206626877	5.788907555553845	
0.09828649051759608	0.13740884584492374	0.39253675877199257	0.6275963215070319	0.9429482847759266	1.4445017912441402	2.1436839824474005	3.677222634750317	4.641195640327999	5.886161271220973	
0.11126568645329121	0.16394696756794172	0.41159214562020063	0.5640647704773977	0.8103735031243182	1.1942202346506228	2.2574521935068295	3.419095459569733	4.371176788528625	5.640776384931791	
0.100650390381218	0.16909746935340367	0.3527311020762371	0.5980594278302382	0.865149473634279	1.499563974687893	1.9612190090368486	3.3281247606589064	4.292420899383017	6.395503802387014	
0.10241480071291534	0.15852903775765068	0.3197066405648313	0.6024795783892973	0.9065665618722886	1.4243605508830395	1.6796494701747926	2.440342240072137	3.5749684074310393	4.838647492010691	
0.10478547375732823	0.17035488385573172	0.3520928697897036	0.5530791480997135	1.008312915643777	1.2792650770726395	2.0194381445767786	3.3936460447558154	4.778372529361238	6.31057960099605	
0.08811595671076483	0.12353399146842944	0.3109488320959907	0.6302962637465838	0.8336423997273228	1.464918643726959	2.338949181262274	2.9216413028356536	4.540844852733378	6.804229885030813	
0.09928601633146843	0.16144148811251136	0.38715807784885814	0.5271068201779148	0.7847068305624548	1.5768727312566686	2.1270125302344325	3.2665220366596412	4.431047571463708	5.747018633980035	
0.08093404627521851	0.1629357310490421	0.377337749171684	0.5683699099442305	1.0315432289162871	1.3509051848231515	1.9331247268457312	3.3548374430151666	4.43875937515313	5.2610365158288985	
0.10612868556382103	0.1786599624466206	0.39648429493870363	0.5501580217463081	0.9232104666050326	1.431548771550112	2.121571099458893	3.5784009540270176	4.604084532226563	4.990779269552797	
0.0831942589925915	0.1605272967351592	0.3975781795184175	0.6393570470877911	0.9248514366342833	1.4035505305867275	2.306249724096203	3.7265137106336095	3.942780141403912	6.816774796934485	
0.10123219035484582	0.13695650832566186	0.3666046912059761	0.5994939405210473	1.0072074128655841	1.5897151321417564	2.3187306500312452	3.52809446838639	3.8468001301116463	4.816732216924095	
0.09885616149958715	0.14899230061781601	0.34870736883573616	0.5755788416963437	1.0403723716142086	1.4302407209865364	2.049389523055543	3.260944684315392	3.7567018899573608	5.87754686063374	
0.11402814054110869	0.17530317927295647	0.4427240268627986	0.6087903652379513	0.8485884585302024	1.0045882956268537	1.5472200471931683	3.436964102288457	5.352631927855194	6.295171446822916	
0.08802791263500333	0.15335815618570642	0.43304484222098044	0.5737863029619686	0.902285774729887	1.6687704272256334	2.3247135142537205	3.1308830251032087	4.766890395970317	6.773120486391068	
0.11381665648649014	0.13825142136913174	0.3584127308990911	0.5909099238057663	1.0545782316140426	1.3357641083304654	2.0470874328983872	2.827547214933523	4.888628851394973	6.247522064078147	
0.0994475011802786	0.13228893180500478	0.36668186915109235	0.5284195388204883	0.8033690409626719	1.2764787844318932	2.269656281630953	2.877147705870159	4.99983802086056	5.206634143804141	
0.0932405779923324	0.12145078365125338	0.3775001674456885	0.5645935715484649	0.9349778889447611	1.5783667840660653	1.8270783247560263	2.6411529557172515	4.70758549659672	6.265255090471021	
0.10032705766101416	0.15328035649410118	0.39546421240764257	0.5172348472899513	0.7467764963286535	1.6369982173960809	2.0237036728800324	3.4034934639660475	4.836923872764983	6.708686552534914	
0.09926775036359828	0.15595563072847365	0.3593559854445989	0.5988202967221226	0.8899605875945817	1.208619509150607	2.125820784501713	3.1673866487752584	4.893288306671135	5.828553727471566	
0.09865033847288214	0.13500804733685992	0.4235974377096198	0.5245451096516115	0.8650461576223678	1.5401630005848788	2.3346694957129883	3.317705943578528	4.731381860453455	5.21281576051424	
0.08829273491337893	0.137057751996007	0.4334688882211191	0.6253749944029087	1.1392373374948073	1.0579887189170596	2.028330973377665	3.1955842947514306	5.053840733814822	5.815447107588565	
0.11235008129349944	0.15046613935083458	0.3805576484124146	0.6124994449711328	0.9188665798093428	1.2081764245318214	1.9696516668919708	3.8493001452544324	4.447090794727197	6.221600866174466	
0.10424852105953866	0.17824682598515365	0.3037800853997719	0.49977167325000116	0.9955829536958144	1.431462121373388	2.385122570968158	3.558756461807475	3.8533773038116026	6.324497295342397	
0.11882182775581106	0.15225758931720776	0.3758607210360407	0.6272227980580741	1.0937404606319043	1.3622383101585123	2.1548958845596062	3.253593970455728	4.1320885832477385	5.78888046701346	
0.09592604890311617	0.14395771330093415	0.3779595390867082	0.6617505952694754	0.9621888041812322	1.5287321412827846	2.3979388267434927	3.6943877004798287	4.529823502092931	5.62548842995694	
0.09969590154074412	0.15620442574295704	0.3261432765552147	0.6584851293605597	0.8536270440603121	1.4247622869961745	2.173091198653333	3.9137502015632717	4.80390771192619	6.049268230368719	
0.0980738280491491	0.14419156254056834	0.2994213984326432	0.7311491952794461	1.1004378785898952	1.4976009705580289	1.8818557083296275	3.4467923561382743	4.101956333509165	5.990884436700532	
0.08540142703966423	0.1300858119277794	0.4062833257890585	0.7031824574577625	1.1030282583498725	1.3682867885287884	2.2118409128999112	3.391677114444858	5.223110939106796	5.786622948451672	
0.09310165202654103	0.15814024827823073	0.4162278775676483	0.6305299581388804	0.8982770188518291	1.6132763898995008	2.0754789831322733	2.793997061283616	4.737442214361139	5.849965646933727	
0.08361602009574856	0.13515670132371832	0.404930387478308	0.47340720516236995	1.004776499358772	1.5634174908280019	1.8897840725143225	3.512023616315837	4.742732705001569	5.976947950821659	
0.10497758929416526	0.15173379552978883	0.37047564999533483	0.6686603536761825	0.9235978634032448	1.4748269098692666	2.0643237773726684	2.959812730338389	5.317446142938565	6.839646590603429	
0.10664687883154839	0.14165853691049538	0.42258077063212907	0.5469654235239176	0.8985066830933909	1.800739954288565	2.346452809388619	2.7640777735788524	4.612229950375364	6.22018971937298	
0.09374636270142844	0.12304012346029253	0.3458113670179171	0.5741615229012611	0.8290438631099276	1.3866008288237195	2.1843628976529628	2.965701621979333	5.270755892477436	4.918580584603093	
0.10330162953420335	0.1679917812754735	0.328949973892964	0.5843747184697459	1.1618738580626031	1.52830108428875	2.395228053814894	3.1834235228778196	3.9635823857218955	5.784174914000967	
0.11802788786536521	0.13000694633850257	0.4133523667228715	0.6178492720869233	0.8216042520818767	1.46921791263238	2.115785896224954	2.98403147766457	4.461154456989705	5.8192696939173665	
0.10412416050090992	0.14820095861845647	0.42825439867896403	0.6062586001103031	1.0217697166781134	1.303848073864125	2.492087570606814	3.0930559579263304	4.681360808648666	6.117361871583734	
0.08516534700205802	0.11644264500744979	0.3536004983218945	0.6226337984388469	1.090116882445175	1.4578146705616104	2.3166893262235226	3.0410617241026583	5.04879964715993	6.456306874596315	
0.09479027717689914	0.15917222916034363	0.31707680016677087	0.6707353611508708	1.0006567758229767	1.3524151199287506	2.257126921630785	3.3710253019606764	4.8209436467170255	5.786373836113499	
0.1111188845796778	0.15834692175633208	0.3241589992400544	0.569286788724361	1.0008311862657293	1.254335719025508	2.0762977156605857	3.1416697603898567	4.017809226883226	6.044946678097148	
0.08356909339929769	0.13180252724937166	0.3722658092255575	0.5784217413021202	0.86676079704993	1.7184724021185027	1.8050171651331024	2.9698175955301034	4.510413133615472	6.415624198329535	
0.08798519918445147	0.159071325782844	0.40107917059942083	0.6014263993806805	0.8319900332764639	1.669765371648836	2.0751036517473946	3.25850542969397	4.1821924287497625	6.864781239744947	
0.10522290861042599	0.1670366702310669	0.3463295937369939	0.5598647340233889	0.7650595428329514	1.3140683310795453	2.3392247354472673	3.563836271726124	4.442262332586831	6.992646816409881	
0.10310157506692708	0.13737500026044053	0.36224969096992643	0.6296007685049568	1.1037682646666673	1.4000175991419113	2.0437072818786373	4.102495637350628	5.252572685801517	6.283482487504928	
0.09661918961759353	0.1753074609108215	0.33600341269115114	0.6032693008204698	0.8756926815588526	1.5601309494163111	2.2956400707332074	2.7604681214884073	5.440820048625387	6.111912130792016	
0.12868127893275708	0.17064464530800674	0.3556630891164741	0.5557961281346161	1.0021429340485457	1.4211869270690227	1.92978676967207	2.9553998373755097	4.278038928558164	7.354720377544611	
0.0978107963965125	0.13746872402652816	0.3606532185124029	0.5138348724588249	0.8121730969113283	1.7163525077041482	2.4243972613467095	2.916334084084055	4.331803547768406	6.5306740632807365	
0.11929287113661013	0.14975759293729757	0.37991460842364566	0.7432511409566249	0.9215937422358078	1.5466530679070878	1.840187518691451	2.7715216723874723	5.055730032441738	6.533952557686559	
0.10051536278754031	0.12635287518600133	0.4015255434929964	0.6454831009454206	0.8858247693012947	1.3666628591040917	1.8576728924265298	3.0207435083897605	4.0550400649348015	5.071830747734179	
0.11037909610566257	0.10538912400627219	0.37398767386575194	0.6583977748144199	0.9119298526807891	1.5117266963694462	2.7074936716013114	3.2755701624570994	4.027046763346495	6.091914695782804	
0.08841085844842944	0.1424742101129181	0.39954523797653163	0.508609325884115	0.9597609667873285	1.6180613297916893	2.2533993676921953	3.306589346820875	5.223172547532307	6.482793029724416	
0.10895929145525006	0.14428789105760537	0.32213379459336	0.5147678193437343	1.1439151959941076	1.7954357414125495	2.465657484424997	2.695535799376622	4.097984357020096	4.691310615526219	
0.10117655062372849	0.12263654109640723	0.3737112841530493	0.6487432030494373	0.9717849914857248	1.3578123846351307	2.067274446749956	2.988889507643319	3.5950680940445423	5.112543351065089	
0.10079215926066137	0.1186323494311001	0.3334658204582739	0.6235647318104695	0.8880084716019564	1.1856963960256317	1.9984107392443051	3.1349474165905558	4.097466627139037	6.572637553780753	
0.09687735450661955	0.13984472684675817	0.418570033494113	0.7286356623243467	0.9309625048378058	1.263516583849737	2.313059835157671	3.0658899191258775	3.810598120039024	6.236211965106596	
