7	65
1	1	1	1	0	0	0	1	1	1	
0.09723461718232002	0.15464385684909848	0.4539266148831925	0.5559263499396492	3.0886426863070184	4.391589072754955	5.840240762671201	
0.10324419687754256	0.1380006655233675	0.4068236013644102	0.6547180876924633	2.8767447907574715	4.079900580102081	5.405929308767545	
0.09946103832106579	0.11618254914048673	0.3541117811698073	0.612730534587204	3.1021961072898834	5.465971955674106	7.0806457374839145	
0.08389025599306815	0.13807027799423438	0.40231853804054046	0.6906895471905732	2.8999611125416416	4.925478604293878	4.648426066673349	
0.11104479133293657	0.15029942829721446	0.3886211471572936	0.6110356157728379	2.7255394884696935	4.475815248783079	5.562981351513663	
0.10624782139599101	0.13809425994707078	0.4637238432029223	0.6422295808284032	3.5490957391349336	5.08177574426825	6.743610121496831	
0.09215117014925517	0.16104499594229585	0.3792565165265654	0.5426496717893504	2.8921862249717836	4.521288313794134	5.950973272779612	
0.10698600914924086	0.15639382499714347	0.38795091333340814	0.5251975994078716	3.2300068715413066	3.6237774301366636	5.597964341834224	
0.10784258903701745	0.15871231992956558	0.3429052233222994	0.6649552577227729	3.0132974587810306	4.7096351910358285	5.858360925789643	
0.08949219216681258	0.14862716511213217	0.2978405448187473	0.5817665499254585	3.2387319914814063	5.041580148860762	7.016975370447989	
0.09220375490294151	0.13919980348278743	0.33822376620898975	0.5416662115464	3.3055499311482235	3.665205867290543	6.700739194368378	
0.09699914317805756	0.14645316780596457	0.3769773336994335	0.6000221577364208	2.9828361721739842	5.041829152686706	6.826636679826661	
0.11074246607883792	0.15627616645330103	0.3369864357525515	0.6874065665636798	3.157244831904587	4.315498411883882	6.026492915685151	
0.10351083951579171	0.1524335555286757	0.4018747272303081	0.6559161192776061	3.85897002011022	4.13877772557259	6.138825954375752	
0.10470937742528597	0.17332288365569684	0.374042889521426	0.5774646305872829	3.288623834172871	4.721024315669287	6.366746639927652	
0.10120667305669802	0.14085379443601698	0.3612555684885367	0.549694296373357	3.4643885174673557	3.552396926290201	5.956936345678577	
0.12408110472242667	0.16007786248324316	0.2552658127895552	0.5819858402881455	2.7826384798329737	4.431573144834458	5.541814283948931	
0.1078107337135612	0.11361667985541947	0.4227606952668753	0.5418708106058686	3.1375368421482364	4.620776708598875	5.9861308769425285	
0.10632962744365115	0.1348938057720784	0.37402944877028116	0.5855394835732614	3.040045883989148	4.927277565035764	6.775022466980706	
0.10384636202536601	0.1296236812916882	0.4036155499266666	0.5094857513841896	3.156512038177929	4.956527780796476	6.975334944475063	
0.09819300907810136	0.16140957684248824	0.38310608230981213	0.6224501118496095	2.3061561754392375	4.292544269821799	5.930983823634174	
0.10237885224223969	0.1435056853843402	0.3736114474753427	0.5844749549647728	3.3504588710388097	3.9276444928086622	5.713086356776326	
0.09587642315526387	0.15327035673685518	0.3743878475936551	0.5446854699871914	2.813918882052861	4.589836845356738	6.594070475998723	
0.0891488792445902	0.16645816146661835	0.295944785681021	0.598513844508072	3.5446144865936255	4.724380716312704	6.5477145537964905	
0.10511586899119607	0.11450137282347973	0.37924799919929647	0.7195206872791738	3.2750956830730025	4.698570131789403	5.60823154090257	
0.08925408014668039	0.14955305454419585	0.40110339009544843	0.6134844689384981	3.715846997889761	3.9970180420908745	6.674325860743472	
0.0982003763394671	0.13957516115401797	0.3673065478232978	0.6724598958196308	2.7422644654773443	4.426240665935759	5.885309984294169	
0.09146405165268595	0.13685187994672973	0.35463039454946743	0.620997502331386	3.0448700115410365	4.410918263976127	7.231495445251882	
0.09776001662736901	0.11199857052957408	0.39342442862610505	0.5567785249080742	2.8575412251641463	4.361321475069188	5.405271960149669	
0.1131197053367838	0.13690768724707875	0.40066362218156965	0.582722444138894	3.076227062964259	4.239023827150062	6.860784525618681	
0.10601708962065431	0.16829984154750216	0.31561165824486986	0.6350488100315026	2.422681893431029	5.7300304578682475	5.813340939433359	
0.10373630170028761	0.1486072898074497	0.346795692486799	0.5606387171824629	3.2368068975820687	3.9595882155908075	5.94716396779457	
0.122357818068157	0.17018446119741829	0.4155205551355533	0.5203214319719146	2.9366868586635535	4.324394860641677	5.595145591781582	
0.09819857946797947	0.15420194496797499	0.39647110817916803	0.6415775400534017	3.066166392025764	3.8189847684194107	6.006949622141636	
0.10776843480026468	0.13969633110361285	0.38422764491468775	0.5982295177983444	3.135039989339079	4.238514643730502	6.444305269148957	
0.0860528952316907	0.169487324591801	0.42933617064880414	0.561756087608806	2.9635312664141056	5.043448036815768	5.981698187325953	
0.10002513008229406	0.15426338563874084	0.39555745005737797	0.6583147527647686	3.167254816141294	4.755053219659648	6.545579584596777	
0.09373977931216215	0.13679148995320392	0.35621941490856146	0.5685607932339106	2.7115897431751277	4.24351585601965	5.105285292533573	
0.09899652501642615	0.14661573816206022	0.3920229412400158	0.580302331563399	3.6901982157429662	4.04114671938158	5.741019755517259	
0.08810990838401869	0.1419520182410322	0.41180141530141834	0.5468591470642367	3.09667458291654	3.8160765751781165	5.402086918414786	
0.09267091209725441	0.16368008950230475	0.36556476293806706	0.6286017494260242	2.8056331432142563	5.032448868519915	5.9611250559773215	
0.0906431331391507	0.15217547503029683	0.4334631446706188	0.7043781717001382	3.244582561977773	5.766616596833293	6.793451870839146	
0.10343352677038131	0.15639257426314343	0.3418691214069539	0.5360025381657382	3.2218800080033567	5.202973973441959	6.070910821172255	
0.1000414907882342	0.1446464498494131	0.3787400290283792	0.6652058432975207	3.6057527150374358	5.10683268705829	5.867978542644915	
0.11120074055617608	0.16621189665445807	0.2566017007900775	0.5862766081489891	3.2619198299434093	4.299656830995697	5.164300000318516	
0.11608317458600684	0.15235585859275916	0.373702240880902	0.7150871739068737	3.3494632266895037	5.314415703420598	5.912206939421716	
0.10598470962540503	0.157393305048426	0.3806690839408979	0.7052901168856153	3.004199876247767	4.225238796385118	6.242964658113352	
0.10060479843584756	0.16987770989012255	0.38383429077177833	0.5355822244885775	3.441279337959516	5.158250371727322	6.308923085993708	
0.0975731645834477	0.16743869440391704	0.37206701700696054	0.5540629669003356	2.7902241615536028	4.3903190868277155	5.7441278178922115	
0.0942986506932533	0.15476891051851827	0.2623797735356435	0.5897946530987016	3.7060668976753637	4.62099832099159	3.941692346792486	
0.09150651873860748	0.1477432952922732	0.34613456642276663	0.6702413300841369	3.3820931323304193	4.906752759949369	5.568035117393367	
0.10824170639761029	0.1436513826518184	0.3502012831674444	0.6515066599629787	2.6366856049704013	4.149504171909358	5.127592966924598	
0.09649661738195449	0.1626194891026637	0.3631356923388168	0.6071186103137666	3.4846550711445055	4.552955254313288	5.222282682235083	
0.11188899095849952	0.15463689430836802	0.3452030448111998	0.6683499303347571	3.1575507116744523	3.789196802506367	6.224238046592108	
0.083866099436612	0.1491377520731977	0.3497116752715489	0.634000937069168	2.9284658829314636	5.017051630580343	5.80779101950384	
0.1109052506804391	0.1623655231000961	0.3991328150847659	0.5361930203051078	3.5095534457794466	3.552851388007303	5.786508136227237	
0.09663677292406832	0.1098752947073188	0.40049707692445374	0.5849719341784361	3.2397568252490214	4.4817940062818975	5.835125452038198	
0.10246314415120138	0.15336453593983557	0.3693284545589421	0.5160475148593215	3.307837385585737	5.158142725481742	6.3666703995516	
0.1006145257803111	0.15765266745407908	0.38025932342551827	0.5124731003396968	2.9054285988202	3.968080672872304	6.028065406710624	
0.0995381600787529	0.1580827487906264	0.3101281356349867	0.6226491844165781	3.329360841510436	4.477395391587224	5.519344119146857	
0.09861681846125178	0.15506730633477883	0.392481085407105	0.5979688058578959	3.084205988337901	5.023861481375526	5.508848561898715	
0.09286830932453519	0.16419876585954363	0.37244937818985624	0.581295642533914	3.4282269446366826	4.808897726082067	6.303871760263899	
0.10861215099544963	0.15206142181508914	0.41701987342039487	0.6650489650166816	3.5667637502564262	4.240881284676173	6.334105348733699	
0.10215628822278167	0.14644523085740174	0.42065293853693975	0.5716796778453521	3.3122034788091512	5.102319605343695	6.4399814391080215	
0.1061696943751651	0.14392120579946105	0.41310561851339267	0.5543889371886628	3.7235569892990688	5.3571323791986005	5.624147157692677	
