7	36
1	1	0	1	1	0	1	1	1	0	
0.09491432196802971	0.1649126851722353	0.6299778615483167	0.9060504612412761	2.5292972134235385	3.0831417853700853	4.753551914493444	
0.10768934275493486	0.14173604107388546	0.5610455607714958	0.7746033579953815	2.252521171416487	3.926125661312467	4.5905792170860265	
0.09198362324486328	0.17771959270503582	0.6039115523692079	0.9615201873033412	1.8096257680929937	3.2479923587925352	4.43668440761995	
0.10384872087871558	0.1363893689321342	0.6337697140687378	0.8540322821882177	2.27196749708662	3.1118443779579197	4.094721476352513	
0.07265222351622139	0.15813724342276952	0.4954781035296464	0.8047310914999836	2.0548219186242838	3.4294665456449573	4.465417671966905	
0.10014975049344776	0.16197932308520188	0.5288032536086796	0.7488505551521878	2.082432440197511	3.431725928956658	4.332527872046606	
0.1067605778202601	0.1525219740432078	0.6407433458088792	1.0526063692267447	1.9569310325028026	3.02686465951923	3.8409134219017083	
0.10221104381017401	0.13583021644189772	0.6549706533281441	1.0030863640177823	1.7982764341871698	3.6272738091769177	4.491929584034388	
0.09317412591403539	0.17130627333482482	0.6489702925731468	1.046885948352335	1.5443291541980009	3.195831334295486	4.414059023752542	
0.10657946699167198	0.11766814110929592	0.5325371450594492	1.1726106855764202	2.161470654316362	3.8544877734393435	4.425018526273204	
0.09304801776820099	0.1939623370100848	0.541709696530326	0.7728994916787979	2.196409823238579	3.649470378922109	5.097371791797931	
0.0994585591900205	0.1558637471096195	0.6106699924196705	0.9861228406938103	2.191366578233213	3.372313138104539	4.88497784130029	
0.10385944117043343	0.14835104224046788	0.5889937538512411	0.7655640920415965	1.9474624505984512	3.161097539839811	4.435245715316102	
0.10067838403148051	0.1485751056321016	0.6064629065903723	0.966481933359323	2.0959847757681795	3.6266655245980934	4.0021438652013535	
0.10805406879987856	0.126248185898244	0.5897878350971362	0.9402861160156047	2.1608322203163084	3.3162892062441633	5.365990818931093	
0.11023440396083872	0.1780077707201827	0.6353470628287442	0.828660253861861	2.155182626605608	3.3600448225194244	4.702854305613912	
0.09133968449234894	0.1256098196040043	0.6065375960168236	0.8395559643087829	2.463991308866624	3.3980383286595455	4.48787513015618	
0.10463255658763507	0.15933862598023704	0.579611695325241	0.7670768031042797	2.418099746841974	2.879088966192916	4.430036888411817	
0.11079816533093023	0.17013316977182238	0.5983664749803876	0.9836908251119649	1.9542462371295588	3.2105279135496896	4.7845766948312995	
0.09501083821915593	0.14534805243426782	0.6892311754143411	0.8859506926511533	2.409783523225234	3.3182933865134956	4.720952862340897	
0.10753611023621541	0.1452732813482017	0.5779727478061499	0.9836293303477536	2.358247005637109	3.0023423871924346	4.659939578210299	
0.10053919814498687	0.1386369679948203	0.590593065826261	0.9086487835574203	2.0523067938929964	3.6479359457019864	4.52938754680981	
0.09388235694300251	0.1659688652976155	0.6339515535612357	0.8614198529871487	2.342334437751133	3.6124927795288997	5.054328380410637	
0.09387125529453534	0.13748138408486218	0.627879126908179	0.8411489443581922	2.154441836451876	2.9681483135642046	4.316048006899045	
0.11955531000572013	0.14270514126823972	0.6202370177767984	0.8888272968282092	2.18514441858669	3.2582635614215163	4.699755844543008	
0.11660465066252529	0.1642892254322751	0.5761329116249757	0.9253722743301209	2.397153566967983	3.090867970550379	4.826686267951867	
0.088282770428827	0.1604785713319524	0.6027494092032153	0.7173306260523936	2.1385273676286505	3.404166487034802	4.311966568870917	
0.11522321645638677	0.1650300201015451	0.6895698878216548	1.0839907575502445	2.0331977987421337	3.3573835518711106	5.356223894288281	
0.10046755837856697	0.1605970392560285	0.7368068092991329	0.823980977289323	2.285473532604018	4.004779847718375	4.692010952459193	
0.09379952621429305	0.15791299582305005	0.5413056479979163	0.9136299146478923	2.4403337329455774	2.9570594678172113	4.48312557663373	
0.10699592998198149	0.17562766473833372	0.6115442954098762	0.9957404274120912	2.2740193350832696	3.674254637519178	3.9052354690132907	
0.09461120168259983	0.14819337235725064	0.7142108301800264	0.8624663485527091	1.790448589716668	3.4825788211995263	3.8999783674139152	
0.09822569735922419	0.17812673875438526	0.5496472765837488	0.934230072103687	2.3931105120151472	3.498732943746429	4.687072612088689	
0.12215014966318526	0.14739140761805522	0.5189394678360447	0.9334995695716102	2.1569706450853032	2.6496542370136873	4.219273282103961	
0.09917022777876777	0.13745914123959477	0.639310052113913	0.8809720439493064	2.0409091702368403	2.8231145994493123	4.861255669618246	
0.11207832218860721	0.1489277483501598	0.618745784745972	0.8427575912987095	2.4022497489376087	3.255285755658981	4.48530540293463	
