3	50
0	0	0	0	1	1	1	0	0	0	
0.8689655690417967	1.6693038040226822	2.662297266930878	
0.8932669983630538	1.5671381050531366	2.2163973757280946	
1.1558858157513077	1.5157802431681733	1.9380565171354383	
0.9629758935809597	1.449278717840984	2.47481824374223	
0.8813095288621832	1.5010471199048425	2.441727001328643	
0.9668268112954387	1.3835005274630856	1.9511659828846593	
1.127317850888198	1.3109888548131443	2.0540637816331953	
1.0126076204336893	1.4243519155104265	2.3843928888516936	
0.8991227790430949	1.5062677685533878	2.1868095701110395	
0.9318665992514913	1.224039178646779	2.3461427804348096	
1.047303397023471	1.3999697548104568	2.043221355485196	
1.0370562385063433	1.2668801270870627	1.6197773146133096	
0.9404934408037392	1.3468253772270071	1.8602827679135547	
0.8540909982545175	1.6815002533729417	2.3052238614544294	
0.9143479854905818	1.4154141175549662	2.25776164844425	
0.772309933859063	1.7361987817404247	2.1175740785697483	
0.8464049565193408	1.5396365887108883	2.3873047920789343	
0.9757367259083077	1.6048050462975019	2.002617512062601	
0.7166898202584351	1.3069878252553153	2.324059182659149	
1.0363904338107377	1.4503245002559262	2.6229122204853192	
1.0180108628791047	1.2525237243871654	2.1580607358621777	
0.9792348035466893	1.2237269070302679	2.282134243930766	
1.010201820197412	1.5895777845177308	1.9008627570415029	
0.9113415096894721	1.7007156155139365	1.8462047008957045	
1.0908837731782157	1.3658999199352277	2.669532505767643	
0.9766315630137553	1.370677313308537	1.998959973153188	
1.0687284791894875	1.5646753067503565	2.182694722787395	
1.1937055118578177	1.7307767861907024	2.2259803002500607	
0.9001657434141473	1.416243832254019	1.9525628248775058	
0.9480165159780388	1.5395208916679939	2.002694420380996	
0.9624370114943552	1.3161454233673249	2.552924749804697	
0.8520370990732776	1.1430538131528654	1.849459914825068	
0.897040431420895	1.4621996644030744	2.200142888091517	
0.7704269569920141	1.6006611453654633	2.2129055885702713	
0.9549649600337783	1.3383202798090317	2.2102149724651463	
0.9699372545544654	1.3502799461523856	2.369767370157043	
0.9810864848471132	1.373830708105928	1.84655740812867	
0.8652389715375944	1.4469753264381093	1.8240043818206082	
1.0351578867528117	1.4383973994594028	2.044387946738901	
0.8850138592708985	1.5171785233800623	2.0133916072642783	
0.9438350357217592	1.3428684675998237	2.5457096545934914	
0.6796790159180879	1.410888465630204	2.623268430958545	
0.8549352463753488	1.7215307520797956	1.8770286290214908	
1.0085476479312367	1.5094775511577572	1.8253764977734477	
0.9130389538432938	1.4281049482909247	2.350834373721504	
0.962056889355304	1.6192552596281808	2.2002125541403053	
0.984082061135378	1.366855852477598	2.2939384360165413	
0.9531027780003738	1.4869950599523136	2.1790884027455215	
0.8443743987657697	1.4005303033282697	2.4302847813538717	
1.0844732003568993	1.0792583746858928	2.2485504902720677	
