4	70
0	0	1	1	1	1	0	0	0	0	
0.3878155960793405	0.5286664771047086	0.8945089666333164	1.5235054589322583	
0.3396837350537761	0.6254484020468537	0.9095382077780292	1.5763484676043418	
0.363985242312208	0.45273951384729166	0.8075302724104786	1.6495954273231237	
0.39425534149724367	0.6127324992284529	0.8487636158302942	1.3307355485338328	
0.3462591842836743	0.6039663250272154	0.8143555493024841	1.4440539955621277	
0.4480557991553082	0.6334763778226159	1.0372793031650085	1.631837141839629	
0.39114251256453314	0.6443048377817358	0.9790619092191513	1.4097542999387944	
0.3542550156094151	0.5923765043650673	0.9287003259698428	1.406786350497908	
0.38094033949450845	0.5414159645592863	0.7706813177264432	1.4082934365767248	
0.37952129388784017	0.5354429540424024	0.9430423805727547	1.3288488352465215	
0.36766896272287536	0.642204867998676	0.9332927599598498	1.5567360645430153	
0.31513657730632494	0.5437847022678903	0.8918325437947161	1.2915020360009857	
0.363128813552649	0.6204439600337242	0.8798393673391119	1.3125094740852072	
0.37338193128159336	0.7066389975706351	0.9131681865816226	1.4260875541633047	
0.38312060426882083	0.49725205218468327	0.8843381695545565	1.4923611291540877	
0.40334377733378346	0.686674871481433	0.9598281313599464	1.5544437903134647	
0.3379226672804247	0.547780895648362	1.1689536533185174	1.5572999784319552	
0.3545763996545544	0.6851501461135506	0.9773246833904118	1.5683892652835583	
0.3879395863130928	0.6012231568463854	0.7543473505539374	1.349767437443023	
0.3661582293811214	0.5640867643447253	0.8486427623031549	1.4466700251897522	
0.3963706524934788	0.5896752406365012	0.9998136227900882	1.408557012775589	
0.34603224046875686	0.6018843340879647	0.7510551653228952	1.454419724536162	
0.3720430420271176	0.552571760679349	1.0297532650355035	1.3352849532072475	
0.3343980855814494	0.7093107718591074	0.9847547122572559	1.4912760789682424	
0.4333507769816317	0.6068961302860532	0.8113622380654862	1.340433187014617	
0.37730568743718473	0.6303763449531169	1.0547497059670676	1.6030591986261022	
0.3653074443699683	0.5011595843204898	0.9403305137676544	1.5284855260805903	
0.3715630180432751	0.5664008988985979	0.8637032759047332	1.6353021839111295	
0.3550143162217524	0.6622449892724998	0.9902046508960692	1.5491661029778783	
0.3161094974978669	0.6524004927743582	0.8869951790642259	1.5394444485573955	
0.3450300062188848	0.5944638362529437	1.0129833307914733	1.3214021733298436	
0.36133732493184884	0.5881992361939786	0.8610710793086198	1.3456200718314095	
0.3670471552834747	0.609225315729594	0.9792611913077449	1.420246061926975	
0.3677177820994605	0.5679109761392382	0.8752872137483066	1.4506577029708063	
0.3416474177882575	0.620142880785896	0.9189936423426904	1.2771307552229194	
0.3673395735507334	0.5786616590406227	0.9277869216334016	1.4201121200529379	
0.34187159431201725	0.5613049772617901	0.9557015119030349	1.4629964024014686	
0.39096674952012633	0.6780613671017665	0.9881150620565822	1.294546036986851	
0.33728678712416327	0.5674554602431854	0.947694522248238	1.267299464131125	
0.44813355003901734	0.5987347489128089	0.9248791839426443	1.6494590563471094	
0.3870918280598784	0.5585280300466698	0.9786225586898436	1.4954938571057046	
0.350767868098916	0.5431915473917494	0.8138716829304478	1.3246813921964666	
0.34827042915749457	0.5527433659266603	0.8836865386477241	1.407504059731447	
0.4561320519013475	0.6802328463153602	0.9067117792765367	1.5865521199659474	
0.3812445593985389	0.5721368815198241	0.9527126007944084	1.3279019371421215	
0.36313357873918556	0.6036386392205749	0.964856857133418	1.4409801539550118	
0.4636120481374273	0.6782601345021646	1.0226926061661887	1.376399053128491	
0.4071362884333878	0.5476131218316193	0.9333353448930433	1.3199312304165047	
0.3672728551779685	0.5579443492474044	0.9438397049901405	1.2630318253203905	
0.36095576361908577	0.7661921720527514	0.8803685986377996	1.5068142451446438	
0.3686485898690732	0.7383980210668333	0.9245734765248301	1.2928045621844944	
0.3817535327284824	0.5254632864579879	1.1267073304381987	1.5647444184549364	
0.43678576223603094	0.507878311214444	0.9133131670075106	1.5872827088021007	
0.41145534700676933	0.618154244350453	0.8842452610246925	1.404424468175796	
0.35026862626025546	0.5689476540824212	0.7479352265065827	1.3025762793813032	
0.3333558270937838	0.635543625670532	1.0966819466452535	1.2876359103731292	
0.4066237003542299	0.5862135645382993	0.8273990778962351	1.518135298883688	
0.3607113705111659	0.5533443217279057	1.0095883389784088	1.3901217018363812	
0.34374451730041766	0.6285473309988844	0.8142339412231214	1.655962729324248	
0.4109066416923381	0.6647418554588734	0.931376257323757	1.3563006654685668	
0.3352591195565206	0.648413235822949	1.0239050860428758	1.5777877738823962	
0.3858773284354191	0.4876101590576832	0.8576454551366709	1.4498162909048422	
0.3748082655218328	0.6357349975319679	0.814686547282817	1.1195899875617479	
0.3230426550721784	0.5711135266788328	0.8653083369578104	1.2747029598616328	
0.3977352522950102	0.5999399382099004	1.006142778818292	1.1850545891362139	
0.406641003985159	0.6057092870604248	0.8980501493211245	1.4966779540471467	
0.3349406309774674	0.7120067621742378	0.8360705873265063	1.466448590142952	
0.42346205333440096	0.6254448228654019	0.8559423981002707	1.395940254033592	
0.40327747113325463	0.5492119895962259	0.9720178645992422	1.592797112326903	
0.42699459719210436	0.48201156494026814	0.7812078876980734	1.5651265639160652	
