7	26
1	1	1	0	0	1	1	1	1	0	
0.09985532588900375	0.12975963891648812	0.35576387467178083	1.5913377005126614	2.247644270678199	3.383167630026456	3.609085481944574	
0.11696227426185335	0.16543999008437704	0.3787408577540991	1.2804626542418165	1.7775929652599436	2.7894889595285424	4.392860852119953	
0.10319776002389697	0.13679617057714033	0.3005312324839792	1.3830489188806383	1.6547342557043478	3.528283971610574	4.7122679061072965	
0.10088591769407607	0.15845593024421092	0.32999530308953745	1.4364002563434646	2.16927877830536	2.97607843715319	4.635206700857367	
0.08295798386110151	0.16409142348541675	0.41151996358584114	1.137940423684939	2.3239590729843562	3.3479782604884387	4.409464704349116	
0.11091204071823835	0.13655439935986763	0.4411601034978251	1.3758702268621328	2.567576193076026	3.653900567547744	4.263074255200715	
0.10994132640355131	0.1528947699534888	0.3495353365607914	1.3664946396927296	2.0473390567744265	3.2274637005580304	4.6336352999206385	
0.11612494616219966	0.14375306275768684	0.3540199162377928	1.25852675533934	1.9587498713258702	3.283341164178858	5.247619224233473	
0.11111129860791669	0.16428890814713662	0.39881233210153266	1.6193221696817366	2.2214184131507246	3.33241450912794	4.012290333628548	
0.10585891575727391	0.1467282488079984	0.34040964749841407	1.5100446245010648	2.25495730809441	3.88791717004102	4.8856716791013906	
0.10846906564757614	0.15159559739879594	0.40720686076212614	1.622024250424868	2.0260828478992505	3.1249864399247405	4.4690628734557745	
0.08243009835557963	0.15844217478516465	0.3273845236312496	1.3021993501735718	2.09113162554918	3.6101686024557256	4.337005576759735	
0.09972593522395243	0.15172409078471014	0.4423779155746913	1.548169175797367	2.043897322035077	3.3866753688421816	4.950550616699075	
0.10317082858193283	0.14958934580428937	0.37715157036952957	1.29995994359312	2.111375722487543	3.5795606288389408	4.674901116364046	
0.11290268656814267	0.16373288746837492	0.37156701169264417	1.6499875877411625	2.2216081840382302	2.966856452613221	4.277712331086102	
0.08954134099993073	0.1495950372547155	0.4498826940377111	1.25677282047424	2.0308246694520617	3.8083714398804984	4.789389566809138	
0.09238943187432802	0.13303939878037568	0.4010036942566121	1.2123266509000008	1.7016919712753191	3.5803693250725357	4.020024098764944	
0.0973742794018999	0.1536165127337146	0.39001295131347924	1.779951530211906	2.1544976476957096	3.3924807484444153	4.747058547214548	
0.10032307749501804	0.14786629320354694	0.31043643572108026	1.5241175637660742	2.051702385837789	3.233282591901016	5.244329596784624	
0.0923903530095006	0.15278675801820144	0.4480773894636997	1.4401997975853351	2.2433356974767897	3.1660250766508904	4.570001001464448	
0.10712797282740286	0.13584289168465086	0.38756580893628095	1.4010711526535042	2.2395089354923114	3.5381823478985885	3.8199655451031487	
0.11689037161113328	0.13638696059790412	0.39834174844609155	1.3344194512069998	2.6958427536771286	3.054505515454499	3.8992082117840976	
0.08527181616187218	0.15213976503006396	0.4174977381232757	1.5888817215896116	2.206237479449829	3.294137825027803	4.347779376628275	
0.11585413139743342	0.16906249699363102	0.3443544612062245	1.4451935692523508	2.255230260814242	3.467059087515693	4.37859914181515	
0.1067003962139837	0.15811527014278262	0.38460612709553227	1.2129623387399262	2.2705760214578654	3.4374373715471505	4.67505669123862	
0.09744740006837799	0.12103925258132428	0.41725099014410905	1.1360691743133806	1.789827868080026	2.7967798872211027	4.118400650412138	
