6	80
1	0	1	0	0	1	1	1	0	1	
0.09217597947991502	0.34426685717124283	1.3004773282815059	2.1316804805168177	2.9446268074308373	5.669759110982056	
0.09544734016983886	0.401663836877742	1.6069295896129654	2.1474147906395307	3.2562253783615667	6.403229580074031	
0.10405507243299046	0.4325285711047353	1.3349294967103487	1.9705421723226695	2.6652507332256956	4.91811507558776	
0.10518418572513684	0.3695673975421896	1.4559162905198086	2.168488845038007	3.4899752737921137	5.068889717226804	
0.0944600626686553	0.41651573731480684	1.328279238201995	2.08922417070093	3.3051016086935356	5.97038098925775	
0.09489221331356495	0.39424969453771685	1.455844217223513	2.40010759507083	3.426093068151288	6.275100805322197	
0.10535763810546273	0.3274116264240536	1.1972446165799346	1.9085927445423356	3.894270684872141	6.8443022822070745	
0.09847090822302305	0.40552272419622226	1.4467317085127336	2.0987162991401767	3.2474914019441288	5.636702068978237	
0.0797495625533703	0.36425134667426384	1.3810894369246443	2.266396592404231	3.664659581679363	5.34860363675342	
0.11540654511979337	0.36082775731463934	1.494091794678811	2.3434945456767866	3.296248098360754	6.1531390366425835	
0.10654025996000893	0.3561372513361041	1.4572738427953043	1.8175684271601833	3.1830115715005034	6.663793435651385	
0.09526071400742535	0.4630300515882083	1.4410238117654637	2.0915672394386764	2.67444817061587	5.195265462061986	
0.10809854840734344	0.4272439329988619	1.3237466087560905	2.2710411684520193	3.1948857849806758	6.641356625720752	
0.09989379522236236	0.3868263704657084	1.3923899864674256	2.138017058980591	2.6323420850430104	5.299548351830234	
0.08885486782936228	0.2755173294496114	1.531101921674158	2.3499727876215135	3.2421353394656505	5.958614572291105	
0.10118233717561792	0.3246455518324071	1.3210448939899684	2.180584732746637	3.8442083581014077	6.003052307229678	
0.08945543216572988	0.4058121835315104	1.661853153568312	2.3187979853888327	3.3438439102060578	6.517540452723841	
0.09377073057510155	0.34094817154858365	1.6516759334402356	1.9230603194256564	3.234718205649444	4.700139727782171	
0.08593095664916935	0.41790033639429097	1.4387615104536198	2.0762826318365515	3.258287905472299	5.158169768656524	
0.10101476430090349	0.37259581210915255	1.57123166697592	2.004161812569073	4.004711946749345	5.614405594499417	
0.0962767969142586	0.4417266259565052	1.3984184835817925	1.8931203405836785	3.4154716247009054	6.782199220975011	
0.08992454071878453	0.37026839934552047	1.7924369374047904	2.3958623413907483	2.6953412634873946	5.576971876436274	
0.10493657976332223	0.32717243449179007	1.397985248758742	1.9246885784306642	3.1166468447714046	6.253643351037249	
0.0936651533126581	0.3230780677442822	1.464640948042795	2.128935642692539	3.6819613377869924	5.198325340206934	
0.099906704008702	0.4059613767245576	1.4535769056645986	2.076834071787125	3.3790032900278333	5.562926907004301	
0.12026810861384646	0.3729054782021643	1.6513026596881957	2.3665785586403745	3.563994241529565	6.640111326329066	
0.10537271793721721	0.3802146327196064	1.3084440640292527	2.403028723130525	3.8785974620513493	5.632421802070967	
0.09761819712862396	0.3385225487071388	1.5708849451569067	2.24748166588438	3.504347428368924	6.361066844614555	
0.10541294788365865	0.3938016917866201	1.3313192391857092	2.450075397740533	2.7798100111307957	5.170354871780571	
0.10711033344374876	0.37749138907465424	1.553185721321959	2.3139382665619226	3.0042457326618037	5.755668634542978	
0.10199170978569072	0.39142670472483976	1.407936535510012	2.2617018972233525	2.7291948766044896	6.320722976965069	
0.09317884473385496	0.36025838149136263	1.6195995451489824	2.145669464007172	3.1403436729652534	6.022238997128312	
0.08295173342845069	0.3116940089281459	1.5537818533351782	2.127499507149503	3.1475605665710633	5.973876214678926	
0.08752007307824237	0.4413060984634221	1.7130973046070228	2.115217120162804	3.8360274197975897	6.2125821729399355	
0.09297329483431765	0.34403838215596266	1.2999635585252138	2.4964542624867248	3.3387595913975447	4.930882754326224	
0.11404501203331507	0.3775898349862106	1.7627988882371877	2.5266824158033208	2.972268528268571	5.72988911787131	
0.11258224034793203	0.41444120600336426	1.4950161107834703	1.6291399768749835	3.344911951146402	5.9140659405344795	
0.11535725816588527	0.4777725538102151	1.3024695345362278	2.1691720741983147	2.834117121238851	5.83758560596231	
0.10177743732037262	0.31923911064259064	1.3957765376992508	1.937274039263808	2.9010871567039893	5.223703572681697	
0.08604005816155905	0.4031447088948259	1.3506625439588757	2.235600548978757	3.5356003324679435	6.788056860455262	
0.10119336310541488	0.3745169055223698	1.36951894891993	2.1528491058020838	3.2068714702747805	5.9479013877271925	
0.11766453424346507	0.3617444128315738	1.3502792186144306	2.0061694623933315	3.0236069883494148	5.547024244936853	
0.09354213042006282	0.4550112324208456	1.6921431667187445	2.037943450490688	3.6156883388821317	6.12309909734386	
0.1105257339926232	0.37857341921060667	1.401926928027555	2.1138527907648093	3.387439310934718	6.602373564662449	
0.10931509881054645	0.3935154129050402	1.5472485983406954	1.9967454500335693	3.3488032461369412	5.824426047710361	
0.10028882578870575	0.41814834369825915	1.1520771941053998	2.3551867358474485	2.802919122956569	4.706203701309403	
0.10873548009171599	0.4330218924043852	1.589838411074089	2.1468448257144925	3.1989149622476267	5.263599891370918	
0.10062619620630411	0.36205644780031154	1.5181424944510764	2.504445106832552	3.877864838785688	5.68522368147882	
0.09277723503897103	0.329114309767604	1.2928600454605992	2.3201857543398714	2.9917131315746577	7.057236903733717	
0.10945325685880058	0.3212218960535074	1.3672812662305678	2.547809414073784	3.3074133242353048	6.1471923874934085	
0.1106010384232584	0.37032526380732095	1.4934534717520758	1.7615838511631543	3.7150222217361257	5.0585384116287795	
0.1045717590632883	0.4224416331786077	1.474156399008735	2.4787643870563643	3.0698396281984435	6.499425274517208	
0.08007338845775468	0.3811285647180588	1.3217931640726723	1.9950275348103397	2.654891591776566	6.395203081911228	
0.10240426243581134	0.30601557456536765	1.4187160577879574	2.495924489963402	3.1097582850603684	5.487838808142752	
0.09291129827914903	0.39469572586482055	1.433824709132027	2.0804965321293043	3.1315229050827047	6.863641099660116	
0.10650671536697678	0.44202569086445015	1.3039921347668806	2.1033078714954208	3.239025206756708	6.653098787283138	
0.09728303443247305	0.38574796730184213	1.5670369261396777	2.108991930653637	3.0127489340268485	5.373700600100065	
0.10279963672930635	0.41074347824895047	1.528684094484053	2.3523856530219915	3.648121937046688	6.1901822675564775	
0.11665580340036125	0.35662616301912187	1.5400320196891066	2.0178085891177364	3.534645587833617	6.38849926039839	
0.09622241685230495	0.41023812024713185	1.4037237461533203	2.261591998989985	2.9288706813043075	5.732706019825014	
0.10999710772635939	0.37999930242457	1.3882490656681394	2.084262747347018	2.792497344768839	6.338448010205278	
0.11297993216418943	0.39656984200482287	1.7086596212932355	2.064209968865115	3.3975457991943463	6.607170806748578	
0.0959896056249862	0.4076904069093529	1.1889785443894356	2.1124672212904216	3.4662754500660795	6.215688971211766	
0.11216457587034885	0.3951965428058301	1.78393195288237	2.103352004097748	3.515898446804444	4.830081017383687	
0.10406954878524007	0.3856435971457428	1.556732885490414	2.095889246942661	3.4829279894783127	5.560408834336372	
0.09683661862364758	0.43902965830035817	1.4884609424445465	2.355134359248802	3.26752752519295	6.195413858234506	
0.10575260585124278	0.30690971610815154	1.483027731108052	2.247374087468673	3.2785340707622326	6.601872632234082	
0.09318655433712007	0.3536016756672989	1.5593261616043605	1.9168946067335115	3.300331108266839	5.925078981628346	
0.08758742470425734	0.42733228167440435	1.4205849388385303	2.3505215043404926	3.243648289426106	5.752284625376985	
0.09984813059321675	0.36103507407991187	1.4766034301173663	2.2049366453777304	3.223989038313917	6.721726317336381	
0.0918373642906065	0.36853242221182075	1.5124403774712032	2.0941016239136534	3.30586528119804	6.899531805740299	
0.09914148609780817	0.4594920835965877	1.327330653007153	2.0939024829613433	2.815052848821542	6.804235129702901	
0.10860051747480617	0.3289398662378936	1.1823534311483312	2.299822885030945	3.402992799310742	5.158235287880587	
0.09764837295317391	0.4105565419656421	1.6145479982296085	2.1212210196606462	2.8265844971703853	5.290688860649519	
0.09433444567041982	0.3336286345234267	1.4786707845245792	1.981374867676202	3.4751990399832926	6.407242432936064	
0.11481341088064137	0.3756689171804176	1.6201593577426063	1.8958172181368744	3.165537990881054	5.91946628204294	
0.1023123818803729	0.3962229230958982	1.2886380817612857	2.5263790908718473	3.2160405691396576	5.410313930420002	
0.10332038357119273	0.37405886798448446	1.5259854052095034	2.343642618927511	3.211705948569719	6.765966788585734	
0.08923683538349687	0.36150074160130596	1.2558818659996758	1.73969069084362	2.7262934017274034	5.421954801972188	
0.11120040051237212	0.4355956912977683	1.4670247388615767	2.220229255884553	3.4720750237704148	6.107680624613069	
