9	88
1	1	1	0	1	1	1	1	1	1	
0.10821535697378622	0.16136193408094376	0.3394723832229918	0.8671334427455926	1.4773222810741296	2.248302796203571	2.533484436128359	4.402538008161649	5.517172150930916	
0.09393358745259055	0.13849525874870233	0.40416273085877324	0.88705594732537	1.3816655373251483	2.259757208846268	3.088248036158953	4.626138581417757	6.074237525723969	
0.07908420275164585	0.1653381186872192	0.45115448670360153	0.8645555266535112	1.252444839221582	1.9331957134407234	2.9729929441209406	5.091001716253152	5.758181246028315	
0.09480492942470078	0.13458384180639119	0.32192358424257667	0.9035375835798949	1.5668614294981107	1.8788242367901618	3.526859528287254	4.688604066348316	5.736364934774251	
0.11615628610266736	0.14185357867586493	0.30201815252313563	0.842449610282555	1.6148979039903355	2.224023840665148	3.8225201352882	4.817420693435459	7.18213822335727	
0.09455573130993385	0.149150834930626	0.46691734090684023	0.9200642914936105	1.070420773609419	2.4843519045864704	3.247019053315647	4.662221023446588	7.06713042435747	
0.09231433660905733	0.16876470018829012	0.4394185946222761	1.073640517708231	1.4282895632207513	2.2608188341293305	3.0927804541129165	4.186766347330521	6.148597484587572	
0.10606968318698468	0.1556302353016665	0.41439132321811833	0.8737229649156792	1.1989889278457977	2.152824936358149	3.2095933717911675	4.598347272254202	6.538770162638587	
0.1138770068754753	0.13389806648178348	0.39939753166164055	0.9632566809306164	1.4239676804172832	2.0533657802733374	3.1262161232612464	3.734560833275581	6.678074813161054	
0.10005530664045188	0.15132257157762521	0.4110601658985802	0.9327838219548169	1.2912667895230725	1.9445288818457283	3.0196359744666155	5.261872770504299	6.430605284050183	
0.09995523180354828	0.13025191775684064	0.39194500381191555	0.8394165002637916	1.4208088506944145	2.08608812244243	3.739418603587604	4.789631768835236	7.1964467414136095	
0.10144041708636227	0.13762036932788926	0.397829459202334	0.981120935682889	1.3995863090586094	2.106977257309114	3.5308087929063334	4.3163295008513485	6.034773690431107	
0.11511720578387788	0.12305066638439785	0.41327999980860125	0.8892405918195491	1.445241266360234	1.8068243705102252	3.2661991105229475	3.825704526865826	5.731854093704241	
0.11901845122973986	0.13931883682898402	0.3833022247334837	1.0631987323643428	1.5002077922273662	2.4080692453453416	3.365176732982766	4.682465204952082	5.392940858809532	
0.11519821973167504	0.13820863746447182	0.3260163846255719	1.0079628787844235	1.2417817426877644	1.984027447130039	3.101960486333233	4.910221095712734	5.813689104321289	
0.09624824171803553	0.1530677336432449	0.3762312032135135	1.0527692197278171	1.3063185639472479	2.2152846531040993	3.059168564109922	4.927825039984139	5.6065348649010955	
0.10646886072498499	0.16997552466954996	0.42729231156326386	1.056209369415719	1.2235056992109936	1.8149098750275687	2.815989046384659	4.46799739961887	6.503721832623923	
0.11029259236776867	0.14893638780790228	0.36918346907557614	0.7402720798586148	1.3394078382174497	1.853792731740736	3.2776834592280886	4.712030362286904	5.7855921782518855	
0.09724495495086552	0.17112448249042866	0.3576117686536877	0.9998619967961251	1.4282270994126232	2.0148320944620095	3.4843703903589778	4.660374428808566	6.122025788067204	
0.084620915123436	0.13714935673162426	0.43468538964580566	0.9939475728536707	1.2276889396447142	2.6847206639013206	2.7496329531614823	3.976451138511494	6.744253837936906	
0.09435511662637888	0.1219674922831294	0.35629093223580777	0.9367104823800563	1.4106569363246444	1.9792986516361604	3.5812041858247814	4.014927319128984	5.876141690140757	
0.10020611590039014	0.10642653597955522	0.4414395325045845	0.8938017590701529	1.319257396102769	2.5924419400096093	3.0033759861325415	3.6868832379578182	5.790814398523396	
0.11094689917805514	0.14619965170326607	0.33785888049838875	1.0065057648893674	1.49444320910217	1.7624343945411198	3.0852877115451425	4.650377964027748	6.816699666917472	
0.10009687525787886	0.16761905320033857	0.3979939791708373	1.01490943429914	1.2699295117170246	2.29980018169233	3.275807302883739	3.9266569901419865	5.721892485504836	
0.10255788155618367	0.1548682645007769	0.34319190692797846	0.950790571332304	1.436004690516334	2.3221053382243064	2.734925802252128	4.821953974041882	5.163680040362541	
0.10594111952867125	0.1408911470686364	0.3734133628807317	0.9744570049847397	1.5207235200199292	2.279816781304445	2.655501732140161	4.3232443979041735	5.625398958141039	
0.09322106630810559	0.15849926508889536	0.3890436611755011	0.9504498425272803	1.3542013589478734	2.03571194834778	3.2278913685559116	4.863881817721844	5.99833317654346	
0.10416624856878519	0.1542546345222199	0.39214175888495134	0.7317670188977866	1.3259269957078186	1.9583802359664506	2.8692435167194796	5.070165816208345	6.031064624776249	
0.10375344610392807	0.17570749965137947	0.4208574332395581	0.8071931165369203	1.3098306342467736	2.4068260947869957	3.6202165860718307	3.9658930718263203	5.390959122564627	
0.11845220407756055	0.12736848770118156	0.33101113539620797	0.863515652349626	1.630365867608081	2.159406487269901	2.786867843186899	4.875466596641935	6.030151549516896	
0.09811683245114801	0.18719273349164597	0.36654979049542796	0.9171108248948278	1.4738716388855306	2.4322981129317154	3.714967459101512	4.509556004748797	5.796502014871168	
0.10388012197083854	0.15228421690888047	0.41775679234846014	0.8911965958987437	1.2519884867182935	2.3750895109181416	3.4307124164766862	4.117675687564745	5.179353423165475	
0.09403929096291798	0.15636511774927245	0.38886932794422896	0.8927223157276406	1.231775628274042	2.1774306179512717	2.73883482007476	4.868472661832992	6.575778918770363	
0.10344383999779533	0.14673511637945497	0.4284670690189208	0.894187547178843	1.784299528016068	1.8727498652709134	3.032508758589005	4.394323121359185	6.15367382238029	
0.09068177128527884	0.14961377772648746	0.4177706205993665	0.820205155558397	1.4017366289639561	1.6519544743306434	3.4160961165836654	4.070958617594465	5.927001555219695	
0.09748487009059556	0.13514042046813363	0.2905656622145938	1.000418258094384	1.520532661420036	2.363522157089669	2.8280731528194614	5.0040294215566234	5.791545411840899	
0.1053225476947372	0.15104418845585096	0.3745971912674899	0.767830806729976	1.5259731223322286	1.8002569695458426	3.1065700167017423	3.7945203591447436	6.4790397192658356	
0.10516271736310755	0.15038763001372504	0.3785000381078128	0.9534467867788285	1.5015381231789686	2.002079749758072	3.453145255080782	4.19659676702815	6.348260709314405	
0.10060235562786438	0.12758834317130063	0.39285982026894023	0.9092532714001414	1.518856169907625	2.504258105285366	3.5517026951972044	5.16606754909583	5.588287369897413	
0.08573261983193645	0.1579713897535978	0.45335274949074444	1.0793276643404894	1.3240309577773461	2.3403055223802274	2.939172322111736	4.8533063881909495	6.399182360000179	
0.08744153371659705	0.1491372351923214	0.42276727877078135	0.9673115298385855	1.6387808636054313	2.4172411191563556	2.8249611643714303	4.786605141122267	5.80753244767561	
0.11172704031887407	0.16419358236238332	0.40315687401865485	0.8926976352231923	1.354052800727242	1.8983422386642865	3.168596327121587	4.601553353916325	4.972731040206508	
0.09568891043779133	0.15929052140623304	0.39572723416558925	0.9475948472103715	1.4240680541404038	2.3957749431230053	2.8080933451908963	4.740483689297763	6.458542683622776	
0.0955148850602731	0.16088497952996636	0.36407990188282546	0.8898430991095996	1.3291588424377705	1.9014129044597932	2.9547714053238607	4.955300139353034	6.873476834335666	
0.0843242970105883	0.1182780219001062	0.4363268072597173	1.0501207051374306	1.5384632358105732	2.269005849300558	2.881431340238506	4.4863334254442995	6.140068479384343	
0.08994575364332541	0.1607476432236699	0.3911683544605016	0.9438337153811068	1.804834171577676	2.6536569316673164	3.1343325849803607	4.187139748891428	5.393200251677332	
0.08969355254330358	0.15096943361148657	0.32484326787529394	1.0075432247465823	1.3388931572285083	2.231424469504126	3.3157289852707565	4.63646691582863	5.837719812043618	
0.11662390096773959	0.16815276128210926	0.37090501155878614	0.9491386138071255	1.3342308354547812	2.059720577281096	3.6400030665078384	4.478247630325182	6.524382034400478	
0.10756071145934783	0.16289984003484226	0.38096345111414825	1.0134601954805929	1.421415867587667	1.6844907374221636	3.958685333662558	3.9564910021022275	5.692661243119162	
0.0796617194366221	0.15075143186972423	0.4196398529353269	0.9501616082826321	1.2698538028232487	2.3455373902351266	3.4237451666922274	4.642702636460868	6.435846584631195	
0.0888968545581512	0.1542503696045209	0.36134409340812595	1.0496588468820618	1.1193754592780516	1.873665320277515	3.2091210855208603	4.153698975863462	6.216346324688837	
0.08279204216148514	0.11666754801622937	0.32013925294667256	0.9744140872090528	1.5930463140189917	2.0561118303915893	3.4248786341061206	4.45855232023622	6.5675726835833945	
0.10839499328701166	0.1387880970968177	0.3492601104052118	1.0241833803460931	1.700497361423662	1.8498440635162607	3.914159704781701	4.581817278477508	5.4581571517945875	
0.09878769109770673	0.16006914226381472	0.4272254156218464	0.777089359596035	1.4383863428641952	2.2031979177334886	3.0847449536757265	4.656772712496761	5.2931575434459495	
0.09669989860665046	0.13099024007835616	0.3794498204143599	1.0148738819115897	1.2607507862818967	2.223852213002736	3.068603785707447	4.664909378975315	5.334409018161418	
0.10837303912198798	0.11832779867968858	0.40192505635526365	0.9175165593755596	1.2602874579734535	2.08658544808193	3.379588185795279	4.303464168616191	5.977424361400811	
0.10276691236980023	0.15169753457293214	0.47412173071375857	1.0090733941830223	1.1873844951303603	2.427404723383297	3.116963270609153	4.751551531965968	4.8775246722579535	
0.10798454770690565	0.16227449068812577	0.3964525660098549	0.9533226539274385	1.2823480236755942	2.480554374951958	3.0880264587616315	4.6041945584618755	6.0847173324052175	
0.1116942665963024	0.15446037591617504	0.42830051538198194	0.8802177223258487	1.5497851776050282	1.7703979449076317	3.050293513083308	5.0531589031450235	7.085900899606725	
0.0934351369110635	0.16985547541764742	0.3627533630229943	0.6455666140376874	1.4248644076898913	2.122827240680134	3.8125761219766665	4.536394679430246	5.705357173850619	
0.08911204154930145	0.15189776355541906	0.41973448736403574	0.7919468511968157	1.2381268996364723	2.2923913328822816	3.621816695250613	3.902198459234822	6.636198451979643	
0.11231231049640511	0.14872022677411686	0.32991544855640964	0.9551539922833715	1.577710569983713	2.527376206026254	3.3142818721277214	4.080473436984965	6.03575857920392	
0.12136969873497788	0.15229170618759377	0.3671405107278848	0.8047863075482623	1.2427286678548846	2.23050224097112	2.861025241554486	5.338038095997114	5.697286190773513	
0.1042622296407376	0.1603795311096389	0.4083222767166778	0.8612038119397036	1.2946901899251568	1.8496303257795308	3.6084119721827927	4.620181839498637	6.9908263157193185	
0.10476006221179684	0.1480132442886444	0.38252499364796305	0.8122531387631242	1.3380188315114223	1.8906333969325324	2.959881988054265	5.465893374116221	5.875715209358727	
0.10466881346199504	0.15510010999742394	0.4185148073109741	0.9401352279520349	1.3240729239581719	2.3057373836190442	3.445821024356828	4.1762557556607804	6.04432561419102	
0.10859390781117412	0.14192968811005105	0.4299699595369624	0.8469495519393978	1.5631571171863554	2.3840371835259524	3.7968607336120828	4.235382727893823	6.265525886242143	
0.08363795220620773	0.1630834185047915	0.4570472772094769	0.9584637491741733	1.2794831762975203	1.7988644183322038	3.077776324851589	4.2472386259246555	5.814112287057516	
0.0814346925372365	0.14580398219868085	0.39090729741194297	1.0004038245167965	1.61006170626972	1.9442293784958313	2.7104753078757264	4.690366233847255	6.768461854267085	
0.1099422348038373	0.19841380571743344	0.40905928085824045	1.0828357028502043	1.3810145579361204	2.0935411459398456	3.3325240905430507	4.803191299210239	6.017977649587435	
0.11273555169844968	0.1354050082701319	0.41527898865189183	1.0197845432261095	1.4028767500901214	2.4148852059612005	3.400890952256033	4.585178714897218	6.024182231301941	
0.10842850345938554	0.14081311431933763	0.34811428218259005	0.8584486421683418	1.4180539192648702	2.270281650522942	3.357379840524178	4.924223137162622	6.124578768973892	
0.09445719541632538	0.13856949703170468	0.37930042077794374	0.9144821844289839	1.4645530984425978	1.9335728914985029	3.655023444778147	4.64760067093586	6.170557608962766	
0.0877677308290686	0.1359022537348479	0.3664478424431784	0.7141958859189642	1.4729497589895133	1.8067430589483227	2.697850304357016	4.534306802207101	6.6697163176111784	
0.09799387139450522	0.1510917327761917	0.36746235462451565	0.9320527503070305	1.5368509118727642	1.7719796150950657	3.18543043366129	5.358813771580169	5.8526880726521275	
0.08767151435549336	0.14589652967633965	0.46399772788193516	0.872671580066209	1.7738641093203886	1.7302141249609513	3.3544207271436832	4.671342790662011	6.18317029678583	
0.10440614720162716	0.14614515887704035	0.2976377821147726	1.053417530475354	1.1989447931085446	2.227338768574862	3.224608603927462	3.5212314739268273	5.867553691074704	
0.09925333723826117	0.17652039884810647	0.41636710267022475	0.8656121813907637	1.5969916760907008	2.267246718202592	2.660742153985756	4.390681119741486	6.802380264745452	
0.09772626041510388	0.15803536415809497	0.3879351980439211	0.8503838765441712	1.6969637932343973	2.0299122119330604	3.3539277266931884	3.9882690050266003	5.766323039928649	
0.09419710507803089	0.1636536102977864	0.40719277277828364	0.8280167641214448	1.6622198436316185	2.033258468749232	3.0277533676354844	3.971916369213875	5.272149783644791	
0.1094807198299334	0.13908552413428532	0.4392424840031038	0.9626401287847798	1.24770817305161	1.743404655949063	3.547850110593977	4.166079045960377	6.891615072081224	
0.1191653535160506	0.14574436181913514	0.40148575425027583	0.8899730793067145	1.3748832769962993	2.01559578031406	3.4919118378777885	4.863680682636076	6.6306299230060555	
0.10519300044439509	0.13504494084669366	0.44219920912964156	0.8731271978913153	1.6343880339287578	2.347810041754194	3.280625178167869	4.215558873857367	6.396060829667966	
0.08670907402965383	0.16602375458727395	0.3720264186473325	1.0454600420319082	1.328137803079739	2.327148302081041	2.352310625798823	4.180893951911486	5.767828649575573	
0.08719956140779073	0.1496445097086081	0.37107813534879974	1.0848604344293744	1.2743181739498024	1.7167277203020277	2.580131876823075	4.9128158939151625	6.4471803722487415	
0.08612585031869843	0.14543161563395374	0.4046718369647445	1.0156681347582466	1.3332662675932196	2.0759147902185298	3.8421778437498326	4.747489945937616	5.379085739890836	
0.1206976644999581	0.16034506218473712	0.4057084781069256	0.9914428541742932	1.3427352994868758	2.2024423269310325	3.2190747694451347	4.244477732608369	5.863894356304674	
0.09857830662936533	0.16996548117808932	0.37570474784099483	0.9723708128607245	1.6469663876255372	2.149624108698687	4.11815155669111	4.414788902122608	7.070158798820295	
