8	41
1	1	1	1	1	1	1	0	1	0	
0.0935380973492566	0.13425400145130215	0.4449599271681622	0.5694379462570912	0.9879107799527674	1.2409407578332312	2.0809677545559637	4.862546299522732	
0.11247524604607191	0.16341969163825115	0.38671829404649205	0.5716544781879611	0.853699492715079	1.4685566659495946	2.3204980449946913	5.516313968712052	
0.10392937325436108	0.13548919743326698	0.35206623138574417	0.6237049550089084	0.9130949241643008	1.4633335861856724	2.2262036991545138	4.771031339720307	
0.11667941697964235	0.16351632441320185	0.3598783649123495	0.608894655042938	0.8286017300390688	1.3166304574118348	2.0284949957251266	4.033383092067255	
0.09780350821651601	0.13909214687721747	0.3879228635457984	0.5911528857030172	0.9984946911739022	1.3298522959438728	2.11043482358849	4.643073562539279	
0.11076575233416613	0.14678437805955222	0.3398371914592328	0.6407746408811149	0.8088011791021008	1.445863365785962	2.218627488340439	4.216164288665056	
0.09365810955943454	0.14632780910843224	0.39414686517501785	0.6548495000019219	0.9765445706923812	1.3074641293073905	2.0094483900503577	4.078823221941407	
0.09793421310053071	0.161760652115114	0.3269490952960914	0.46079097522569346	0.9244146196092144	1.23471702103602	2.1028043494426942	4.024423490204363	
0.09437633813711054	0.16299102066631235	0.37195012040594166	0.5098206345206311	0.9014332535652543	1.3374099590434416	2.271214834436213	4.101485220818022	
0.10278865636689796	0.16172989473080818	0.41202617949760406	0.6769528779117676	0.9052097003193638	1.47608522760443	2.306637027631333	4.305859599965858	
0.09131826696651474	0.14736203102552056	0.39399745628559857	0.49978961284467877	0.8257661458624158	1.382251238042267	2.145652091166273	4.466015700316464	
0.0781970067089659	0.17650736859475205	0.4005328161389287	0.5947290459492808	0.8941655278439834	1.519499955789223	1.9449286025471513	4.306327725524841	
0.10307871117068251	0.13254106223948908	0.3736514264594205	0.5988365081120778	1.1573597394030406	1.6280929129899968	2.2264108883223552	4.62142917439614	
0.10166909094352994	0.15222218383333483	0.38448458654183204	0.5229158525549891	1.133337394164229	1.3286296167788458	2.1932652800367487	4.292779855616603	
0.10421180978307541	0.16269104234460272	0.32624373679735325	0.6381555573479366	0.8690611890699833	1.2164642901802243	1.8821399869341857	3.2335869910951693	
0.08815435865991755	0.1378401698529527	0.44242769320387015	0.6937544270168056	0.9723491047292314	1.4470150111627422	2.355138394063331	3.586903468954504	
0.1019772419615574	0.1404177878390837	0.338934582704726	0.6044855474099501	0.7807477507836406	1.1986857713010277	2.040677643529098	4.584547362187158	
0.08286519553453196	0.14986149399541818	0.35524111689881444	0.5779833382488279	1.1023632421768081	1.4831521288942782	2.3917969456898747	4.379797111240395	
0.09436771931624931	0.13619790701613552	0.43842216251424376	0.6072665322657486	0.9839511242540597	1.379644217054898	2.7057710106015223	4.899329274047809	
0.10828717944005964	0.13862776627820322	0.4088317443455912	0.5227294339184665	0.9047032048748138	1.0882961257240906	2.737074895451177	3.5538588448234782	
0.10690720247469201	0.16935193973065582	0.4353907865748808	0.5779831150585072	0.7452396934427575	1.1530149645311962	2.37468685663298	4.319908849941935	
0.10676198238907997	0.1432962614304305	0.2944690021803757	0.7575578008237395	0.8381800295140442	1.4237345354892335	2.051558925034763	5.044587329224511	
0.09181467370053363	0.14370529923344835	0.3581729260051216	0.5274997883406616	0.8685006393318639	1.2838121003976246	2.411961453967532	5.154042978657318	
0.10847006299726954	0.16567264024713066	0.3390608139739292	0.5568003769847917	1.107321527455355	1.4171774854285355	2.1786734332064457	4.366571339979142	
0.1032777531819866	0.16205472661212034	0.3085496540240408	0.7041673651186987	1.0017355824934877	1.561797045446126	2.3417438602606326	4.888526011909111	
0.1159547694090814	0.14682493504642788	0.31996365676111416	0.470149183416296	1.1121182498498057	1.3799376009949844	2.0986438948229282	4.7269482023068266	
0.0795781408990558	0.15484063449512264	0.349282226638965	0.5703036652939781	0.9973485796233235	1.5070020043799905	2.3741535683634623	4.238154060353576	
0.12034168186413186	0.12735310912000383	0.3400740894334835	0.5988235793045464	0.9925542159674999	1.2755894477364087	2.3559102321726777	5.067308303728035	
0.09266986272272981	0.14014825551379684	0.36256237329346863	0.5494761916885356	0.9976959263123591	1.5231404129707329	2.250308075515936	4.674035188900231	
0.0806331506347238	0.14386030609637668	0.45659117830682394	0.4903654985138953	1.101910360469687	1.5877836250700332	2.6390473728057624	4.296693207738665	
0.11872843303920899	0.1672802898037123	0.3554465604798436	0.4979046939276745	0.8103341672963512	1.5634079679828623	2.1643708705647495	4.912070681829539	
0.09730390235043071	0.1390978011253946	0.3674201762918097	0.5071636075911077	0.8261277312167248	1.34961483586976	1.8833479157122033	4.1113533451377835	
0.09037384038585937	0.16265682920263497	0.3630770665581196	0.6402393018120043	0.7536798678727218	1.2618590086659291	2.3199590121345017	5.400201234121387	
0.10275910468820604	0.14669392568882547	0.3730197584355796	0.6201369701556555	0.8889779031283619	1.4825489443315496	2.4301546729061774	4.5098814310071855	
0.09981145970459988	0.14981539666267912	0.3326278750566075	0.5767562188690308	0.8580262116673597	1.514338486962298	1.8217721570352312	4.60757234502298	
0.10105654293839866	0.16058726187311803	0.3375535490699438	0.5684426880985294	0.9420393621156541	1.5113994234336954	2.195466788628601	5.014051246736413	
0.09968538406145339	0.16120607288403538	0.43436564668714717	0.6600645894643659	0.9290731827338289	1.7175886820213064	2.266716460449852	4.453506174645419	
0.11315067616747837	0.13833040926653498	0.3546476335655747	0.45077014162618745	1.100448387062113	1.2336837793372015	2.487347590894386	5.031632314862032	
0.09517325376105797	0.15103665665204644	0.3927435427748195	0.5409659407738987	0.910777383042414	1.423207879732123	2.2330871901705684	3.906045921610362	
0.10971511089141335	0.14373351709511326	0.3685570635752085	0.6136045922039363	0.8560068335239116	1.5555688977653992	1.7840467429436762	4.622005312622693	
0.09075339179004845	0.16078217597137956	0.377879380634429	0.6224001529214801	0.926213008878571	1.3390841230693664	1.4613976040118999	4.748270641456142	
