8	30
1	1	1	0	1	1	1	0	1	1	
0.08730281249086182	0.1481263441300107	0.4861569851173809	0.9197948882492926	1.593658412129728	2.0245518569860637	4.366277989762359	5.427062267985287	
0.113305289326945	0.12653140408952354	0.4162291454196608	0.9876623620436247	1.5293896490981262	2.283088514494015	3.586903420886827	4.494564956252357	
0.08443784250107289	0.15511506943201087	0.38896068191164695	0.8740683282985943	1.5238929570966422	2.1648879370050405	4.2610730957815655	6.6941387308733	
0.09032803270638667	0.17391100551299557	0.35423563105784367	1.0854318088833	1.3157038223227462	1.8996449265087738	4.922220106898015	6.211497570281374	
0.09731183954167466	0.14480186075842186	0.37038810412625073	0.9486923688088145	1.4790382958644086	2.2132786697065723	4.928278306834515	5.589915089366599	
0.09815536809537184	0.1424323196136882	0.45952857271263764	1.0694449260534686	1.3684078462448146	1.9787635741335208	3.7917668476167803	5.476285643902912	
0.11283292737074135	0.12785029245772758	0.3213777453779956	0.9250545857109197	1.4742053903016896	2.344669097348758	3.75134084427045	6.019895002718022	
0.12553840378892578	0.1551605005735283	0.41223312792727024	0.7287627271731854	1.4122766748522362	1.9450871434854995	5.237110322073633	5.812682974077294	
0.0889222095285866	0.17836381478206806	0.36384722268875214	0.8522231003027116	1.4080564878735795	2.347918405686042	5.014733685135916	5.106574096067741	
0.09643831745093512	0.17563973333115857	0.4528262963325548	0.7957938852148047	1.3895929373314606	2.1897602051553178	3.7966081119251878	6.620803951025377	
0.10027501295100433	0.15458508574779628	0.3385952626639577	0.8487115039226942	1.4035401899729554	2.3275956177608292	4.447716946698467	5.370546809441672	
0.09631949137514673	0.1634827733512184	0.38141255885809183	0.968654225199423	1.3574295481461538	1.9359631105514676	5.042092495963089	4.8655091468282095	
0.112033025957895	0.15358959683459467	0.3962472455727213	1.1430996059432548	1.222277924866295	2.3563659825043772	4.277664808532298	6.817977073928511	
0.10926045510328374	0.16584199641347316	0.3677049795494985	1.1234748608988132	1.2367700229562257	2.3963027474989778	3.6431494829499353	5.684877195316545	
0.10149454911235872	0.15155623281899605	0.5013286843726349	0.962548593443117	1.6008624278965655	2.3248041259361143	4.797744864826472	6.135431409794668	
0.10357843415249127	0.12058815052683912	0.33796956437644615	1.1156150077675646	1.5873116719266573	2.170437186313856	5.214823963857758	5.687375513553647	
0.09657524538574092	0.15871585059870325	0.3732712291010767	0.9625408406214526	1.389143524860076	2.1610720981703424	4.642258732434444	5.513854453623543	
0.09623485025865092	0.1397158849703272	0.41228258432337755	0.9507193662865293	1.4386623796404385	2.3135531133506997	5.223213902545649	7.341805726160658	
0.11083605030236697	0.16451263058658666	0.3765181749252786	0.8353722978695981	1.4833719213696273	1.9953360213189746	4.781435847108366	5.01213459336163	
0.09688723396205229	0.13237246629407326	0.3713804589184572	0.8459867288507573	1.4763867498429315	2.056686762252396	4.454461860348824	5.087635473673406	
0.10558068809619232	0.16966390874341633	0.3867560067474158	1.048185270487125	1.5046173351434942	2.0661744461217353	4.063277579758729	6.992101178359267	
0.08753753995238009	0.13926560460120901	0.3622117380301256	0.8616013088114338	1.3361556075355359	2.0927987493554125	3.791250485058586	6.093452442740958	
0.10277894884479236	0.12155913816673138	0.3622967400805072	0.8510571456192914	1.705390818963697	1.9808833317659196	4.639040850716782	5.681633146896439	
0.11370833338226279	0.15053414745601104	0.3481363435024753	1.0085724445053035	1.5260013527710035	1.889450684129416	4.347106884271375	5.05517533262149	
0.10639853659793104	0.1434898551969645	0.35715244943440755	0.8991165634569191	1.2821257398400234	2.2146852096215164	4.712845951395963	4.415571308242436	
0.09789113990548799	0.17229650333126678	0.3530996162584487	0.9965531456761582	1.320240415659082	2.3021443657828713	4.379450873820575	6.022439234383433	
0.09954608835016117	0.14814291943054064	0.42109722715801656	0.8460038144888126	1.3636257134141092	2.178153233248983	4.661333193337576	6.1965302589564395	
0.09168308041194086	0.12669294969692227	0.3555375238734071	0.9855350335247528	1.3478416440040335	2.455478727177334	4.066881880886031	4.841221170260151	
0.10677772664215988	0.15901300904262544	0.4736674503205979	0.8585415183482275	1.4128404807128914	2.2378210357117867	4.0586128876516865	6.161299772110551	
0.10949956407037559	0.16485377593546588	0.3186837733744841	0.9691720796184384	1.3914405017501568	2.0979905531522722	5.095522901742446	6.846107616540892	
