7	91
1	1	0	0	1	1	1	0	1	1	
0.1130854971817918	0.1381177049044075	0.6966457707295208	1.584248911389614	1.8813585994183648	4.661749459612677	6.2529538200813874	
0.06747970567328414	0.1257774484268334	0.8871445577753064	1.0604697075916896	1.8623189756046563	4.555295352057	5.946909808745239	
0.10302654430644272	0.15673831468093277	0.773589850270896	1.2462666983319926	2.3136937307450904	5.1859486084512065	5.419555170682672	
0.10258905594096956	0.16210624339970842	0.9520926723986035	1.3944264183247996	2.0122602511934664	5.393371142144494	6.057725424916185	
0.10388942031217274	0.15486480121120366	0.8544450881489245	1.4372674063339455	2.080717822106208	4.3469335839740015	6.190175484611259	
0.09084357026764661	0.13192817368794377	0.9767534306177041	1.3539796852541	2.0758216201405015	3.632041551295502	6.57784966930598	
0.10524016211915695	0.16062103177967746	0.9660212826969903	1.213218155622292	2.1992347774060175	4.225889923944773	5.422285736859877	
0.10500048241445721	0.17487763375129017	1.0688805659629397	1.518966737647018	2.1435009457162724	4.403005955586489	5.457297848134064	
0.09730266816293325	0.16362785939382218	1.0995519392783193	1.3132431731041425	1.7210721007955845	4.261106701749463	6.54237246772268	
0.12072277290659071	0.16965061809985207	1.0495315247511892	1.308512869424512	1.973401284686963	3.9042856632302065	5.6007121583247415	
0.10914097783411165	0.1743673078040239	0.9621331062293063	1.3935177027185814	1.9206541642002142	4.4493681797940186	6.121875796590333	
0.08536927927226805	0.1638220939276018	0.8905759983432947	1.5531824652774717	2.1476522081590383	4.633747511799289	5.578830473951216	
0.0965538471418455	0.15963063185042933	0.9177706641693313	1.2719887157553047	2.1739884218362397	4.67355375757728	6.823733115403218	
0.11152553268659471	0.14903046680469198	0.8790978296862252	1.397352899891278	2.0373972959137463	4.727772551566776	6.6249990735693896	
0.1123983435929409	0.143816903212535	0.882381544854487	1.3698835972881156	1.7346120557314757	3.9587344386538867	5.97926819643679	
0.1037927174044397	0.15736759586823817	0.8574140187660403	1.3597712488618323	2.0920566815725157	4.328493345523999	6.412810632398799	
0.08691825890038073	0.13276056592435587	0.9022455175047875	1.2347186704227124	1.7413988900243178	3.8279352781711102	5.854371246930739	
0.10630530816325474	0.15977049801589238	1.0776761352261355	1.4445381118126328	2.200783110150698	4.387316833337245	5.878904120558395	
0.12080545331595212	0.15392027155882548	0.9623895070257534	1.2662486546828737	2.23824078910459	4.796249390695559	6.6661860767627195	
0.10630084524901502	0.14809892657874024	0.9142436319037217	1.4196924629360468	2.1730452143655943	5.07044269836278	6.643583729520724	
0.1075291095372578	0.1804381497070545	0.6829698310992552	1.3642116238713775	2.1475763868904076	4.197496736717563	5.442149565208565	
0.08282840359636794	0.14533007081873606	1.0131445160072903	1.540672896949511	1.9882920744582488	4.599110285339259	6.814559889129654	
0.08479932954654767	0.14761746029441206	0.9566441550452315	1.431432193625261	2.3328861797137397	3.8259782866521603	5.396508803521552	
0.10682041342695997	0.12446663908357478	1.005494409216095	1.4943239963411636	2.3095127440366525	4.288819656258133	6.305903062028071	
0.08827712429849213	0.14378242586300521	0.9333795214458107	1.301478832288362	2.1968929766273657	3.98510674704303	6.161190485901007	
0.11741850304387279	0.13115001542073962	0.927901909186339	1.198631568699544	1.9709148861105603	4.815877127282751	5.741622838925919	
0.10742410138768464	0.15533825038015134	0.9239998007653807	1.2827939989545443	2.2973799669769708	4.636860177803173	5.083175755194388	
0.09035474406716681	0.10846456677672951	0.8029967070156104	1.3851871946740866	1.922991037325246	4.125750031775841	6.834342094545466	
0.11028813324038067	0.13957997718359097	1.003798999999434	1.6037268179652968	2.282987925690937	4.6345173673688524	6.658993846631042	
0.10769517979957413	0.13180358604663883	0.9124293003836761	1.3510541214084848	2.397781799044322	4.238810077146558	5.548689017214094	
0.11026682074471639	0.15389506523897656	1.1263957586087427	1.306699462238677	2.03845027516481	5.004885481842521	5.232539777243387	
0.11319692357925888	0.1318881692672314	0.9867507913786262	1.1664437032154653	2.159702915597487	3.883711279776827	7.155765142206892	
0.08928369487204485	0.13756714486528737	0.9797946139361672	1.3440630590677662	2.300489971759128	4.1800994196003955	5.527229426038467	
0.09972441293919454	0.13174604239559787	0.966862071914076	1.555453688341375	2.268894277598374	4.789476392120215	4.8450868680208	
0.09538352254140943	0.1465940225153443	1.0652640984769908	1.3468730434673857	1.6551270840501149	4.048213721851428	5.6032840695673265	
0.07843517866072347	0.16453053781058813	0.7840290570067896	1.4937810813971883	1.9151347039752449	5.178142965287285	5.834307781333107	
0.09520888345414573	0.15792381669984987	0.836321054939571	1.5123031457668707	2.046441245660154	4.2324291690254725	5.947458773829632	
0.08910329564013329	0.14713662473119998	0.9615721093824026	1.09984997998336	2.3846311188505838	4.8671901585575545	4.887253695260177	
0.07989567704311352	0.1626285993840179	1.001100258491993	1.5190939698207693	1.8432113822470015	5.322889000684567	5.546999479910683	
0.1023947654101825	0.15377668532758257	1.0781425972101542	1.4478989238919555	2.239405891470024	4.465293355145663	5.282040366772981	
0.0768133940356302	0.15048869812190976	0.7986502325821256	1.4800753417898835	2.181981268744593	4.555995163221312	5.368245228322521	
0.11036544076361368	0.1571215664584442	0.8201019201749938	1.7258023045008837	2.104679866719266	3.8995710747035366	5.544988809442903	
0.08491109138433393	0.17039140376530354	1.0304816943951145	1.535745579187301	2.2684955088983627	5.0617539723673675	5.854803472546838	
0.10422662143479056	0.13782162704424003	0.915729284622974	1.4943610357629367	1.4875542928880334	4.2211301509643775	6.09899228386451	
0.09922483934058626	0.14321405511381705	0.9847911303090955	1.328797130631248	1.8872898961028945	5.032694747830299	6.6255891155623186	
0.09400850902397376	0.14896958145469955	1.0086770409242052	1.436296908722497	2.2639946354773395	4.714005057177035	5.808497869707116	
0.10515924002681405	0.1355258456096307	0.9666675115813057	1.4194040351331305	2.0724451071382193	3.9389688587414944	6.078995556575515	
0.10038530277656446	0.13740545306766352	0.7814909207196518	1.1948400606097012	2.0953743072446946	4.637923937739806	7.109982956580575	
0.09954845154949486	0.125619209226323	0.9107566103530969	1.6089451804882098	2.0031989441722318	5.003371609830401	6.105434827820998	
0.10646881554520858	0.17788283997306065	0.7591344566147505	1.5582000981701782	2.1296392596555167	4.072868759990866	5.939619217846136	
0.11690970943151545	0.1700241896963348	0.7439335551092089	1.3199129220397356	2.352722260647414	4.490215164997635	5.989191996073662	
0.0843167354420735	0.13881784736551459	0.8036868655258461	1.193575600634346	1.8795863335695318	4.082356009149147	5.543331918655147	
0.09157870277939575	0.165306841101264	0.8456355889331068	1.6339444109825454	2.0459451863183737	4.697639396887913	6.282685848839321	
0.09102156579207205	0.14507864152488448	0.8832262231645471	1.4832590219319484	2.1222984347751637	4.1632207767238585	6.071434973195586	
0.10339616083129961	0.1777506701781388	0.9363357604169188	1.431431193593621	2.2421057012489007	4.0727689368017135	4.964694239378705	
0.09687897908279179	0.1660814864696661	1.0447203093246882	1.1612479870803984	2.293207088306095	3.5168408991775535	6.275508332899552	
0.10399359312896657	0.12414029955726684	1.023004291311247	1.6793685338846014	2.1365667288344676	4.563449943739633	6.887469721792144	
0.0887366796591202	0.1334838381356566	0.8519373341355143	1.4353027409164718	2.1573994065164332	4.251019376123886	5.8197117531254765	
0.09460431765049247	0.1426229998292908	0.8585275041940915	1.3212571173981913	1.719797075490566	4.3993462075299075	4.826652406669639	
0.10750559118707421	0.1416012323378226	0.9188949091793815	1.3766310225164702	2.097515538300131	5.068518667018523	5.189102152843631	
0.08376683077657515	0.15179058489995947	0.8838831856922434	1.4814262207521842	2.304064106544383	4.002145534545667	6.362033305958889	
0.08978056513080494	0.15111862786407185	0.8149670237057761	1.4488965572783599	2.1455113846017912	4.0036817301272345	5.184953195191353	
0.1075063858409699	0.14320499320982427	1.0241188794876084	1.3522946966350717	2.42996864315813	4.0732247002554764	6.883647934506725	
0.10174371863058063	0.15599695111153067	0.8366257109496683	1.5342777711591025	2.314244548468402	4.354004314113654	4.7196027647995695	
0.08886671434086633	0.1332977900791206	0.9717898120313455	1.3635003754486195	2.054193911001466	4.245159478562362	6.8815741666931745	
0.10045351960829847	0.15296610503374944	0.872396775436267	1.4257616720479709	1.9402267913183786	4.6546761049010685	5.312067853216181	
0.1074421984559916	0.13897571590842359	1.018200531607903	1.7027430788485227	2.150236738977909	5.0902268049643	6.450869369391251	
0.08567217960964207	0.15166391666277762	0.9766114796290978	1.51547329010596	2.188314463069623	4.5743901283472495	6.00305241486914	
0.10133176085993685	0.13164481544551432	0.908032397368983	1.2222236662619512	2.0430100482078952	4.2341375020046	5.607202215797676	
0.08947991842210952	0.1540391591069533	0.900419461568797	1.3698790454273209	1.8473715911833006	4.365962463511354	6.687319679949579	
0.11160806309860341	0.15560268869577668	0.902550680313855	1.509934544722107	2.0065189785420112	4.365336484852478	5.554486534441747	
0.1090836642716409	0.16170008941487454	0.9267745499087227	1.6775690802285508	2.2386906348657534	4.660302395851341	6.149472147924053	
0.08737713182266757	0.13658580252888944	0.9249186703071824	1.423367162535704	2.276798980545244	4.199459800925529	6.042412020453926	
0.10088560131103484	0.15192292622664189	0.9315265500859553	1.2292508773470645	1.6638380303135771	4.076206363886733	5.681326186320657	
0.08821548130949562	0.14916489196688476	1.0313799480973025	1.5338227426561868	2.250261658513926	4.943389832398127	5.445226173401862	
0.09543203730329076	0.15922270294587335	0.8858687091470047	1.3699648119083883	2.5504201112104923	4.5429489350384955	7.058175720120442	
0.08176703333597231	0.14053700543095057	0.9680199420006292	1.4434037589075503	1.7080575534126266	4.396689368742503	7.483810557971221	
0.10246912771830097	0.1590665399999818	0.8701132853829617	1.4647896330776766	2.1473494373794058	5.003466494282509	6.652200532067896	
0.10407516144820741	0.1510644872339182	0.7738429991616682	1.1849043724953443	2.1676108463804664	4.893585350157745	6.799047634173703	
0.0911026124962638	0.12736142109538082	1.0167652012191961	1.3134990773049346	1.8109303224503446	4.277844828846405	5.693340619965453	
0.11320171076307349	0.16298450872022305	0.8614229994430103	1.629907470985514	2.176880559451586	4.977376035882342	6.796307104873327	
0.09737407099930473	0.15856979361190524	0.8921714628076922	1.5630046234544552	2.1694091559178	4.932144998579563	6.914853998291077	
0.10547231831794973	0.1485981021638722	0.9228550074771302	1.0071444596100199	1.9967492212362608	4.919658084150904	6.581928724208901	
0.09265432341899472	0.15246861926608102	0.9123982227466076	1.5286131401554288	2.624852174119368	4.818810860100866	5.5978935272580514	
0.09921580471909328	0.17102892379654097	0.7989930460322592	1.342046753835093	2.3026422453814424	5.082449063942426	6.3653807413641665	
0.09393305084782694	0.15804802951989588	0.9685292273065021	1.4801675126842775	2.1291291594530968	4.523847438683532	5.455500083676745	
0.12480204224997493	0.15235499161015784	0.9810116421377254	1.398838696050747	2.331741720816582	3.915705176297039	4.952636678691501	
0.09969528492575841	0.18081082912676597	1.042373837612201	1.314392160548547	2.260958793144215	4.213804734976248	6.255850012466581	
0.10504393876246038	0.163897186813472	0.7843932761643424	1.249020917593756	2.133752330050434	4.035409498950951	5.334166758009046	
0.10271857379222933	0.13625946653330448	1.1399620908061265	1.3537572638169717	2.0919001018953463	4.633893243232711	5.095226771312552	
0.10508504512165345	0.15512201474750828	0.897514587069874	1.4691716049862682	2.2420807402571534	5.145835820535135	7.500156880788051	
