4	96
0	1	0	0	0	0	1	0	1	1	
0.1587383816672713	2.0635923306138992	4.206661557921415	6.184737674046287	
0.14458045880267645	2.0966071957665076	4.172085470584662	5.846745521067815	
0.14667532071145273	1.9888452357715363	3.2709424270721095	6.077382357899209	
0.17000036857839523	2.1125660346028377	3.961219800630422	6.223122132591783	
0.12563093967998137	2.4181825142144455	4.730298268569815	5.275569622845544	
0.15982214245223084	1.599829721899622	4.999882380182745	5.989335899934472	
0.15383527130129893	2.1414203325447296	4.202114497841305	6.000841761942503	
0.17699857157768886	2.29865894428172	4.553321263732559	6.627692913012913	
0.1378323739843256	2.072918843921548	3.5029317650706515	6.075033619006362	
0.13534186963977313	2.1794766991450634	4.654742430692869	6.153682686551729	
0.14374578769923146	1.7270462086868028	3.8516058958971646	7.296738965802206	
0.11632314954878972	2.2646834597079017	4.5547205608843395	5.864219239778391	
0.14446385747660775	2.1122470090894714	4.799773986388039	7.027523728898528	
0.13152489584669955	2.5404731176669473	3.4896990546195332	5.438712351453179	
0.16699718847993003	1.9066071553754322	4.416269581195922	5.349251889169651	
0.16890067681062607	2.0617883161181756	4.503164448633872	5.6136893744950065	
0.13284649161799592	1.9581699490513311	4.523598247412255	6.070911676329391	
0.1477781328106361	2.1355998927887523	4.241911517980626	5.643209443368566	
0.14288182853341846	1.6920772661871322	5.261713272093421	7.195358858907148	
0.16735808367398766	2.3272221865713596	4.182361140992236	6.319367413850558	
0.1359903950284454	2.244951803989398	5.287126976919556	6.159210521955199	
0.11633596332950953	2.1576196809696944	4.139843886906884	4.981265790861553	
0.16777823286636967	2.347422215438546	4.07393208669365	5.674852730342762	
0.15434093810139285	2.1491174026005355	4.345018626788541	6.222414651519134	
0.1515378421108363	2.212738632119547	4.511661887725439	5.528580715083723	
0.14371736410882305	2.270238483954011	3.814904381925304	6.535860115649507	
0.14603240146268606	2.0006173902042557	4.941420082922628	6.6173242750780865	
0.15592577301150384	2.0299489948259555	4.104937549672168	6.390381186001286	
0.1589929748647581	2.2545788138119685	5.194698840578913	5.8316891917253075	
0.16405966409729333	2.274404502485532	3.955274499186847	5.31606511755233	
0.15458652178135077	1.8668717689974639	5.166684727130352	6.798944075400254	
0.15195948741869808	2.1909640355266014	4.90113057238136	6.627293954287819	
0.15083575132986576	2.2534110489636596	4.349284307116898	5.479289052848407	
0.1538900064952758	2.0259028613814545	5.1073855856579815	6.385402520097893	
0.15653449588624022	1.9895371024046127	4.789680769882581	6.6156069661488965	
0.13632231181671042	2.446733105788279	4.4524526740539745	5.7263853193132475	
0.16272745806855116	1.8212875965313022	4.23716981617341	6.008164964037313	
0.17816085697025	2.5195987451062773	4.593259184713051	5.643828519796571	
0.17425535597770167	2.069949733958878	4.071955255367596	6.526377755791408	
0.17393822094019198	1.9206099670480419	4.796198997877574	7.02923252429343	
0.14656054393530868	1.967490864674333	4.093447052728031	5.4643847221694735	
0.16628764457065037	2.146324824291651	4.287982896830406	6.943498874243125	
0.13471800503749554	2.120118653091362	5.040342322513368	5.923045141546398	
0.18343231695590842	2.2171625889788436	5.079322918077107	5.079180238210304	
0.1535111391770849	1.7507828787229092	4.640487495291125	5.639362880496731	
0.1521508327198867	2.5624530067710642	4.87460147099795	5.748063461453405	
0.18209136648399418	2.0654004299045483	5.112002552951189	7.680169989222071	
0.16706065449370655	1.9017907361908906	4.300123278665358	5.906895343434692	
0.15993162395769997	1.7279250638489436	4.630953878783647	5.805249173060016	
0.15258212692170428	2.058917661449989	4.095513933292095	5.560141686913921	
0.15007856726778268	2.6649189675395863	3.9837582186152916	5.383603365157396	
0.16172644842348657	2.2568769914262745	3.871347793694104	6.259138936599319	
0.15392988690783144	2.512340727012866	5.2257889556648625	5.977534096117021	
0.14088264145166424	1.9724386475648106	3.854987483078248	6.5953785611624625	
0.13418007121101724	2.2496373242471055	4.219399990994837	6.282110780391269	
0.14907939702999815	2.2943401729546973	4.574423732321602	6.397247874796335	
0.180439781799999	2.152874888617619	5.002593150166479	6.242568010563474	
0.17782621096468915	2.049346238270767	4.463654659375241	5.921198205607694	
0.17390696238167183	1.7871698678550136	4.336189108314962	6.496190450960722	
0.13818856868793575	2.0653667789134413	4.47049020054278	5.741875432226195	
0.15716615491139466	2.127240963762795	4.219517143595446	6.423781456822692	
0.14297645700904585	1.9375254338343963	4.342323841011764	6.3745985170079535	
0.162673731475823	2.0550608870276865	3.947943657390189	5.53749656340152	
0.11421785703238016	1.7786551624022344	4.700885379343465	6.326606123333222	
0.1484747869736095	1.994768254804137	4.335270851672205	5.881055648730894	
0.1612788754129071	2.257102547413762	5.308614184354464	6.170922086633388	
0.14659243403878763	2.342151179865881	4.413879785439152	6.854887306145354	
0.1134469972183045	1.8755797616228853	4.075264987369081	6.500038101581728	
0.12286102578393612	1.768562591430776	4.759652596488817	6.659532570365522	
0.13084806938928875	2.199887604208882	3.626195583151963	6.81665396112181	
0.12860260266457768	2.097228917135544	5.103487824750659	6.533264598979328	
0.18349890738870658	2.2269932838418107	4.720259192458456	6.310854558200679	
0.15953389079283295	2.288649172403002	4.5936786262174945	6.555175456706728	
0.13987153624556184	2.1234729642413264	4.197376030400548	5.570845568273162	
0.15837478110716102	1.8042357646887495	4.29370131354559	6.368719922758628	
0.12860591539316674	1.83086555709688	4.5987276956184	5.978635722704407	
0.15546707251912442	2.017500361486386	3.910544427631902	6.443942803406069	
0.16882250655919526	2.239583794633958	4.220932636783875	6.470744267905998	
0.16015076647825707	2.139980127625302	4.482383352336535	6.377002081488968	
0.13791253817768154	2.061704350899409	4.83490895724399	6.870357764277621	
0.17178955218810824	1.9689114951470779	4.673930393640401	6.245661848320518	
0.17026906669871744	2.539577967545191	4.117094393334719	5.826928340107496	
0.15005693189283922	2.4513719084121184	5.171403710633488	6.574621781870925	
0.1544068800997831	1.7962796442446713	4.439892267411026	5.528676814089608	
0.1357052887561041	2.213826810590923	5.104101380298439	6.606670859413397	
0.15601740195538985	2.0362346288941304	4.2561088546817425	4.87236849856183	
0.18397895381505616	2.5313218244949622	4.2838680063440355	6.43676191035269	
0.1551401544047429	1.772644352743615	3.795936842514858	5.328870435279481	
0.1350763095303766	2.343670848675019	4.917972132354368	5.265679320308855	
0.16308604710459998	2.2849913301627085	5.18343269785996	5.38322701953768	
0.1406976451618414	2.3178257847676926	4.840292555042604	6.208458254212761	
0.15997823764276728	2.1157682248743064	4.205868785177695	6.097307935226146	
0.16428869096080934	2.289544708763349	4.1936891514136425	5.2665406860253245	
0.1329953069270583	2.1701088625581346	4.488305106088938	5.8632180009791925	
0.1495225246847026	1.8799037297589454	4.436578044208732	6.8135880864645815	
0.1608418179300389	2.1335359175962587	4.34746709432785	5.348334408893094	
