7	20
1	1	1	0	0	1	0	1	1	1	
0.11470887038425176	0.14266190255470762	0.3743886953334981	1.4824273114276996	3.1640102550569553	4.241695423806535	6.702256729469932	
0.09166503121443247	0.15403065752074344	0.360444635784638	1.3559391866864388	2.862818374543048	3.8523294667889796	5.35124613594089	
0.10318124995774638	0.15314715705071386	0.3295992767647024	1.4821150579919191	3.599882436803429	5.0891793003584676	6.617763094162385	
0.10251141843980023	0.16211352885300334	0.3686172179887837	1.2085104492995942	3.1490358487804144	4.479224503775368	6.123501019641069	
0.08970637074371192	0.15078080707262664	0.33302856769765105	1.3735513564599602	3.4712507601295512	4.634331313599413	7.335880201353369	
0.12069614288810307	0.13313686516502	0.3792783001973338	1.4717156229117685	3.101978357032998	5.110517346083964	6.117944948539154	
0.09762238766396654	0.16444101463025698	0.3883844073960617	1.5288387089695543	3.2522071281430587	4.3522285286174425	6.492671978327019	
0.09456821635426806	0.14809983585118863	0.32865589551559976	1.4958829029409606	3.0728760126570207	4.623713115100717	6.061159915894088	
0.1042059395072377	0.15149951519418417	0.43365805539131147	1.4855469935477068	3.4999070452825256	4.841235589257506	6.506139926543307	
0.1152927792212205	0.15968356739454143	0.3877609354904264	1.400590550816967	3.155606034693438	4.6845505741990605	6.923830281187833	
0.1011445178139575	0.12271756015002892	0.3945067872268196	1.1607891012017766	3.8424890069492483	4.2264755472693	6.074924766953146	
0.0996022317136691	0.14360488751307612	0.4188210621192956	1.499414342507896	2.6278998270707796	3.7098594786873833	6.260765995935545	
0.10019625013799616	0.11597344960179577	0.4376167577044382	1.5984245917986901	3.7256155673559177	4.847537202735367	4.446721504650151	
0.07510380517240704	0.15448914459052807	0.42816462558858925	1.5336556873833553	2.940292148694464	4.227872175964679	5.398954081996681	
0.0961861019884314	0.13488966072926786	0.3692196201227876	1.2972538833447673	3.4080589274951762	4.171737491812996	5.395831300078952	
0.09957845941083543	0.13131500127994383	0.29152629789263057	1.4591047613544812	3.3816519784440957	4.353700616852508	6.41525854297848	
0.10684423374074048	0.1421118641930102	0.39831157204106094	1.4496733287264347	3.0960654806620327	4.5517183731857145	5.795058827420808	
0.07752428842052267	0.12420051922708142	0.37690759341552843	1.4377014859491666	3.514893576246228	4.175167397031067	5.875964826865474	
0.10105709794050116	0.16630565194883398	0.36380243250538885	1.3263388140630428	2.795745685518495	4.6661518035337926	5.982645906987858	
0.09572844233209218	0.13518600287955962	0.38580797896691843	1.6206000146914123	4.014596640443116	5.193414747262583	5.337865700950484	
