6	25
0	1	1	1	0	0	0	1	1	1	
0.17505979906571809	0.40579148526008335	0.6682393962328256	3.0160143080820743	4.336887040386206	5.9122823698789935	
0.1618186438475936	0.41001048057473327	0.6551859893470143	3.0032745504688796	5.12146705141894	5.891322430540641	
0.17469583737939	0.3044542744917329	0.5731873632892519	2.6958254016762586	4.610609939652128	6.479801534212676	
0.11043034002467773	0.40377392866090384	0.641556934038797	3.160611418405147	4.1510850538990915	6.009518625969976	
0.14075841295358024	0.38720672439135223	0.6901813768215003	3.19895126439995	4.364530565639434	6.906701482959196	
0.14123855402831303	0.39155116179467325	0.6268805570318408	3.7636526742529144	4.901949959994137	5.3535172968604625	
0.14300045092607397	0.4057664184421445	0.5419850045588136	3.450814048286578	4.804143105545251	6.081955214448946	
0.17919270418410152	0.35993574165070347	0.598801858495992	3.43371427806284	4.274542857152153	6.35722847050771	
0.1264392598137719	0.4282139273982813	0.5882961109796966	2.9005073291328705	3.4305217686570697	6.329060254858984	
0.14871283609759306	0.410887173138052	0.5728714389499674	3.6957909840470338	4.702704169626407	5.52633811977985	
0.1279992659081597	0.38415403404286186	0.5073901837130504	3.1485290751072728	4.357974965211298	5.289804768292883	
0.14860087916229592	0.41160453111691436	0.6498052407269876	3.191790863301469	4.3643226403798	5.755113288490341	
0.1541270169784381	0.3411484144560352	0.6492647684578875	3.3590463266607937	4.991497925271536	6.849891409477077	
0.17082653788587002	0.40741899283425853	0.5144429661533848	3.492660289290734	4.140009762294193	5.574671594251329	
0.14269155960587213	0.4426237437338004	0.6875684459353847	4.252281539466619	3.9813228148627946	6.63062494980623	
0.17053513973756948	0.39069598382625215	0.6604663301290034	3.1826701174131706	5.266600439800822	5.294798308017265	
0.13797606169447085	0.44782835255762743	0.6804472471231587	2.4539242485985966	3.7640502356725762	6.102650144555	
0.15717498498295304	0.3573529858560711	0.5145836026224069	3.394473039351513	4.700221899877645	5.934969939943069	
0.13455011435004194	0.3920708280895042	0.6426630489355396	3.415052691920063	4.027320067974136	5.239305257802898	
0.12640939573042553	0.3781600805123223	0.6714613809450753	3.235712724189976	4.337946388150902	6.222302755743278	
0.1504896906297365	0.40291364220818515	0.513037184162234	3.5201226873151295	5.1329564693686685	5.882107470484881	
0.1389824907609834	0.3367560730621889	0.6689716468858907	3.7677867318218556	3.7102788843773657	5.73143240100784	
0.13891374224612835	0.38731520920424134	0.4405505499390808	4.2529159890578985	3.51674105708272	6.487543044280052	
0.13955696245173263	0.3835747941060037	0.5273956682792451	2.8393566282888014	5.024129965952018	6.181876538060541	
0.1575410174795914	0.37969932835374837	0.544678468996971	3.472733899801407	4.397928779087075	6.729877116689487	
