9	59
1	1	1	1	0	1	1	1	1	1	
0.11004428257480361	0.1568935229658793	0.42136415862045706	0.6497824052415642	1.4745503635258057	1.9847316050587676	3.5415156596824255	4.406882908135325	6.232971026110718	
0.08154824700765091	0.14711405108325645	0.4084734562110723	0.5909938722465469	1.560446142052456	2.3508336145957123	3.483612869464954	4.689571512192626	6.4019945592083065	
0.0903296794015907	0.13728048782885677	0.3534107321402647	0.516821072698051	1.3076990987068444	2.2730396596987577	2.532502714895022	4.867200562743297	6.891799582480127	
0.10606248738932447	0.15452233115877836	0.38883017407819537	0.6195751578488422	1.5137132010838859	2.0159891315168204	3.5199036219387945	4.696337827534221	6.250845399409529	
0.10330861211366296	0.16179049000152285	0.36969258723263676	0.7073964897683517	1.4807959739209324	2.1595783789221015	3.693673546906291	4.847322316418885	6.285935515098831	
0.10204987185825752	0.15921073698956306	0.473340553292091	0.6204477184757198	1.3168799218910199	1.9806282273783287	2.996069029357583	3.9631864762522007	6.878339044998124	
0.11312895616212496	0.14141124094038085	0.41688072639009277	0.495696685729109	1.3019276861777695	2.1122473395833237	2.8040465403353845	4.644835145190318	5.780536888403243	
0.10241736600111513	0.13934148325412138	0.35808973515948106	0.5952749584050506	1.601188013304284	2.092354941538033	3.1896118875948503	4.70322135787696	5.845186802217057	
0.08884043095284035	0.12863465228154994	0.3740266074942305	0.6159903278914529	1.3436834379907279	2.2095895373570777	2.661332747651458	3.714392517265832	6.569466382488075	
0.09664295009133911	0.15065638181744773	0.3328450930895418	0.6406702261930309	1.4475761123634487	2.323744940079902	3.0512422772993206	4.504439194477205	5.716436754458027	
0.09648440042770084	0.15873622577443477	0.43741729432657445	0.665041614730363	1.1740320430182656	1.5562598693349128	3.1332100838003103	4.60672688679742	6.675548968946677	
0.08949744382802372	0.16954510048185414	0.35072667315104017	0.5402760141762685	1.489623606314179	2.209958100221318	3.249933414986644	4.967495316875599	5.751620699085666	
0.09015846972251951	0.14866031789225048	0.44013746809778875	0.5502453524909671	1.4958349849114623	2.3500472816840676	3.501956803497426	4.385231180894791	6.360668049085973	
0.1181869874437485	0.16233708939637792	0.3195807080189073	0.5299596669811966	1.430318573628867	2.0449254774979315	3.2930935040427243	5.231921425750703	5.7908971448391995	
0.1066557084863683	0.17602291508238152	0.4201356194982761	0.5775923289045917	1.4642901453077393	2.0457068238574254	3.472028025322806	5.098839279120455	6.411289616309748	
0.11441985577623162	0.13086689072278035	0.3357310937355814	0.6196061325433978	1.4228782189705123	2.322920621405442	3.4347588093821124	4.287394490141548	5.535288222701945	
0.09928070339280604	0.13917195582314992	0.4011897107405465	0.5671296678468946	1.6271170483476372	2.510068467336286	3.3043630418424184	3.869898286773749	5.619209848958583	
0.07969095466074175	0.13822316996927428	0.3883369639337407	0.6106275252381624	1.6069108818083913	2.37177022223555	3.869443125796903	3.8517801886099887	5.631806367175489	
0.10095761595962947	0.14704898140788894	0.3900218330065961	0.5965311150648558	1.3563247023023484	2.0621495769235936	3.307314830674671	4.31899586929542	5.5040690710797735	
0.1030345054283351	0.14332526742496643	0.3822885793418394	0.5586577347118447	1.4380488145078028	1.680337025120099	3.6584746776675265	4.5368682665332285	5.96156294712922	
0.1104310767814229	0.13486377537340669	0.3894014775491368	0.5536475914502107	1.5296755996975095	2.01494212430759	2.846644461644247	5.150081199863513	6.567016811173318	
0.08696979007729211	0.1626441166169405	0.34964889940559885	0.6393068497605429	1.3526934187543809	2.1382097612363005	3.519862445599168	4.154455958947663	5.588888941557377	
0.0832805118327658	0.1608856574842252	0.35264001927855854	0.5676694217088422	1.2878017904630568	2.312044334312914	2.7840463779424796	4.021233227737969	5.932153975101343	
0.07102628895875213	0.12642671637575492	0.41543199679869797	0.4962665215993856	1.736307537976919	2.3242152377889598	2.9149144282537933	4.718381108645126	7.551072179832629	
0.09793058142273865	0.1404665973424918	0.44173908889809077	0.5503222434872787	1.637539887956461	2.1727130421900918	3.1737674851104356	4.2730208169106305	5.7513319803842915	
0.08500729882552992	0.15719787705929802	0.4126183359353988	0.6231929272347594	1.437717064524448	2.3298440420816093	3.428350513014924	4.3078158878976405	5.677777039403822	
0.0990982873629535	0.17366755233789372	0.42740971525751636	0.5474866945751725	1.531446369522461	2.238195973979888	2.9835067867265774	5.001521380314008	6.244269029770264	
0.10335647853374397	0.12208625235730261	0.32787680506163436	0.5953232541496005	1.5304582760365617	2.0195488071328587	3.4165871974503728	4.426474700062121	5.186531020918227	
0.09420303299173183	0.1288750062785009	0.3645552653212331	0.6151119696209448	1.5611662083951725	2.0277234119847143	3.0605509703930274	4.768457713754105	6.032777498555747	
0.0977624668937543	0.14449412069045253	0.3920051937466089	0.6580254823317495	1.4025428634544903	2.089434714907373	2.9212843469718046	4.803482907169662	6.608957154388227	
0.09227209091729693	0.14668063159654424	0.34526352041564595	0.7203216453825745	1.3076199105881658	2.038612048669114	3.3904755155486117	3.6322174158479013	5.583165495934865	
0.08600324291374402	0.13578608964147537	0.4360193652516694	0.5427217264109031	1.305260370040745	2.4456672800762145	3.319070979077374	3.9938325041054794	5.66099708846191	
0.10596346669443064	0.12309885266446846	0.4042161141673614	0.5889308187381288	1.4093682559153273	2.4342141156004646	2.9651285817469994	5.101325669825124	6.706347589924945	
0.11843041951887652	0.14779588383917056	0.3867080665048812	0.48230074592469685	1.2994138361805525	2.100629420204906	3.3026502946429366	4.845895170107453	6.694677015151756	
0.10221780789518056	0.14773292951302083	0.34761328146306586	0.7116789414827385	1.3101511246516035	2.1819935912337747	3.1669993469985296	4.404350245036616	5.965978782650851	
0.093981767007807	0.1332480246746586	0.3274655896056533	0.5746982618835915	1.6461874367699376	2.7254564550543274	2.7610661559593974	4.959047525300472	5.861701027912322	
0.08474406885508018	0.16345623493300088	0.36365711624354863	0.599501105615121	1.313620000521032	2.147158405810951	2.9240332518154317	4.813463154354256	6.143154307024813	
0.1048997746785987	0.16224869645379272	0.3932313827521423	0.6048132289509646	1.4983452342839627	2.1131982021442317	2.8980987665010285	4.554611387570368	6.372017483170825	
0.09230539964422545	0.16469443961119803	0.4172545986588638	0.5420206450073634	1.6208725405610906	2.175982917585013	3.748857832459581	3.5593110477413408	6.28366985242771	
0.10251750578695916	0.15105456492571778	0.3149468383041385	0.5666447749211626	1.478814100787838	2.3273879364505783	3.526349322622373	4.077405028776978	6.1127506712720425	
0.09259303674883004	0.13456057703504018	0.3897945451944228	0.547567425537393	1.6388466978358853	2.0758171238390597	2.506353657634571	5.277626064424025	5.4272069787429125	
0.09183977040435509	0.14722584069691777	0.4138490887859696	0.6207076441440819	1.3541257058760254	2.227232032827813	3.105988513406872	4.780177746567675	4.781722898219508	
0.11570943538236729	0.1448812932840921	0.3200815758914625	0.6199771304033151	1.284402499063685	2.236090344601206	3.4367498190025243	5.391458724107411	6.461334563345373	
0.10387062083611072	0.17288799288692167	0.38322609794067997	0.594736505271139	1.31697434188802	1.8950038802604958	2.80209756404287	4.4352017733135725	6.315692285566434	
0.09118047108639943	0.14664275101560714	0.40073224318883943	0.5543707718111975	1.387499273547003	2.0117441432222005	3.3253757402985347	4.53153229750562	5.882853048151543	
0.09376611725516272	0.1584589131998784	0.39337101314454437	0.6180903449132099	1.6430562273079765	2.180240198981648	3.327593933670949	4.302001082385987	5.422847051603665	
0.09656799914247233	0.13273666134054352	0.4321169161867594	0.5959779750199913	1.320367695607825	2.3794466572557016	3.0831476800868813	4.145476338206942	5.669013733214841	
0.1014803916005988	0.133903720943467	0.39374900501247645	0.5521829032706635	1.4961138403664977	2.234991128500048	3.15329095540287	3.691657885290075	6.021080801083675	
0.0856756331593026	0.15861971380722825	0.3931741091200259	0.6307970318128734	1.760055439823647	1.9505068010012354	2.823286601613472	4.849942724828401	6.446595962026559	
0.09532616745172559	0.14957459477339904	0.38982024865978304	0.6136116451831745	1.5076101519864575	2.192832051951438	3.0774149913899507	5.434376446766059	6.181352625108681	
0.10439835805866189	0.15096623513958482	0.33667119784082855	0.6202864687669506	1.5250622840067083	2.166727704677732	3.2459909329239873	3.8166566048942356	6.917589088926114	
0.1078366238717668	0.15418713490612845	0.31170590200764914	0.5156007985323554	1.5076672819916528	2.0602498267643363	3.5943241614207713	4.776766858620492	5.8906457621907595	
0.10109080977657808	0.12516939813926795	0.3911701584811806	0.6202789424083271	1.2569571329576534	2.0342358391764064	3.9127944683323506	4.478651347041703	5.682031802137017	
0.0973414736192152	0.13531090079923633	0.3092755008250616	0.5593417048884217	1.4417851410481743	2.4228459822486657	3.3112958582886014	5.01412560727204	5.469482672632761	
0.10330970523914801	0.15774515453394392	0.45427359946870427	0.5660104170976115	1.4127829687374847	2.419895584250754	3.1162201896820156	5.491272329114974	6.008708917924997	
0.08874998940825435	0.15668996277245817	0.3610876775516102	0.5540739605610272	1.2566192677965315	2.090260658286599	2.9370854537355076	3.851588036438129	5.4623016672083455	
0.10140418828999472	0.14144221863160408	0.38479830332337106	0.6620842478663641	1.430414360693188	2.096966209083805	3.8085365349095994	4.036313094886121	5.917358970735783	
0.09151467180663098	0.15632950103056426	0.35099912225267693	0.6349930106866392	1.485065752362961	2.322027407715159	3.101328834308566	4.338658174968156	5.350620030534619	
0.10994824979447924	0.13710155960799847	0.3976354080449548	0.6776682728405532	1.4631838476621448	1.7080833317902737	3.3671034823896786	4.870620696912178	7.162051977263291	
