7	100
1	1	0	1	0	1	1	1	1	0	
0.09586046971594653	0.13822118923012058	0.6449373238302892	1.3623580063824334	1.9729069889319282	3.066102656436906	5.133036984982114	
0.08460327212798081	0.1652090304587003	0.5957102060422802	1.437500215304918	1.9599513257168972	2.7934530961503836	4.5679304732561565	
0.08076768699732362	0.15811970846147774	0.6866320201595103	1.3094514515959856	2.1823476377096616	3.2737946027178007	3.886585760089766	
0.09844104564126525	0.15351708769070005	0.5857884658863285	1.2723506450265378	1.6948078927642314	2.788544609420077	4.895403722850182	
0.11600680909831403	0.14829429514907214	0.4915394206188654	1.641020586892582	2.351195311561878	3.297655677983923	5.313985988810584	
0.0838227214592163	0.14196926429639894	0.5657360033678215	1.2203009387800263	1.7622749502676498	3.330620958143472	4.683113032092029	
0.09153723923585266	0.1254361999174237	0.6000643285252467	1.3803086758209835	2.250841125839814	3.5159816246027464	4.532172977443134	
0.07867205823764972	0.1343938532064769	0.6556377545991413	1.542892226404441	1.9976239053627667	3.510511533677322	5.034352580837936	
0.10843598395201436	0.13714008219004806	0.4611144332330103	1.571240012462749	2.0438501715656443	3.514284013185898	4.664577795184407	
0.0930109548439447	0.14911186942481064	0.6569616429558649	1.2769552189598534	2.3562593396714693	3.4163246805229166	5.013288979047076	
0.09101019191743924	0.17419619140570766	0.4433536718752003	1.2383171235807782	1.865885489092699	3.363485278673795	4.557089970832441	
0.09943529479690555	0.17193054691925855	0.5867852948783184	1.486090079930323	2.3070180036545613	3.0657724303028338	4.626138713038689	
0.09260040004846132	0.12933289469272263	0.5972989294895703	1.5195975299616205	2.0852137784303446	2.823289693343385	4.218808325414097	
0.09568602536749857	0.15876775061049064	0.6097783053311921	1.6967924186345469	2.2387200694596907	3.603402206934922	4.9646966888106885	
0.10581694547575551	0.13634541176288728	0.4946122371310787	1.5081831399616599	2.108175923574398	2.9423081823282744	4.8984504178428985	
0.10152424755480219	0.14859387950964995	0.5779068043685587	1.5862895681394857	2.4402402817246767	3.18472032526313	4.939987770806654	
0.08701346411872263	0.15425106935424562	0.5841428424382775	1.599382717918738	1.9325851755420806	3.315562620629708	4.061161552337533	
0.107913910013119	0.13254672534144116	0.6220816379437075	1.2091559932085563	2.2689509155808203	3.650447414844591	3.7638854623668765	
0.10497704902370253	0.14526482812790656	0.5347695765463476	1.4598027817900086	2.252466203157733	3.6369130804386667	3.8410110097231627	
0.10284771214823259	0.14404929820467083	0.5798314676415547	1.3883910110161362	2.1698771642083052	3.3847128963349844	5.419142196920436	
0.10344694674533045	0.12576751613077433	0.5219411676764818	1.5253496193688187	2.2016532810523985	3.38081197886913	4.607221844658505	
0.09106942062255513	0.1468929925719285	0.5497229360625755	1.4501757347192545	2.240743502492321	3.7406712731362	4.319199342693369	
0.09908469119792168	0.16254735330460862	0.6090994871711474	1.4878616090075012	2.4523042637222914	3.0014832090063917	4.987263289655025	
0.1079858588849752	0.1410737649897285	0.5665734613138605	1.4383265704620645	1.899611339981362	2.8571087252132896	3.4296995999261317	
0.09030212256179974	0.14440972560602586	0.7352554462139796	1.4299473754234688	2.3254364942729704	2.686522638191802	5.765338354546313	
0.0969926370927476	0.16496739358865053	0.6931745844650672	1.593226677684079	1.8881492935228628	3.332548734860396	3.692749377854623	
0.10161306173158768	0.14305198855269083	0.6606924199844671	1.7353317263813008	2.1225235035713794	2.8642097855428457	5.180870568351878	
0.10367927471731964	0.1550169978799915	0.5560641582531191	1.5657069023199972	1.9859544478144526	3.114402472661799	5.003037656486487	
0.10989406159267262	0.1534752211533146	0.6681540456084228	1.2584588563965848	2.5553571396874517	3.04765345323067	4.667007748800648	
0.09679864693730168	0.14557877212564624	0.6407602732400869	1.347661915332225	2.271365456913883	2.816467910688609	4.380776888793343	
0.08313576371001477	0.1464586428974137	0.576122699829893	1.0254699439975867	1.9312314353998696	2.936734079992454	3.75200652765706	
0.08754034082454952	0.1342694423547785	0.6071368344662939	1.4821733988544492	1.987406709290441	3.740500522783334	4.741684532298001	
0.09416329374685617	0.13217450491063035	0.6235477707273759	1.3925704279915005	2.634608489006621	2.7744617037728623	4.9698417984434515	
0.09758036981284375	0.1441453299376575	0.5814905132860122	1.519943769624893	2.1423392928370637	3.401648962170123	3.12416028765538	
0.08388644265189885	0.1683655183131873	0.6231094244367903	1.3078741156890532	2.1933183843605986	3.2683490977082013	5.219046934585453	
0.09140587317005668	0.15148315946142282	0.6650206421303839	1.2566166882724648	2.2121360923944122	3.118682760174255	3.7388097230618698	
0.0983783883051671	0.14667555824434272	0.47121461910357265	1.2994113169056813	1.8693244725038218	3.202918463705926	4.360803204934092	
0.0856720347554718	0.14680348780328697	0.5849045056725076	1.4835282996135117	2.3205352041756737	3.131345418509932	4.878026975211957	
0.10541209967275428	0.1486183273107255	0.7032998548706314	1.2882423550810036	2.165842004885017	3.2479435014588534	4.412940728380582	
0.1162624566479058	0.16276691263707896	0.50009831873555	1.186475933790392	2.210602486916381	3.543703765588515	4.738888766541348	
0.09479244394919971	0.11513242292835918	0.6473201263667482	1.2461287414368778	2.453024481403111	2.7012892338161203	4.558009490233022	
0.09695037330321715	0.1624205395088111	0.5102180487616772	1.3841262357717643	2.4278800619166665	2.866402726163135	4.270767229270697	
0.0899169357911505	0.13056268997161982	0.47896307299255575	1.4928015904326435	2.0882921134553007	3.008196759054756	4.398931442165372	
0.11819517698747468	0.1416912928211015	0.6457089183327728	1.4404404075677038	2.3506911493084495	3.2800797101090127	3.930950006425663	
0.11301995102685372	0.147438323214718	0.5447113674075178	1.391520997994943	2.2116352137438144	2.878355277620637	4.72933397533574	
0.08857728789214254	0.13069565017313264	0.6644748100188461	1.5127337362832898	1.9287906486732855	3.0588584853423213	4.38949810300834	
0.11402359641555547	0.13517835457556177	0.5275848110357924	1.5061362430278875	2.439766741980375	3.6728751824061288	4.7217922370797005	
0.0951397891206811	0.13267096091473257	0.6595188363860126	1.6269374177768798	1.829124660103849	3.6453347465414265	5.037356903325766	
0.10042967280055126	0.14485887133307515	0.5790481194890106	1.550231804061482	2.086578556963381	3.33280783001963	5.335183992878328	
0.11829712694689852	0.15699482677544696	0.597548505985396	1.7959563557979836	2.352651131414019	4.030992824462491	4.931446624846981	
0.07602735851139601	0.13196597365837198	0.6772217607661825	1.1807480643802166	2.1052404842301375	3.8665714863040073	4.712482958465941	
0.10981524391935885	0.15256130034216822	0.6415126945203337	1.4872020024220731	2.7509471829816303	3.299470361337905	4.443797921271799	
0.09200331091400445	0.14296070951457188	0.6507857630352074	1.4019348048199223	1.878002504587827	3.858076375264799	4.705084034593486	
0.08294734901179296	0.17763515668293098	0.6154811606169972	1.5229459169227797	2.289657559173822	3.2876085841914597	4.491923816808534	
0.09394044504158508	0.13724055661165308	0.6408213195732309	1.5469329346458465	2.101716144437549	3.5274934111808927	4.514662053863911	
0.1086933331050672	0.1719683565074309	0.5422321621870861	1.6335576408001782	2.282019047356459	3.1171179737495684	4.728967686718993	
0.09885366204419549	0.1294695997736942	0.5829733319190128	1.46866406962103	2.0341840878072133	2.3557570676327977	4.4058303990084084	
0.11028809304867333	0.14629444867299657	0.6013338215564087	1.711832857200088	2.239916829983702	2.9882696976204013	4.927568798130457	
0.10166821078251803	0.15017509977866267	0.6123857518570782	1.5578731534099033	2.316619564182273	3.331844297274527	4.538051255243749	
0.09217615547560971	0.16069924157832088	0.5715662518787641	1.2490523748792737	2.3767270189392184	2.3749864988047467	4.776608145980872	
0.09801596079405255	0.15206700402752302	0.7291526624367387	1.4416499935607798	2.017930730370304	3.1948992117884556	5.355673885595908	
0.09999105989071283	0.14211687896473787	0.5884870343526991	1.645684832042403	2.098759196897277	2.929146950214602	4.163532048125356	
0.10062372486359	0.1611663177599216	0.628514561484785	1.763652704162748	1.7603547439700666	2.983920991973382	5.039807390092949	
0.09614094124204406	0.13147681654304083	0.5317914318672705	1.487716155953671	1.8867826376779087	3.5051296780210133	4.554775447887659	
0.0962133462899799	0.12491132735079637	0.5501824503764132	1.518713099675919	1.9826049591604655	3.507992651333474	4.356423793788816	
0.08479792057520934	0.16072248466618222	0.49484582828382273	1.426582584693659	2.196818074904685	3.513855193712865	4.78660847893598	
0.09860397529614735	0.17873381390453355	0.5516438746365687	1.2646098924439955	2.0437883164553106	3.300311170209708	4.355436162807629	
0.07957709659736352	0.13867982473136664	0.5457391087821067	1.4955087022580227	2.23018885628727	3.0483054121256967	4.776332268695303	
0.09657538776208666	0.16066104189552044	0.6133271650381072	1.4289784026956496	2.169785239464548	3.3856542928298734	4.47328851835096	
0.0984078634040961	0.1419617831385784	0.7054111803794034	1.6671929433094195	2.397698334684808	3.239265940989366	3.7741366133330874	
0.09384290332791614	0.14844826504108144	0.646920789830677	1.480471687393859	2.266981492891741	3.5095393044042247	5.240387765592646	
0.09625703990586015	0.1457294361579704	0.5931657856162544	1.5158639596025416	2.286771630980829	3.404852797977639	5.035830962790289	
0.08631461858818447	0.15373305413235597	0.6449260866723397	1.4401690292940885	2.263062033250883	3.258312701405019	4.452569652206545	
0.10451649770037699	0.15921953528383118	0.5954171324542662	1.3826488612215797	2.052934045630951	2.8499002859731206	3.714677375239326	
0.10907174175861684	0.1573010145161359	0.6301237103628653	1.3245530159812138	2.054652073477891	3.3607792607760145	4.210502783119564	
0.12009568820068146	0.16623576166960982	0.5928104978847057	1.358551520442203	2.2732204550943584	2.824827171251283	5.5873344793780255	
0.10347083262898504	0.13100085854497184	0.5750309950892973	1.3777326422536431	1.9475088441978818	3.242780412746029	3.994563881345966	
0.09878981854304351	0.1533248303932383	0.6568472289747119	1.5237278675211192	1.8291110877010466	3.24613036857474	4.902885909434713	
0.10738052044653007	0.14240860207522593	0.7372644755800573	1.5981588205611683	2.3515923491041226	3.1129327185996654	4.4857063616259945	
0.1084561155191348	0.14673806828629202	0.587438096622125	1.2631314807657126	2.04255246224662	3.597289144551236	4.829653861020858	
0.0785892496820701	0.14277080146669954	0.5891240056247661	1.5202602633796483	2.11126871884247	3.337117407729602	3.336477061442886	
0.10313819432695902	0.16132740393772646	0.6140611125939938	1.4196278302719252	2.155724784532323	3.2882007164562155	4.661206924435876	
0.10477287629405095	0.1746661608650976	0.6265950482338037	1.336780833693345	2.1672059295989143	2.667066166977624	4.943804377265545	
0.08747019746636947	0.16154961803275156	0.5331886214141822	1.4213779301894052	1.9618086490412212	3.3109242324160757	5.101928875206186	
0.11159376476922955	0.13028657293506485	0.6231911758020588	1.46204316910015	2.110955807270697	3.0210591953073234	4.438549186909409	
0.12710280921152983	0.16534766842727405	0.5341447524899161	1.5406353945450046	1.8998105015255484	2.9788704714974723	4.557522857770192	
0.09936086334900444	0.16128098589368686	0.6733793105252339	1.6303533487131445	2.1034642372391517	2.962127160228526	5.020832857592515	
0.11093343754260732	0.1303448857931268	0.5607868153535142	1.3602310103708755	2.2585540153610197	3.049330998597263	5.034306979569905	
0.10130350755653045	0.15989294291661604	0.5325556549759155	1.2642090035438769	2.2615326382439465	2.832218284271419	4.7013892200278615	
0.09485237032680445	0.13947699047875325	0.5634992616364288	1.3140855254445043	2.1435233966771414	3.2237965802813493	4.093045539264305	
0.08865820108687662	0.1438382697108859	0.6385366334574998	1.3096321265138462	2.465579246297822	3.683821488192011	4.987920157698823	
0.10827051570972733	0.13252958540225554	0.6337671551481099	1.5298807424408518	2.109926029750981	3.012979253343761	5.52268891668517	
0.10302253880295512	0.14906096055809112	0.5250057540281813	1.4392125254419192	1.7095534377542843	2.704241851767992	3.7582112496746047	
0.08200748556941642	0.16088273618226198	0.6160675173741937	1.6818824286178786	2.162398890597374	3.711701322136834	4.000681337360904	
0.1178685866573332	0.17331910707540307	0.5542635290077971	1.5009882435363813	2.253052914794635	2.4455410202378536	4.668563965504548	
0.09740303848439263	0.16626730522686137	0.6652386129920274	1.415170640916102	2.1390179039463444	3.3314955188679605	4.36659274802874	
0.06990099476433057	0.14347570706347695	0.6317971670319745	1.4870377576490172	2.182345595516814	3.1693430073296476	4.629165575687269	
0.1122865261250652	0.14272163173345637	0.5912923774070034	1.5224846888384216	2.399768649958956	3.1916337368098064	4.551224802741671	
0.10756784500410413	0.15385148981396182	0.5344068435618243	1.404478882849168	2.1626372227127524	2.13071299820988	4.971513471005572	
0.10606319147174009	0.14700241993154292	0.5537640264848838	1.5978460947967346	2.489005065815379	3.138182595446795	4.661905288428758	
