10	89
1	1	1	1	1	1	1	1	1	1	
0.10178064447469111	0.1614835760720816	0.34906285920941926	0.6379488640046457	0.803322907182164	1.5137793821382715	2.3292320701131923	2.793370909253611	4.617347392819864	5.992144569735571	
0.09633563252824805	0.14653789319458868	0.3846922856724484	0.48844562889111554	0.7698791239760079	1.3221932286913198	2.5753772348151163	3.2454823281167497	4.792449124198288	6.4150268844086185	
0.10159255714292906	0.14422319100610442	0.36346738039117776	0.6498048484483169	1.0311221913162238	1.5787972530649927	2.3715329712449518	3.208645581677932	4.371783733100067	4.826799088528345	
0.10079924805180235	0.1358262457123784	0.45422121560672585	0.581961315695132	0.936261764262804	1.4338557520916104	2.0991870521755995	3.471788069874896	4.021736432069636	5.734547125788858	
0.10641808845687084	0.12119341417793339	0.3705892664856658	0.6444234713539494	0.9607856874208712	1.4683289541668902	2.2755556551059666	3.281374230133447	4.92630204607555	5.594678997348957	
0.09732378413534405	0.14492267403233577	0.3543084216857144	0.572571018656306	1.0580256976750733	1.4538020388691182	1.9465392709079277	3.4321819481888722	4.791767367720744	5.850420023741768	
0.09760816823741951	0.16778047430394888	0.3730441883364238	0.5315995222636526	0.9300649893671932	1.4740326005340902	2.387170422016935	2.821299182972432	3.2603290560763534	5.366904503686129	
0.07894429934983976	0.1303549277292183	0.35939541897700017	0.5770260828609527	1.0119199919464312	1.5020451134742105	2.309333198421327	2.966343762051407	5.044081484550012	5.535942274292264	
0.10921732608350065	0.13034289533001883	0.35528909351526633	0.5208512678057369	0.943032288471771	1.3696735026253315	2.2244689639899784	3.485404437501452	4.98994377185784	5.345977083249327	
0.12141202564536387	0.15629169843364382	0.3665187366274826	0.6491183066115563	1.026464556315006	1.3922116655347987	2.462737111801202	3.4485566167213717	4.107335290512286	7.10609144987797	
0.1059230553607976	0.14534668630298445	0.47665262414554516	0.5824465863399042	0.6959747824685393	1.3178571409428457	2.423438021867823	3.354026468306625	4.119128831262982	5.389886520997007	
0.09306983653015595	0.14901018614073844	0.37642370677681747	0.6112308779335806	0.8022406708266036	1.4446730989990486	1.9298546897821072	2.9942964206111586	4.782790087180842	5.2672394845512	
0.09449321533824598	0.11635763141607602	0.3866266573436537	0.6302946216694906	0.9026568228586556	1.51455763372371	2.089852910483838	3.2832831053776745	5.17340779073178	7.204773696772879	
0.10576092660034067	0.14858620942739606	0.4129834378693289	0.5527319282133024	0.9219765345334724	1.4676064417278751	2.2123780784229274	3.222735228274945	4.786416521648784	5.974046848098449	
0.11092775987954569	0.16547234332817906	0.40648078823629935	0.536231375056465	1.0278385266246537	1.6035445218593072	1.9792541704800943	3.583098100551818	5.13942143319715	6.208232045044069	
0.09237466427106047	0.1475053610024845	0.37800811137120677	0.6067321045396336	0.9335987391513378	1.420463562307206	1.7291849853949168	2.600451563856465	4.565951660168341	5.098400044957961	
0.0727001883746909	0.1470161832014742	0.37583383988833774	0.6225546594457313	0.9231282052335488	1.207782431690803	2.3931659478177805	3.3038348353165774	5.0392472796359264	6.033134931824872	
0.11221314458055065	0.15361988685312025	0.4388620743334079	0.6414749713592383	0.8855454395572673	1.4172123417699278	1.8550804988665717	3.905190146754485	4.730742434806813	6.271760501879664	
0.10989913928463674	0.1430399793754376	0.40428622314784246	0.47812838846971534	0.8919000590461353	1.3521573339817878	2.011930618039741	2.843836705825572	4.461389441978869	6.23071909237571	
0.09995704741447392	0.1658802510112306	0.41072305208538795	0.6404264424855699	1.0243609744391482	1.4931924272365429	2.219638311473414	2.5246857298542342	5.491894415397599	6.131810528133213	
0.10149554131174687	0.1359758526641636	0.3758414973226688	0.6266983957980323	0.8948101312805317	1.1986034408230886	1.8225290316000373	3.0025111732525445	4.2191404843985	5.932350097087532	
0.10670714607665784	0.14290818205053987	0.3749817267906899	0.5854561075504879	1.0463845412537858	1.2963800168172432	2.28476284540594	3.0344878510838913	4.508513415246026	6.445183635394505	
0.10009098255124438	0.15244007817223978	0.36126025286551605	0.5823801537800989	0.9646655681488652	1.3132466933865508	1.9393965678873322	3.2251451913746028	3.8065056852694057	6.77124905830369	
0.1175816047161354	0.1522863638318866	0.4238323618962978	0.6162138711343957	1.1016317938912872	1.4543597255310876	2.472048942848738	3.2416172201015225	4.915806822501987	5.525166928612087	
0.10101683012643509	0.14129409153953895	0.33338304580271844	0.5418350124302687	0.7974567148788708	1.4361214982917867	2.0275581955874884	3.4717817116709617	4.343212528856792	6.080860375638464	
0.10808116806163215	0.17134316207287106	0.44298561473249004	0.6118672550980794	1.0066915639528513	1.5034719928737093	2.0903375637153503	3.148903261885625	4.433551924035501	6.1504852155248315	
0.0759217499315386	0.14689252452638996	0.33121587818014736	0.47828687454013935	0.9175473730547159	1.5260568066047313	2.3333587006581062	3.3274877559554925	4.416144281188455	5.82094113394177	
0.09147874540795131	0.15442842470123067	0.3342021742052625	0.6596502320423809	1.0059312869381383	1.5002017039152336	1.926725493014358	3.7638443645404482	4.393639808950939	5.546956261775813	
0.10038140693034583	0.11994347803108787	0.3688324468291686	0.5344116244211603	1.0434347740738232	1.3120804723957626	1.7719431684964482	3.563329771953389	4.977638387726926	5.424049626341769	
0.08782217515127005	0.14758230563047056	0.42156423875182064	0.6028230241045663	0.8554326140268497	1.3646499217275836	1.9199815415439683	3.320659540858387	3.9728849976575207	7.508517536585035	
0.0802197991651386	0.13167875154578546	0.4321221610625535	0.49519665637842697	0.9486854906255239	1.365805335121713	2.2507053398410046	3.30123614629264	4.90586959660931	6.898013916202654	
0.10492490238148394	0.17518018200742705	0.3696686430719563	0.5318537107082966	0.9354994710553034	1.4418993271425014	1.8585206245525712	3.294604030046324	4.72185867077445	6.771897237554986	
0.10561324076829055	0.14063700720144331	0.3918689757940366	0.5950372471652935	1.0470952723241334	1.4441759393732074	2.425898209644428	2.743432972331684	4.752165128790832	5.8887087895019326	
0.08494410589004496	0.12926279500083265	0.3933196152356847	0.6245563741628137	0.9389514605728271	1.1404209212222414	1.8112910617841984	3.0586666934294238	4.485965400706853	6.0510826836863885	
0.11036570670195281	0.14248338234191119	0.33618936841652297	0.499295026282065	1.0017581277587215	1.4910030584952196	2.777827285005387	3.4837398709320695	3.942711335404651	5.541039571512463	
0.12101507567251353	0.14442205504353667	0.41869764732702736	0.6670656040802035	1.0106208837155857	1.2896727305931386	1.9029333741979473	3.0099834101241334	4.548520121922654	5.958145093332121	
0.11264387452644492	0.16598344766698372	0.36996533947981713	0.6327331791919634	0.9778725013445709	1.515168444420612	1.8584863851658024	3.233436149115638	4.324806358039004	6.749165298904568	
0.1299009393074964	0.16621110800706468	0.3833492215797645	0.5482294203832289	1.0195669406807408	1.127716572601441	2.1798697283821205	3.1166466973367517	4.575883143191423	6.0361951010380395	
0.09450858032265294	0.14729231772377863	0.365249290593533	0.5704504567830085	0.8833077459967942	1.5552029964706298	2.307011438583668	2.523255312260859	4.3822296318253	6.203376792803564	
0.08162997400396489	0.14885180797814168	0.4085219521177662	0.5994863220721588	0.8893032935230247	1.614231550709108	2.318530925479365	3.5171124670274203	4.6082748479794855	6.00745519690512	
0.09640258610170369	0.1738119662658635	0.3535427633547991	0.5027070893487712	0.9758260233581746	1.129299369051573	2.0160663391110756	3.5270773843165255	4.4726909459026665	6.687867729877436	
0.09790532370777383	0.16537095454521847	0.3979252867360357	0.5687556411972354	1.0469574873216354	1.4064177515670404	2.1268664351004607	3.886567690096746	4.627340881121242	5.596722621740363	
0.0768214322535728	0.1398046102726469	0.4234661196672789	0.6236350715121194	1.0472460203293297	1.3505893108176743	2.2269374392105066	3.350810310207245	3.75717638395625	5.787204708855888	
0.1040565564346736	0.14265577130505008	0.4032416027609012	0.5893198182791778	0.9060152850408764	1.3279712179165057	2.101331003361018	3.416180880430736	4.380132040680486	5.615603399947844	
0.11059579309367394	0.1418070243353245	0.42364380810171187	0.5826039915972984	0.9437180421159964	1.2924518155174374	2.496914686456841	2.8437482242465553	4.32980376409552	5.556438815279511	
0.09813804828530968	0.16896099214641297	0.3229587394625662	0.5843598463848724	0.8883204358446528	1.3272645354054737	2.0896662332408056	3.1188928157554408	3.9750312305508864	6.8038206607984835	
0.09895131330543602	0.1495676016002217	0.3620791670507839	0.6205948234565254	1.0073932904381135	1.6787131760465563	2.0417957253782144	3.2833586300180464	5.04904073575555	6.26146257780069	
0.10111849191103024	0.16646018269472215	0.3691542458650838	0.7395364980772702	0.8324379161658783	1.4953403109280123	2.2526847834364867	2.6037105314062283	4.521969937071988	6.247760599675614	
0.10396854902277047	0.14139908090359524	0.4251065727076205	0.6483205894823266	0.9471431104224957	1.661174243152987	2.4155886573020022	3.2541160578366584	4.600213224969264	5.509111748647873	
0.10435054908585312	0.15872112213905265	0.4242592465369473	0.6090413775460906	0.8917716182212332	1.4885760121423566	2.1037229927314574	3.439900962666918	4.5978088013535565	6.860964128978138	
0.08805755951554313	0.14065777350257389	0.37690440456143837	0.6693820247617951	0.7912005060579526	1.3837631512993809	2.05373024833941	3.056261847361847	4.908248047773064	6.3217324717168975	
0.09772651322393515	0.19118359303133922	0.4110444298921953	0.47082412343296803	0.9085924841695943	1.4381077749146518	2.3108251615218705	2.475849193038777	4.77057623948452	6.204341400143546	
0.09890135297088418	0.1660127429711231	0.3914014209764564	0.5701965499474817	0.9272838771520583	1.3573493703202566	1.829269217017096	3.8227167824122135	4.123527172602032	6.848016458882635	
0.10920297448469561	0.15655874685760435	0.39119468460149454	0.6760423141597104	0.8971501859996686	1.6084434334317548	2.0012750192525144	3.39716964108615	4.103490835350355	5.284506075472535	
0.09887806695885758	0.14664869466485905	0.33292807093430044	0.5663097857085613	0.9475760371400755	1.7269755199966152	2.0157852893207115	3.496419978067985	4.098452394014597	6.1343072682923365	
0.10850356338855766	0.16899588103015467	0.3598215923840884	0.6514063770156483	0.963147029780224	1.1445771331365586	2.0355789324512106	3.5653546945036787	4.988877727787066	5.549521740860035	
0.10048323973508273	0.19426989302719794	0.38599669964467354	0.5641515714904471	0.9260482433098901	1.3761117504420664	2.1410881013923104	3.2420711417543138	4.182793552598422	6.326739840539673	
0.09818800936964206	0.15979556907228729	0.3926860457309338	0.670588661880956	0.9134605847045834	1.5575657846985438	2.0785824483335267	3.6845616065047517	5.212776586711177	5.620560333974058	
0.07385163882340039	0.1479478157790814	0.33336193860052377	0.6522120965824117	0.8193536717539598	1.4113475275886171	2.1897719038286967	3.1780889225474174	4.58609354397569	6.582536407321394	
0.10489750437387163	0.16003752213978137	0.34024114591769417	0.5619084518147633	0.9241306793887214	1.6556524906974712	2.1534480776915252	3.202167698514726	3.537777232588566	6.202927431910828	
0.11514825270835072	0.1703974810816002	0.43214338454574575	0.5652721748721393	0.6896541788118883	1.2860588766495866	2.139713141516203	3.342147381567967	4.098830327438169	6.4468631697481875	
0.1102399009040122	0.1404377713884059	0.332816186021171	0.6628175511376667	1.038721526139044	1.2796561037732	2.160331090111507	3.215580063233656	4.238295315706461	5.424325897962763	
0.09796641613439089	0.15453252144228294	0.3643191612628867	0.6792799978911209	0.8699397138360174	1.4637826834737209	2.8197756765446154	3.4936097185564097	4.19431956046168	6.380122754234677	
0.096993104333779	0.16250861165658576	0.29846396272622777	0.6761789419345683	0.9914446544068413	1.3209025608115668	1.9257130055255047	2.8837090130248164	4.649212801490428	6.150462275303859	
0.09919604017722183	0.1478593789348859	0.3419327255523827	0.6565961491916087	0.9800207673501546	1.5647394067959577	1.9407859108318442	2.554254843774524	5.2262877133547025	5.894444250508291	
0.08901520413916358	0.17243777899077498	0.4045683463767056	0.5727196617745836	0.9339057400214476	1.2850532170473083	2.1510006363045973	3.0225733923493707	5.012372463767961	5.429897072481613	
0.10250565895438234	0.14705742016161188	0.3339299593732811	0.5748985686206984	0.862345271701081	1.484218544860228	1.9595766218963695	3.236750116630129	4.335065629924988	5.791938637848987	
0.09973134243005749	0.10857005608501287	0.42138834711804873	0.5691506274810036	0.9061177346753351	1.469358028126458	2.2881397577320044	3.5643403212453517	2.9215642276691347	6.814592932464311	
0.10106957670098851	0.16612157760757204	0.38478926167541166	0.6136709607140438	0.8246507691147039	1.2998140136342886	2.5014028254690395	3.2808804386362342	5.085352543093104	5.925019157842565	
0.11875702930381371	0.1485901113579416	0.3526075917943569	0.5493989121261441	1.1376042062805545	1.4388895288019972	1.8234789560480784	3.1833424720951617	4.7585631181983885	6.473724963882921	
0.09886897306527186	0.14206457948971374	0.34608645217907597	0.6225948295709757	0.7074859576203415	1.3194301906794934	2.0304173831270775	3.2696623693453972	4.251885668378638	5.242354672113525	
0.09864988330170393	0.11856736624921362	0.43811762884855243	0.6912728878998504	0.8738248841623067	1.568709837155215	1.9018055522770998	3.095974385811804	4.338430394017929	6.786722139246324	
0.1057817658626509	0.13924464285808488	0.3982165174482895	0.7081075014363111	0.8885077437217812	1.2651675957395825	2.1053311755766266	2.7813499936298394	4.856072659936718	6.289512240903304	
0.09307685676486034	0.1622701282900941	0.44176305161279833	0.5800161055692041	1.0318142650173665	1.5027168370526622	2.324419422008126	3.1352555062517493	4.48044364703151	6.308226871852388	
0.09595222426724587	0.1343173771041846	0.4181413761669895	0.43761761907098834	0.9111495767995701	1.2849550943318542	2.7232606918034494	2.9703554318440974	5.348033927432392	6.106557171534508	
0.08659424561014528	0.14027907829465258	0.4240210227376895	0.6428710814986375	0.9142895338017327	1.4209104490674094	2.354259754021894	2.9061397503573785	4.46936230394379	5.377962606167254	
0.09640611895226717	0.1622347667318693	0.32452220194354936	0.5115413557741748	0.8768633156043769	1.601213620938995	2.26709925262653	2.918603996445383	4.4816660284148115	5.426749596922655	
0.08051072247908386	0.16758898403201145	0.4045902576884832	0.5567373981147371	0.9446756938849875	1.5964636986882146	2.184868284246107	3.213184904072744	4.633224604650952	5.620441958231305	
0.11448482536088614	0.11962450040812339	0.3591791710234388	0.5623426857407177	1.1664981511871313	1.6054646644709791	2.3995875056050076	3.6507682773364927	3.864260664720271	6.161620587787705	
0.09920542094726663	0.1495535340146346	0.4105890951907494	0.6037151717964812	0.964796080888889	1.4806238386784953	1.924577440082231	3.5006371343427727	5.291033725947615	5.988511998119469	
0.09075632167060244	0.15404118938250183	0.4151842842662245	0.6824481519497488	1.065513238027161	1.4690846056269173	2.2029762996295554	3.817608263162117	4.6617352037862	6.4910114087476085	
0.08779329738082449	0.1540715796857819	0.4197260923978454	0.6463503498141919	0.8741757105776617	1.4519639390742438	2.273470329650513	3.255783847649179	3.8301214869362474	6.086628033952421	
0.09948942800294491	0.15111471469164225	0.3623784027313306	0.527637624174567	0.828567543097288	1.3462777888426987	1.9388304678003585	3.3304775591910842	4.793652370736257	6.031854602341606	
0.10041139496414393	0.11354615231029713	0.3248575767813837	0.6367629450868146	0.8882552313038069	1.5191179823695544	2.0871063325297268	3.3056809091125814	5.397574035674036	6.352320396041485	
0.10638888442178827	0.1510149656487112	0.32263166160767587	0.5512572308628013	0.9218358188560049	1.374582725136312	2.1743026483051735	2.648876187366757	4.703233788644736	5.438846936314279	
0.11219508748635668	0.18170009486994354	0.3563512315672034	0.5916507008373629	0.8283356214206694	1.1829388151067854	2.6126359861979154	3.557164667384557	4.376560159582712	6.251473048888052	
0.106020768095625	0.15971370515195438	0.41676750336401497	0.5659119747649846	0.9787858193141105	1.26762129181704	2.379164914622359	3.437054519427216	4.330596799924646	6.460508663060773	
0.116788929943847	0.13356090257946415	0.34291918545125666	0.5003496968515837	0.7630858381915242	1.0901467352899874	2.1708778386229577	3.174517543328109	4.61390087025884	5.68481640519904	
0.08794198418349075	0.15800403650724584	0.38230511236179776	0.6394697009785194	1.0851875450262924	1.4029887605137612	2.838358093495016	3.400637403094281	4.533099116984062	6.251376227131184	
