10	62
1	1	1	1	1	1	1	1	1	1	
0.09694686638155324	0.17407628783286702	0.3858170694822981	0.5507713224766692	0.8739346109203947	1.5380149952968813	1.8901912338958493	3.2289246954907007	3.847833634773095	5.569904459403073	
0.08931123364998456	0.13932434080258663	0.39473414558817876	0.6076815830782311	1.0243673229220531	1.7303249384541524	2.021467296692501	3.2939855159806015	4.597482443358596	6.123926655007946	
0.09670227610148073	0.14657777519181875	0.45482869131795467	0.6061605597155065	1.0545127322723398	1.5732948390707966	2.103983408507376	3.77996096335563	5.038383959005175	6.4187960011916605	
0.08677844745576142	0.15057847207922273	0.3869120701421988	0.5448802106745639	0.9083362520817406	1.3376431814242609	2.1870373739175117	3.0662278341841933	4.564768536509865	5.638079869060158	
0.1065984887782536	0.1298132667253349	0.37097020511805107	0.6538521413034564	1.0500518063135846	1.2954558150625226	2.2644825119578553	3.3803342045458273	3.434756179488153	5.738920728047813	
0.09681232539953694	0.1527906250169696	0.2880495765518332	0.498313492804001	1.036127776934101	1.6252944079930771	2.7027625894782714	2.8125179656889516	4.6128991667562955	6.364162324258211	
0.10698109528969356	0.15020659360169172	0.3608651765953389	0.6447639373697694	0.8969811488910245	1.383322872330885	2.2568392593290754	3.5616858070171062	3.5313181708429595	6.023561852918135	
0.10359946945923092	0.13836269892192135	0.42442352198177474	0.660150804723599	0.7657335853855588	1.3672710856355288	2.2300916213036777	3.614389088397469	4.790037631288546	5.414350360743396	
0.10446419993279257	0.13387971460250797	0.3705513843329775	0.6600833605470684	0.9394973424176122	1.379656459363191	1.8491333528965466	3.3475259080097044	4.2876899102341754	6.24196693133241	
0.11400399423510486	0.17666562748743864	0.3966207024945953	0.625364959878198	1.0860430838028727	1.349905918290715	2.0506399742272388	3.4525058166988223	4.209979068685316	5.66161112466109	
0.10899593703692256	0.15926316831833387	0.3522469252849795	0.5788814286127129	1.0815100602568657	1.267612471868204	1.9897820811431595	3.3308902259260944	3.7565915703762833	6.6832372410387855	
0.11214063822642822	0.1469917650917418	0.38944773105899877	0.5747376686211942	0.9552766896126207	1.5274190046457707	2.190553749513577	3.1092900078047228	5.181099883908835	5.769837997621843	
0.1101638027760728	0.13861871580356291	0.3746876054803011	0.5255549543251662	0.7958586385465093	1.4272736372000097	2.1267704584788434	3.0079183420319295	4.653176586297211	5.31742829236579	
0.08893205248976371	0.1306073972104227	0.34808151982009683	0.5140242554127809	0.9758742718116117	1.676666274407814	1.691170807102706	3.926811923999609	4.6187562284262595	5.44061557141058	
0.07862375164282678	0.12206734637222333	0.39326227342429504	0.6051950573690028	0.8620379038079082	1.3248036060942927	1.494358072525919	3.3187621969651473	4.539819029215067	6.052829157819987	
0.10115918828893491	0.1567328791412809	0.3485306393434627	0.5679160690839978	0.9107625750082231	1.6037654651387288	2.106014790449244	3.304926448658869	3.712334151496269	6.707012914551763	
0.09649407265683824	0.1530933951383983	0.34158837801733033	0.569601444843871	0.9467471911662038	1.2460818909603788	2.1929899964672948	3.624045764057782	4.750137295102828	6.194041144549613	
0.0962592617965014	0.12807128459483452	0.42342260600155723	0.6192571122180222	0.984432955810118	1.5491860378672082	2.078154380181962	3.566110228603859	4.785638461448967	7.3089257539738774	
0.07890504760960038	0.16989950974763005	0.36210173554803077	0.5632765719786029	0.9759345278948592	1.49417114804096	2.0661037077074798	3.105888201162614	4.60355035690185	5.884598416473603	
0.10350345814852413	0.14717093113180107	0.34768687504970075	0.603373816522506	1.1669569117896965	1.6392176327187102	2.1146278577140505	3.6217476178778556	4.203312321332535	6.509025508560962	
0.10282220284978877	0.15186301825186216	0.42977640056601135	0.6063619428370002	0.8930608708847553	1.319251302744105	2.003019418263279	3.1501648053463587	4.941868891693588	5.2766695072829135	
0.09843526273440313	0.150940868652753	0.3411752706869175	0.6151700429018082	0.9166715446684464	1.4553056261495667	2.152540332068532	3.933225625292102	3.416914362616404	6.40341045004153	
0.09646508238299659	0.12901492667463565	0.3569042897162973	0.6939290502137941	0.7571149431230109	1.4353060926544214	2.1326778053997706	3.6074637458323564	4.701091201934608	6.480569533990127	
0.09297210580550204	0.1325550915446341	0.3975635984526289	0.49997546299965034	0.8332326973453977	1.494463349756236	2.2517318983081083	3.530785056452269	4.621048143022323	5.123332941840895	
0.11093794946141672	0.13691237454004035	0.3081967059443747	0.6046549774511036	1.0295426782490107	1.4685421882453353	2.383620536571784	3.7948942673594614	4.796758533049463	6.10474811777244	
0.12377937762253942	0.15643181004863116	0.3606074082174403	0.48622999770160996	0.9468407347004874	1.5644985240072489	2.378841482456322	2.721912715308696	4.067165727631307	6.141129949378729	
0.09274811157806	0.1617625883046969	0.348878849293738	0.6623781209080445	0.8692348916565763	1.5831764148622116	2.1088307777419373	3.9183682166672584	4.752849719082934	5.948495137247489	
0.10336769699489208	0.13881893771641557	0.31171519727529495	0.5982576888838832	0.9455701099205688	1.4628745153174902	2.4893044777880013	3.0791598039202173	3.303474116532609	6.485704729304366	
0.11521387310475073	0.17485741258656226	0.4132358924973655	0.6073166377371447	1.046081146639021	1.3908638688188968	1.7037983221129809	3.027579564622418	3.4991641587763356	5.766514468075801	
0.11460504495659676	0.13632005192267274	0.37197555445483205	0.5917163247213085	0.9703689196433479	1.2826833380812626	1.8993150990221377	2.911502311167253	4.081993442209265	6.664553871315475	
0.10039616698551229	0.1713227528556272	0.3631493976701911	0.6167056186674734	0.873470582931917	1.4299764862233861	2.201673995106155	2.6020275610596464	4.317347242385907	6.54971982827921	
0.11423639245060697	0.155757623236341	0.30014495156139515	0.5670782070696878	1.0588325296821273	1.6534985110694118	2.1385806444850597	3.400809974951398	4.374575408020215	6.272001983136459	
0.08985134173440748	0.17221674019970193	0.4220223279516903	0.6555447362370141	1.0576223080964477	1.5564490611752573	1.9509677915184305	3.388718708926601	4.825137811106398	6.147858946271926	
0.12895028860937416	0.12981883780560716	0.31497353092177105	0.4939060460275493	0.9462186753377803	1.7313311665589985	1.9670112967361886	2.7675638715879263	3.984748349436168	6.6529909144910455	
0.0977043301161103	0.11973108419863358	0.3717797037443682	0.7179898542692389	0.8120425040946561	1.4194949368233198	1.9753985469655397	3.5573957758526467	3.9137560144337398	5.787694281643864	
0.10242541113426518	0.15625669061701017	0.42271532395049805	0.6358238103392498	0.8656566777414906	1.4106435740580006	2.131567694118327	3.58026617683442	4.448905971288726	5.595808889359912	
0.12215141314110056	0.16294833218069052	0.35019261582832323	0.5726913845354066	1.1101341702909022	1.3754198571334255	1.9825386715558093	3.1127303701121143	4.58847063521605	4.5039684025037925	
0.09850161754775794	0.13475050129972038	0.37546143581026714	0.6014932831257855	0.9194180563099213	1.2650798464026307	2.335990591731031	2.9324430143890217	4.507851851400863	5.729346611855165	
0.08956136501710837	0.13728316775862756	0.3183528320281391	0.4899896274806756	0.9045866433792226	1.2378339212675948	1.9186373794002867	3.426584339420109	3.754954107389394	6.262813748540154	
0.1016356089396441	0.15989245696515472	0.42516510539560975	0.496660405620406	0.9810872830920834	1.4412578889202383	2.3500182935598932	3.0142723146389683	4.343416565922032	6.173555422147954	
0.12011835062233961	0.18921086657769914	0.3544992567225054	0.6574022163795409	0.8165288679318308	1.3155626051482416	2.067752081051579	2.9888550554286555	4.673362774579132	5.963324377437936	
0.10011632403434845	0.1473649511376771	0.4341717225289035	0.5036490052811928	0.8870849787375534	1.2858880866344673	2.2762324928564746	3.0228566858473274	4.266915294814751	6.360394736568425	
0.08326698506134678	0.1403274380545692	0.3605524309264174	0.6341893110286627	0.9357839873975399	1.3597460937360195	2.199761829587333	3.6918371853249856	4.012239629785077	5.87971871510029	
0.10500025975098211	0.12127155386635405	0.41282631044963053	0.5794830521416214	0.9946937008754831	1.4435415969554874	1.9664906183039785	3.3025553059643173	5.383108597465245	6.826710539069403	
0.09224691306728955	0.16157346882972734	0.3787085016462583	0.5946342463963662	0.810443835534407	1.326829551074692	1.9498667163976797	3.6006751634501857	4.117971872832398	5.056708591003475	
0.11289867556982214	0.13121990595881147	0.37728188921488026	0.6397365576185579	0.8939329250960973	1.3903226369385486	2.1810406974151455	3.1348390018750814	4.023103209576414	5.801088147281004	
0.0982592422243728	0.12581306182810503	0.4050142577812814	0.5549641913915443	1.0114453062013824	1.5625163719910293	2.0411693462228637	3.1569157789328974	5.288342088878038	5.816275091032256	
0.09761240970671414	0.12911790221733344	0.3268403270047932	0.6244567189026012	0.9839321248295344	1.2777228147550412	2.1887860025173795	3.616775815862702	4.876217886194142	6.325116780334479	
0.10418676553736117	0.1590960337997263	0.4027947920978544	0.5649890387771153	0.9885765080410336	1.5885109287389145	2.151260424394488	3.0084525789832886	3.527434522538432	5.695875666382209	
0.11368351031473474	0.16573189077520675	0.44617077772052516	0.7298232720834608	0.7874513903261848	1.4524775980928257	2.289652761134906	3.094625635760207	4.416877544435928	5.681695095728307	
0.11650486302491357	0.1483623447167088	0.4326199803530276	0.5411714039653217	0.8422214893480081	1.4931144623649655	2.5550353763439873	3.8664931618463725	4.993572427028308	5.601131015887651	
0.10070044160754099	0.16206343887883373	0.3718122195928374	0.5711143008804362	1.0017138493893678	1.2640852865484635	2.35855898296367	3.276102405282114	4.951174200028143	6.1289306286913	
0.08325008538648765	0.15174188047654	0.3419056524593297	0.6297988706203169	1.0934951568740423	1.5822117245923715	2.040189148742361	2.9594753829276232	4.133899273546213	6.167313898465555	
0.09659037100717313	0.12722513905242636	0.4337312864866742	0.6852734346855595	0.7872898914126112	1.4230660178425794	2.305558933704685	2.578106850783088	4.253482891009536	6.057761841302533	
0.08395570207352636	0.13521444815429579	0.3934173797764744	0.6698550210914852	0.9214728975381816	1.7042077188243894	1.9860226922050823	3.6942799638657067	5.045363478030289	5.5437928043376505	
0.08763078219511344	0.15368628997410033	0.3557305296961812	0.6701510362099024	0.9865106233533949	1.3511688344326171	1.935180207859858	3.0827932719581734	4.6474546186208165	4.286214317461594	
0.083198163676881	0.1195341157786135	0.3336574925911775	0.629772913657659	0.6911840998479774	1.5650629268619602	2.0123151266855994	3.1883048473001137	4.879027087275268	6.201832651508679	
0.1051248177065201	0.1333704660179617	0.3632107813969446	0.5566317552993022	0.9616858960658037	1.5270113258536244	2.3179440793516313	3.1604636864113704	3.961624671262495	7.071003685619868	
0.11744013893664246	0.13585675412358766	0.365142178068716	0.6439994742206211	0.8843691334003818	1.4275062347241343	2.234070565713022	3.1663798143817625	4.382526688741553	5.238772772265787	
0.11265927026168383	0.14801572033034824	0.355752260501806	0.5499653947361319	0.9463671999292028	1.2782162554457126	2.234851624508922	2.901866339350507	4.265548904619503	5.108442582814435	
0.10488922775596039	0.152832517343316	0.34723681984146604	0.6251955336958055	0.8561518051717973	1.1459804100372555	2.117523664761738	3.1125328926569353	4.619894338447317	5.5623676902737325	
0.11461323165514814	0.1774524491789499	0.38718823450269374	0.6593740720845374	1.0110310047641595	1.5731116827516864	2.0803240018291578	3.4273321905047616	4.716335277861276	4.810069674588997	
