3	72
0	0	0	0	1	0	1	1	0	0	
0.9711009699565746	2.236904426929762	3.1921759863767036	
0.8669520295264231	2.036807959169348	2.833357743569897	
0.7600942909443748	2.1179553044973454	3.3607857686236895	
0.6392981089553593	1.9585766508184168	3.628746188576862	
0.909354466951318	2.1663586561321595	3.068856924958108	
0.7665786519360608	1.8461454480050636	3.4053479785380136	
0.9891492830500632	1.941058628495247	3.1663514058859112	
0.9387126086809582	2.4143327434830217	3.35024178216395	
0.9919695591800133	2.0298972506248365	3.4714446847981764	
1.1307296903988395	2.310366224507599	2.797338909219645	
0.9985628755377824	2.0282325114723374	3.5197342135166214	
0.8354137653421144	1.8775014231411575	2.6925679695789126	
1.009027202464456	2.586337912236724	3.344355326009493	
0.8921800470711687	2.390239373154848	2.965753816221056	
0.895654665018451	1.8455299904852616	3.449874993182266	
0.9797165801285217	2.156998663339357	2.7674809029173137	
0.9644520213395783	2.2482250655668485	4.086799841556162	
0.9229503187788727	1.9131844888537344	3.3390272966964587	
0.959950172695216	2.081483700202507	3.202246012128131	
0.8146846083488669	2.8613909153623416	3.2404612156273416	
0.9571302231430356	1.721741287556461	3.196157742769501	
0.7645330513793344	1.8998791489227684	3.460400800802824	
0.9289939367572185	1.8222917607788487	4.284837241020999	
1.0342856238380935	2.3293980563098247	2.9650759666672553	
1.024301420115944	2.296802793343806	3.2893930311609427	
0.8617207725218525	2.258459407847295	4.001958848987723	
1.181771642809437	2.39741342664249	2.8719370964768447	
0.8911469794968361	1.7536989030908356	2.938987545965548	
1.021057938175663	2.3337776822144662	2.8188293802600786	
0.9667637741823251	2.0417615970270306	2.912664141256287	
0.84984742894472	2.5919811076434045	3.4031137497802972	
0.9458590728437423	2.377367102022285	2.837819519120838	
0.7719427614161128	1.9664280244023757	2.847851198908314	
0.897355422858066	1.9691439777455007	3.147378765124132	
0.9495025979225672	2.388360341406617	3.69439954760735	
1.0721203344829608	2.4481215574950648	3.0781182674046166	
0.949584197970077	1.8259707099173144	3.996274643751495	
0.8763243225385372	2.2421124695996864	3.5594697502273815	
0.8884823354132141	2.3048630526750298	3.6804263432662774	
0.9701514195546375	2.3357915728008427	3.332431883718729	
0.8628050866867424	2.144740103300298	2.341549811167853	
0.9562935356822109	2.007489738614793	2.9722198349706583	
1.018592271579365	2.3120168430662273	2.904884204245234	
0.8407195608257761	1.5523108660694853	3.2511202988163674	
0.9386370980260367	2.3093442090412664	2.8852917290266733	
0.8517086126538727	2.266739225417056	3.3718905338380587	
1.0462894299421475	2.3319918289823067	2.812614629644992	
0.9818058164932348	2.0628445149666317	3.421072144848748	
0.8820928657523306	2.082174829710248	3.4333895224054922	
0.7820944274280911	1.9804817419347003	3.572098247695212	
0.8026888295861457	1.9580657474787904	3.1368220968959357	
0.8967443149688288	2.2159952166720926	3.50497327226696	
0.7550025309655017	2.104524143149343	3.5006849804016706	
0.9005781573902418	2.0419010160825466	3.071717565760055	
0.9584200226974691	2.4632432528756687	3.507994254815675	
0.9588642628298552	2.3893016981668356	3.397580672644663	
1.0551381536237099	2.005395004634525	2.886096358642349	
1.0110894579668273	2.072173555517348	3.213714680609869	
0.9546873013635969	2.5769576506692875	3.7334360451650612	
0.9926391027350459	1.9478788989211575	3.1599103391765393	
0.8883217151560447	2.1642160759954217	2.8096283842555523	
1.0201924423466868	2.356433494609735	3.153975889810572	
1.0825343582616809	2.393828457257398	2.7668399230999516	
0.9237842452181765	1.9039676462776105	2.735864964748999	
1.0859806948759458	2.1795317057779053	3.3494426440204776	
0.8197847575891498	1.777935793530275	3.6036453413255223	
0.8325138415935329	2.3526830033277655	3.011084886248297	
1.0036193434284584	2.4193183397009017	3.365346071704511	
0.9677504207282721	2.112285675149081	3.597779866507807	
0.8948647101809483	1.855137884002749	3.3423608585076767	
1.0654075870780086	1.9929197401636125	3.387787294065238	
1.1287812480432013	2.3076715996625703	3.823091056635236	
