8	77
1	1	1	1	1	1	1	1	0	0	
0.0858234213280026	0.16418696101224414	0.3270484515263732	0.5598913437275358	0.7497236503906906	1.606782575127378	1.7178505793247187	3.2160823654081314	
0.0942918211205114	0.1497736059299745	0.42302393404495653	0.6241348005622663	0.8372410443382424	1.3626723633047102	1.8132846410324521	2.8188345312640384	
0.09934329738744624	0.14163946610626296	0.34207956189079414	0.5781326954025469	0.8835682622348399	1.7004461622111187	2.2748405573976815	2.831833223945543	
0.08831908915000868	0.15851269115442732	0.4259081246261383	0.5270334626831324	0.9232730737021045	1.2958627893024488	2.068364050774905	3.296242607541365	
0.11149081199526534	0.14491910838665162	0.3516228827982198	0.5945796300765488	0.7715766911629725	1.6623442847096148	2.3801381125447545	3.3261633410803437	
0.08256729922819615	0.13123269074539967	0.3503722089820335	0.6092253771301764	1.0272003987352918	1.455891865037574	2.707488478131163	3.3888265031433678	
0.1008985152406569	0.1531240501438769	0.34653230357870723	0.578446003297426	0.994422276986069	1.4668357983845293	1.8164803297356744	3.3854470481374173	
0.10972314026432294	0.14248558810775694	0.3810369186143731	0.6525632532168013	1.0184557467668465	1.33467872426245	2.123191783375216	3.1605276056975407	
0.10581283782374279	0.14577731912538824	0.38014326468382453	0.6880099007010625	1.0712046266932003	1.3252242728095875	2.0488943694950907	3.462617765167417	
0.10661687671410539	0.1672221722959205	0.44433230955855707	0.4799136249597514	0.9821026042587999	1.2907132936747454	2.2596053754289875	3.9726132116927313	
0.1047013421560431	0.1443937531796476	0.3277054383069783	0.5451434235047212	1.0197690959977008	1.336609998649525	2.3461571013263223	2.8979493255436615	
0.0869274790716057	0.15392449435795905	0.3775153575304801	0.71898566144967	0.8790880178816246	1.2643554470605933	1.8107114968652718	3.4865046830945388	
0.09774365886782374	0.16284513486126248	0.3902290418502078	0.49914658521760696	0.8140009628045113	1.1624198093460554	2.0424810538069775	3.6289705077115273	
0.09509080007199869	0.12968759264526733	0.3261299277810163	0.5842476892347902	1.0847731633641335	1.2279015602241508	2.7169452695175274	3.133412219045156	
0.08334250480945851	0.16826632509779785	0.38078064040296505	0.5894438856700653	1.0277030805164884	1.4939020926841824	1.999612492630093	3.940486567616823	
0.10103122357864486	0.1272269543947897	0.3478829299498005	0.6476831452790078	0.9201437116964365	1.4353059179026517	1.8280407873418918	3.280963200732437	
0.11215427434251679	0.13252775854361776	0.38613320383745153	0.5465412714804486	0.8570392078761894	1.648582794434465	2.2824032006761965	3.541074183572082	
0.10832547827631683	0.1647061853798893	0.41206617097763887	0.6274248279368843	0.9177648222513857	1.314627469284557	2.199878859150358	3.2376307518166176	
0.11149034865311164	0.15694396759577312	0.4090672462647249	0.4948145636906817	0.9757725453364282	1.271131943466316	1.7305921093275256	3.1493948968211605	
0.09116542205179996	0.16535648541149658	0.42522091394496137	0.6166699011750837	0.988028654095658	1.294097705646483	2.2895023893811484	3.589294779051027	
0.10292085735446688	0.16519924440125328	0.4130612898606165	0.6653264675199763	0.9303404776945963	1.5500243763640684	2.1616976600423414	3.135187073408567	
0.09335396729709823	0.16636828174129786	0.3142288077705933	0.5465727499783332	0.881042233257235	1.183826634095611	2.2038667130082863	3.067540445104245	
0.08846284466461218	0.13983451182478013	0.3643140432687803	0.7605583618106794	1.030680816759473	1.56848860405742	2.2065629431629468	3.528139406731439	
0.10627986390597054	0.16514043833482697	0.426702978420634	0.5780636535486887	0.9185520176619674	1.1877693446362694	2.2035817925143264	2.780812420502196	
0.09078016179863527	0.1345766146017592	0.4156751811985084	0.6328343600910135	0.8695198939000207	1.4758367339484084	2.463365664768306	2.8249615737907052	
0.09268841038441773	0.1753928429493006	0.36008930100499503	0.5603325956797289	0.848187783537028	1.333590006293798	2.153375653512661	3.3233260476509257	
0.08830862496724519	0.1402541064556746	0.4043901532863704	0.5956179066602232	0.879051322967856	1.5751888927131052	2.451792519908238	3.5944196488549505	
0.09130049203194986	0.1555790728306314	0.361322712304347	0.652195120025472	0.8374308225977961	1.5163885639894878	2.3494474240276766	2.8738667103703976	
0.08484389292348807	0.13698736950799079	0.4231135421104951	0.5307546659849531	0.9917901793970355	1.6867752679765342	1.8571851698891608	3.2641349158751862	
0.08409719859874963	0.13201471927296946	0.3985344160688691	0.617058260142945	0.9497257820556252	1.4307667836059403	2.411139767776722	3.598248315194536	
0.09322044804932275	0.13344764666940986	0.3797686115717238	0.5897131367615754	1.0358806504988536	1.395846470373981	2.499337214664262	3.154139563779032	
0.0828125854483073	0.15898740741331616	0.3707413274432067	0.5697018702001392	0.8430585685498359	1.5242876319999576	1.9397480768542765	3.593495917211485	
0.0861200790890489	0.15728348304179118	0.363491713795391	0.5797145328191535	0.6623941995690503	1.3208212318550578	1.9226132829276135	3.310307143878604	
0.09588850750864547	0.16395390950914118	0.3980834576239364	0.6597808863946694	1.0415606552995385	1.4499291919182051	2.3041670110759673	3.078917201766099	
0.0931005280496995	0.1698497529966047	0.27384408068351473	0.5631170703900942	0.8539990132114169	1.4913705450403711	2.1639572984677535	3.3494408816754926	
0.1023751577238063	0.1561875230822566	0.36994355111286953	0.6922441081510133	0.9672551392112891	1.3873134301432215	2.424348836730263	3.313027534974761	
0.10762241554601618	0.18148225223834233	0.3042516660246519	0.6189855191501153	1.0399584723725581	1.394191802965847	1.83748388396088	2.9169911882631223	
0.11494359324240261	0.16654594028260247	0.39518098913163235	0.5762705181706589	1.0082166271397535	1.5179114696923746	2.5695778302355827	2.6771777234523677	
0.09312066254308315	0.14704575523426164	0.3811686470363836	0.5792738721278053	1.0741629812228213	1.5420118572383152	1.881424713577955	2.9089567043122533	
0.09733654486815357	0.1404424229587277	0.3845076927798513	0.590762919710704	1.0564248833859584	1.4123094533550475	1.8307787768015586	3.199619645725332	
0.08768774956586978	0.1542619776786632	0.3084494808003489	0.6357015654396388	0.8556319676084138	1.2135857310911458	2.055079174668788	3.1450983726518564	
0.10647357606452697	0.15785276038083187	0.3989270806457011	0.5697913022250464	0.9357530731998488	1.5592533022679156	2.022380566086841	3.2830464396065633	
0.08800501268272072	0.17097080404918688	0.33174518508605705	0.656124269688748	0.9685626161266374	1.2795893344549003	2.2821169047320184	3.3459495422508407	
0.09531998058932488	0.16814360516009516	0.3811644744318192	0.6848248584709017	0.7353032225684789	1.389022270679852	2.287776963611247	3.5178275463305475	
0.08418996026176262	0.17454013918534933	0.30328421229988517	0.5495864271724025	1.0000155351164417	1.3143225750724024	2.4691352021066537	3.3285352661535885	
0.08966635375193355	0.17176319191459752	0.38583657734856286	0.5781013712486249	0.8193821913002158	1.450955966241396	2.1796262295515	2.6989968192865432	
0.08226730427937048	0.14403297350751817	0.3093727142700549	0.6110992577177236	0.8625376352222608	1.2904814293360432	2.159808464647311	3.026623762696936	
0.09516238246229572	0.16377203620483735	0.3966978965901951	0.6162315486483384	0.7702210625874395	1.4930263124011505	2.304856332311177	3.2710260455162836	
0.09964644478165677	0.16119421848622237	0.3322116377012051	0.6205740764826478	1.010087293260217	1.4965651110720857	2.245694631065157	3.437721300308808	
0.09623901108830107	0.14352902886797447	0.36677173438522376	0.5997900327566029	0.8279666322821673	1.308938319813683	2.087061777969279	2.7283882598729337	
0.09619117468428334	0.13558641149905978	0.3491135447706779	0.5339832984585426	0.8591487030313191	1.2774225089005926	2.0308706702736723	3.2750149638877595	
0.10017796436024705	0.14123525188636585	0.3628739437720161	0.6146156072844218	0.988718529850736	1.5639032495925413	1.7059715016257746	2.4819783692647155	
0.09689363829475256	0.15592309506797536	0.3719130669924169	0.6042952796088442	0.9683522441497499	1.4572914361038232	2.2563663417965705	3.7093110635101145	
0.09409115936590605	0.15071403645257667	0.4383242575789388	0.6134529201924769	1.0680547765294481	1.48721461648346	1.9292679170464286	3.115492145484244	
0.10716905886276894	0.15109193422537903	0.34957010479377026	0.6464141440099266	0.8999242451693158	1.375258403409784	1.9458391316055663	3.141019949021815	
0.10880231985174607	0.14340698049594253	0.439263981068444	0.6437553810335962	0.8839269716049609	1.3961830480312307	2.0313883295432498	2.9870168641696915	
0.09615381416840633	0.14022429815386714	0.39007288636728626	0.47614483958373266	1.1246903252875289	1.6596810176525043	2.1393046273937255	3.3146877302082807	
0.1114697002219121	0.15143475048763128	0.3418982632275066	0.6181743889565119	0.8661324094942944	1.5710875948903895	1.9176409083546788	2.9966292954025517	
0.10439209410456865	0.17681238182440154	0.3718620606318537	0.6190087000272431	0.8913211707907738	1.5304765123815016	1.8913408385280066	3.3414167610882677	
0.11548607991811206	0.13840517035490896	0.3771719023357379	0.5447480808271912	0.8734607811592481	1.6182020996693485	2.197082349471484	3.1989107527112575	
0.10316658672161348	0.12008200641246826	0.3063294247206	0.624921872025576	0.9317025606745017	1.2868281420810868	2.2815420646336975	3.153296767810785	
0.09747807619564236	0.14315540513801397	0.3802540331127274	0.5343294631582075	0.8786144276434624	1.377033854119565	1.940773731884984	3.2746477140718477	
0.09840088053532225	0.15478463321612163	0.36390259901175515	0.719625746903643	0.7530387040369312	1.4553339044900953	2.544549041865181	3.239177295662123	
0.097516575793051	0.14676485679384077	0.34396793154877114	0.5676787454840164	0.9684278490685954	1.414594415687086	1.9354393107772832	2.9983080456479385	
0.10155641175456152	0.1499786317088194	0.34281829852140583	0.666041284770733	0.9425230859699755	1.3470812534314618	2.1326649143678775	2.8747903447774843	
0.07952869909405261	0.13691346117258454	0.4075839096236332	0.5357900429565974	1.0115036968045519	1.5417149052632477	1.9602818061770604	3.3558049836550228	
0.10915989899273731	0.13025987369845404	0.3344708933136515	0.6040563573152301	0.9101456943319355	1.4302134101606239	2.114814696907567	3.058386122497545	
0.12035664767127124	0.1590314087059651	0.3616981396291345	0.48825756591236835	0.8123287153218105	1.1187000498549646	1.9862716759525794	3.498800424180131	
0.10292906460571663	0.15224752477676587	0.31177646823065935	0.5716013851310178	0.9971173242111803	1.2341659656075767	1.9931554709289576	2.8414803734869363	
0.10939505712446668	0.1481566995283584	0.34333170270060137	0.7022239210255047	0.8273753862713412	1.2957116128437418	1.8538114116104498	3.286602372287181	
0.11350677008855775	0.15273605266944673	0.3696613237189904	0.6035228810804704	0.9868292279439236	1.1228950145837722	2.2595925253359304	3.2957783401995373	
0.08626936435156138	0.12702774962842586	0.41972644611582927	0.5368546489078702	0.920752779158832	1.5119326438717482	1.8742637876010657	3.773756986133738	
0.1056792449057046	0.13000144674737582	0.4243554802363314	0.6371583178639703	0.8528386439200671	1.5685033126397252	2.243520699580045	2.7142470618858154	
0.0872810102708042	0.16133106796027594	0.41160402737067786	0.6903917296701536	0.9879733927054698	1.2791444355643984	1.950024698406898	3.8285326714088823	
0.11701305213896418	0.1267778143692417	0.3397195168342174	0.5308984893867862	0.8663263839602524	1.5571552996972367	2.3242632928074562	2.9287950983377096	
0.09109296980573227	0.17258670441645865	0.3601591718577823	0.5583109008970971	0.9253105255855156	1.1657513939080688	1.6763033384682395	3.4201967031446503	
0.0844052368978594	0.12450693071728161	0.3523779904461851	0.6071328177056323	0.9849751439681618	1.3193896769974158	2.1161211359710674	3.4453336116152964	
