8	51
1	1	1	0	1	1	0	1	1	1	
0.0982106137907008	0.13082955416964134	0.38665966668542906	0.940650161299071	1.4616650422819533	3.391161182676179	3.82193767131107	6.227154249068876	
0.10236182809559269	0.14668251237615237	0.3319740579587709	0.9008167077747493	1.428239285723999	2.760769019565069	4.1129425788293	5.887687216537923	
0.09486877600418694	0.14679843057098438	0.3073253443611123	0.8255645718507745	1.1986584407396332	3.6277266410475235	4.127373359837488	6.766506303892658	
0.09793165973547853	0.11922721300493609	0.3941885628246432	0.8832472606969992	1.4114084330894006	3.2389217635732983	4.429377889884652	5.072293044825053	
0.10118466035281282	0.14347569794520398	0.3646746383237025	0.9465698284745323	1.5409868844146937	2.7929520967256773	4.030895912129903	5.485804148935683	
0.08737979373025932	0.17578086140330706	0.398381027833344	0.8941212868662799	1.4493346405233642	3.5310846626695183	4.806997664848251	5.349424408863031	
0.11986532169549871	0.14586364114875533	0.38876094375364073	0.9478021910716354	1.3388237516054966	3.648234041653719	4.33543260822664	6.346568887419288	
0.09323750835393106	0.16474794598273926	0.3667988090416238	0.974302841453662	1.4716236645630296	3.4541441582577046	4.746856289927772	6.568280416976259	
0.11191460838715855	0.1730219832965493	0.35874434300871344	0.9686689359205286	1.305934644023366	3.516133986549092	4.519246438308902	5.509067394482443	
0.0999616024165719	0.1579549632606656	0.4099822885768807	0.9663234575796882	1.2473677310789468	3.089853429079949	4.816627159630044	5.443383183410075	
0.09826331037515582	0.17909257778821888	0.36826142373442344	1.104717546563523	1.3781688728366506	3.165917322520311	5.047826698010289	7.369925584546699	
0.09076334989042252	0.13757115183002963	0.3782040768510965	0.9140287743193486	1.2927604528734145	3.2076686545081454	4.895243468792577	6.278302962870214	
0.113144870378385	0.12240425107112404	0.3928392703347763	0.8923110141416497	1.4217161893815462	3.1804427857445328	5.038845905829606	5.052914858395421	
0.11089887934025865	0.1261661314505221	0.3880347355846671	0.7716042867564739	1.7082733869158704	3.0818694539200955	4.279302368992813	6.630895165973513	
0.10056590114514821	0.1480428797618117	0.40599573310708603	1.0460267725984103	1.406286770678382	3.2923387360923977	5.291751948448059	6.305968681629281	
0.08042781282237467	0.1406393605087545	0.41878875028839424	0.8373206849584302	1.4057631941434716	3.3198976801787423	4.381359749334585	5.862920234057713	
0.09038607828366907	0.13428442509405084	0.39254660940641645	0.8066126532846292	1.2894975167644607	3.618852151275945	4.381548150901871	5.706754901243009	
0.09860023442547271	0.15076305815176064	0.3676848999801783	0.8519650985945858	1.5743811240637091	2.9964621186924965	4.290427153444065	6.917000687774029	
0.1017949385416605	0.17757457301920138	0.42505166986790144	0.846923930633679	1.5197799748743286	3.2463759772810925	4.838111212072548	6.332488153660755	
0.08557370697552744	0.17804700467482756	0.3402547370230064	0.8368222859806151	1.2557697693409045	2.681689204288573	4.816763842873056	6.394419761489593	
0.10928520016261928	0.17090761924346115	0.34961235178214306	1.0405558243103585	1.3737937159758304	3.6211733658969507	4.301683670964753	6.052838165829174	
0.10953869217186357	0.17119542648726516	0.34462440573195086	0.8196955764426596	1.45727820568462	3.7421569163563526	4.206703219155472	5.774545356521151	
0.11120518294729023	0.13832047904618336	0.4364177212842772	0.8811282957284153	1.4203133688843612	3.2817920695628904	3.7544613626352676	6.226074676514774	
0.09723409295522281	0.12727540623168163	0.35229844185721515	0.8445732357485013	1.4789143766236343	3.669186287658185	4.589274680047413	7.317692479820102	
0.10073940682632175	0.15037865343308887	0.4304696990490261	0.8737675087434559	1.368404920028307	3.124727930302726	3.60615284340221	5.47108925447028	
0.0947124413464446	0.1371058313074924	0.3979976966943743	0.9483323337961183	1.3295507031341853	3.1647535634536115	4.216067875361898	5.868508266023978	
0.10397538021919753	0.14624350706346134	0.30405066417772764	1.0066631278685694	1.317833225743123	2.418712510341135	4.59708469450574	6.445968372351784	
0.09594560555896173	0.13242952647289838	0.42711988780070087	0.8564231996961303	1.3152243069304228	2.699967408183899	4.578044815718348	6.408126253790351	
0.1018379539966101	0.13763476973314673	0.3188774511622574	0.966012151877628	1.5783505946603484	3.4700637472292764	4.1635106281975665	6.643610580187088	
0.10466467601323654	0.16654088557734625	0.4061737045852554	0.9332968071694014	1.3773580371693515	3.124128125758317	4.508437601572506	7.55482235209822	
0.10779995633742082	0.1461613688394981	0.3840771440457973	0.8887319321394022	1.6566262843580482	2.537443615979579	3.4648354722295487	6.546631425364307	
0.11066698614022259	0.1667953124291309	0.3965726511280219	1.0159556654739739	1.334908014275533	2.5707285226683934	4.506244160345595	6.69500656525347	
0.08622816743588058	0.16073647713050845	0.38657940786807515	0.9164971337351606	1.356700451614974	3.3515486014243603	5.418241067625532	5.718781881335652	
0.10349225048320153	0.13793842817682397	0.36950560579345476	0.9900865724359309	1.5164120127215146	3.1111528831301296	5.045427238264459	7.080931818757577	
0.10061566038313562	0.13355731318261502	0.3639226809432962	0.970778525219313	1.1838844965182134	3.560793915785344	5.002640784177713	6.305299859046357	
0.09068635543930435	0.1495607752694718	0.3601772668811198	1.0091183154569103	1.224625687644828	3.4769224762811075	5.2437343645588665	5.882369187639818	
0.10592759961902128	0.1502933350469587	0.42904940934257435	1.075606163162864	1.3641679157156537	3.7254728724873716	3.779939703841175	6.355633891476695	
0.1065841810702115	0.14486280335061114	0.3278313118452227	0.7959466603099494	1.3892509404251245	2.467009686121451	4.223093628318233	6.006811695320599	
0.09776670208911546	0.1612516051365492	0.4703128163358602	1.0491819498758492	1.4210344765859688	3.6283797557845707	4.392971576437323	6.239882150617558	
0.10050159495079108	0.15340303039036174	0.3909758520300129	0.9317051560814228	1.4448559985092768	3.3787553163925947	3.9189098906379654	6.066691258881963	
0.10417362940917835	0.14027022755306043	0.36037281758653966	0.8471516247952212	1.330889052986841	3.132599626416562	4.089156696390192	6.017702127835227	
0.08885672963877465	0.1530960124786615	0.3907538977560414	0.9433616983966688	1.348562710377849	3.226148856763774	4.506658873771987	6.645768613973852	
0.09749074180856197	0.13555512389368043	0.4072181386205132	0.9189682205411815	1.3981221223401115	3.9741359095891	4.212722598100207	5.672341180197469	
0.10387095969753701	0.16974972119914722	0.3904398108844563	0.7346016185660115	1.5230147261438718	3.217554766037378	5.251274171061888	5.363639370215765	
0.10569025338389766	0.16406643891824638	0.4067993406673197	0.7669871968435176	1.5782726709138628	2.519067354362172	3.858954728425082	4.889794427756972	
0.10092545856058868	0.14767838392439436	0.419672831243289	0.9231480819064811	1.3835308117529392	3.1084503938667845	4.242842603632846	6.123490192501684	
0.08423998161782906	0.1266306597432491	0.33995924453489856	1.0786315001680087	1.3739431523711794	3.4729472225580653	4.045073694341451	5.607763642095822	
0.11962858621647482	0.15126815844906252	0.4048778494280586	0.8534793431239789	1.4094043127770837	4.136671966249478	4.6591475539601745	6.08696705557184	
0.09158743226546655	0.14163095116658167	0.3833910140341167	0.950633498814201	1.3588517461584624	3.1994132477565485	3.805119716887017	5.4411287156245844	
0.1120070188053684	0.12320020810117992	0.34711179180302076	1.0447075627213975	1.194666071153633	3.8083413926101755	4.005600428111751	6.386569725297603	
0.10212183824710552	0.15983098213273786	0.43649135611489404	0.7681174085130222	1.4708812543147436	3.4209364362590478	5.416924895394475	6.025328233333212	
