10	34
1	1	1	1	1	1	1	1	1	1	
0.09355479555435725	0.14906031532273853	0.3933708425052272	0.61721464701536	0.8289734416708736	1.4677562085917935	2.0564887310745394	3.380974580523412	4.533385347634954	5.316982358542409	
0.10511710716155787	0.17045602064584417	0.40222364672092537	0.6220854831747696	0.9852088650770019	1.412884833656792	2.019438313173255	3.014530332712874	4.098865621755736	5.801871791798237	
0.07656961917813794	0.1318871090027422	0.39953783687601413	0.6403523768798729	1.01494657258015	1.6599180946629306	2.244398397909408	3.7523904785491085	5.109900164356191	6.116797528420669	
0.08640118559438659	0.1246330933242735	0.34770145104771605	0.6229856498025447	0.8687871157746533	1.4388645013438788	2.2192454995051447	2.8038092266083297	4.705969311067056	6.8759180726210545	
0.1022236318550645	0.15499507385341982	0.36663485053324874	0.5580917747116286	0.8706192682137757	1.5312121643651169	1.9882330909008603	3.2460146799208	4.91335747621151	6.639614449713644	
0.09896105348097006	0.15330274750630932	0.42241158892508474	0.5749623538367551	0.8709862518440017	1.5696057424077083	2.319923060153137	3.5432282107848225	4.233050240655698	6.541276366413767	
0.10581183735989463	0.13725773147402634	0.46003483251120286	0.5545298218298788	0.8456172594692862	1.478741151466897	2.217627276902902	3.0537839681187053	4.052030973611453	7.017950022775532	
0.09760671991138187	0.17507445083057477	0.38049875334758176	0.5840901237084702	0.872294569255071	1.3500674858836086	1.6953919186940667	2.936363189052679	3.6162687530847433	4.7173381751823955	
0.09893614160310552	0.15046359401607198	0.36965510270229024	0.5711525235965746	0.839920367024688	1.6126136178354478	2.605835633621759	2.7810315217842656	4.921446392480569	6.574497693708155	
0.10295643274768336	0.15579193616974482	0.3484494933319908	0.5998237691533934	1.0108851648199264	1.4709465611784096	2.4036865119671793	3.036184883044648	3.5225570981264616	5.636069698459224	
0.10562937110913546	0.1417564675491477	0.3330079632701165	0.7159163850892367	0.9373104687628381	1.5628028115916357	2.0935683634351396	2.643572437034227	4.930865161299683	6.335715779068983	
0.1112113009374207	0.15831470023211344	0.41861870472660667	0.6432136733223236	1.090314324932713	1.4707606770645967	2.459576069166291	2.6771265045556736	4.340549816794958	6.375965740946942	
0.10792512981332908	0.14234165063325	0.43445202648832193	0.6993622634252418	0.7410145620053968	1.5134572817719945	2.1423429801272715	3.776018850929728	3.9486167859245143	5.47117996180087	
0.113683714115128	0.1828192476182489	0.35890314473406465	0.6670825810545032	0.9754745217504815	1.4758936353415992	2.428736314721211	3.1238825610714356	4.744247298857065	5.793882289780645	
0.09796467354012944	0.15405982104909702	0.4045026586145225	0.578619653816166	1.014906192370861	1.5575121783821886	2.5787504801878245	3.278760793769385	3.808346514156409	5.547911019338963	
0.08704307450748966	0.12317212650336425	0.35201920513018325	0.5835870939513719	0.9225930486161115	1.5439772163204128	2.1531343464819783	3.7348510459499256	4.169038354103101	5.193962861616855	
0.09705229073241795	0.16145258783815203	0.377712130591294	0.5598451243687053	0.9121966315746427	1.3416575883923099	2.3292073607994666	2.7159991048757934	4.114369739948804	5.596925424351468	
0.09840457021074361	0.15638386561296158	0.3785079522498522	0.5815366818478508	0.9904922263852812	1.5286565667217369	2.2707448223871824	3.292056442424826	4.636777903540573	5.2797098358697605	
0.08732397458031212	0.1486216313528466	0.3421612333776798	0.5700723258889409	0.982186449846334	1.456274061841694	2.3714331099908477	3.0825535772459394	4.825088879576162	6.229476549179028	
0.09452683504314457	0.14905151196535507	0.36572035519225055	0.7373317026941015	0.8810908176678734	1.4813291154889088	2.167448958338311	3.48388982617678	4.381132731633635	6.262366846417523	
0.11062104261968878	0.15852693501159165	0.44789500957219663	0.5094807854195534	0.9416729808439673	1.5029400655012837	1.9578612663531374	2.909129726047823	5.0495167159133985	6.7611869228556305	
0.11534910350953119	0.15267322487782573	0.38298474824344614	0.5744261824499354	0.8966266722099755	1.5264642999086573	2.036639265878204	3.450034730221406	3.8755119876088417	6.376479408605362	
0.1024388322649906	0.16442040929387555	0.3750226175461542	0.6539020628149488	0.9438493565245558	1.2740211221028834	2.625625634805017	2.994576615104345	4.5141571661133755	6.720091108028746	
0.10981956452938031	0.1645800980391342	0.42451218108407834	0.5951070815600245	0.8524913993045447	1.6478707294258517	2.4658556774448614	3.469122724933735	4.719066854033104	6.467013384083072	
0.10385158331549482	0.13555814322975057	0.3528143905909246	0.6887488466059528	0.6469297702135501	1.7409737982474653	2.0152067724813514	3.2018553867081354	4.574569858642226	5.671371112055645	
0.09139193510543656	0.1393028650746527	0.31316150429775336	0.667136983818431	0.8603356388184554	1.4289813046808728	2.3234964872368913	3.4156929364616424	3.802358491627169	5.601737641830098	
0.08954999885008746	0.16315219059107725	0.4258721074815299	0.5297684547169295	1.1102119122786964	1.352276438039178	2.372323880809451	3.102574906494511	4.843027176302588	6.761882416635798	
0.09783381697709363	0.17171392713479697	0.34429190154413086	0.6175100378577378	0.9308129584364144	1.4937071473789576	1.7889344403126721	3.1452751113841764	4.592847938697551	6.02635289464043	
0.08604734793904492	0.1233749974774086	0.35279464345184	0.6442914636275002	0.9001122044508947	1.5079994946880537	1.875725699792559	3.573763457285716	5.120128181121958	5.858350229895046	
0.07707462651740289	0.13563230140238952	0.37236529756011105	0.6429312990968774	0.9352265810685965	1.258401655367671	2.011750851381327	2.987798872748349	4.789998383007715	5.7185140566559705	
0.08040494435892054	0.16703977984430085	0.4379201871370873	0.5342867107406362	1.0510243595360154	1.4631451089843281	2.30371984504472	3.1108895484647063	4.701877728979314	6.077838546129705	
0.09411258788554382	0.17709775136056707	0.38551116786021217	0.5929893885777969	0.950332186102758	1.806333219674289	2.3533707062466243	3.269672282826445	4.4599984079966415	6.235079639301336	
0.1047876206969536	0.1803815270304538	0.4080869359683023	0.5974338869437831	0.9498039396089113	1.2189233286281187	2.1588340124735748	2.8599770462393885	5.143166097895963	6.050212646697421	
0.1107448174372055	0.15452760334105042	0.38371425002088355	0.6430546851883955	0.7143281664213621	1.5696627683810949	1.8933814233292587	3.6924355434198426	4.8803955184501815	6.31624589151175	
