8	85
1	1	0	1	1	1	1	1	0	1	
0.10459504810183695	0.13631322037098167	0.5996026761473281	0.9607478335793244	1.4623906467606547	2.2530982545917064	3.0240468282175157	5.83623797126892	
0.10193922990932834	0.1686625887901829	0.6459617342834713	0.9689137211180241	1.1821896028721048	2.351303194542155	3.3215198381890434	5.717866081939844	
0.0821938659402117	0.17540225330148673	0.5213357469771714	0.8340499896256923	1.5141566844867824	1.9822695187336739	3.716239611994373	5.569237952266336	
0.10201156594799472	0.1479902322001961	0.5475662620383469	0.9452456193917907	1.3354014863836114	2.209657829796323	3.047718688056287	6.070562075501369	
0.11553574656061552	0.16537664340332003	0.66116269605538	0.9385830300839115	0.9835762137477186	2.327244948115646	3.3548876986179987	5.610623342804214	
0.11287659167332578	0.15996380487197925	0.6168769590426122	0.924682737126582	1.729798853260373	2.178846069244067	2.971460024579944	5.837434966605611	
0.10296128976187209	0.1953784060855339	0.6282360535813484	0.7814927212420002	1.4984104604245836	2.2030551606048348	3.3486663797689533	5.596438931923963	
0.07997930927428858	0.13830196289587968	0.6971958401473968	0.939830894457129	1.4788572034790608	2.1085604990782048	3.514057628778333	6.651118775826171	
0.10397611934721317	0.16467600082154313	0.6196879036427272	0.9265811154328886	1.5212342254480924	2.294986297181493	3.4520311127956145	6.209429435402297	
0.08359388948270416	0.1789052344167982	0.6754927011483242	0.8772184021779627	1.3698369719308043	2.081476053561958	3.5497823715197994	6.882982747448063	
0.11892006695988461	0.1574907039688341	0.5131590458435346	0.8867015614983971	1.5465032182030558	2.316730802414639	3.4762343115665204	5.4827500310557555	
0.09441733767632528	0.15117883853863642	0.5906126464170355	0.9599322491825414	1.4672061374767111	2.2934784606467766	3.566201869271252	6.343338702974611	
0.08545196256692196	0.15130392336023982	0.5024605327589026	0.8297648692872617	1.5324813224093499	1.9627111412173612	2.5460753267555805	5.703944185662696	
0.09611458122760659	0.13910820442616262	0.618721757589382	1.0343800673590822	1.3461356442670533	2.163423414668848	3.0667930375731243	5.424392077910449	
0.11195898830637652	0.16522909513141934	0.6328156735348868	0.8926018942643973	1.3618224066467448	2.184899307466254	3.3894535783548214	4.935440387936335	
0.09873452533012557	0.14247931695877164	0.6506371095919058	1.0069673651229583	1.384173121452649	2.3049625176194537	3.1594714799558226	6.8095290404766775	
0.11338060928724021	0.14519678771579503	0.6281607959846328	0.8309731902265974	1.4126012162295982	2.3720184732966474	3.0353540166676938	6.755040387295711	
0.09779604645675226	0.17140994978585083	0.5964838811636366	1.1195481901648277	1.5157890368705726	2.1075510401805024	2.866102033402025	5.568541727243044	
0.09999667490188104	0.15588938236160518	0.5050333545031649	0.9079792184078587	1.512719123714899	2.5318872484737094	3.297861137926268	5.86529294494018	
0.08607057402275017	0.1524722530725313	0.669860675730524	0.8625997122832755	1.4448939793435185	2.4680634303141233	3.168188587661681	5.973811001277603	
0.09983465729735488	0.12597185086269108	0.6778143793076178	0.9381747221513452	1.5466511216175243	1.911199236192894	3.330342233667172	5.2742808060694735	
0.11919677743076687	0.16218048133922838	0.5682103395751392	0.8103310711105828	1.7014786164563858	2.4492477191377056	2.688376065228675	5.488545963132282	
0.0963747545400557	0.1307593651017997	0.47641601949357765	0.934962057829615	1.2143335047708856	2.278587195904575	3.138660442833912	6.869824312525697	
0.08690306746952686	0.15667445552986264	0.662097403505326	1.0660789071464971	1.6433027106512834	2.4462762932468363	2.786386392071337	6.5331450039189605	
0.1004520924555544	0.15909269994995548	0.6276481305455467	0.9579774404618595	1.7349699258191489	2.041626648824239	3.374949599609188	6.334748156732015	
0.10759224181903769	0.15875450032527197	0.7192463615135429	0.9329752617096259	1.7205685190180802	2.1891659819495475	3.1356805304015776	6.469631470849371	
0.08968932677579934	0.14891700731959817	0.561953379778975	1.049931305567678	1.5956435820093156	1.9768596999830754	2.5096246469689967	5.951376097945309	
0.09574138921446673	0.14022432270715507	0.5826244754338842	1.0333707022738443	1.2883588585440218	2.350758922748139	3.4447503576293217	5.233374975465902	
0.09112508489856212	0.15867035231903207	0.5340283854281959	0.9313809705185947	1.4083745881697223	2.612231893459754	3.569482925094706	6.543139402334976	
0.11150450538225237	0.13532630598290513	0.5132557622764635	0.923170625866989	1.4335002601834024	2.195783154333495	3.040434471384456	5.575739729490859	
0.10439569602739635	0.156371170445772	0.5394030901212796	0.9214264432400133	1.391163633350156	2.2801843744683965	3.1024412857986365	5.698786904464162	
0.09093309391772159	0.13565796614030645	0.6556441421833956	1.0127397987704079	1.5058017855503898	2.046903162892979	3.1954732302771203	7.460297796236622	
0.09723723422135305	0.15954087072479844	0.6291049628579585	0.9887000221841447	1.243663017692819	2.0965877896543397	3.72119754291718	6.284332094653196	
0.07807232950730925	0.1405836671683844	0.5518000656532863	1.1512350251513939	1.1392811697716982	2.39975125619526	3.844669080495589	6.4439871032790785	
0.08551897058642158	0.14028692207325433	0.6405191081792596	1.0354036019548205	1.3837823792809683	2.304128341667887	3.6602453183796944	6.860371248080042	
0.10749742214746638	0.16547281828494356	0.5393104924884655	0.8886626109386477	1.1958064109556485	2.4967333697592626	3.2520042352653267	6.145722747629819	
0.09911597992511482	0.1389351433937746	0.5262424128012024	0.9113783123230991	1.323456048064994	2.22775526521992	3.594354976537961	5.415511493638284	
0.09300604338200842	0.11327461478221988	0.6044343340608134	0.7623944314950013	1.1451384999523577	2.0594405509187257	2.7399569611682675	5.637450361548888	
0.1097901629351054	0.13882309607245602	0.5713046105152133	0.9167021640071032	1.242473893585906	2.499706482407489	3.0560730238509803	5.457032405164067	
0.10626132588505882	0.15194467032174944	0.5991869444669106	0.7808670192482524	1.0612094622804016	2.3715797284519997	2.9312231387262044	6.736615947309809	
0.08677235866004179	0.14846208114211326	0.5966805869898201	0.9168954343082717	1.4579532623764875	1.837091348507999	3.2962138509983894	6.358143313440856	
0.10089247456779112	0.17645511507870018	0.6033861473702478	1.08491447997327	1.6071206264887017	2.1471064843848264	2.830838511777474	6.009710784907073	
0.11538400401164833	0.13924013303839688	0.7101716787281257	0.9472826686197537	1.2385154130568097	2.1071484318795988	3.1929835287152617	6.042370189620782	
0.11335813931079086	0.1410695729452862	0.5447167611767687	0.818983055906504	1.4385491796509493	2.442585930413772	2.4923776593232527	6.042708494070652	
0.10047564260808457	0.14681290692727184	0.5704551454134454	1.023522081304903	1.4748864435330835	1.954613136194553	3.109028756337939	7.4165603940777345	
0.1039814389458793	0.11314162407615122	0.5831858325563045	0.866936059543265	1.3509860225714116	2.067838584936652	3.2609996668919545	6.9149693936433465	
0.10491219559060005	0.16839999193549257	0.4496300751515583	0.9159524896733663	1.1895909512835006	2.0579097677378835	3.506212013342688	6.40239927251337	
0.10165175141995407	0.16849504265438162	0.6739795785432253	1.1244069273617066	1.602402866054554	2.133924435288707	2.997281713706325	5.813196476702083	
0.10475142872545762	0.14354268483331825	0.5157427267162985	1.0563990330299624	1.2748104533509006	2.011697621380836	2.98134583711364	5.727526350140619	
0.10929441894164785	0.13826716046586365	0.5126692030822941	1.0418221896970103	1.4330064393476523	2.1631851578993015	3.565288795731283	6.194775204127035	
0.12248327157841657	0.1473516118796713	0.728645111941142	0.727881799605481	1.5957180749586233	2.386327288009319	3.567690164684552	6.099456450657099	
0.09406313989226452	0.15535169550577552	0.6490797437268402	0.8221599725821955	1.4812064180669833	2.282474495186258	3.470288766942639	5.603207382076934	
0.10416117823397153	0.1568343250208129	0.5826299818032002	0.9615231420100834	1.6309116580304954	2.0923542716281474	3.564174988817126	6.643149017176955	
0.10180094755231639	0.14687972102834956	0.49063668826641094	0.6868907469655262	1.4425495451896513	2.2567087011064104	3.517934424799993	5.0019405888504	
0.09291748470805411	0.16790357188294525	0.6849439560128933	0.8999060448337665	1.3655721760472799	2.060758181989997	3.1172223895964972	5.7334484925548335	
0.10031031363673526	0.16301896646686442	0.6213810785626014	0.8926996597130624	1.5905913639383944	2.063535617772142	3.5940130699348645	5.131983497839736	
0.09971478998501843	0.14337265462130033	0.6806494964141302	0.935971572035039	1.5075822969846704	2.188924882490774	2.935360962460817	5.780780070914972	
0.09680574787679191	0.12999335997917197	0.510538956657887	0.8252736620478642	1.4962257456545107	2.4196530798715243	3.5734606256680683	5.446204810240651	
0.11480704231868005	0.17904642104635857	0.5721481574864614	0.9353473226655901	1.3824809947168646	1.9719528338588694	3.265064762116002	4.466175231751353	
0.11929812684453833	0.15561899426140016	0.587469630607559	0.8683474425071228	1.4404088879445693	2.051618374464603	2.857702854445416	5.9416434477395015	
0.09055414899176195	0.11390019872369757	0.7006453934684597	0.9523332260945805	1.2437137151098874	2.51380480331903	3.2505106648407636	5.3825496749687645	
0.11362019997614795	0.13995874539320952	0.6512348115655459	0.9594789961106789	1.3310401915180847	2.2921830706612005	2.820529677230789	5.175868875462312	
0.0852319552079338	0.16721633703890873	0.5706547023447192	0.964106996728164	1.354779305429479	2.114770462314423	3.1981331502641965	5.435492396540646	
0.0952143632282072	0.14343894884490116	0.5306322831820149	0.8370392660737727	1.352565363231349	1.856742539568041	3.4863855770239622	5.4364632966251545	
0.10911106512761844	0.13430739056676436	0.6744763427692432	1.016020218495173	1.256849586338207	2.1883303955948104	3.2858273533922295	5.012356792204763	
0.08819963356397033	0.1233351437428793	0.6549437713839062	1.0421180592352721	1.6963569390024633	2.09684661584378	3.5561878676911953	5.83411839087589	
0.1059189611306965	0.1424731622672104	0.5451244822519861	1.0687370350491716	1.2285570692731207	1.9081710471594064	3.1054272388208957	5.927074612223246	
0.09908509632463114	0.1561065217814351	0.55008018751802	0.9317360344441562	1.4723720642519005	2.4283493403358407	2.643464618946449	5.829957196356436	
0.07888789119531335	0.1412032174945731	0.5489463733063918	1.011702293915988	1.4410659823231668	2.1961742450904396	2.907982673509341	6.418863930575979	
0.08289654435756014	0.16899388203604165	0.61579545094282	1.0458892885576	1.200288787610835	2.1125069540452794	2.883346690485636	6.019140322147862	
0.09440774048772552	0.1530406934411101	0.5102554855702024	0.8461843253139396	1.2889090737734303	2.2127961087816455	3.209005362046721	6.8489346472520545	
0.1210017613511652	0.14470409797993414	0.49786023146377073	0.8761020459421262	1.489259862019825	2.2893824393123343	3.543958575849424	4.249601546047868	
0.1114422956692624	0.17183929899212974	0.5034225001094758	0.9651664412468421	1.414232489796177	1.9665002604289756	3.4804927725588484	7.304242478262596	
0.08669978410167735	0.16786792687184005	0.6334147624803467	0.7736430441011797	1.584743951253208	1.9987994474840214	3.3405837626823307	5.540920725629736	
0.10545979914132547	0.14056234944653143	0.6877638604170372	1.0236583591899933	1.3603587600922573	2.2423196242648658	3.0825359956651015	6.961177363482815	
0.10540490172688295	0.14440865746183534	0.6792956699985963	0.9215753630802946	1.485953069885482	2.2549581911928	3.3969751279289775	7.200152916088385	
0.10719552403216406	0.1516760358051871	0.5570256075420549	0.8420326902810916	1.5846006151364522	2.497944457675017	3.1861012174024825	4.592020834615442	
0.11497271279097912	0.156309605875324	0.6048478426572043	0.9385552621737477	1.2041891403269709	1.9073366296033178	4.030293297179209	6.594083660182569	
0.10857093709892562	0.14583792958236336	0.6188404300231943	1.1103477588937276	1.3243083642081268	2.366286875959064	3.508416975336123	6.5742157521624724	
0.09361122354189308	0.1550015194710552	0.5696692098327764	0.9027511502863813	1.4579730619846458	2.3742047163868305	2.792121737770055	6.599547631676167	
0.10355021921855706	0.15664445950893327	0.5863525826967073	1.010610392435331	1.5328135980352358	2.308886177659727	3.0928757930627873	6.111048161614067	
0.08380060658441026	0.13103216733420137	0.5967230329374404	1.0149438428385371	1.4890708540668514	2.047729788069138	2.7341616189268434	5.305992287304874	
0.08932509755975611	0.1377764688358822	0.6177648329360553	1.0436142657065974	1.467960259353654	1.977552062768779	2.8573134971989194	6.610146618980551	
0.08830134157849201	0.14110151063800985	0.5661905854648438	0.9082801241128218	1.267045200653903	2.1604706620433767	3.1754441139041845	5.1945632694156165	
0.10915884781284978	0.14217049709354343	0.6109309538045122	1.02766044449137	1.2727315237537944	2.1300971172048677	2.887197893093696	6.620322791575042	
