5	77
0	1	0	0	0	1	1	0	1	1	
0.1660007824508149	1.383966420818397	2.091051834626649	4.459082322229346	6.4644749404069275	
0.15946438615534367	1.4493152788202366	1.8860369015550278	4.775876629094847	5.483157219130217	
0.13626153909300417	1.2671966321389112	2.1321187271775623	5.0452759343118085	5.420783673371872	
0.17517863929761132	1.560102861810861	1.8351105564011159	4.327751168019756	5.375849839805516	
0.15997433186603574	1.2886926412831314	1.8014593124329212	4.35342340046831	6.701636444217756	
0.1471122566423617	1.4869774724600053	2.2440046859726137	3.8194759832665164	5.460375523707207	
0.15009696280796395	1.3502982373372794	2.516457728334744	3.9472549222135997	5.454443938060289	
0.15435816389219617	1.3402112526969896	1.5282559912257054	5.370606553236218	5.355416768264107	
0.15841339084022707	1.2507650625149458	1.964447494977157	3.7696801487934426	5.555283959842152	
0.14033577273827175	1.4110431081396797	2.069897698889063	3.851316077866277	5.685660102993644	
0.1717051600016221	1.6199598479938893	2.2479727112166583	4.798394661033078	7.236493680681209	
0.15856871489382743	1.5221191500568698	1.8136146493855883	3.999316247442837	5.980385809799278	
0.1378883666238863	1.2872923939556864	1.9602713046300664	3.8593932110184923	5.525169308350769	
0.15509153332216347	1.6868743214873099	2.321351169283428	4.786269968267746	5.025879969360957	
0.15178945057533025	1.420424733828509	2.2125093358445036	4.337690638735143	6.997246044608801	
0.15079163274446733	1.4514819397559726	1.728075351657927	4.4519959431250555	6.68955561001838	
0.1583336341221155	1.1217504956167355	2.0533198592735618	5.2793547603133515	5.909615567831086	
0.15483623974066693	1.661518328082084	2.116757959567415	4.855963436981057	6.246837526295016	
0.15937723295265588	1.4842278389271861	2.032259576119321	4.298491101859799	5.487254291779005	
0.12540436321694565	1.60796777722676	2.1521678378794604	5.037372082136006	6.939223604750789	
0.15080126221364315	1.2421710541682405	2.1078195486417197	4.197985376956595	4.811909724567007	
0.1424740664260668	1.4197701786747745	2.0116852549105992	4.1528047108718305	5.233478506720227	
0.15293883222531415	1.6973055074999224	2.4249041359309964	4.794132099594134	6.405245471358624	
0.14801035283611313	1.1719546153619531	2.0705721867659497	4.063825040700532	6.092818049607194	
0.1684982205590813	1.7121975714055298	2.163893521703814	3.7497796482701897	6.037605630097187	
0.15134784244370073	1.5270746734852463	2.1458729566638213	4.529933223282306	5.620763545267765	
0.1453214702533668	1.503392237034571	1.7181760010291471	4.357220145451279	6.4127399807975465	
0.174610934115083	1.373037888489376	2.4048545028771144	5.2605107304380745	5.768770559362393	
0.1416268720075227	1.4039633507768545	2.1323803662114345	4.990870200534984	5.535764892294242	
0.17307098154158204	1.3154916699601509	1.8781486422822238	4.735699745201405	6.738336257321524	
0.15267983221519368	1.4922170689091772	2.570173906175442	5.060093751690885	6.0185552506694995	
0.14353279675227093	1.5865934179068382	2.3282960413865657	4.688359507197037	5.803791788403907	
0.14885415545599748	1.408904702259618	2.0832707115300213	4.229483338531808	6.159119181568982	
0.14030527056345984	1.4553652214407686	1.6985272550729047	4.230056624129633	6.658997520416429	
0.13649356161803264	1.5146705804291694	1.9742839937428882	4.8491035455569484	5.821734631680876	
0.14495030093452071	1.4377722614322233	1.8611632020688353	4.937440868440408	6.782060064909443	
0.14459952754507563	1.504961196438921	2.317465796245592	4.458934101450767	5.335051708369281	
0.1739112319792777	1.3738693961951818	2.019036024619031	5.237456369100267	6.366035260533722	
0.15386145114087021	1.2911812251334354	2.322602872515842	5.803433372483886	6.528304598327124	
0.15744132744438846	1.5331162698975116	2.0794552033687634	4.348057171683083	5.78973270945827	
0.14137575066919686	1.3796003841940294	2.0732219536664824	4.389891971024641	5.83639318105194	
0.1536451778551455	1.441267401603722	2.185982927505016	5.185033903505017	6.046040543229907	
0.1831633648920117	1.4804346041946335	2.0538391879601896	5.107312457571149	5.952283639375081	
0.11409473772398807	1.4294275507175687	2.096427194842049	5.222946323829751	5.4614599889997795	
0.1450101777288259	1.6112724307766455	2.2347978345356987	4.422844428762089	5.546108600116179	
0.15527618590312545	1.4258099365197876	1.9849167079804526	4.177869056402461	5.5113167313329505	
0.1351116657935418	1.5635668276760442	2.3218695721033944	4.921053505373607	6.002699729261114	
0.14636056818299764	1.3979133582855388	2.369536838174813	3.680933480101877	5.6913083379855465	
0.13668981558743373	1.6244639191621422	2.0473466324588694	3.7638050240521013	6.134054185348074	
0.1444482870765913	1.3503591805010504	2.0080931293039472	4.185231849377637	6.425136188913987	
0.15335681049836766	1.4016908969448343	1.9138786414780378	4.423998004475435	6.156376714560016	
0.15447981672389235	1.4530064667678229	1.9516425766320813	3.4185705333335914	7.07977125603116	
0.13035544688837203	1.1490110119106278	2.178060856795881	3.7311666735461757	5.517120750855069	
0.15823275638713244	1.6834942793917886	2.233315038778561	4.302378328105404	5.969148267355894	
0.12287121064237645	1.3655424483893834	2.053296955155707	4.568997897961731	7.165313767616263	
0.1209480706690164	1.3717021015448485	1.755795448041753	4.273486158037271	5.481238715329203	
0.127584805387479	1.5605721603657583	2.2049642563278424	4.85813503334432	5.681007705199503	
0.14893925286329876	1.6580336116939327	2.1494151580515406	4.863580447121748	5.629526218369962	
0.1607402601504639	1.351504531547842	1.7422691891471704	4.496587700435532	5.717818114437623	
0.12562827960904105	1.4573834777892638	1.9578918057350356	5.891688575308207	5.121334659951799	
0.13180612586324789	1.5543458082506338	2.1214002956623808	4.8821410391679985	6.228234632338741	
0.14126539308103225	1.2327897877896126	2.380282862356527	3.9201974164848155	6.335343576698496	
0.16378498135885272	1.4118507540237155	2.084608279827122	4.057323252902541	6.2776456300225805	
0.10431106753377581	1.5323488664851237	2.1756874133097788	4.399732935126143	6.145381364798309	
0.12939665412101806	1.0849420456051486	2.2507436400401017	5.0924457774831104	4.956358816837958	
0.1342127988450538	1.5375824597029233	2.227161298388573	5.833398805338019	6.64539448129554	
0.16253136707839574	1.3207782159007317	2.2628332462239964	5.172936148113916	5.901365540956256	
0.148241781393943	1.4502135543047914	2.007132783483469	4.6210335813554915	6.146383282965409	
0.17219979619770984	1.4029168807209693	2.2950666374036537	4.428195623103577	6.383855665069346	
0.14624912316312152	1.5120066371331646	2.306570703254016	4.020004740123985	6.66142525240236	
0.14750283919577967	1.3628190726684606	1.9973482559909452	4.634190125144209	5.9972269866578864	
0.1555621077831253	1.4858015721575426	2.2808456987502885	5.749327852268876	6.02381505439911	
0.1389813992014114	1.1411666934756326	1.8930068883890239	5.055906892838809	6.431954704063864	
0.1297502093022751	1.7823823790628885	2.220254362697224	4.707142523946152	7.346535107961649	
0.1760918358124232	1.541702659043999	2.328280997277645	4.91525329327689	5.85541972097279	
0.15430189346316295	1.512127830652684	2.122741742208641	4.065561220628001	5.8403217592148	
0.13518101088141118	1.439205277634729	1.7672017123185995	4.653467329728397	5.021235302659101	
