6	79
0	1	1	1	0	1	0	0	1	1	
0.12882874215438272	0.3129309351430014	0.6342395499525251	1.3956730272176696	4.00751045588029	5.610970044278667	
0.16656685684880068	0.36250910349608756	0.6109760208143024	1.402804006409821	4.665780253547764	4.900985031953207	
0.1584125267570445	0.36451055410553473	0.5308284428049262	1.6774517384669885	4.681992988342797	5.303449202674787	
0.14783718119652503	0.41422892149781926	0.6334013429845945	1.298740044332697	4.697010485804922	5.89014517043827	
0.15992705580700406	0.3841691068301361	0.519238603909757	1.2954083786613058	4.514371775810366	6.332617882692257	
0.17536898241170507	0.46670152127721826	0.5792140246058551	1.2327236929723364	5.403861859699506	6.876942609707693	
0.16134254797579617	0.411713698874578	0.46218785335480195	1.3549079839245959	4.822867531419906	6.95846508747589	
0.1262427587561369	0.38910759017493424	0.652453990972375	1.2342353069562197	4.898063851533078	6.942095869323235	
0.1324801822734058	0.4326835739965947	0.6471190782179667	1.7656214645559216	4.328839918696686	6.0414944603642144	
0.16117853061031967	0.4173203912800062	0.5714154687269473	1.4403561696954261	4.859677725245568	5.88235655025267	
0.15374625674704578	0.3713936787010785	0.6246237604805429	1.4281523597327774	3.6816033953747507	6.210110860699882	
0.13740002749191738	0.3841763410519498	0.7430814511361945	1.3642853553629888	4.636292383744374	5.9767966460847965	
0.14836861572154691	0.3468192187597291	0.5575259610891771	1.295247232616209	3.647889543620795	5.780199961270108	
0.1455735597861841	0.4084859860570225	0.631090023717745	1.534170682120612	5.207805967189001	6.214061904072343	
0.14925730527032027	0.3778570741808219	0.5642891739907037	1.1312837547606012	4.553691598188339	6.902508853562994	
0.15850059819695617	0.3556458844614012	0.6266084634996081	1.4758334946678544	5.168848111116566	5.553677852187811	
0.16607572647940547	0.3731005395641109	0.7128435457088897	1.5235154076647728	3.6251756661646315	5.777480262514126	
0.1352136809474394	0.40621467290033697	0.5857034752815581	1.4060901103525627	5.144940200600069	6.534795232753332	
0.16363813052956916	0.3485666051477706	0.6285252736939607	1.6650308382212047	4.60041432818887	6.082315141730925	
0.12679317042965624	0.3206660000661353	0.7676738038633065	1.5281937692934136	4.790966927931423	6.466906925035849	
0.15200818970395863	0.42642429309556357	0.5539119129630485	1.4773713644370712	4.9527826955832	5.334594083326865	
0.1481991272104948	0.3452809609118475	0.6707537810464825	1.4927710960857903	4.586384378370819	7.071815569323055	
0.12577324699152106	0.4160973137985053	0.647133800206036	1.6466104676698867	4.337604235693707	5.654036625818837	
0.13808121764912407	0.3706121372609544	0.6373058189000161	1.7088577035313053	4.124944671694077	5.5677382496789996	
0.15783786489946436	0.399232949515224	0.6894879081044555	1.473698781171022	5.573101986879906	5.698157546570551	
0.11428612789255792	0.3551195571267859	0.7020253037099907	1.2678290743280562	4.577936066188162	6.5325799886127545	
0.1757792544229633	0.38729713146377276	0.7123370488513813	1.2411489041968873	4.7692954764429345	6.172705720676595	
0.14037837847594004	0.38085490860899845	0.6294538341761835	1.4187047083396738	4.957692665178027	4.860803056295154	
0.15331267159726822	0.42990555862329993	0.5636778231410937	1.5057286423819451	4.385233437619607	6.107954262368025	
0.14533929132186432	0.3226163763787769	0.642984479236835	1.3736430931647825	4.553706032992647	5.89293451512936	
0.17625615307722986	0.4013333850736137	0.5143623571509087	1.4072635621247174	3.751068832830174	5.727914024978594	
0.15168134916236298	0.3290077630257351	0.623327118754399	1.4184675439827261	5.067362107073078	5.600999384556275	
0.16192155589976678	0.3425908457902715	0.520811780813529	1.593660990406102	3.4471559855854044	5.625243703637634	
0.12987948930248894	0.36300123663243117	0.7277380571487363	1.470521688782164	4.199984739207861	5.911555185187326	
0.17122433276847535	0.3438599914440674	0.6150528175800684	1.5475352713184651	3.751782223876109	5.731631143117799	
0.15553666909876612	0.3359660886857038	0.66800843332273	1.3489985627667598	4.50017817145709	5.261784956210951	
0.13472820484642475	0.40342046928242886	0.6212939839796897	1.437016321190533	4.48497686124805	5.597038375301339	
0.1632520075361132	0.4195490600934024	0.5666599690658621	1.1803777626626852	4.850620304769727	5.874830672691221	
0.1421565706948507	0.3841544586215175	0.6560340042891822	1.7056574725576188	4.464134932368087	6.450405886538702	
0.13593247712729328	0.3371651492147663	0.658034338804152	1.5694112869096173	4.562241626196835	5.101819087128528	
0.1555027602604867	0.41669126640964377	0.6279083237464191	1.439155437936127	4.0746419368564	5.90050372793169	
0.15571169335739302	0.34224886833541923	0.6472218566327577	1.1895351022957785	5.067314999680611	5.771753967601309	
0.16123896564534893	0.33850454325692386	0.7048502869077781	1.4769467478410045	4.844707528786975	5.502929409800867	
0.1677257358429909	0.39538598565671185	0.5132501718078651	1.4892006645537372	5.060420898211856	5.06148932370896	
0.15234639105303074	0.36974955696760287	0.47928007406158474	1.469711012524546	4.394481161544857	5.73224768025314	
0.14264617891385525	0.3350600417669392	0.7038034245420987	1.1396311428841557	3.8508268579028524	5.955568480557014	
0.1589882620987983	0.4293968949316212	0.5351382228416564	1.5257998951290699	4.166918381513014	5.601861360091679	
0.12544020854104942	0.4184642725090587	0.7361014014312472	1.6086813440813479	3.969678340309317	5.861538902525611	
0.14981722015830953	0.42327200263415016	0.6264354140553301	1.2698580300619715	4.501346862179707	5.687520901011153	
0.15847033213409786	0.44971451382292843	0.6263085273900977	1.5557096416100011	3.6451055165008714	5.973449709124646	
0.14386351280683587	0.33905490614387523	0.5200093690213949	1.5864309614939338	4.644367976150565	4.704022786906471	
0.12427040626992776	0.4140560117690704	0.5903367570230028	1.6596581277821358	3.674030224006494	5.790402879597424	
0.13997939204276702	0.47998247579216363	0.5489186403013433	1.4491475690112363	4.067526666369587	6.83451084239746	
0.1522297456029537	0.31361442258228805	0.6926270989384135	1.3141209710473811	3.4824089885750515	5.915921494500702	
0.16263700007616658	0.3528770542426957	0.708231284428594	1.2344718920390378	3.99714607165098	5.858232787260393	
0.15541383586898644	0.397824765613255	0.61690477586672	1.8307677512987974	5.061586998815242	6.9651712657334555	
0.14855963511344897	0.3308839840488213	0.570318040118693	1.4425873529464308	4.142132211353701	6.212079916058032	
0.14341476405675013	0.40255148545544617	0.6199607943709501	1.4421229024061686	4.031611077919323	5.160767117598073	
0.13152299356500433	0.38344173999837067	0.6614006320041967	1.540643005494805	4.309335168448551	5.813120677284333	
0.1345482166473244	0.3434715711439407	0.6753757391407413	1.2551683615898162	6.05849402919217	6.355320287303028	
0.14765046570870025	0.40563092562087677	0.5619384409580966	1.6227922781970658	3.8856223688274913	5.323285630335734	
0.1388023013349686	0.4098667557138948	0.5064710415427615	1.4533531071674977	4.599847550452901	7.612311079321488	
0.14495102953967354	0.3623793796895251	0.4954691095130201	1.4643593358978673	4.001433213235879	6.40375518351789	
0.15961094575587165	0.4226607086770897	0.6927039871090934	1.4254908882839044	4.618016506046041	6.234410343208634	
0.14152671440276907	0.4147567326269495	0.6131493123102137	1.5050089078992164	5.245402752821475	5.411267731842745	
0.1564650816765234	0.3789614118548142	0.6336982882651511	1.45528496399503	3.5208915415706175	6.707790691491297	
0.16052329089668144	0.425880293433345	0.5900566168104183	1.3365453397379026	3.656698770768899	5.352081239115973	
0.18373584675685742	0.4484692103113837	0.5946958287023694	1.5662296957419117	4.823939986222027	6.247249826596375	
0.163058508459713	0.3525934757923688	0.556581138695978	1.2643561963174221	4.16894503855967	5.5804730568761345	
0.14664482237918208	0.439894562531909	0.5472572423226553	1.671437746119398	4.38124704678617	6.916180171269302	
0.14426444117907433	0.4032505503399143	0.5062563384927506	1.438865954304953	4.306511757612935	6.788246926534181	
0.1446867776896609	0.32207650293805384	0.581467911592093	1.3929558476975399	4.540972510037257	5.073425022604397	
0.14239351677622497	0.4026719405940903	0.6880006535853239	1.285473464984864	3.8198290693238235	7.347058444256274	
0.12423998731656616	0.35157221974898767	0.5744102045340874	1.1942952414429053	4.202906597991964	6.027987069636478	
0.14328059723838854	0.3950492144565472	0.5795533271636749	1.1700944974857241	4.168811462442912	4.89445719480506	
0.18200253012216103	0.35821447055201605	0.5465779750238351	1.171034644115972	4.309173807146805	5.933976893870591	
0.14256844581009828	0.37713028366268336	0.6348887381105037	1.391427021853448	4.544332532189934	6.962314733563883	
0.14570099020778568	0.3738947021727801	0.5747685658715458	1.3888187615698024	4.9252665768665596	5.580101273487208	
0.16791371805681052	0.3547923499752731	0.6105261069232408	1.3860244582218406	4.869290242277777	6.376926029056383	
