5	90
1	0	0	0	1	1	0	1	1	0	
0.0971878175588537	0.7819577395601992	1.3946643876493061	3.256399205577116	5.002858449660959	
0.11111664987162076	1.0430112824108986	1.415376093689221	2.774125593992052	5.481339154006706	
0.09458796967096351	0.9493906093855236	1.3738575544608398	3.4314949043273466	4.377639747601998	
0.10155816536803058	1.0194982337425325	1.5923080610096336	2.674526270967894	4.909779217943821	
0.11016828106618543	0.9481059981670031	1.238210348017239	3.05132146419789	4.865446373574541	
0.10129064160390411	0.8890119350226738	1.6077552061564286	2.9147534766872933	4.911550909083037	
0.10076714922385249	1.1082799040808318	1.1275783189094766	2.880004994341772	4.887281042841905	
0.09757250848597922	0.7623754942356579	1.3073925584523263	3.403822867251568	4.457513827394289	
0.09792826896449008	1.130883500748244	1.541759739963591	3.697902415484173	4.612900076947136	
0.11722640946367985	0.9827520289229227	1.4419041495497458	3.5342851511102635	5.321700564918519	
0.10003251689510138	0.921352175002321	1.5712637933072646	3.861511051387476	4.991854254729982	
0.09877017495374994	1.0032930385896186	1.6354896595096193	3.4015491706563554	3.747186565893327	
0.0888407593175945	0.8578485584584101	1.4253501239800719	2.8513840914599036	3.780066296700497	
0.10986949547037356	0.9327055563243443	1.5541025691164854	3.2556202783835393	4.088150466897393	
0.10432163438449234	0.9507321639819858	1.5091457851461485	2.9817023458891234	4.991514748605605	
0.10222557686478242	0.9350682728538741	1.2658866715474348	3.0876755594771486	4.280981562820027	
0.09727986965222322	0.9158855279319311	1.4357227094821539	3.5240320455376763	5.095200777929354	
0.09003194071180853	1.1229238795533936	1.2271549618871422	3.247689870573596	4.699501203782803	
0.10861648258716124	0.8321210258351593	1.324008268309728	3.542611173090896	4.168973455347747	
0.10660221593882047	0.9036245692584569	1.3480442208286323	3.2401374794860858	4.350346649032645	
0.09381262448771217	1.1474347490532273	1.1824588408404266	3.1070810921949708	4.535005952093027	
0.10606264684470879	0.8716737098139471	1.258066069450554	3.0673425370145986	4.311038493653879	
0.08763320875038616	0.9292661331937656	1.5674576913163671	3.4733166874612307	4.58321134504407	
0.10676225314483419	0.9277608463210039	1.128163981418686	3.232502935155628	4.738132090539844	
0.1318376514761731	0.974419392860014	1.0380001429003034	3.091370328739837	4.127831233425899	
0.10770071351264528	1.054391150552344	1.396610368787119	2.798087996904594	5.237526939571577	
0.101704634175925	0.8669718577209234	1.4591363616545197	3.6724247963592154	5.476149219748302	
0.09812943861453452	0.8733866020355108	1.5318761107128576	3.065711536371838	4.347546517990615	
0.10596526393643971	0.8700130981093401	1.2205938602969317	3.1003286967750174	3.9907958685821123	
0.09171348093225816	1.0456993659630494	1.3974758672395717	3.3461156505770373	3.4666737615226624	
0.10750789669056245	0.8806583270052604	1.5351822407100197	3.0677567043555984	4.702981519841696	
0.091641286889209	1.1124114942637078	1.4608553271252842	3.37377312826594	4.135811455331364	
0.08266173663421587	0.8334309500602174	1.2612243110133479	3.6085698315099037	4.4181773315709885	
0.09970857439851875	0.8398563421320787	1.3588829102278805	2.864803564332436	5.312402389455915	
0.08987419241614406	0.9022159826751096	1.1343876957961574	3.718060232288399	4.579608291513192	
0.08785829544068982	0.8040350446807544	1.3746556459350132	2.5434854677726695	3.53970609394856	
0.0982472290857333	1.0062731249377632	1.1407538288375345	3.437790864813226	5.111092635749934	
0.10992115440407538	0.9832753424055413	1.525034739032241	3.6704357439659643	4.686018120966877	
0.09665084929217269	0.8560890308028296	1.445282435569636	2.6918795429366242	4.058119684106178	
0.0936099774569665	0.8312673072206329	1.6899554721158103	2.988243140681901	4.0649084572864975	
0.09545336087025107	0.8936483756279965	1.3481327195445643	3.2122580447202367	4.400548965212117	
0.10031258179235308	0.8235811359317137	1.5060954150743795	3.537395871952483	4.549775863520266	
0.09675780336658099	0.9945301717438348	1.3576460023488524	2.8122179958694087	4.097370419408309	
0.07939960856931685	0.9248198420459104	1.1257772175834817	4.179682110268434	4.485445978697633	
0.08382086362482755	0.8128194296945679	1.3375881313979763	3.3363051233665946	4.424195564547048	
0.1042592953056408	1.0784149612142382	1.580734815311952	2.9049171886819662	4.8538711127210235	
0.09740424554187695	0.9480986886140754	1.6560824961309413	2.709748533959677	4.729462566680631	
0.09380461527822262	0.9236747034159453	1.445463038695142	2.725418868658715	3.9499061458161515	
0.10066322997521862	0.9273819951075807	1.4444242073926767	3.31418426418513	4.652923356360323	
0.10638968645615728	0.8242135871832617	1.7660024742413845	3.516463341741148	4.98140172519941	
0.10941857531632715	0.8849483767520628	1.464630651001431	3.077783476604402	4.850827365868041	
0.11133341194955815	0.8090182333279641	1.306199022424426	3.1287826262177387	4.97551607535419	
0.07290359432347147	0.8636461992394937	1.2823496866665325	3.0252689179340773	4.827534333963854	
0.1052839929819514	0.9827190823644694	1.1217345501528457	3.5449258280062583	4.369089114472503	
0.100638575887003	0.8051646345180095	1.6351814970038605	3.486315064108584	3.914076901047606	
0.09627761870465924	0.970204272286306	1.4054854954853206	2.9707240801376593	4.602835843065832	
0.09269831352456587	0.7566395138706675	1.3231109490539772	2.8134783732401734	4.338813411980867	
0.1014866959212823	0.9419782664552244	1.2223818468811207	3.1855749401597513	4.261990881975183	
0.09114937935484407	1.034870472816733	1.4439978433166498	3.425751328000981	4.010405777186616	
0.10659054096859225	0.997517481874324	1.4400539581683525	3.1168381587286276	4.680237436996431	
0.11635629980400004	0.6866011209263816	1.4226882169126105	3.1741609752267848	4.4246513841404855	
0.08604566909400091	0.7998637596770317	1.3334081114584355	3.040560583222691	4.026853768210689	
0.10117576233784041	0.8771912129797245	1.5460437214428355	3.5506379568870345	5.149628721410996	
0.09230928067592369	1.1495117253217628	1.5326170678069109	3.3136176365169767	4.465447722530369	
0.12145486767370291	1.0018452477014996	1.4877243913453007	3.4283477790368178	4.6418411680555405	
0.10492010662879579	0.8959385490642805	1.6042576529766814	3.0767776182316866	5.255507575763113	
0.10434533263905102	0.8536618548214745	1.249681550932799	3.4535174158078683	3.8749389241702046	
0.09982990635807296	1.0078983467361018	1.394579782287566	3.082822873501341	4.60009320445736	
0.09915364182154977	0.8643339148315378	1.3733319676619624	3.621314699612282	4.727300644143614	
0.10754873634382625	0.8204246559655667	1.242365817598719	3.3102332723866446	4.893791406097812	
0.11631404747570687	0.9699990249846883	1.5110517988589758	3.829118221069389	5.063717311807827	
0.0917849271298528	0.9967698918150393	1.1948781120695762	2.9132839748734147	4.317959761770314	
0.09283254294144433	0.8771114144389863	1.3041754305518523	3.0337259116716595	4.623658891422949	
0.09635221363977459	0.9053580369208393	1.257085369429833	3.0184067139853967	5.272326114775336	
0.12308906959797244	0.9710545643804089	1.473547412539785	2.9737215437840328	4.4715422104508615	
0.09206134044733737	0.8166010148028389	1.519563768358811	3.0395192418052606	4.927319723161547	
0.09886773333409128	1.073000955812344	1.301993120309686	3.457399782272482	4.954586240863557	
0.10028416105329972	0.7896274474298597	1.3388087951088663	3.4371477002814026	4.578743301386185	
0.1114490854275654	1.0110383831725103	1.511036607778824	2.7114040420870293	4.4968885760385255	
0.09942576265369171	0.8597164633553318	1.5447419638535076	3.0079492316710237	4.956657563896585	
0.09183336294612977	0.9219943588979549	1.4447798766129993	3.7491606804460207	5.020568261206418	
0.10681695929226405	0.8252869066708067	1.4148493162302078	3.7411842454847166	4.708858628134226	
0.09567201185903154	0.8632575693013244	1.4492163075953377	2.910730330351272	5.469107196889014	
0.09904986233179486	0.8447950160669323	1.5032607837970056	3.030610175154006	3.907967638250733	
0.10600126583166558	0.8487705552234637	1.2360705411139008	2.9058537096087487	3.971135711794273	
0.09523605436079476	0.8332979328825457	1.455221472547875	3.329879483461964	4.507105780814675	
0.09394898637453185	1.0487684320915833	1.4031386807224635	2.387123336644648	4.18377250085564	
0.10837656361284963	0.8450583844038425	1.485479305853658	3.78582973411307	4.2862269593567	
0.10307673784160956	0.9552215767787653	1.596672921054081	3.1720564887122293	4.450452139073415	
0.08567477669385717	0.9636818474836206	1.4217629612415719	3.7694655125253997	4.824620179081948	
