8	34
1	1	1	1	0	1	0	1	1	1	
0.12324480174948196	0.19009581798957945	0.4034110361974512	0.6268777078016856	1.6095038699810293	3.181838774931675	4.864734468376807	4.845895008866224	
0.0935217438097894	0.15637553229051548	0.3743474950887747	0.6423123051825241	1.4988358764437693	3.0740932981786564	4.800714502072069	6.291084990234918	
0.08634957341257853	0.13915571402916044	0.36084991335916555	0.6995358511954493	1.5003679218255237	3.065837832308229	4.405183338868807	7.708766173574709	
0.10230777443871085	0.12260008740720796	0.41625708687050617	0.6980784176821556	1.2667948909645343	3.442524988776572	4.227424300106258	5.544959499301986	
0.08746576384797587	0.12087053684888313	0.3723085363545573	0.6695146582910437	1.6523945644872482	3.6695702840640028	4.241355990061056	5.608069483271412	
0.09487992139209847	0.11272180089161622	0.3651938520031404	0.5991078511464016	1.497840581035696	2.4436035907926743	4.8802042877981044	5.666103493251542	
0.08441212765072004	0.16211158936329714	0.342395006337132	0.5465073605171306	1.3128347375711982	2.7130610817968854	4.132183548745463	5.9735362023208225	
0.10140415640911411	0.1414029998168707	0.37457619501961803	0.637303372661948	1.5972453287935342	3.239757859921268	4.100379733642223	6.704832202636116	
0.11663288771890996	0.16338201284681658	0.44494942554075806	0.5949216925641622	1.5591142299406018	3.60241970656171	3.411483875281076	6.059134199548048	
0.09617399223729828	0.15387895444872268	0.40417076231867	0.5688280795914435	1.3330790867967341	2.6364508271085763	4.619424668711434	6.845066637929112	
0.10465462663731553	0.1534776787886907	0.3124180726151786	0.5685911857113777	1.6136417918060864	2.6903171554527607	4.528121106943215	6.460850926241678	
0.09959645565492811	0.13903991208861827	0.35391560200104355	0.5306563260353668	1.4068101308673007	2.672365141587072	4.394787019373029	6.524035770761124	
0.10701480930176072	0.12997368622539016	0.35941797460516844	0.5632639624032088	1.4453488543055768	3.710168308190311	4.1364725734418295	5.445191921842001	
0.08120034362876638	0.16203429818786577	0.3561904283659013	0.5447724814549255	1.6069693190650647	3.5953645947783563	3.8416220419526734	5.033312099985293	
0.08786900300971179	0.13255663320616598	0.3965418354320433	0.6192141409677935	1.2261079155957402	3.9322779270128083	4.0381120832956805	5.3410203061828545	
0.09756107735247171	0.15781762498504268	0.3999731129519122	0.490827989833559	1.7245511667414937	3.3654316651166285	5.040310655873816	6.232045688462977	
0.11561661150947154	0.15034712694373167	0.32672445624682334	0.6218379726733128	1.768933199139319	2.6880829576708662	4.4044199884925845	6.641277099409438	
0.09953466433974723	0.12373310875509229	0.35171018479035315	0.6103928257669826	1.422883569425753	2.87932399220834	4.568554377006664	6.165474623690261	
0.10869961793797236	0.14831834630823734	0.35277505671419124	0.5963787611621734	1.4796032908067513	3.247473216343226	4.20626501151656	5.207331038246436	
0.09679630703799062	0.1729263475978201	0.33095786610769773	0.6195330772644798	1.4548010642547984	3.677028115585257	4.946699608295008	6.033158248998589	
0.112881076864062	0.1429634213269753	0.39184264436649774	0.7141829794500232	1.4995054985382905	3.3298811715622394	4.321174342134607	6.689642591632233	
0.1002766748642628	0.14353870664569876	0.4091361526982494	0.5929185703471594	1.6074583558818871	3.2435715143378947	4.23728431657921	6.426646120225358	
0.09764213160141066	0.13162643726665266	0.41479265602669213	0.6235058348010245	1.427349109986842	3.1523442114454743	4.450195579314246	6.14816289436812	
0.10526028998631305	0.13998524166770368	0.4648117193026061	0.5937493002206077	1.504112355462227	3.238155101837247	4.005344776188663	6.605487969543691	
0.07980068484669607	0.18151956180197173	0.37230255132404283	0.6464766885552661	1.3759258583821599	3.487267694167971	3.8160348608311434	6.412245256821169	
0.09732717272298215	0.15533878487852357	0.4259663305041353	0.6490295017857541	1.490612664234122	2.988253783699269	4.726876102139075	5.95603842256928	
0.09228803859085132	0.16281553346777478	0.3933062709925808	0.6256813950554716	1.4021346897564622	3.246692382557388	4.100090535055492	5.089841353633128	
0.10288100760965962	0.1514889036429252	0.4343030331733942	0.5929397823259158	1.4128525743787255	2.921403867316193	4.445820923094403	5.945094838281059	
0.1000924326352284	0.1466225244808176	0.39706702646583925	0.7745890946999948	1.3335429069371654	3.7146416371931004	3.5026677812150013	5.5848741842161695	
0.09712818627797387	0.17290805164514664	0.39894538941437596	0.547987471614525	1.507848934743252	3.367169416396367	4.078190204883148	6.167674894656704	
0.07884992418894704	0.1622142255002755	0.42906569205320344	0.6764767116987663	1.4901609069804564	3.3180900131386726	4.615421056099562	5.556694360957875	
0.10059085001973943	0.152285894677941	0.41673016077545677	0.5657361130290941	1.261438893309033	3.3908613013109203	4.419144427158804	5.911400723089065	
0.11623465433971313	0.15632067351181975	0.3638248086505371	0.646173471784134	1.5595735914034736	3.085793097005756	4.179064653715115	5.686487313323779	
0.10489231619536675	0.1424849715001529	0.40663879614105697	0.4123358055652593	1.2148527548602857	3.731919012007001	5.02507938854433	6.065080161010794	
