6	81
0	1	1	1	0	1	0	1	0	1	
0.18075610067897882	0.39284094267772407	0.7210502748331379	1.2505403116076426	3.2346582740978658	5.488766722059537	
0.14448430759479944	0.37744360289490164	0.5973323336274257	1.2765046405653837	3.2721037916805584	5.505061279103998	
0.16794972152340373	0.4090524722814878	0.620634027877972	1.3619475297396715	3.3002962503369324	6.424088668264138	
0.14489446366001546	0.31957997254286563	0.6431468754979186	1.5057451947129754	3.3543890061782515	5.54472864696438	
0.16439816796546367	0.42365721991827454	0.6168936797960666	1.3733393498330981	3.128037476161054	5.762764075331738	
0.14338475216930868	0.3665492730172979	0.6193913880723804	1.558193918988717	3.7216121666591615	5.452133209689848	
0.13875627912304614	0.41207948322947274	0.5452228853027042	1.264337922330601	2.943623867850319	5.894301881670204	
0.1745352314808211	0.37514201648434703	0.6164552112427356	1.258665892547562	3.599137922650162	6.522911902530888	
0.14296781931580704	0.3538868730918948	0.6574779110336416	1.397706137780308	3.0342657720531068	5.780069250861569	
0.15357953693982457	0.4078103946480366	0.6193890691288344	1.4688258283003641	3.17185305274082	6.087356530173594	
0.1441288300084828	0.36974758757243104	0.6852980734703915	1.436029998490214	3.1305436721730007	5.5955815248342144	
0.11698873586331542	0.459291634563758	0.7317418265891565	1.5197613526003206	2.9135453415071564	7.640767307509726	
0.12894102571201924	0.39494360390739486	0.49721403459052843	1.1193706156462826	3.3254262612637326	6.215416800626528	
0.15178489569309025	0.4367382635697182	0.5971195442679259	1.5461565494418261	2.995629406935337	6.777005971305235	
0.17070555735931084	0.3703268418709502	0.6225126371066706	1.3300721112068716	3.178342986003942	6.4423849782344895	
0.15727257907903866	0.314293153132909	0.5317640854242345	1.3459182689576001	3.321434660934063	5.449474346141088	
0.12879181945559331	0.28008411183190424	0.7251703527179373	1.4588832866441068	2.78115149313104	6.619817249077563	
0.1724035753769858	0.38810759953773344	0.6373820386633787	1.6171540957152295	3.446815273971968	6.379544042012682	
0.1269858492640697	0.2762911787116388	0.6516878138243888	1.3979259402876187	3.1021803426897434	6.583920213677134	
0.13567752773449912	0.378612478947685	0.6034232513988638	1.5286417195903763	3.3609152375925535	6.20504542110041	
0.1439304642486735	0.36561807292139137	0.6204155678384521	1.358425787812553	2.9807296155131535	6.771753649062459	
0.13988030988196484	0.3625725276234123	0.673594310490185	1.3313531430853924	3.354373334097265	6.245468911953317	
0.14864690583414603	0.3652416217746493	0.5324156118276842	1.519783833579848	3.6083663300218354	6.597735055503182	
0.155563454962714	0.30491756062048286	0.6461664345845504	1.4144986714628442	3.0575817735358535	6.394530262111438	
0.15339035803757428	0.41834006330141993	0.6204532265770465	1.3918340047986437	3.1366057765642323	6.366779065905989	
0.12993095505298963	0.3609401467036679	0.46835022809189575	1.4902516612289227	3.4596496389063636	5.538413076507397	
0.1335968818764097	0.41622156650327324	0.5571483317773355	1.521992680721409	3.2454023865002366	5.6826006116894625	
0.15870103688060114	0.38120736885962564	0.6896664207858824	1.3248749808232387	2.8194413571205037	5.990291415049222	
0.157144776791688	0.3728691882699666	0.7079036810764555	1.6034366592599865	3.0791990790237773	6.038571828811106	
0.122922160444106	0.4199607573374848	0.5591715809352036	1.4584511852237443	3.1663459644068412	5.106389999103132	
0.1625033637583689	0.3397722049475896	0.5688431596749076	1.5519631492562624	2.934336159043914	6.894521926226204	
0.13519549994257962	0.3355547429672806	0.6027911325169093	1.663678219463683	3.2480755369407244	6.5888252422200555	
0.12988715041297974	0.3660754765726784	0.5818361896723441	1.2496237346754404	2.7328374979535757	5.855027998827209	
0.1736960826886614	0.3883047366507253	0.5590210495034376	1.1386849265781478	3.1290854130567123	5.736154649003746	
0.1557679049837059	0.3703584951119111	0.6379086729037763	1.5397531121930266	3.2273020182584373	5.966515996914606	
0.1505137071495449	0.3136986250115588	0.6432226268294008	1.672710258445722	3.269270929807808	5.530387098641039	
0.1498952598686377	0.3634720866371256	0.6016441301426301	1.385383260493578	2.5503226299843993	6.057257433300876	
0.18336523420143527	0.3292277046248022	0.6658301662037522	1.4872905514323669	2.9513451199735896	5.194009138142359	
0.15394017218154882	0.39371433919343435	0.5095021736508427	1.5624692109150056	3.089309915941655	6.2956420993176145	
0.16054817292296011	0.41404157908584294	0.5406303278991333	1.7176385216862227	2.9507454506534248	6.53669937633105	
0.14251156953437863	0.3819755817435937	0.5925148800774922	1.496778377700445	3.5906179741245676	5.632662572586625	
0.1368450194523109	0.3016187677235306	0.6108159882883575	1.4058238208346736	3.285342351683773	5.9390807830205485	
0.16138366134608395	0.3607554690254536	0.6209489497786396	1.425436888857822	2.9376650523688097	5.588143115385345	
0.1638023064544404	0.41130828676759446	0.6443323427775434	1.4058592996900028	2.5209255993957576	5.001665349493942	
0.14605613181565066	0.3223246680493161	0.6686853657456137	1.3142978048992222	3.1607289256506617	7.041119476783088	
0.16545975130338478	0.3931603802992746	0.6132672443412337	1.3218652015609968	3.4973866754615472	6.127626219927804	
0.1479680574879387	0.40435927285213646	0.6395367982799737	1.2911031960287462	3.547932152178329	5.948664556791471	
0.15124850873149417	0.3300058482450265	0.5228836044362434	1.2219601660773154	4.027743787415519	7.360989438512478	
0.12447348148169002	0.3224560238156383	0.5692621138437669	1.58831954918876	3.4531888090364364	7.300470420367048	
0.1454317206388258	0.3535013096667685	0.6033550772878841	1.4051451116055436	3.2411356824834274	6.064131349151969	
0.18180044972058343	0.3845680517800033	0.5362062236073621	1.388454662679296	3.485847596565069	6.3602274649899755	
0.15818805358106863	0.3154382683093478	0.5064326845053783	1.4112165215267956	3.394974245164288	5.501366466634809	
0.17241343739819148	0.40055002914858	0.568910201586359	1.8275689165312652	3.0986980593739024	5.77835971331093	
0.1437591689945189	0.3815874630830033	0.535514507417769	1.5354157034719464	3.5343151858801214	6.400278887215714	
0.1432033700485155	0.3629534116269682	0.6367859034695984	1.4608352381558873	2.9894015238663565	4.785535643275075	
0.14407863698686652	0.39983691572768393	0.6296934227461829	1.2134260104331829	3.522124642868394	7.110605771328254	
0.14473221352371962	0.3722675370340974	0.5686072480215987	1.3794976750121648	3.6437467191643944	5.52939207088896	
0.15363356142718176	0.3695484615607025	0.6114431455902624	1.3890966287695887	3.516741690885581	6.624552061002346	
0.1556107200536875	0.37181267329634266	0.6472057742996766	1.3228616684247232	3.389592884259384	5.691320694989587	
0.1532248471543199	0.34352957450290267	0.6710272105807379	1.2502740176122205	3.2082005391176325	5.113784473770947	
0.1674383011955808	0.4390589151196128	0.5285420933854146	1.476370720743857	3.153854338887482	6.307241397740478	
0.1736455315648373	0.39464578720528404	0.5540656042362383	1.3312653198641047	3.134982923723535	5.563357337793418	
0.16140340124684296	0.41212681262419104	0.6755777537100622	1.3692595264992797	3.625133332248692	7.009958182681603	
0.13010266213167934	0.36148394234594994	0.5935112828559994	1.5475875250138744	3.685543768095472	4.961664806689003	
0.1399564468604229	0.42352920493057833	0.5488792204403994	1.5441443211051396	3.436407124879003	6.466365056751073	
0.16185060463610226	0.3637880056134851	0.5840505003389758	1.380605083317254	3.323208609739237	4.721302632852799	
0.15723655361914282	0.4454545906694995	0.6118403274078736	1.4125053822696165	3.2739056860538414	6.318412074416262	
0.1671503934180103	0.37742102394069976	0.5899871393745135	1.2335283055859325	3.265251730731184	5.27886714028969	
0.1417900873056449	0.41334568962318846	0.6612528719128931	1.4962450280828252	3.644697046820216	5.009991130657146	
0.17442085814694808	0.3477441970330686	0.6180480216736753	1.3348343942232095	3.3507503710818667	6.010721880984242	
0.16706257568990704	0.473668885755819	0.652909022365032	1.4129046773923082	3.7481782946543536	4.981771399231327	
0.1412915034510267	0.3712269281695402	0.5833607100181031	1.3243299691566512	3.4761934281377957	5.998701484347761	
0.147950979062597	0.43355463907097236	0.5732151119397166	1.576953222660098	3.1609303370054884	5.848542235903331	
0.13859166451986565	0.3246981790538676	0.5603152266476514	1.1759959840856087	3.333136784877059	5.811019911486003	
0.16626196113860078	0.3524470114562863	0.584539548080381	1.6041459222863528	3.5392566980234106	6.081789919736997	
0.13447863780551114	0.4022978162910718	0.5827060252734173	1.3556458237139568	3.682665728351153	6.879806875451614	
0.13670043094585482	0.44521084951632733	0.5946195763413598	1.5419319502527025	3.845162896316258	5.902264855555295	
0.15392902517390336	0.40749115810519926	0.6948180304346708	1.4328514177470153	3.5130483159790074	5.53543982847697	
0.12777680735357808	0.3542178634894189	0.5591251727603981	1.5694425898400837	3.2261217867068375	5.633487714963258	
0.13669051080794498	0.36412761508156316	0.6550346132049952	1.3027242072117757	3.208614766775224	5.770676858770155	
0.15531320393606957	0.44995493644772255	0.5608812071012268	1.4753861888466138	3.24501905078446	5.720336883970653	
