6	30
1	1	1	0	1	1	0	1	0	0	
0.09352400964460743	0.15377647220496404	0.3879083264497454	0.7877897250457425	1.430774227529557	3.141171846739851	
0.11846173778180324	0.1519318707468327	0.34082967353869686	1.0195107811391093	1.270055068133531	2.7930533778957947	
0.11081001441980061	0.15625327187544857	0.3997900423554247	1.01903973519085	1.523561444977407	3.62752394677758	
0.09629806175013196	0.15012608367080393	0.39131102794962647	0.8297101803350769	1.4324747365550963	3.7059946449448713	
0.09696489407577434	0.15564405607956208	0.4515709656573387	0.943511004860815	1.4183541475627448	3.269331827271687	
0.08567903620625317	0.11858079215864067	0.32286519086705967	0.9724554226256948	1.382181023797359	2.9001803686669483	
0.11546371341103501	0.15177631649425563	0.44387472476415873	0.8606883624622528	1.6548838084649222	3.262682617814928	
0.11254208129864268	0.16871428872615993	0.3787354354079518	0.8590068315072171	1.405520012267748	3.6062443845384413	
0.0931939130720512	0.13027848806113004	0.3493190695297256	0.8333215338559365	1.5705521893927736	3.334014065339849	
0.10396166396834397	0.13880767314459996	0.3523723955683239	0.9669620332288351	1.5170627849339138	3.22657731225806	
0.0944597955881024	0.1601197960300924	0.42358504280209797	0.946024999482066	1.4039996121092067	3.171325759809041	
0.10445784582169562	0.16509521099387156	0.35605501806421785	0.7807590123612883	1.345681913637568	3.2955955225742133	
0.09117985480561668	0.14583377074782664	0.4537649597349536	0.8833445389081559	1.6095877455986982	3.023135357254385	
0.07057484823692908	0.14260870223044442	0.38967867245332716	0.9869462679719667	1.161478382192635	3.1801939368227727	
0.11061359868885415	0.15066026592602652	0.3942563665437423	1.0044363880626	1.4859783500971895	2.943043153574042	
0.11212928104797237	0.14232656512413502	0.46984749098004863	0.7953144915128467	1.301155326783452	3.6898381418812916	
0.071297062946809	0.12578932003787258	0.383775195220861	1.0421278250556365	1.319104297632213	3.303665587002054	
0.10918737105111354	0.15144909616853017	0.3759980410952942	0.9375544333829969	1.3479281289305618	3.0760183415596756	
0.09679683752863275	0.13943600929254713	0.3916479687360882	0.7017581220536225	1.6865946865299475	3.176645753331472	
0.10191128695311116	0.15513296608998542	0.3841737693605648	0.8832528457596142	1.2711500789714965	3.259669195466414	
0.09091401175556622	0.1489768372655327	0.4031141366594525	0.9461476488636834	1.4352095988005953	2.79897722888899	
0.10457277692312805	0.14673725183054875	0.41125720967378665	0.8829639458404309	1.501406706591415	3.5600040230704355	
0.1185579293865863	0.1695309225138708	0.36382182063245805	1.0043856323124514	1.502809662501987	3.428478169909245	
0.08487726847578747	0.15295937556087646	0.3793937460081956	1.0077938617383178	1.215792283470032	3.2116277114687204	
0.12303589793599062	0.16061065172422292	0.38246939919468825	0.9274896165607425	1.638654332220945	3.659992308101132	
0.10548593902468617	0.13818012213886274	0.41513031266427036	0.9442692577903897	1.639885803714604	3.3627470123915377	
0.0952367328725034	0.15048992196676583	0.4131481976234259	0.980227254027398	1.3626453546132435	2.9118816088400057	
0.0958145530757501	0.1773867077128616	0.39378171523409017	0.8740919445547416	1.3841226201595256	3.451448415047887	
0.11825567299020279	0.1562859501900418	0.3052435265372917	1.0011434917792643	1.2925388630726342	3.137858764784904	
0.10385568115549754	0.12392579153781998	0.35208391218111695	0.8317215345199187	1.512137143562967	4.114264684826226	
