4	63
0	0	0	0	0	1	0	1	1	1	
1.3864162898815948	3.4377972946473068	4.848778567849194	6.422604426098218	
1.4911794965806409	2.5097141048819287	4.286426354174723	6.1303146365487	
1.448860115622017	3.448547627370899	5.079108463973728	6.076257966459596	
1.1627301232120004	3.739944567897349	4.133999033335856	6.215975603646381	
1.3166901643352147	3.004013088390453	4.283476645244425	6.057281553009995	
1.4262285248117268	2.982313450559226	4.342041312369219	6.391193235908355	
0.9790980716402167	3.1142043383253863	3.792305114938498	7.0949372336946075	
1.5688729976118365	3.100074024441926	4.69370496463804	5.582715121586229	
1.3487241525530766	3.1156863081674633	5.008324844468693	5.949424118461914	
1.5398401048101138	3.3899430540870594	4.417984172756516	5.177057174016145	
1.3526851061171115	2.66243094801804	3.9831981516226467	5.735177279262242	
1.2880553868283349	2.9056724411673525	3.7639961430809135	5.347975769601646	
1.2686672252393585	2.997320622533262	3.9524279513021834	6.098946700461482	
1.424158487050147	2.7939439274353206	4.787647989535959	6.508044904282095	
1.7903965391465502	2.8521985998660635	4.871197043459677	6.066115102890899	
1.26422628139512	3.281059999028574	3.4181549618634803	6.380236347830238	
1.2939768847829207	3.1460056685116524	4.4333965936823585	6.241165035884716	
1.6062478247450622	2.997361308006237	4.7146664399599745	5.236763201429513	
1.175816539805708	3.665268863579549	4.232619386621285	6.331582437793957	
1.5461009804101933	3.1117076652092424	5.171309092005037	5.3524578643340615	
1.5368545844728194	2.9761693641301408	4.412356930891642	5.460782022142511	
1.4757192120403675	2.9481220943263495	4.283868000621834	6.161913654956616	
1.6672877087914635	3.2010039647971897	5.250161467152807	5.748636931865921	
1.2823516567448516	3.697966175474207	4.457106197907029	5.728586973223232	
1.4923145635192754	2.9626627954570233	4.202226289212739	6.201079625803928	
1.2430963827645463	3.078038289191965	4.787238580006323	6.555675215247568	
1.3037981381357033	3.1912604457485507	4.918179576331153	5.572770975028099	
1.4134801964260697	3.2778392416454722	4.671690300103783	6.077753211981708	
1.5004772597637752	3.1775380315926283	4.234993308702737	6.323236178136003	
1.362479700114545	3.457703812889839	3.9373818623590933	6.000743583376507	
1.5597849766446512	3.0838893324273595	3.0229051139355168	5.922608531971802	
1.2878108058403943	3.733953552923667	4.06142383867669	6.073495605972844	
1.353103974701976	2.6176826870313734	4.050327509639647	6.227340533350449	
1.5585314191986654	3.0363820907362653	4.646394890142143	6.372645622626154	
1.566773351544295	2.912665242693379	4.054664115097683	5.5913600065999685	
1.3737969543813944	3.5042659063200152	5.5017706454697635	6.682321201908197	
1.1403203284225343	3.3177895680847365	4.909734021592543	5.553881403692752	
1.4529416052136426	2.1306025649020794	4.78312547632632	5.277969194501132	
1.2366971032984146	3.3228982396909945	4.170392528106835	6.223615235240885	
1.6503522949909617	3.333166878286567	4.52559355308898	5.985872952456489	
1.4679200146605742	3.2136878907286994	4.720836070751066	6.3174584556123925	
1.6087209273609369	2.928711358283228	4.372045051643986	7.369038466597771	
1.238368314367104	3.165938199766676	4.759504877626567	6.0577273649729175	
1.3728766081617512	3.178901261826886	4.6455448286801975	7.025938240029575	
1.6123263071174507	3.5100441979390924	4.188039989380258	6.599400423088698	
1.5731663494967925	3.0159849600613367	4.075522509748117	5.860789855304505	
1.4893816239615296	3.094857641552563	4.434457556234679	6.380205605749741	
1.3352496103262115	3.0260477010006017	4.232284749679933	5.529096499614475	
1.309657707396518	2.565749236993053	4.44027396791299	6.397442497514891	
1.3117970708266924	3.151594276634126	4.081110776340626	6.089171286215711	
1.340056715453797	3.5206139676283774	4.823276339368028	6.140553653324241	
1.54561577936458	3.3305463595466414	5.067412542116155	5.809925772475478	
1.5023293388244925	3.200138008992081	4.656496432845597	5.685431874080168	
1.3569895278272497	2.4933611185355358	4.529621547803965	6.547468960038908	
1.4675125209213016	3.5513387352993666	4.855415346150476	5.680491888776813	
1.5429960592716652	3.3464951523430657	4.1590425104647375	5.9334766086858375	
1.3050587122303146	3.720674905115292	5.760228428297521	5.8375741525812765	
1.4931755429256703	3.2939334479378446	4.908779200589975	4.8855005053514935	
1.588066673224234	3.530124435285306	3.9958908950383565	5.36220730422497	
1.3050630262886789	3.3731264062821933	4.226622172848056	6.369505658996557	
1.6391369287397104	3.759309824932061	5.54983944177635	6.117490695435336	
1.6115542909225165	2.965920977690849	4.880380893157689	6.286040633316633	
1.4735935298040441	3.556139483391198	4.9159693325314215	6.181092235430411	
