3	33
1	0	0	1	1	0	0	0	0	0	
0.10999034059421664	0.6072716039665926	0.8526801914026011	
0.10574908177735459	0.6012174379143657	0.9178551371868001	
0.08412559582150046	0.5262784654112768	0.9936233405410967	
0.08502754982896422	0.7809070793608514	1.085092889818374	
0.10350092708748448	0.45697701884512704	0.9464379161119164	
0.09692461181384643	0.6221299036613355	0.9550471909705117	
0.1038052803226045	0.5349144922364167	0.8723026154330726	
0.08467171278114417	0.7134857030193665	0.9521636347793894	
0.09007064757226244	0.524364961255972	1.080318780203638	
0.0990404677885691	0.6438787565388263	0.903042370625296	
0.09323463461087833	0.6591217339308294	0.8313931198564276	
0.11072683813329119	0.584928234590893	1.0172115485900242	
0.09520874127624256	0.6175361619855786	1.0039613344715586	
0.08767242116508119	0.5742798597441866	0.8236332498529636	
0.08766019679405616	0.654117768260607	0.8882938892865082	
0.11151553915345847	0.6799117935302378	0.8063798836507357	
0.11536854733462783	0.6423782653126257	0.9296312532028012	
0.11648127896097625	0.5862934740917091	0.8113444808686694	
0.09412414576531838	0.626271827535936	0.9210174170311951	
0.08697490086322185	0.5913547888739384	0.7579751664279966	
0.10353999007893094	0.5481705935908906	0.93423125831892	
0.10629368854385174	0.63477639613139	0.9969870692827825	
0.09046867399824504	0.4865475149711842	0.9685825930273759	
0.09087895576008975	0.519313847725875	1.084159484098343	
0.10897793528437108	0.6666338126911502	0.8532039855366137	
0.11356056124792124	0.5267475794995515	0.7368104664915022	
0.10792495316729872	0.6315494884139965	1.064361993062549	
0.11112638260155122	0.6048012631338068	0.9134912318748235	
0.10167932367810772	0.5313359010798633	0.8430721655102885	
0.10784753255454027	0.6198581712638704	0.9675107936126495	
0.08890878909957611	0.5664273171567777	0.8898323929453087	
0.1059899614073539	0.5776577891932535	0.8604350716550968	
0.11333059532850515	0.4987581499337301	1.094413498316982	
