8	91
1	1	0	0	1	1	1	1	1	1	
0.11991744904450961	0.1428440301075377	0.9031633142926966	1.4528639173031193	2.22834279254294	2.8062196313920715	4.113836436483161	6.0872928033929625	
0.09791225181803323	0.15035459531565676	0.7566351329833825	1.6283659043913268	2.400895113486167	4.282659860645243	3.9820062179228004	6.506190385214193	
0.10518663611005848	0.17367397774223392	0.898837803078822	1.616292019516533	2.25616090996558	3.170986789778544	4.225997012417287	5.60043573577658	
0.10099010042704336	0.14716677761667785	0.8803873355237023	1.2606371977135593	2.1607176978695968	3.067884266005783	3.993935138580139	5.022222465967327	
0.08710114067279079	0.13686994519610948	1.0018395984575859	1.4186952574353262	2.0664927299179783	3.1127189477405652	3.6305792396305114	5.815131017487515	
0.09615111924878872	0.14734506481529916	0.9768425106328228	1.3505491113372783	2.161703453783665	2.4786966682817617	4.4504063088505035	5.673214497290868	
0.10044712129383515	0.16083596817002785	1.0803211396952181	1.4793564247802649	2.1654278252815353	3.353310497213531	4.859726405314551	6.969863924520572	
0.09546458049481416	0.13192008446660486	0.876538875578513	1.4481118513783096	2.291313108143317	3.151733488144825	4.621259219481882	6.057300830233332	
0.08845486433332093	0.16048753252538736	1.0241749788921044	1.3911054007352697	1.996098226647941	3.5579925448550664	4.821841305523143	5.827156589093129	
0.09324177721316534	0.16120210751133993	0.9463722406311497	1.3397567581941066	2.217211241209449	3.3980028406768996	3.9478497866837543	6.947902997336109	
0.08381474302135908	0.14329312188946852	0.9285704480491145	1.366294708623947	1.7695893801889593	3.4583948228121195	3.9262605420587056	6.375056798841962	
0.11275132071814292	0.147025109280996	1.0005142369348698	1.3113974471748575	2.079211740906108	2.9308015839081976	4.855355502838261	5.77245192068444	
0.10861017616080793	0.17307795263413087	0.7976132769340881	1.331681175456853	2.351229095038709	3.497966024990311	4.256473008972201	6.707488824078972	
0.09836320605508637	0.16108964374002846	0.889140784039192	1.1788974782280037	1.9129110170452825	3.078773703985892	3.9693805665456163	6.375854438735393	
0.105312567883121	0.1697860247624759	0.9442900503325646	1.3401750909107033	2.0590587916311733	3.5148490408707636	3.766230244517335	6.024929024061372	
0.10553341138693491	0.15421598751285856	0.8978616746250667	1.4684265446957594	2.0998876275327274	3.360645248445402	4.717920122383318	5.748456565786619	
0.09818652542697066	0.1469398797709743	0.8796597445912522	1.2973915043933364	1.504103994790353	3.263479950850599	4.597204669548183	5.870660283739915	
0.09183884850269286	0.17624966321128668	0.9077514202477044	1.544855830833337	2.1388775930067365	3.549651952895782	5.2223800847536985	6.690104350730682	
0.10860619534567169	0.16691228620148663	0.8888877827898302	1.467541993929372	2.0850501905890537	2.6449528773997284	4.545261335929741	5.99216206990382	
0.10140513561153378	0.1330434231496832	1.026400835361381	1.1847698244690417	2.1118390076730313	3.8925651796857794	4.263519252843572	4.528899937572408	
0.12094601020221983	0.11193652470433464	0.960246462703062	1.4346187190861945	2.3267989541090057	3.1768826559892953	4.844743761649158	6.529939013286638	
0.08847296455763816	0.158460642596927	0.9199567992153516	1.8087884541514931	2.248989375288628	3.425008573143281	5.929323759441889	5.454404498692799	
0.09832624678449785	0.14685836260126792	0.9312936929241304	1.5499970335091307	2.303024302269092	2.9418706318339085	4.37483793838042	6.5613751011984895	
0.10433619670914357	0.15620051383352226	0.7875463375546929	1.5832273382833282	2.1809107893311035	3.680125281790623	4.4699006297939565	6.306012297812709	
0.1017491757873231	0.16751421563703495	1.128606319185805	1.5493865896141805	2.2325922019828655	4.107551119535973	4.121257200241555	5.587450960201371	
0.08753229504756435	0.1334016571162987	0.8576050318438182	1.5232080151094372	2.0331355324693208	2.8771497047020214	5.3658904768855855	6.269045859980395	
0.08875210448973077	0.15826081131053973	0.8748497499935448	1.3141788469493607	2.1089971365169924	2.788879892350724	4.198402305692623	6.430820082576631	
0.10736471493514638	0.14796735670250993	0.8694146673810093	1.5697893280785702	1.8556136847666815	3.639341287891748	4.0043755748298056	4.456509810626374	
0.09805437443961504	0.14777921213566794	1.0602309388017896	1.365434358117788	2.2123801759735695	2.96100811014219	3.8403754045976375	5.538942911844436	
0.10542368580387028	0.13186251457608147	0.7651957063228875	1.514075214338552	1.926872058932125	3.3189856018711477	5.085042012152947	4.986900468943942	
0.10086833989487137	0.1285913691737041	0.7909849282787856	1.3248903765360747	2.0994410942974207	3.4423246876761198	4.32841546900553	5.426612272252502	
0.0877379401957731	0.15035003727775484	0.7360256379423759	1.5667701342434779	2.1846006515365564	3.3689525569999788	4.774003552426112	5.46250610586142	
0.09228017518823844	0.13967149997919534	0.9323285798719015	1.479350909937805	2.5600048489175493	2.8531647508190856	4.486506035977371	5.40304773467855	
0.10490209102196582	0.1190881284678422	1.0261724024651466	1.517834397042771	2.102103266889282	3.4231435474839476	3.892424630819934	7.276017800446046	
0.09333883634369448	0.1300579527513344	0.9141484319655168	1.701439085690135	2.2112030408822294	3.6394002355956365	4.067787950914068	6.713385903665589	
0.09597661062460915	0.12825635995294843	0.767135637003571	1.2545334700317747	1.6494935476950923	3.3690309256917494	5.059604578094762	5.665369330067004	
0.07982945503639188	0.13883147508115448	0.9701166236268447	1.3269788345301812	1.803912610140078	2.842656865651869	4.9061109837259895	4.784250065723251	
0.11576168395545455	0.15484040309555838	0.9625655049644898	1.2910452429158874	2.181950148355323	3.22484411293413	4.467775432248133	6.558393803003521	
0.08145760202478006	0.14168024708875962	0.8063646927720127	1.4978686918073247	2.571632178884771	3.202495766903554	4.1906387283126705	5.600379625697245	
0.07877303798235423	0.16773387668798517	0.8023498854897239	1.378191642081449	2.138887241263524	3.3674861909266824	4.278119946603557	6.817229621746009	
0.11275629676525911	0.13371575067481187	0.8902648196279408	1.2151027118416242	2.423252188347004	3.4325769236135835	4.014065514868968	5.454917885718441	
0.09578745855339077	0.15760449029148	0.9908160154240304	1.2912940317631099	2.3671266248070815	3.548775371039315	4.779412874757293	5.903759745147642	
0.09422132084545315	0.12870711944008945	0.9695648975740427	1.3043771319229271	2.443357347610014	2.983393995109443	4.3280529025986505	6.773429663408882	
0.09284916183542784	0.15070622978752773	0.9791252413046002	1.408852864459719	2.3710352713128238	3.3472464605019425	5.011175197106094	5.753125947844309	
0.10036041939526906	0.13776056915153181	1.0019271344811362	1.4505268448277733	2.229432542237729	3.4063855173461235	4.4450265933385325	5.684683239135513	
0.09039496358277328	0.13375553640404145	0.8584178629751167	1.6563791923352509	2.116877946340463	3.6831493376918143	3.771392296227445	5.926534598783805	
0.1017378290191451	0.15450973723845055	1.0330511724851779	1.4592202768381253	2.145956646693171	2.8718031718053223	4.151519851193117	6.753486457007927	
0.10949191706976785	0.15582607695948475	1.0272760481859293	1.5545092822400577	2.0293226759968737	3.4384410940785	4.09046235750444	6.665431661674354	
0.10084604617760058	0.1490249592549092	0.9343534198065158	1.2636641347145185	2.1313319033771765	3.4506860950863274	4.297412208839532	5.921757872444283	
0.10017050586966864	0.17279887242615	0.9808899522236951	1.4132098428905715	2.1527059775002173	2.947748072559787	4.0893632535869555	5.432640276988449	
0.09779564304413568	0.1376341059783655	0.9147741332650678	1.6183567283006473	2.131854060477488	3.045988130620064	4.4055039074628555	5.441399054737114	
0.1022584777006209	0.1597090607571164	0.9299889813174523	1.3108021976678927	2.112769089861369	3.802913862509914	4.00925446260111	4.82351266289261	
0.09130294865916688	0.14425785649005765	0.9684856984163697	1.3898555819033922	2.0552552898926653	3.3559360042293904	4.331029679230854	5.562622468356571	
0.10082113772127273	0.16297494133880194	0.9376150375798837	1.2201000766015047	2.2165853510528875	3.423081215899989	3.747039723990598	5.944664472833148	
0.08924318710914358	0.15631567473002891	0.9089861956580003	1.1920162806817465	2.200354537564854	3.670959726814669	3.886575271917801	6.09681400342049	
0.09308674614049305	0.16364213138407652	0.8941698162762933	1.5723887017893576	2.410818694138365	3.496585850409777	4.907517775069037	5.749596147869047	
0.09942319562935509	0.1551598099378987	1.2593535284653685	1.4114671141766302	1.8799296767497284	3.1539317463855947	4.978416922414288	4.65062642980334	
0.11041538867941564	0.15304658565675006	1.0741908073383708	1.6920178285979408	2.311070594729731	3.1550496065376294	3.756283636252942	5.041552537537437	
0.11335951358023376	0.15181425175753785	0.8426125724208621	1.186064018858588	1.9814975152192058	3.549011204756497	4.688144861617661	6.175522831218653	
0.11890911415438665	0.1530623358033358	1.0342454951303643	1.2786517833150515	2.1881116552976425	3.549653278559316	4.316620140129336	6.212710647934105	
0.09012367372562928	0.14393777643702554	0.9302466710481101	1.165564523874063	2.570985389788154	3.3116769619433795	4.949663123568749	6.963032287947123	
0.09697489607958665	0.16537313176400575	0.9766437250389944	1.556936619345214	2.221109392892769	3.0943302997107436	4.428867875387403	6.608188915346854	
0.10758466132528295	0.14114124497034541	0.9336594642712331	1.7596182408312044	2.400109997539833	3.4285849238008375	3.9738819592329877	6.191830882429983	
0.1116489410950409	0.13631711829562315	1.0657330038348443	1.444955427812751	2.8933993614757196	3.2655049747674716	4.428452285250934	6.972000827765665	
0.09685625345957463	0.12550895731756154	0.8346950887856582	1.569368692677141	2.138802152382499	3.5263239873992074	3.256493602979768	6.479645729798018	
0.07795903787853659	0.15948693001460604	0.8883046449256711	1.4692868721492607	2.27366183961028	3.358907311937709	4.881489954846163	6.062180822494131	
0.09598335612184786	0.14942330584681054	0.7869528267500602	1.4817024077750367	2.03001858641378	3.313291731946657	3.431091520992464	5.100545082916093	
0.11031531434887576	0.14289820763181205	0.9631636128819769	1.3395099685120087	2.149579141833604	2.856871226816123	4.603562832223017	5.976646465648392	
0.08766745590868628	0.11146738267554733	0.9826113171752113	1.3676941239000142	1.6294585362941865	3.5188148122924012	3.488349513815904	5.799937723048109	
0.09732309430721327	0.16666994966510884	0.937920045392023	1.321067355062329	1.665090586434892	3.3442806210509417	5.38398393644145	5.350843627270547	
0.10848943542217787	0.14528999796341086	0.9982285662716769	1.2854502230204785	2.188136834150028	3.085123559842507	3.390604464969682	4.998647893570635	
0.09407972505826824	0.17266912106743243	0.9788779444820189	1.2345457080657054	2.5242595497297327	3.034785355590724	4.559049103961035	6.6140188954648576	
0.10471605164574012	0.16945161458004418	0.9932034436702187	1.3269225974789645	1.858054652856682	2.999105510585022	3.4409488913807906	5.249086896395329	
0.08676462574817984	0.15406197268989175	0.9279042370932545	1.2097113833679998	1.967135897299108	3.404538958029288	4.063400761439508	7.0325503071511495	
0.08858659090741212	0.16556425014221862	0.9074710442099685	1.3333423707844387	2.1312488542048844	3.1481777815893994	5.127475059920998	5.618361113176939	
0.09864541668247678	0.15107040222048987	1.088859041753232	1.2658817941415679	2.225955448807835	3.2586961386127857	4.246001189105988	6.5244254662735965	
0.10202684721981368	0.12655311117934923	1.006027481229925	1.1870300820609887	2.1548332607534846	2.620821379952757	3.76044100464027	5.344855639490397	
0.089590866712372	0.14892634765153706	0.8169996507905768	1.567207985293223	1.9996873395748311	3.3083986544175135	4.338445277999793	5.386225338657213	
0.09641465089843948	0.13911045836769806	0.8934524659769111	1.6703874458662065	1.9971247977009916	3.502390128459632	5.433603021611456	7.145654835907706	
0.09963523982742843	0.14565041691542427	0.9115777650017465	1.1880390632312212	2.127256346301264	2.861953015330177	3.6705084437728215	6.004901480745394	
0.1222519746940429	0.13523604893544952	0.8722170082260586	1.4469149412262248	2.0327396544259004	3.600125041048442	4.8675970378895785	6.306478562494103	
0.09684236854050449	0.1414077418208635	0.9364249580741535	1.4322552733990217	2.4585320213733652	2.979183215879905	5.127967804946942	5.853402770861695	
0.09667535684088906	0.15559483383411232	0.9472797329033557	1.373308440829842	2.0408689969478644	2.9271325182860233	4.435127083841446	5.9038932831943	
0.09519949259305864	0.12575353982731072	1.104513967841257	1.7033084066941513	2.2133382543703135	3.34030443905409	3.942487745394203	6.228312343473961	
0.10678719327587556	0.11892901386723377	0.8375549826183422	1.7715774929886237	2.2526246773836176	2.738471254677973	3.9598920103641073	5.788851599916971	
0.09248430973911484	0.16528430683525797	0.8089842145184819	1.5007282867821694	2.3990817138425204	3.554710076315754	4.093774641103052	6.201988743341069	
0.11393633601540874	0.12893522115116346	0.835212785997981	1.773288054721763	2.322578854186768	3.5190747105439795	4.342463093194486	6.47091798524306	
0.10301523763665306	0.133731126195356	0.9911996483832308	1.502630893145819	2.359423695458196	3.6071148736809366	4.604552738455791	5.851734352919221	
0.09179579042141778	0.13243834685922565	0.8456911940430459	1.5156821653156254	2.0711789873807107	3.298574684397194	4.041867643505538	6.786487376698176	
0.09245854959571578	0.19954469411216827	1.0174461468877318	1.6702082260350262	2.2675431179250913	3.2862352043824137	3.896741163690064	6.320404064120931	
0.09601336993822233	0.12162012065557723	0.9559269785416865	1.5076896312616415	1.932467489341972	3.383190081613508	4.082906193591814	6.3089479302810485	
