3	80
0	1	0	0	1	0	0	0	1	0	
0.14902312034488222	0.8131312066184723	4.176437042142065	
0.18133081928216732	0.8517875173704749	4.931762845536049	
0.16795370411301114	0.8990262786972334	5.341618385172519	
0.1449196063625138	1.0153043670781456	4.288531029802094	
0.16334639935476528	0.9071259389682172	4.451831322173157	
0.15645563684214028	0.9366147374041605	3.9947379300845154	
0.16009078642603625	0.8440116600252223	5.170524433944793	
0.14702091503963458	0.8270433021282393	3.9894168402250547	
0.1799333853540566	1.1217109504167757	4.726488755038167	
0.13996258130530662	0.9088291403945379	4.711076142693143	
0.1363457903942475	0.9158305480517438	4.006136791870921	
0.14910493727573415	0.9670672362082274	4.121402474965777	
0.15260995723025986	0.8293790135689791	4.448246257857578	
0.15507330524463228	0.9670323021416485	4.625627043929008	
0.14016028697066382	0.9608536096751735	3.354363842004412	
0.15653975807039583	1.0347524820105156	4.345373072441856	
0.16138734556657475	0.808270313626959	4.547986833554149	
0.15906134018248225	0.9550611482542214	5.6525152195672534	
0.13201834525150577	0.9707383823514683	4.531346552076399	
0.13865412379307074	0.8236592523976873	4.734996775830631	
0.14270266832434064	1.0345884505292688	4.709107236652137	
0.1531804115084943	1.061583067926927	4.895502324837541	
0.14410085812080844	0.7977680191548626	4.498674805704706	
0.16133636693736012	0.9497281908562136	4.97474557679933	
0.1799472702772044	0.9310612789495851	4.132544138812568	
0.14495090287652757	1.0912074872724893	4.272524021946335	
0.11168937203538165	0.8534112123867077	4.501533123266919	
0.14128212384686945	1.0476484177754504	3.7541019405580345	
0.17862096065240693	0.9393676856405608	4.867086499216157	
0.1526553114411652	1.018893030300736	4.278473508262832	
0.15069277153116595	0.8392478771137627	4.237703583864483	
0.14649670480356577	0.9401155204668445	4.758561423355246	
0.1355647832267006	0.9098733770733506	4.29259130269477	
0.1532273047655594	0.9288271355814558	3.823817629700412	
0.1608784533547125	0.8999178937404163	4.730351502237952	
0.149660591362198	1.102976572754457	5.37610650689248	
0.1527301618541567	0.7871397406842081	4.933143240244467	
0.14260705475749666	0.8652927697608717	4.905799736570481	
0.17325408788409416	1.0722812214787465	4.781480353107095	
0.15031509538456936	0.864655336806071	4.390153472769411	
0.12790808053840577	1.0476167296249659	3.8648783318271245	
0.1648043005379696	0.8912202126843365	3.305116768917549	
0.13868435696618336	1.01390346811476	3.6400706120836213	
0.151360048979288	0.8524632570481393	4.6042402456391684	
0.16834736665154565	0.9724531759497196	5.0062136887246975	
0.14606925060560233	0.936481131144419	4.320881694127633	
0.1621315807099338	1.0538443593040314	4.7834823185414805	
0.13620049303062717	0.8422137782923451	4.437004343696875	
0.1270238932381349	0.9001018070412813	4.740612731583327	
0.13058812501225364	0.8168483016100454	3.5856061076957064	
0.16974499967407744	0.8690488296329353	5.092529136128529	
0.17464358438943214	0.962203332999933	3.7790321649060665	
0.13922804916786108	0.8993154873011827	4.251808290978273	
0.1606848432634999	0.8423356031373611	4.480425385152383	
0.1559154028904826	0.8953054961741781	5.013871596002594	
0.1451314751356019	0.9103564435109922	4.447727926893073	
0.16756227575219815	0.9570700518382536	4.29141459301434	
0.1681477677749334	0.9659945896535529	3.7533320100588914	
0.1485383419261833	0.8837183346653398	3.549786413151395	
0.1652195652140451	0.8123379236068969	5.141548363605494	
0.1320899104007056	0.7852145698116052	4.259660540653283	
0.1464517957179927	1.0277547640738023	4.088807622540165	
0.16954646406638357	0.9521531569584709	4.249820636593479	
0.15726942537545124	1.0254213143694975	4.076956173430436	
0.13765301747251804	0.8918424097984021	4.354897666561877	
0.16500218944450537	1.1329919249041351	4.602673590957709	
0.1632986249227693	0.8408675053066083	4.411079039621045	
0.16450884329483767	0.968777009100563	4.2800235662108035	
0.1670547786988551	0.9952671477134588	4.073911402815881	
0.1560658171772201	0.8430897133379769	4.023181956269466	
0.1350449464079597	0.9803239211623509	4.306013211684941	
0.15994536843458498	1.136228696967452	4.381662406330579	
0.1444608246102114	0.9132759112816938	4.280465560134329	
0.13020911635271332	0.7311763169079487	4.332285067280972	
0.15603881527292246	0.8747529456657323	4.558772186020166	
0.1569834462188167	0.7995371256218207	3.6270294595431882	
0.13661095371460846	0.9106448147104012	5.043724795234249	
0.161288342750851	1.0014273878886588	4.269677952741686	
0.14398991292220634	0.9685976335010659	4.571894946918413	
0.14388503179674791	0.8814604441148051	4.964232854804558	
