4	93
1	1	0	0	0	1	0	1	0	0	
0.10740749009039484	0.13733320907157787	1.3284272122612046	3.017445880124588	
0.11374510642989587	0.12416002868834887	1.309283464648291	3.4259209328446083	
0.0831397804933217	0.13816549447971904	1.508522729000619	3.4135932104909013	
0.07433263841060134	0.14373666334600743	1.2242776722338073	3.3740911238208735	
0.10222741301116474	0.1663635862096896	1.4880187383711752	2.922699855770085	
0.12335403661780038	0.1771918224962149	1.3662807115355615	3.1471226407404282	
0.0948896441119654	0.1751815593289953	1.2916770819555812	2.882104151400179	
0.10497273050389495	0.14814783577351245	1.8592321797477702	2.8906665579781703	
0.09049602063606355	0.14353374986861278	1.5620501571379402	3.2455664701348104	
0.10643271871435414	0.17159955090973664	1.3065123171287882	3.0273609272999873	
0.08822741495114624	0.14348621100788922	1.3763983930742298	3.3784628872262332	
0.1003972765758475	0.14635826279424696	1.4573166563904136	2.8977143224448367	
0.11047212835279419	0.17155475734705072	1.5611737316822023	2.7787024986544178	
0.10257535851988027	0.14834041483519683	1.4499008556814739	3.43309803156942	
0.11686835855043516	0.12857566625520847	1.4245688008986899	2.916529250797734	
0.09566532666719968	0.16152821338786255	1.4915351650383764	3.920024627421389	
0.08703346720295345	0.15507600044079403	1.5728964933877723	3.2534562731525685	
0.09989651490176543	0.14866059958459063	1.4268189588443296	3.6706520205411293	
0.08635839509841103	0.09814768014068628	1.4221131055304708	3.4935513457721155	
0.09926659242979768	0.1442123777333663	1.4701632866673129	3.2245955532142134	
0.09682811524722557	0.1326840590586521	1.7886734736002692	3.0312520767758175	
0.09792992787260218	0.13287542530927107	1.4166668484563107	2.9318148596135254	
0.10955152142617451	0.14869439877583288	1.2672029759963963	3.880474016625249	
0.08559710367948331	0.14499416442225055	1.4170439717254395	2.966573284149578	
0.09832265521297394	0.15395744361946523	1.382980290830441	3.35641751350584	
0.10425300983079472	0.1471647523187369	1.1041290230132608	3.1141594262172574	
0.10041937482361518	0.16737952152027583	1.2890885523382902	3.581542016273352	
0.10663156847908915	0.1542175684731573	1.293474306800942	3.1833763927063132	
0.07995966488243292	0.16391653619926788	1.6510080592283096	3.13926443113371	
0.10581346522110653	0.15787849455715508	1.2234948621238366	3.2972349733729795	
0.09715168017852266	0.1586163853576098	1.6181029828604396	3.1501912065532505	
0.08379157589307101	0.14923735879757113	1.4139579537320233	3.3530907674143555	
0.12208827529166733	0.1308614986283597	1.451368334530248	3.6471929664877374	
0.12127947017018684	0.15663420191017105	1.3499248755254551	3.203568279363857	
0.10607763220805544	0.15393990617108175	1.3050438561244537	3.2078729189760216	
0.1055064630574788	0.14039458172529135	1.1546948549241847	3.5056390194664764	
0.08772054654990562	0.16884878422632646	1.5123059887244088	3.6368585533772	
0.10210956611567151	0.15661027721673043	1.5213999824838125	3.258546725362353	
0.09380401042408038	0.11729923715431466	1.556838232703585	3.3808351446644718	
0.1023691647667578	0.12120304941735827	1.5221381988584766	3.097938488038527	
0.1015008433999633	0.13748057065458072	1.2692534634492925	3.3969486417027954	
0.11135205726854057	0.14546466348300524	1.2299263217179481	3.2848738911223276	
0.103310067717419	0.13608586712546075	1.3141778619368027	3.801508616548393	
0.0889531262752908	0.1588968709846131	1.2287773604676007	3.36890769315621	
0.10553411289510671	0.14499763106017327	1.6094422145517322	2.6837957256367124	
0.11092467320919633	0.15732396436153204	1.5900467185777272	4.060206764160654	
0.10661423948969553	0.14543918783414989	1.14081664705413	3.294967519397937	
0.1215133790475958	0.14065519162211398	1.4947492249424434	3.079119722613309	
0.08041466223159278	0.12896536178677237	1.4556574857231415	3.5158595137634543	
0.0927058198986384	0.158149242650639	1.4718372595886853	3.2297824295971873	
0.09509019929509406	0.13658452656051814	1.3519351846481935	2.9384849352903206	
0.0807150959818372	0.13764795411586758	1.461146162088023	3.4156790771699708	
0.08881687751236156	0.1482458730827839	1.2179373743189037	3.517211000697904	
0.09212967046262774	0.13632261038617166	1.414860564940823	2.838593109652763	
0.12108693369715313	0.15245028456169016	1.4397405886133006	3.4227885838341376	
0.12174566828298294	0.15764427182620172	1.3311367228775255	3.1570484804676697	
0.10270056709705067	0.1630984699229314	1.3523564350860537	3.708663119226105	
0.12045488176187034	0.16202046706356124	1.4870814953293192	3.268867945636809	
0.0951719892364307	0.16228029783599487	1.3055510170595896	2.916243228206746	
0.09453880727818904	0.14361376234949186	1.5459098644808316	3.074333388874978	
0.09228556802161013	0.15386296266883437	1.3919723672109883	3.2243204915630397	
0.09499896517233997	0.14462473235892762	1.3195150147314096	3.7483391702461666	
0.09199594612316517	0.14142420178158788	1.3923671791746375	3.56830991925736	
0.09624440666155677	0.15710176915497143	1.5785253458726793	3.261969037632328	
0.08751853638283034	0.14907623278935342	1.4488734797098615	3.0301522497103166	
0.0834702461924486	0.15706497509558084	1.3580993194973148	3.809806396086289	
0.10466275978272999	0.13457187416468494	1.2303270485721707	3.37584954374059	
0.09895146370389579	0.1623410783400588	1.319588695735173	2.813372145279742	
0.09172399612797133	0.151585225494947	1.52270192985346	3.3826832923047676	
0.09626374817173773	0.1480817645123079	1.4118566785369122	3.7910204142776824	
0.10053487499000727	0.16148428153084216	1.290549680075395	2.9105663595889726	
0.11492086479055144	0.1398217419028879	1.564772475858268	3.1815586117873216	
0.10623339528266501	0.15516568976843775	1.6894025897125817	3.014311707317365	
0.10860872762304663	0.14843453592946088	1.4708508782108691	3.117120836849945	
0.07522453224535493	0.12762836641244604	1.3190717380296089	3.5986741726644342	
0.09890592770097356	0.14689644666042387	1.605361781849422	3.7943671697612067	
0.10150961594743674	0.13471662071560717	1.633652319607132	3.084449825037922	
0.10814426618430811	0.1711812135393155	1.4489141723714276	3.0280481868823337	
0.08207695361336038	0.12466810326358439	1.632249855500671	3.744361062757701	
0.10714708154613493	0.17020365955407216	1.4401504669669285	3.165989526989778	
0.10672668790598161	0.14755355270910506	1.4597311784452998	2.981041628524887	
0.10800063714349686	0.14521807282096516	1.5667889081178332	3.201457014999153	
0.1118841605501187	0.15673468016773115	1.3872539854616037	3.509506663435481	
0.09195789219381015	0.14246785199678952	1.3389225880068274	2.95254556755452	
0.10610654192510408	0.14838098729454394	1.35604741812263	3.362005621121223	
0.08435629797383747	0.1765114531439565	1.420149603374773	3.212185697362606	
0.09473893372399167	0.1353623496353838	1.5301150757620745	3.649319163554951	
0.10618170883686479	0.17124750545525183	1.4876763785914904	3.4728432200458164	
0.09607896208516299	0.16440971477955607	1.6162911016973747	3.6011026062158384	
0.1049999094822926	0.1322496673010843	1.2413395223541517	3.2363869432461714	
0.0910422371083822	0.1793000598381361	1.598478647149953	3.43453136204425	
0.09038375907072355	0.15170637061833053	1.245679589175168	3.708121132425816	
0.10457555632786336	0.1501331069686797	1.3462779222941497	3.2032673073526707	
