6	98
0	1	1	1	1	0	1	1	0	0	
0.17861800437944345	0.35421494353745636	0.6329041620644117	1.03455095815335	1.8837353545725242	3.1628005058795012	
0.16056517251730157	0.35807361477843086	0.5428584963680854	0.8902632781626536	2.101538569158379	3.303786471823744	
0.15219899561421485	0.36247172547864837	0.5482159768768485	1.0868689510509046	2.2098736164431223	2.921772944372629	
0.15171904003527806	0.40055490850361325	0.6224147655116045	0.8735807512829616	2.137679902693133	2.8527591076292174	
0.15658673537503803	0.3710852190872164	0.6371365609211924	0.9568149856473548	2.386363203648054	3.2890908575230418	
0.14902507500213213	0.40360287708135306	0.6556602306410574	0.9381949444129627	1.9177518192551004	3.580463711964874	
0.14803900852042542	0.3803750502451375	0.5902942813518108	0.982064437363505	2.0231092214180175	3.2518388948547057	
0.1111085324879387	0.35363902637256106	0.6137251143126945	0.925387984637122	2.0838368037973276	3.6201736698879476	
0.12244990102327831	0.4082166917937744	0.5943463452663268	0.9434894007193112	1.4641577748392656	2.595871525969949	
0.15623358229386441	0.43456887783690873	0.5846795870644896	1.053710651613507	2.106624412730063	3.560606899900795	
0.16583914622460846	0.36981754307075093	0.5672816702108845	0.9383208250703243	2.3110463688835274	2.955822897611273	
0.14584366252015907	0.40053076294613027	0.5247074637443933	0.9312616842710477	2.5354089343441344	3.683097109082894	
0.18642898598747976	0.4709978571623076	0.6305457563798748	0.9106513042017396	2.2644883733332954	3.5176157107038417	
0.1406147986296343	0.35161895826399003	0.701279230095666	0.7016507473497465	2.2340464293827083	2.8439847973976384	
0.15443056404240013	0.43026513618932666	0.5424652176766177	0.8353971014129514	1.72758321189083	3.804522829570944	
0.1720128320486649	0.3460946054614515	0.6088005744792501	0.8712066464190905	2.6292462912477985	3.289817529138759	
0.1262433222720071	0.34360113897543315	0.6206953165059712	0.9507519704709158	2.183559722185089	3.103709105505107	
0.1351172590800343	0.4321152854019339	0.7100091122336024	0.9729387833606502	1.8825734960727336	2.9175351002950385	
0.15961246157751496	0.38334947810892833	0.579879993073132	0.8374765188529203	2.0341756256208696	3.1287468168376646	
0.12688267926183594	0.3822613445702657	0.5889055116892581	0.8964907689407818	2.6033837321740707	3.0812193585283754	
0.16069463780539414	0.35672853449484926	0.6334339132344345	1.0548385423657527	1.8153125103155676	3.5382514349235366	
0.14392116624079002	0.4590987755692536	0.5522603763238242	0.9356453079578866	2.356365761650862	3.8412913230729533	
0.14013775360314568	0.3674519728904812	0.6414661843937911	0.9703855640183073	2.175679409112475	3.7597315940151352	
0.1535986820357825	0.3766967191776965	0.6561469026507757	0.9652160480062619	2.3643386227742225	2.8241243371852	
0.14463396899142955	0.3650261270983661	0.7432249659483161	0.907081411832775	2.306077541428479	3.15626148720975	
0.1356221755404291	0.42996264169746723	0.600850563264037	1.044479369761354	2.0092921502510204	3.9137915529271403	
0.15896113596489925	0.37941001643957173	0.6033249810530796	0.9472892583731737	2.0746607080004598	3.65986606848941	
0.16669483375811203	0.3631977587958306	0.5459633808107615	0.956672640476833	2.1837503417423494	2.2955607257402426	
0.14786482406639026	0.3494380334020607	0.48267399336141636	0.9871913670374685	1.855576186645209	2.9754226466307108	
0.17002398888030437	0.3509455169267776	0.5063995096399924	0.893009778481873	2.0950874254970824	3.178180539788702	
0.1721770669622552	0.39999037698354667	0.5575195798876277	0.8174275971526367	1.8976771980842233	3.4870483022343906	
0.16128872959369933	0.37324343821505945	0.6224159506151197	1.0720495742312968	2.305928288018233	3.2867911179668052	
0.18109723837597297	0.401481696950214	0.6083972056922179	0.7502357185871701	2.0848904141642848	3.0551497447126663	
0.13589503849228893	0.4192079041518875	0.5993748960847095	0.8816136816215847	1.8354005017298705	3.8416478511000687	
0.1488560560861295	0.33619347392561777	0.5316809751434899	0.9885287702683782	1.710974859563276	3.3432091762002045	
0.14665884765465093	0.3889270216196298	0.5666366330657427	0.8397250769184151	2.226906406654401	3.1924428082511964	
0.13408556695525808	0.42261979201605626	0.5809632433871581	0.6995694397332224	2.2896119793506697	2.89432086020841	
0.16478053016632174	0.37747618537516064	0.6642015256321813	0.8412893575984883	1.887270395598512	3.4463080316382277	
0.14704398948043923	0.33064937692139484	0.583890031426393	1.0077497014688546	2.698251353973991	3.685744285916859	
0.15664223978051112	0.3196617280569663	0.5986410477521391	1.0508996299900282	1.9948182729910717	3.5791200904586518	
0.13302764287325733	0.4117341574850587	0.5642857329730125	1.1002698596059983	1.9963953254650517	3.4616032769401675	
0.14124563437595156	0.35920614665934847	0.6196148587194766	1.0133647136745996	2.2224135746966205	2.7509002426080933	
0.1553887198412975	0.39825095226111384	0.6098453753545473	0.7537533317189434	2.2378901768474346	3.4771515978906904	
0.16718256942063275	0.3649665656400917	0.5305897219249058	0.9352203048678688	2.2459338565308227	3.109718930809688	
0.16899477291074927	0.37249237262839774	0.6616853781185413	0.9995657302250505	2.236163278523421	3.195204186576972	
0.16249866720662165	0.35433788595359206	0.6171596500333363	0.8554119006168105	2.1737007261535375	3.245709331623375	
0.15737035156774273	0.3330972599358491	0.6540599455731283	0.829407839300322	2.578346277403565	3.3301163640216576	
0.1233922663507761	0.37273919606903966	0.5915319431688304	0.7928225522630641	2.0593718169362245	3.434701581792983	
0.1496006204638702	0.3812173179723718	0.6016212137262694	0.9278441263160095	2.583445046029082	3.5366164646865808	
0.15658267668362186	0.4563991738271734	0.61839850776158	0.9429762136695002	2.319859927333512	3.35518253576688	
0.13854652169354445	0.34748018805381664	0.6359241787190515	0.9600010621694733	2.089835928459633	3.454991522975734	
0.1657015524222338	0.30644276748681776	0.6357380166496257	0.9636272697167504	1.9000696242619386	3.3089116282254984	
0.12389793854611691	0.3328731235828464	0.5341901911412638	0.981339712642672	2.7710632783582554	3.731911408014427	
0.18497811339429737	0.40334359835555983	0.6716370924606956	0.8582882031699935	2.0353066256936407	3.0438782881867845	
0.17723011224986943	0.41420429406223863	0.5758418905053747	0.9338647300852986	1.9733604875703847	3.4978005014047295	
0.15106601133997227	0.31807572729656536	0.5645423609329808	0.693963890658081	2.2511687000620095	2.9509509726527794	
0.15987393933642108	0.4123150946096109	0.5890503372093501	0.8800186196866383	2.1796478245285815	3.43375636713828	
0.1304254856986201	0.4296250589877115	0.5854578872726468	0.9641552004257848	2.019448541504564	3.6416734073387196	
0.17054289395120048	0.375553127580773	0.5818275027597465	0.9830635626018306	2.1489329201321943	3.9632189893800316	
0.13107088208781917	0.3777054611844254	0.5983256692928499	0.8374890950439051	2.2013222197421918	3.231771751948597	
0.1345121683920072	0.44510767979883387	0.6093478227119807	0.9764978919654277	2.4325680917084895	3.858467051770151	
0.14653698058246462	0.3825703150393662	0.7005880996015377	1.0160779518109722	2.3290522844704378	3.3471045216370334	
0.1499907787062025	0.35274210880525114	0.521955846734616	0.9612903154089083	2.422325360107966	2.544228097135676	
0.13880834997234034	0.3712817643755934	0.5348881339486945	0.7864670290973783	1.9195093834100736	4.442049139714166	
0.1647477059208657	0.42060314701488993	0.5689632568970596	1.0129982854900643	2.587812675370541	3.417261253552674	
0.15133738476432237	0.3956807417869895	0.5787764980884009	1.0391811476887134	2.1296786798521556	2.931806327026295	
0.16963634642084416	0.38416971948178624	0.6234253392753955	1.065197074124306	2.136796286827906	2.5601816774701884	
0.1395836333525732	0.35826581337581276	0.646498367333635	0.897436437377309	2.2946406442716865	3.2330009180842714	
0.15449271509742754	0.3458458394222267	0.6674676352580188	0.8813883444928065	1.9798502620699956	3.136082105302258	
0.16412682733836742	0.46227035831231045	0.6170451599668413	0.9796619617835696	2.189943576067155	2.9935388964005667	
0.15096452076685446	0.3832068750059941	0.6564495829471407	0.9347006333623046	2.1638070463120576	2.848488800659564	
0.12226546482258117	0.4237735998495581	0.5471992766205303	1.0233394757874525	1.9313107929132391	3.431347039988588	
0.13724443786613746	0.367622290516046	0.5254004431872431	0.8641168679529261	2.1753573181888326	2.6345271182274113	
0.14648502289153342	0.3836857233528995	0.5567226320384642	0.8954958720101395	2.027049312438587	3.3024271415594133	
0.16958225760327536	0.3493054223843478	0.46387319382336983	0.9263502277761563	2.195405348120722	2.7476462032607807	
0.17084620568936731	0.43954309112420276	0.6298013504259566	0.9781609024934084	2.0481773236522502	3.5683351158759677	
0.152694738537558	0.4376759613365531	0.5027926022996213	0.9010108696736797	2.355433171071312	3.1508079155849726	
0.12368911991927885	0.4080710093336485	0.6606594479548986	1.0801220237240827	1.8884131529348152	3.0895060921518693	
0.15728108176236574	0.4090687877509495	0.567980483947338	0.8342479881552659	2.0153204670704215	3.1321053672813663	
0.18405656368519888	0.38097315218956257	0.595400394567358	0.8470510626562632	1.8716257271739853	3.4918236734729193	
0.1426354277214661	0.39401513843990316	0.5677301694453869	0.7160870996753621	2.0422397798252634	2.997544409112652	
0.14815836825365256	0.39046899760240433	0.6079484465894108	1.065436589782887	2.1902316877671417	3.4143522836448987	
0.16764954119410816	0.40664851499547283	0.6090536574105544	1.0321780921297357	2.415231990275634	2.746651030548497	
0.14310483333557825	0.4277706827967012	0.474345504644193	1.034639227740696	2.1729286082398525	3.2815044641129334	
0.1523048201934711	0.41533431312955293	0.667734709574357	0.9032447517036167	1.9389530081543929	3.148034057611743	
0.12503315837605666	0.33134531844797244	0.5781873106954074	0.8684182999625563	1.960027733629165	3.6985013206227646	
0.15484606669008	0.4141847366460452	0.700560976093357	1.0883208572328842	2.058292671771574	3.1659112399061993	
0.15889116288383995	0.3255708024060488	0.5618936746834262	0.8943963702575332	2.274836636596102	3.303008154951729	
0.14307915595179857	0.3726318003656847	0.5060342096931251	0.8020372952339374	2.1381960602891836	3.116046613172781	
0.17612206600308303	0.4005798460157528	0.6559087263663289	0.9114174762043499	2.0122523964810646	3.4583822181420567	
0.13660277325229447	0.4089924625110365	0.6380521011983545	1.0097420312918164	2.169174087567147	3.2666345956755674	
0.1419280191496	0.36804442732049825	0.6721755328109748	1.063552897093819	1.8962817275575001	3.28186395515219	
0.14680597939709034	0.41566557556241923	0.572392133232365	1.0085596240277197	1.738919823517961	3.2909306661268114	
0.14984094638367784	0.4039655552205098	0.5235176817640614	0.9805741823029588	1.9771581934381668	3.14007624271465	
0.16754021737991337	0.3329819845963683	0.6397427132234683	0.841375135820465	2.0425712510349463	3.091183796602239	
0.16392659787016078	0.3773042565791697	0.6688052295860778	0.9241742913706921	1.8994853748953042	4.140490137001321	
0.1603973925572391	0.324017756928167	0.5712615261355134	0.9615986611675351	1.9238164421127895	2.7542228763203833	
0.13279867490600797	0.3983333293564359	0.5799664455637847	0.78161888857134	2.4179237554169593	3.255124134042294	
