4	67
0	0	1	0	0	0	1	1	1	0	
0.3833816120159795	2.0385082207697316	3.5768852155484145	4.4416213818524515	
0.4086082577245849	2.226063915796683	3.6279135792637165	4.647427999280056	
0.46417810946085186	2.0907557292340178	3.894831659322748	4.044324596468363	
0.36224962417711104	2.2851575270927054	3.6995008613653964	5.567105294701525	
0.39579114592796116	1.5744134875872724	3.3057233298511868	5.120316310741005	
0.3944306595518427	1.8767239826361162	3.5752672310652054	3.8117796627015883	
0.3913544088444197	2.2034684845819696	3.042702531100114	4.328075305366952	
0.35288963697308456	2.1860068041057232	3.4502165931418642	5.458871694531595	
0.3861465091567204	2.4632198293702268	3.3789251065757617	4.052023267803495	
0.43736907333773484	2.0821581540886718	3.6572091414584103	4.6463089174113605	
0.41971002782318795	2.3196319599375825	3.2657203614260064	4.742694585202677	
0.4318017886171022	2.0713227498873414	3.1357020861544633	5.1463337601669075	
0.42771282750657047	2.2547374354641656	3.089830509420415	3.9040504525536015	
0.3755570939395231	2.332142921419575	3.742553070569781	4.233347617760775	
0.40143474853904587	2.502030416574422	3.271068472504012	5.027375162129806	
0.3788436385422567	1.7646516831635743	3.6447938982076313	4.519424259945875	
0.3423304158036434	2.518976400563332	3.5686650717086468	4.072510745446243	
0.4509977898956414	2.130632319010225	3.5950424648045134	4.408633402701691	
0.36002026848083285	2.3181465853835386	3.8395072283837	4.245992928596569	
0.4316519949485249	2.6648688378535423	2.9341063618981758	3.914950620905459	
0.4449225058647429	1.9959225620044447	3.142286748438574	4.9928403083965565	
0.37555647083349614	1.8971223260089336	2.9082740678867944	4.066374425726835	
0.40133212791831	2.3074114805363517	3.2855477492113923	3.7521937830026184	
0.3435676252054447	1.8271591780929646	3.387673714465049	5.3231051789143	
0.3130056136605918	2.1183308309951987	3.049871552933685	4.44074201116587	
0.3589862244887228	1.925646227436138	3.601747249116651	4.003140718232814	
0.40664739245152	2.339068951392606	4.210376046158585	3.8458116838371597	
0.4074260163091607	1.9211849049790268	2.450748536594538	5.062143731047122	
0.45798539373437636	1.9606125754745434	3.3025115122614763	4.564720760801366	
0.3581336872391624	2.2020933885911025	2.7167501614606797	4.203286775206546	
0.39705082679661297	2.11847867723059	3.2399654933506463	3.7324657111742017	
0.353621020756727	2.2246657209338463	3.671014799436644	4.16478007492453	
0.3559790785470764	2.5861143749557116	3.1069125908276405	4.464178146967415	
0.37667337884384955	2.205900159127361	4.02809899293673	4.053229742133676	
0.3499245619860841	1.9131290033038038	2.8970792156871146	3.9677555171925243	
0.40937831630793825	2.1913099129684004	3.147177920941898	3.932965123902346	
0.36547285359154286	2.551197026473454	3.0656304556735687	3.2433798987892413	
0.36019294361039506	2.292047733063479	3.4753011081994205	4.803835240347611	
0.4369735786374711	2.2457051923828697	3.427797615215649	5.140943979352304	
0.47458973058781256	1.8504155019274584	3.6177799473966017	3.759914170922248	
0.3152666318277591	1.9981099824314552	3.6364695764472064	4.276354676675797	
0.4131943125986503	1.8724727530660443	3.67147658833145	4.7879345706374	
0.41901001161782125	1.7179178815598635	3.1205184411729356	4.611568140481533	
0.37476078386325845	2.174920775951992	2.926296038783372	3.3902426111441732	
0.42426358590650914	2.198843925298244	3.259327488782277	3.978141527890556	
0.3778226954118286	1.8233019277068385	3.1483598330009666	4.5650718514397415	
0.3598452341877658	2.1175283324211156	3.1472701727230423	4.535133943315775	
0.3449974155898707	2.1987793984931208	3.163644233131104	4.607643455155404	
0.4257740848005253	2.388727723934356	3.1703804657850796	4.029681300254764	
0.41259384346106104	2.269535637724687	3.2322303426628847	4.601547805919536	
0.3853754808775251	1.9610150970118758	3.564893231861056	4.437503420059604	
0.3941512402570907	2.181504152587568	3.169672301177878	4.477781651007328	
0.39453954592028406	2.162963957663972	3.2068605771092065	4.864429199211834	
0.3533103694251643	1.9887361024464343	3.593673213625223	4.320914757934084	
0.418293126771217	2.0214230076129738	3.067472405138192	3.5078595007106834	
0.40169939751269396	1.9626495830580135	3.7408148785923503	4.221957718876955	
0.35070987045555985	1.8168585231082024	2.6813014972468583	3.556037887843355	
0.360492876459724	2.3719066328077405	3.461505680495722	4.697945286072886	
0.37473190876828427	2.1850411221795136	3.499166554707202	4.027440041396364	
0.37596952783076226	1.9274360806751278	3.7834608883987166	4.685730651149855	
0.41906286740679016	2.4893027697138996	3.557959903577661	4.787728076445558	
0.42373164257916135	2.2697823082908815	3.079816608176865	3.96517388112715	
0.3442470556589521	2.276742169445244	2.986024295510985	4.527723831643699	
0.34021125372193234	2.1052310939567573	3.1670356966625706	4.076981083007585	
0.3331790416998017	2.160174815615324	3.145243865489082	4.61431308703162	
0.3991787150903737	2.2222265678295314	3.354182633510787	3.998001172156151	
0.3716353665941855	2.2644491999862657	3.391972919073229	4.044946020774881	
