8	70
1	1	1	1	1	1	1	1	0	0	
0.11262516858725993	0.15736954483594803	0.36968616836314616	0.6202375462452571	1.1203334286727065	1.7489322600381563	2.377069855350486	3.217337579466119	
0.08860112334124892	0.13907380008550158	0.40047709314426166	0.6523171480984147	1.0396334434620256	1.4685377191562214	2.009194144288914	2.8010906170916137	
0.09441525849497334	0.16044284112706855	0.41080013161450435	0.5800725045656586	1.0598823962203054	1.5267000584113422	2.2774513050033534	2.9847764602422644	
0.10479901843872541	0.14659147965275193	0.34033861562595763	0.6290317152073319	1.0450519057464784	1.2854647042195697	1.8826219745800647	3.2877439575286935	
0.09293099478771627	0.17502006007120693	0.44995636598074334	0.6591770264783939	0.9682773419912811	1.342373191152039	2.23225032644463	3.671723008742123	
0.1048346022585748	0.13238973346807784	0.4266959136542467	0.600375797639482	0.8320766333192726	1.555431948087369	2.3866866120927224	3.2987229580459374	
0.08533621261334923	0.16292507084395674	0.41668796865000385	0.5995139112526248	0.9689792645489427	1.5698492282443115	2.416703355262954	3.0490441574035243	
0.09577787122817899	0.11516627028038588	0.3950321536161819	0.6298007708957772	0.7707697594159296	1.685379764469083	2.0870134290840263	2.5937596367736493	
0.0962225225415027	0.16688453585211818	0.36982140175430855	0.5631402723058957	0.9125770757783612	1.55766428437738	2.171373370679374	3.502468055474843	
0.08133856326864161	0.1441649566379096	0.2830972378539647	0.5207485730317356	0.804882052669239	1.3245663982929583	2.128219801793441	3.830302412576364	
0.10197524013199114	0.15677701466580676	0.35610292698054985	0.606700877865379	0.8491126618821986	1.5921622807617264	2.1443519532022424	3.6920624082047633	
0.08897361122224778	0.14455589257086515	0.3823550958369082	0.6319517337696919	0.9485314519230134	1.3960409776109826	1.9876607535985715	2.7870402476676253	
0.09636746850176395	0.16735649006748549	0.5014503817673978	0.6201140723577627	0.9735502514047586	1.4565159315079423	2.3127710615441477	2.7334777206923686	
0.08967355171160496	0.11943332896459499	0.4206418182848234	0.6011032822174683	0.9698184931456915	1.3905397498476721	2.5094922583672834	3.0004569599521504	
0.09220833879850093	0.13754503600083762	0.45714579024183427	0.553600890359032	1.029115162099472	1.1082238960099735	2.1789695449609487	3.438270366338993	
0.10305344854030377	0.17453135396778022	0.317203288618662	0.5883932645884659	0.9585105608826433	1.3417720504680144	1.8134626750639016	3.3610540454808664	
0.08276013620023455	0.14527774783553593	0.3955227757108747	0.7022651232001738	0.92326948300124	1.2418583281053397	2.2350674144865406	3.500683608375744	
0.08398421571763752	0.17958145083382385	0.4618032630725285	0.585258040723341	1.07489244142584	1.2794991968600875	1.9171329789317701	3.3295231274732293	
0.13033621425145472	0.1541079627281535	0.3712792324665347	0.5749007433301242	0.8280921202308207	1.3813692259095751	2.3268520882479207	3.215039389614238	
0.10884926717907213	0.13241385536230366	0.4670926533064174	0.6787010700416567	1.0416310451914226	1.3964029722441025	2.165918765320686	4.015713799894572	
0.11631313421944041	0.1519415039333951	0.42057045797196324	0.5766840864192726	0.8705260568504953	1.5037476616966043	2.043406043239155	3.5201888582521086	
0.0982561724467113	0.1631520121770402	0.37127762697089023	0.6449032616358632	0.9569219586587978	1.6274116335670805	2.018940784666014	3.4787650534599934	
0.10296944656334911	0.1485109487745951	0.3916959485416867	0.6930765756003024	1.0221278587596818	1.3598274513116337	2.0898847439578425	3.4341875102043704	
0.12242828437479164	0.1483237395133531	0.3739280047839933	0.6171049818599507	0.8808772226199935	1.4832575234802599	2.111370469669312	3.0860380545542396	
0.10658197201933053	0.14787813053812351	0.33258442411207473	0.5990862125833432	0.8135967683453075	1.6149567736951989	2.227855529316544	3.436939813452343	
0.09264862876197288	0.13256062700427318	0.3706144651649998	0.6633416659557332	0.9948164702989372	1.6066874176148798	2.5049983773998665	3.0219768332149295	
0.1171860919278674	0.13843783757721354	0.3807133446937721	0.5561080972504382	0.9874324913722359	1.330306519340778	2.0499486939371296	3.343975543908675	
0.09978702995293853	0.14477118422305976	0.419224784690007	0.6138143147932981	1.035186744720342	1.3593949520760025	1.7806915157865233	3.5236047522173264	
0.0856943436099773	0.13390838770694133	0.37557790079033126	0.503878406857813	0.9330600175313878	1.4703520397722194	2.082148059998196	3.2842348123821075	
0.09947666046584464	0.1499071623623481	0.3463064694155775	0.6708224091186694	0.8710615637078292	1.4327285451594256	2.322155381194149	3.1249455279747202	
0.10738152638128436	0.14363969372547108	0.4057250187151709	0.4987005132773164	0.878983658660008	1.1714855643411408	2.192155823038553	3.237353656981228	
0.08834793711895937	0.12126561097838776	0.3745495984382139	0.6968442533107606	0.9284859914832674	1.627017488818577	1.9402637449277442	2.8663624967849346	
0.10373642319403711	0.15156402244069905	0.3866534202475818	0.5117020408965434	0.856236759096422	1.277132763186045	2.296896860018886	3.407268074919821	
0.09657178570395945	0.13316315787417235	0.34466868175957754	0.5546051242078405	0.9370133830295246	1.4731300430174792	1.838865954436199	3.6180315726755587	
0.09670462168257493	0.12220568712677993	0.3645239638350542	0.5397528709779209	0.9895129284607453	1.2745186847475465	2.013283061942775	3.219349751266331	
0.10106581879662312	0.15636998492035603	0.3594128404113887	0.528766751475512	0.916520738487513	1.6848327035435018	2.3271009932737803	3.7411794666492884	
0.08740047143478535	0.17142324915220644	0.38215923527797574	0.6023945627698805	0.9625860140173385	1.1763219308406923	1.9398922174894515	2.7703369906920896	
0.08928718687379922	0.13744094536794255	0.4493143159357649	0.7251120052552255	0.8783166094240796	1.3845709606190115	2.38834826966326	4.113244767189389	
0.11111925150046842	0.15756332527372413	0.3601073455986105	0.6879340542846143	0.8915581026240109	1.5280172026276482	1.594508449456191	3.127353937238056	
0.11991872125702524	0.1339498614020615	0.3581595639949122	0.5716163605898298	1.0311114864421351	1.2912626806157144	1.9218726324542774	3.212593173997879	
0.07830406223121777	0.13705436694444514	0.42068094542351886	0.6347573448782265	1.0910149350856615	1.2933153009441645	2.0123261716062824	3.6151319321292408	
0.1011816866224059	0.1467866914560273	0.4515273178992059	0.5881725151911403	0.7448030903325943	1.349599441912185	2.093112467531919	3.1222098141201204	
0.08952211160420448	0.125504578047046	0.33596838087701036	0.6042364853972917	1.0657315064987973	1.5976810679372737	1.8600607062826362	2.9613464343352756	
0.09999523718185174	0.15030345933685846	0.4418296036229968	0.7350270368086602	0.9538745535236717	1.4539666351211218	1.9902878125325933	4.0539561304360054	
0.0986932072812056	0.15695102168845657	0.4304821368188863	0.5986461372261316	0.9520595305272851	1.1965064234326033	2.240986554916805	3.711558982945536	
0.11852257071664588	0.1475590600726436	0.4330810531126847	0.6357782094996647	1.0338756227269585	1.5304392703104213	2.226244184994025	3.0673551980269305	
0.10194728657713384	0.1397742207123137	0.36197180869542855	0.5212598138182394	1.1160028423385968	1.158678880461735	2.067430127842255	3.2538728500655947	
0.10882253613849131	0.1365722998902097	0.3334540096834957	0.6210049461654308	0.8648612315918023	1.4414915922919607	2.049700301898027	2.89244050775961	
0.0829844218606064	0.11508925257546358	0.4606762915124318	0.6596873854572518	0.8207297763668189	1.1693827546327782	2.361356552631562	3.0515482648321988	
0.1001185821679121	0.15156960002741118	0.3836548579871814	0.6716147315513817	0.8798950477516233	1.4612534784603477	2.0957100888526803	3.3165935410927356	
0.10064698515136775	0.15648960052267363	0.33313408774861436	0.6558192570953534	0.910623948703974	1.3895008456839006	2.2465988082393396	3.596668314705677	
0.09368179037291158	0.13613161046559394	0.3797577349779891	0.5606191577663024	0.8648967225606013	1.4929268896201768	2.2321854432795925	3.5839708275242375	
0.09093751790201553	0.16140431978336722	0.4170800385828266	0.6466899946654273	1.0157741986418594	1.3298996972272046	2.2381457113976078	2.5985099380270467	
0.10054846411643117	0.17937089704135786	0.31277934681263153	0.6777375121056549	0.8757407531260035	1.7595766225432063	2.388607761921983	3.4823453213360973	
0.09991338988338264	0.1619359735569908	0.3879227678765215	0.573221147622436	0.8719227140579583	1.6179055562882592	2.2793424407952836	3.7850078013139483	
0.11355627741126156	0.16681482364995565	0.357523992698781	0.6338576105516546	0.9292802685107869	1.6075125359386293	2.1195666626464598	3.4693712344955756	
0.10560723460633999	0.15883937645077031	0.3986070247590273	0.6369608238369249	0.9472000098339504	1.534507754944084	2.147225262781994	3.520404352500864	
0.0946948976794391	0.13744843986983957	0.3945885965487497	0.6834912225378639	0.9601340128140372	1.3487696238128195	2.052645513490772	3.286761031557883	
0.09962785716932063	0.16281192841893563	0.4088908958431448	0.5814797796571991	0.8974239629798898	1.4682820295919103	2.1119334279818105	3.823750253062375	
0.09415967451721348	0.1312267063128966	0.35786338771285137	0.5649687919327976	0.9459713289795727	1.3235298001968463	2.076518815009252	3.1051742305824614	
0.09938149177855371	0.15836733870324826	0.3794012418961376	0.637102417673525	1.0478178220421381	1.5305426089483147	1.6099712873114027	3.3219482323245186	
0.10360630343249376	0.17849405720266368	0.3498399973664871	0.5077259051010877	0.8715827726948001	1.3854614173660325	2.0082898968524776	3.23558438846725	
0.09528065177890771	0.1548611473649936	0.362346889782996	0.6606977246191048	0.9844367418873554	1.121441781696627	1.8208771154889025	3.4043221556508216	
0.08987652754752094	0.16058566195552115	0.43359069839760406	0.6353624628434141	1.0960692158687668	1.4231457701754544	2.300191650001857	3.1385458399215502	
0.08352212547741278	0.14563191410333332	0.379397231745468	0.7413865549116513	1.0898200507763935	1.4559848548772873	1.8698260830480613	3.556227704918789	
0.09887686012006079	0.14435866575203712	0.38873958627981153	0.691015045802721	1.0254018175827306	1.1698811127092577	2.3907591855521653	3.284220827782758	
0.11165695231689461	0.155235511527089	0.3259847660694133	0.5774131307637482	0.8517555494680225	1.4044484011048572	2.1236459812485764	3.3688386373615122	
0.08963677284834964	0.20860785741244603	0.37191743564940555	0.6410911597053436	0.8620035799307953	1.1175729196841224	2.0898558430680825	3.006766218206261	
0.1093715461697265	0.15328344147091857	0.33730619099439557	0.597791470803955	1.039995181230575	1.496740822798904	2.0748585248903653	3.6572791297310503	
0.10900767387487316	0.13354358962311974	0.3367752566645741	0.5324484860976377	0.8095160345543861	1.4945470397193334	2.185597787589878	3.6569875641478253	
