7	99
1	1	1	1	1	1	0	0	1	0	
0.1161656966602846	0.15125990639231995	0.4452587079359743	0.576384503765201	0.824069508642146	1.22963738199299	5.321117742154482	
0.08708953538615735	0.15262705292051773	0.35317614946116105	0.5235301717045613	0.9121457491428896	1.4896878606304875	4.22241741255785	
0.10324435213885813	0.1449122210009893	0.35916932004933017	0.7031723325816888	0.96905423950363	1.2182468015319	5.3743232404081835	
0.08595838923681996	0.15369228570845508	0.45545609729651537	0.5431780160134564	0.842800403091451	1.3069275628900574	4.3501133116896185	
0.09249964762710702	0.15229319220131998	0.38939030958813137	0.6454218243046931	0.9193505617514462	1.3746229137849317	5.332538087366778	
0.10202319711509444	0.1993967264975261	0.41357021602993377	0.6782974286401117	0.9604685293745561	1.3714574980032046	4.408105188940732	
0.10874696638784641	0.14282485390453617	0.30801594958469625	0.6170691006646735	1.1053948959337172	1.5286000111383022	4.30689770331561	
0.09710072844552478	0.13683373964834386	0.43422362474760073	0.6493612501095475	0.9435617252297274	1.687939870453502	4.4250084788886985	
0.08536851719788696	0.15744281335708207	0.38402381499089266	0.5284026082791063	0.9729101266647203	1.8230612065365437	4.7981536457502045	
0.10132237044954409	0.15234369921656776	0.433025036265404	0.6374234304960519	0.8301620214491496	1.3452340000830363	5.242794786031219	
0.104021535129714	0.13247149277877393	0.38478261594908003	0.5622962055688727	0.9531661933234694	1.5454264106356845	4.941298318209332	
0.10433468903777339	0.14939377022913153	0.3330047555481286	0.5403956530280504	0.9654878055771655	1.50734673967367	3.902180083680009	
0.09058151945259743	0.1750121744145808	0.3788010998608071	0.6494789192567794	0.9523583943605046	1.3957231744473775	4.38622078412806	
0.11624695982796968	0.1587543278007984	0.3557739753134989	0.5455382665126121	1.113109638562253	1.5598180556362005	4.729912892443075	
0.11937229251149398	0.14346938644469057	0.3921348036559112	0.7196921883163794	0.9002863370265229	1.4861214807336485	4.755198537682514	
0.08340469481148924	0.13500106001183784	0.3975302194966273	0.5489502983724621	0.9345293826714763	1.400114139595059	3.5368874174883143	
0.07249955245331165	0.15921438436130655	0.3794521336936922	0.564120166453628	0.9423740415952534	1.5471968513845384	4.650324260162576	
0.10864459551442836	0.12286280833498502	0.34531197644953826	0.6624423435156244	0.9449495684569303	1.380655547805082	4.1454447012659985	
0.09655158874710842	0.17418323018194332	0.30752872687532107	0.5095163016519068	0.8589075876843891	1.4271574544271002	5.4377961735931235	
0.11133707570600684	0.14901111890250643	0.40954258677546884	0.5225777459348177	0.9633574834904767	1.3937171482613273	4.075369348912832	
0.10737011164707122	0.14742902829417304	0.32616895429046044	0.6697881420352675	0.9756351322249023	1.3104304472263737	4.549879866563419	
0.09288508221668501	0.15418703247299717	0.3913429281821418	0.6087484184833282	1.0248997239475395	1.4693714212769202	4.145461364181934	
0.09568730791470659	0.16938884036562615	0.36091545880933423	0.559586172268448	0.9570945264125289	1.5833570952695355	4.265626486257544	
0.1102092653877139	0.13785877349780587	0.31002547887872306	0.6047023921096426	0.8402959680130102	1.2630281412928575	5.18968882991173	
0.10691858735500277	0.15078900474335505	0.36482164039823095	0.5858310958111588	0.8911863569357852	1.6910370859989723	4.286167982518963	
0.09778696521271485	0.15740461035335254	0.4256069205165189	0.713280324975408	0.9020913632114718	1.6888495941914092	4.493430560915909	
0.0829787122112029	0.15273662703119642	0.37510508400488485	0.6251323215422266	0.899355417053581	1.620648696440422	4.3562735579562535	
0.09063782126613112	0.12564668192926418	0.36527804037577216	0.7305170959531181	1.0218788532649705	1.2994965638192708	4.644247835363723	
0.09461456459389517	0.15731221577314375	0.40282683592751906	0.5988245910172854	0.9303310218675821	1.3812368808299391	4.538927882841386	
0.0860968245992859	0.1297060976070763	0.34378822670753933	0.6728600684226408	0.9571758972058438	1.3494814925334708	4.7562499853714195	
0.11104766853565501	0.13969550443948775	0.4075319237532248	0.7885791003740691	0.8816760614081257	1.5122706607626963	4.22054289356473	
0.0997300754709933	0.15787714536656725	0.45849626680950795	0.610102153556701	0.8106650062110912	1.4137360033178918	4.21893945692979	
0.07623790255834985	0.1390970004217795	0.4177665511291229	0.6990006076295372	0.9625379649418861	1.2325691323621315	4.480451389733695	
0.08788648038713796	0.15167657891232042	0.35796450507277405	0.642675248853948	0.908468126308308	1.520865101897232	4.851293098351173	
0.10886627624148304	0.1652631637085314	0.44209554317904637	0.7515153243455137	0.7647110209432137	1.0666929514398413	3.4898698582510606	
0.09083897807080177	0.14088113371323943	0.39003341766746313	0.5933532659971072	0.9560590143973889	1.2387707091121631	4.130002702590032	
0.10580938239553342	0.156099200261587	0.37090118650058684	0.7043349215349765	0.9794546058586708	1.3162938338036991	4.055775660356438	
0.08660826854231869	0.15339365286833676	0.400359643315582	0.6484170711732911	0.9139667281959518	1.3866525630102122	4.9926559333000045	
0.09925754069612414	0.1437481632194801	0.39643014468936516	0.6580106036701611	0.9726777542460158	1.0977296679554196	4.187473497859366	
0.10034055888047622	0.16601906778649325	0.36691086838456577	0.6175587280570981	0.8253158059814927	1.4678430952415513	3.7656000118453052	
0.09862710512604317	0.1460753953870852	0.4324899706078887	0.5864057962982899	0.9320944070949538	1.6068231959979589	4.343988923867159	
0.10890506460606515	0.1399895986872835	0.44016283577361115	0.6093234748200659	0.909601886761257	1.1831564514829378	4.575666778029475	
0.1015845017969316	0.13034418100954773	0.38056170292972163	0.5808386754749271	0.9185662452527681	1.1971510952728661	4.803143689224605	
0.1019946584093034	0.1611858742624248	0.32401866686869074	0.6996735861011311	0.9296451163838154	1.2082222863366172	4.723981554736887	
0.09843463069770113	0.14826511183210747	0.32114653369029394	0.5754030392737315	0.9237929017177093	1.4489589947998787	4.583065521328695	
0.08620538968504596	0.12609494946355845	0.37304532677017116	0.5651456524605417	0.9285516460186986	1.35081489395294	4.328272346417704	
0.0911851151327033	0.14413549478304402	0.3756063175200358	0.6603975560921584	0.9926376598492092	1.2854006823051585	4.175351379905751	
0.09617825610045144	0.1554318104324219	0.36921598511919196	0.549972038971157	1.0188697422517121	1.3496369419871368	4.3616822173441046	
0.10436218981298317	0.16788981647546267	0.37008154180522457	0.6909078689832421	0.8998617295401324	1.3514827497408772	4.36155549908756	
0.10207444774560502	0.14765563367858736	0.31295981741150686	0.591361612076578	0.9410538090930558	1.196419278226108	4.461731921577133	
0.1050716141701764	0.14873239395625787	0.32213190854805335	0.5736214866228747	0.8388976595494266	1.2663752371197217	5.077945435839887	
0.10475792412507134	0.13969249155982408	0.31469629947203986	0.5826699362252257	0.9520108640997618	1.3309659716725455	5.032277005334738	
0.11000076736788336	0.15603206913884624	0.3809235063846109	0.5861712134790074	1.0522370700725119	1.4831308607121219	4.816064341652598	
0.1108343960775927	0.16510542505071954	0.3791742548643924	0.5304961406460317	1.0001253230272513	1.4252016111934436	4.932254757020046	
0.11153315036128031	0.15587278009926223	0.41356219557094126	0.5214166744395035	0.8268665424907339	1.483995577424005	4.562417531849242	
0.0883476076543327	0.13966833277251342	0.35561834200046766	0.6175976585112446	0.9096915767490202	1.5174890136168293	3.3336633052214903	
0.10087787192595961	0.16445034192478927	0.3657045899322814	0.70737749651022	0.9543419012330576	1.277702427106953	4.754056985597077	
0.10237872187742013	0.1297894618807529	0.40858504399998136	0.6692181890353298	0.9544996926956262	1.2591319954628073	4.348198406217676	
0.09901531676393482	0.16917337019802417	0.3698383761340043	0.6072386143720249	0.8508749772709506	1.4801664063301305	4.522628874883771	
0.09277028876311742	0.1631759638837422	0.35109080498821854	0.7843644759300534	0.8492991791968676	1.5340985053681075	4.6737071590328	
0.09271402114142568	0.1598964199540605	0.4412492880655238	0.5831051663136358	0.8470525871603939	1.3396735118603589	4.286377438842251	
0.08539140831660262	0.1411651402569085	0.4613888688874106	0.6089525737018415	0.8585707583456688	1.2128997443081984	3.7021461287921036	
0.10193551053502024	0.13722920830842586	0.3905956994143029	0.5692176049116163	0.7863265949211045	1.4683967230474533	4.703197931474452	
0.09678579250846481	0.17930566768013287	0.46317858361575814	0.614780165808002	0.9628566765543549	1.4762289920766323	4.901124851474383	
0.09571203030034095	0.16051054876152165	0.43050481126253115	0.6732762180883387	0.9054186841299577	1.5152412319668158	4.3573962455253525	
0.10327033446426453	0.17138288126271292	0.38457416626030755	0.5987945043142566	0.8637170552778084	1.5886627762491525	5.068693484391884	
0.10714150406040489	0.16931263190325338	0.39528600997242624	0.5716834810415529	1.1403176038911833	1.073269172191522	4.762612937874727	
0.095927816933792	0.1645279289044075	0.3661635389367891	0.6165171736308037	0.8288729575684827	1.4284675219174794	3.8498512666158144	
0.12691046494491884	0.13700841324535637	0.42283027213137087	0.553997852213998	0.9372772411831681	1.2767114066277903	4.572836143485437	
0.10030420626085759	0.16514045129146823	0.3582168462720435	0.6503925546338133	0.8624724620722017	1.203292118263241	4.051763263859753	
0.0872373850295277	0.14633559687534467	0.4127578363284606	0.7132887734451945	0.8892688325665782	1.3574838458866072	4.65070344691518	
0.08665200996399991	0.16184764009963454	0.34468474660276466	0.5637408881015491	1.0057919671825168	1.3466603917787867	4.250978013184813	
0.09894627304739526	0.13064811533742765	0.38813506759133454	0.6043168447278009	0.930275141297165	1.4839619923890701	3.963141841018141	
0.07906499657626442	0.1610491487492511	0.4431131066521925	0.5977752641594644	1.1095119611393405	1.2541460487731795	3.8981005594734373	
0.10507370224167756	0.14005743849528532	0.37827569227650204	0.548844751296465	0.9884243399041627	1.3740097306517625	3.8644918771961483	
0.08436055627740338	0.1367991852275778	0.3816655883013578	0.5379410785585205	1.0162434202452533	1.4814694449747996	4.69872583035763	
0.1270564787070557	0.13281446005693975	0.37480816596756344	0.5879175577363696	0.8514287265653695	1.3897870810096637	4.574202368102623	
0.13122990780019067	0.14553113637384224	0.3626399882744384	0.6841364879557061	0.9677832082910284	1.2934156319154528	4.563245415813562	
0.09514539135039118	0.13195416701163928	0.47623594650372	0.6874343614782376	0.8143497446786239	1.537739880338638	4.314446474089972	
0.1034272788578494	0.1351490496863745	0.39754439354373006	0.5406069512244501	0.8322960414624332	1.7323069568380158	4.0054650124642714	
0.10918566714126593	0.15142911106980278	0.3537477374226527	0.5638808573671347	1.008002931131885	1.2914649594232162	4.5977713855350135	
0.10841380438915403	0.1594691443131652	0.3623986892444997	0.6833282276795547	1.011422509260487	1.6040671083156843	4.804178649972211	
0.0887084581509279	0.15029333198340156	0.4009716089307286	0.6295705273053073	0.8870238682982982	1.305558639814733	3.9343973037339857	
0.11877970801336409	0.1329963264235059	0.33605479943929883	0.5768427054954685	0.9610709469981686	1.4819598929762878	4.217271326832941	
0.0961521310637901	0.14598327900138905	0.345934073992395	0.4993982257574727	1.1878834088618497	1.2022075390721523	3.711128966564949	
0.1019942914302881	0.17856959740354186	0.3472963571877309	0.6418860824889039	0.9394615130313737	1.1571196493885691	3.9934274155992724	
0.10752562002253407	0.16537612873657015	0.41570885032254845	0.687254762411091	1.0601775117418786	1.424663635056691	4.329394237986863	
0.11529685543931596	0.1682554472944378	0.4140985243757208	0.5735279268437738	0.9769293487903612	1.1604045714201001	4.012901965047889	
0.09845186064816251	0.12418017700084492	0.36008847350817913	0.568582343126716	1.0339992010586547	1.0905171718942572	4.766938957221626	
0.10021329272999138	0.167815163800252	0.3546686925884039	0.630149710589481	0.9363367976730109	1.5521863279015689	4.391906673362075	
0.10009940596976874	0.15498510029682888	0.4248489058938136	0.47567814724801344	0.9815809847290603	1.458081639894767	3.9312359023324968	
0.10158844284271636	0.16081544423096064	0.3145397478285121	0.6624314914862871	1.058204782339442	1.374570561754055	3.881170848471521	
0.08164363057929849	0.14374453546106214	0.36158988643547263	0.6191200440074281	0.9328124513021765	1.4625238309107942	5.132629319262663	
0.0865696685846804	0.17585185624478883	0.4176708873879789	0.558445342392074	0.8304202948953632	1.5806974798366664	4.354252606553063	
0.09821481453424108	0.14914529357895565	0.3445493186203089	0.5793867020553731	0.8527818239814866	1.1668359691121963	4.89943183476316	
0.07919177704779862	0.14526080728728807	0.3990989566172356	0.5020317319172911	0.8163253106040038	1.410799972593607	3.8952145873907664	
0.10321851908904178	0.16575370236948395	0.3214540931879259	0.5591002374349291	0.8415463651392937	1.3091429274973843	4.2486642442802305	
0.11533961387560426	0.13245678523270085	0.3130324134865755	0.5483166122980737	0.840491551776469	1.7591263771809564	5.441623684920848	
0.1036274754688975	0.1704303075776009	0.3406393633476722	0.6514360774877027	0.9711760771457315	1.4442249622833738	4.934522927942364	
