3	58
0	0	1	0	0	0	1	1	0	0	
0.36597926724835916	2.1824027000325303	3.5856360713573943	
0.358676208256985	2.064375135037136	3.759682879468031	
0.2697224978615669	2.098754208399155	3.3204102574804377	
0.3357957248751779	2.3814062285063375	3.234381567327913	
0.40710527255046147	2.474539573460145	3.6500214452703696	
0.3667957359382781	1.9054676845744503	3.118737790554922	
0.3859544823061021	1.7676537205989342	3.765987998986758	
0.38461092864123736	2.0997406166222246	2.6219589515937054	
0.38049814015545186	2.1705993223695708	2.9773590327149813	
0.3913103045273124	2.12220198307229	2.728303808305512	
0.40597220764199193	2.681209355276327	3.8318409102000874	
0.39868335002461885	2.2095983942003268	2.7601119346705794	
0.38956081932631587	2.0868813515026896	2.424726509460503	
0.3656883178667905	2.026466579888703	2.7478262225526158	
0.3761437420937127	1.8322634257395622	3.381568845282867	
0.40121350404722667	1.7065703191601336	3.1161215542386556	
0.36219846520369564	2.099255428749453	2.452322751840565	
0.39466142000052923	2.476545335571718	3.742831178205957	
0.41456660153097474	1.717074010156982	3.045508526969294	
0.3991359612684674	2.249068860709426	3.627413853312641	
0.37002578981915907	1.8876905613510746	3.4223562085802466	
0.36189433871674903	2.4498668295159685	3.4684569634306004	
0.36596674859348277	2.1861990957793522	3.6127752310544987	
0.40014959436460584	2.1796957918537	3.3318926841048544	
0.3684114929089191	2.2386591778974894	3.2573585675690855	
0.3405953829211735	2.2419810534104645	3.4291259317710825	
0.4182670355437023	1.8093158795890067	3.3369511455894	
0.3652609357588933	2.272957490838769	2.849444674801099	
0.4292492844138347	1.9191449262102471	3.085837546768088	
0.4830625580743038	2.1700208137230157	3.6045049242027525	
0.3894164489956348	2.4227103670642256	3.5114206395757175	
0.34965937498904004	1.7678800859170425	2.835190917699344	
0.3608045749235969	2.271422391940409	3.5754769283210655	
0.3782212690565526	2.1856810120080037	2.49761182810798	
0.36920943823424174	2.129778420051423	3.395878064611005	
0.36761033536280563	2.0423213096065047	3.863697477525454	
0.3276225838086948	2.443799033168871	3.4526556194063103	
0.37520824288916566	2.6235244309357917	3.2290470512098874	
0.3474375132698549	2.1960169191430268	3.5346182697702324	
0.4010002037076339	2.033854088139349	3.466167196661331	
0.314714748339659	2.4426662512164983	3.5100358764105577	
0.29757325800214235	1.992687768947873	3.6550417940735866	
0.3712518455863082	2.1423794159603373	3.7069569749613533	
0.3574622975946887	1.6888841072159804	3.6992227374246873	
0.3633883280250062	2.144302150943254	3.186773083146779	
0.36156774698399136	1.9644253951945312	3.1915022133380746	
0.343668268859914	2.4447673776010923	3.6451232568836396	
0.40102196236912696	2.2620426551857338	2.6976754940497765	
0.42297974478583583	2.0534335951969935	3.688829193170365	
0.44450169872751594	2.0980385684362823	2.5211683861698795	
0.3887917309656433	1.9012167997728848	3.055153291859759	
0.37198395308036053	2.353724974640498	3.3961979891312066	
0.4384835808668285	1.9792228087116284	3.6162664301125824	
0.40944660478760525	2.2947955466584378	3.6112640569781735	
0.4115063797866411	1.8023574769492128	3.0622924529902074	
0.41703753296788293	2.2540024837826365	3.5877915943821916	
0.38775728770015155	2.035836948649159	2.983310199980422	
0.31743642291291096	2.2633904275663834	2.7798544871255046	
