4	51
0	0	0	1	0	0	1	0	1	1	
0.5562264144666835	2.5562210280718345	4.89914586440998	6.465013222252981	
0.5718904282093767	1.8185542656525164	4.293385139218775	6.302873201289138	
0.6853599740267987	2.2421406793810363	3.982038444155914	6.8311628895224334	
0.5361406687998382	2.196347432342478	5.113391837074529	5.440130837775266	
0.5925625394332585	2.3150919742011093	4.9080520838472195	5.7688155575014335	
0.49418706985190036	1.9170916192467415	4.285891670062055	6.0081075139884526	
0.676680770156204	2.041812201977422	4.784373647214315	5.841329038524815	
0.5924807939949484	2.1033969537033546	3.709813293119955	6.134920679380645	
0.5350126684847731	2.225930342247855	4.301038576216581	6.03010115718466	
0.614759835461891	1.969229122435804	5.092941693371949	6.334666144642121	
0.6589366857138664	2.3826089736993548	4.453182609737578	5.892480254447302	
0.661395170933416	2.1293464762193453	4.935408045184103	5.778557148709416	
0.5587112880125378	2.133610828198378	4.788026617929835	6.4812807397854275	
0.6194607575890609	2.3158230908703663	4.2807356722530026	7.167226211775354	
0.6554148165399868	2.3449534738105915	4.458850725900802	6.132078364595942	
0.487151187249717	2.733826881611434	3.5880271375233352	7.017520695426505	
0.6414263172945898	2.318362549083925	4.503327004667022	6.623390671684269	
0.6501070622425428	1.9836360665896495	4.960892741980782	5.817395909814534	
0.5456010501277326	1.9662807894786518	4.128876434703649	4.893666961010389	
0.6124689957701087	2.0251849961612596	5.622714879086836	6.42458781855707	
0.6145758499919821	2.172704633299928	3.6517502629516163	5.341671773385867	
0.5563594352086073	2.1125273136522518	4.366320620928536	6.722994357278429	
0.5224935833531344	2.3059658075244873	5.207551634861516	6.249348327662325	
0.5614474139324737	2.0346034838304248	4.091024268423446	7.363520427953375	
0.5828354362223019	2.2097797713833804	4.42469145443966	5.429692543491395	
0.66189664666322	1.9745444830021124	4.2301325257612845	6.196577745838271	
0.7360932785330814	2.380660219176293	4.485923861598593	6.095005110762926	
0.615127321232443	2.1865977788518536	3.7537042421158455	5.555218052289806	
0.7140202384503854	1.9826613864514313	4.5723109729585385	5.22307520044489	
0.4731527603201321	2.2165295191012997	5.040751014544641	5.207179835167626	
0.6915229674690457	2.1053041729548116	3.738513613646528	5.067950124278502	
0.6208812691136425	1.772553442921555	4.262990046547551	5.6526660017209736	
0.6027853195724876	1.8782501104561735	3.971765846351557	5.685790347038175	
0.590173987601533	2.228642499699184	4.421086124060275	7.247119437551324	
0.7480590091970902	2.379766039539316	4.707336293269897	4.69803348609309	
0.6198460721819198	1.8390457463019099	4.510688488276112	5.125967144634095	
0.5904476429568496	2.223303255303965	4.410849516546134	5.118228281843084	
0.6188063965988786	1.910570653568344	3.8363689598953505	5.963050193832221	
0.6159923259929018	2.109818306238331	4.880163384613754	5.960704632856905	
0.6064064074445629	2.49373906443765	4.011265793354934	5.268905084937419	
0.7452742588927208	1.9982748028190351	4.636826354016943	5.569992635300668	
0.5896817661874754	2.136145095763161	4.655514789521817	5.024152716582819	
0.6533739860691066	1.8996882575293923	4.417606938995583	5.950315523550014	
0.5677830611177871	2.0731724298237073	4.113575846220327	6.219492854853678	
0.6107049542100729	1.9646995976964534	4.459995775914962	6.855275087755869	
0.6777419028952992	2.2571102100647744	4.860482753910383	5.870823038027726	
0.5062129162402378	2.4379261265765497	4.481671071323075	5.740646374909697	
0.6030533434688166	2.1584762874500156	4.440820194800903	5.710345916431232	
0.6294625191531951	2.0938290189811157	4.425916070806955	6.356200392817439	
0.5873733695234232	2.2417400819406557	4.812982381592553	5.989910616010857	
0.6069311948670282	1.9033620043842572	5.400882884446618	5.199514457598662	
