3	27
1	0	0	0	0	0	1	0	1	0	
0.09528593185802772	2.3713038953530288	4.793093909534805	
0.1101425363783653	2.197437337746486	4.954498976273411	
0.09830913308877252	2.098597135367426	5.344720081626481	
0.10015751668155506	2.47734121657627	3.8214925700002382	
0.09770067012339247	2.228144643450712	3.6923590355282876	
0.07324563419472162	2.144891713234581	4.505020389168932	
0.0932398797164038	2.0187308219475475	4.1744745897187325	
0.09039504600098461	2.1100941505696675	5.292830426359878	
0.10208574154983119	2.0949132545519826	4.622907446905512	
0.12773568681478584	1.9666151075912013	4.080163243614805	
0.09715806839262298	1.9387707524977236	3.3482454212937793	
0.09322599667473691	2.0164978219358924	4.387988993073967	
0.09667685165524535	2.3655044365737976	4.342697437066036	
0.0899385526152706	2.30114862580553	4.307410361296847	
0.10161908570824896	1.9152025893832227	4.257901322317768	
0.11146036597788632	2.0031237693346955	5.525842024981476	
0.08686069613983577	2.093675488196688	4.7537910605742715	
0.09778851937548638	2.13732992467495	4.460130293047272	
0.10098194541733885	2.2192382622205535	5.106121279158501	
0.11055499515889576	2.267880076169659	4.674675812757826	
0.10667427618001427	2.3141988508508935	4.556441576160328	
0.11061118150127791	2.015015733640818	4.632903175485939	
0.11792870243655942	2.028711710099268	4.225115246046796	
0.08787101722193355	1.9955579102408627	4.286571445984234	
0.08713757410443448	2.3155004237820664	4.746118926295587	
0.10528480369047798	1.8671854930698242	3.8019351828420174	
0.10535491572092877	1.6046619849620782	3.754336322430717	
