4	21
0	1	1	0	1	0	0	0	0	1	
0.16964308747823698	0.37355300796669255	0.8945753483001796	6.21508880002029	
0.142051264136054	0.3486605323543364	0.9880606902035318	6.290096391187896	
0.16875622040478258	0.3942553647247445	0.9661574741524123	5.305439599250586	
0.18244219367308073	0.34601568058229454	0.9003988659535394	5.448272023510263	
0.16252461575803215	0.3608444255545377	0.8366711908753391	5.426740730750245	
0.14713144566511	0.41473462929793803	0.8303373641854289	6.032221752601012	
0.1594942874668567	0.40903193068926924	1.0625821565603082	5.764541583325563	
0.1469327113244167	0.35422387050453547	0.7795993380419826	6.81088842095409	
0.14108782427206173	0.3946456047561658	1.023432140397166	6.134189436834426	
0.17708402394946737	0.370370029569361	1.0972212770143603	6.43154764138233	
0.13286405297898007	0.3488430662476279	0.7766785383956009	5.998808212796981	
0.15491605361208613	0.3702947717763789	0.9484610695694439	5.830320322574387	
0.17081827385348017	0.3659816839748192	0.9573671403879391	6.705411069084301	
0.16249103820400987	0.4501067458174428	0.9019842212105194	6.152244258884091	
0.18505142394129467	0.4410031217606052	0.9873310789891255	6.3578339108547475	
0.14497801508510907	0.3621241186701413	0.9000872471826542	6.118810059465975	
0.14255935538943368	0.382063059899117	0.8790940478259357	6.13865695576437	
0.13938636265509555	0.40545493077277744	0.8222287258736672	7.2246922316030115	
0.17087008688149227	0.40496460831770714	0.975888600973811	5.340079321303097	
0.1352359495127926	0.3697810601158498	0.9596569224890263	6.436066398897541	
0.1472857568569327	0.3153572348988961	0.9211565594065156	5.815751694252696	
