7	20
1	1	0	1	0	1	0	1	1	1	
0.09535161464660087	0.15239464000081868	0.571569230159113	1.3431528672124666	3.3488681022686277	4.345244657134782	5.838870379086837	
0.09059699719693724	0.14729682511654468	0.6000666028616397	1.697043247054576	3.5679300809531993	5.044581939375444	5.443633753890719	
0.11497003700806906	0.1501582066752497	0.6727095584655143	1.405450542852023	2.4953928477978784	5.23734551781273	5.77543811995158	
0.08919655412950014	0.1658936345661022	0.5911763581148072	1.38743490762354	3.672111815702068	4.413855579697305	5.956671853450184	
0.09445144933554159	0.14886138881408173	0.5403813010550943	1.37671346904623	3.5647084819051376	4.798782751690955	6.740997318367304	
0.11285602606167285	0.16822333202273484	0.5260252167602674	1.247951328595688	3.0396298590833153	4.338007250890025	6.053492384721745	
0.11738715027881577	0.1481419948744579	0.6128926035406247	1.6634082681637883	3.0959023176618206	5.391027859592567	5.598661463676299	
0.0924773650416744	0.16153779783161573	0.5562491920162622	1.542204443599304	3.6357368087507194	4.226318173331672	5.251820385869765	
0.08167100697095254	0.1420739463837806	0.5625881645075295	1.5728197521343923	3.920586179499337	4.970307163298448	5.389590042750474	
0.08743292879677321	0.15892100385994468	0.6487039064680803	1.2417179880965457	3.6090480899640562	4.729886579431701	6.509159631045073	
0.11147791011497668	0.15837532254287764	0.524699122480963	1.3229514496153425	3.016521804997844	5.335650399119372	6.088694042888998	
0.12103838869094441	0.1403763699148543	0.5510246681399159	1.442291010916121	3.408149390852697	4.718360400712365	6.032497419560255	
0.09465993100375704	0.14446328804278852	0.5849451133516405	1.5833786531972556	3.0078891467126576	4.537168592274671	5.975167652411562	
0.10032605586708837	0.14688619595322042	0.6309099086000818	1.4891463990501905	3.126860562648331	4.976114652829514	6.220750160882613	
0.09896720985593825	0.1471221791516787	0.6038441369311635	1.3763181581572876	3.261474575437332	4.908731824738086	6.447153211246974	
0.09840552067555323	0.1511010656496963	0.626179321179384	1.3732438892377996	3.2508036541477234	4.432089742004104	5.939211430836936	
0.09438890354556001	0.15714297680759318	0.5332376707633507	1.3039673324122114	3.271669779983622	5.18579372635841	5.633811990389402	
0.1070880519090268	0.18378399161616352	0.6073488300630384	1.4420785532922966	3.1347030364033706	5.127742126562378	6.8588665495832535	
0.1025851218516255	0.11343516588170681	0.6007529055021956	1.618547737706611	3.550446831298326	4.333595268136054	5.675188387579844	
0.08998453127778616	0.15985575224279927	0.6734180139702169	1.764139802601925	3.477465508164376	4.538718266717697	6.189121256249155	
