3	48
0	0	1	0	1	1	0	0	0	0	
0.3953655326220612	0.8238173714308151	1.5535026286650977	
0.35339944641115884	0.9111705332434411	1.329805314883302	
0.42296799282723285	0.9598403158407726	1.5947714693077701	
0.3391626182501201	0.8791040471580001	1.4549629649875575	
0.4077130481382463	0.8234204028788985	1.6294521236511408	
0.35545168046261555	1.0225375893593067	1.4799259534672051	
0.36139801331392685	0.9920993254376744	1.442468232184036	
0.419562529393952	0.9836298239134539	1.2396991632119254	
0.33487592500986046	0.8958544813689502	1.5268904027411372	
0.31778275850967286	0.8955940314241283	1.5750980998534843	
0.41438097243960503	0.9143315428612256	1.4939835020480097	
0.2990837975324574	0.7622893476881631	1.6162578583670129	
0.40451313485977175	1.0003046779897053	1.618862394863388	
0.34807041581283293	0.9890412382062658	1.597046758170469	
0.354616839949201	0.7803199648319075	1.3133988307649105	
0.40020825421833944	0.9170332700028707	1.2262219331327762	
0.4069405501133177	0.8543776753415557	1.5486757084851577	
0.4486420108598602	0.8603599903353042	1.3174427255888554	
0.40786267151901306	0.9888438421196029	1.3714187603876802	
0.3590733035058367	0.882191331832386	1.3376036179999984	
0.3976544881422849	0.7774165360904626	1.3294345121037459	
0.33631189572600245	1.0366240668942628	1.2516414528855226	
0.4148638665943957	1.0267925396671655	1.3766191557668324	
0.39003234559525707	0.9464854196501209	1.6797375425246273	
0.4049092967648546	0.9291175519576598	1.4835453071643894	
0.29650404386208085	0.9345135132526584	1.1779466213212957	
0.32707574440538245	1.0411824802148553	1.3219967010144322	
0.39379363428461367	0.8431313784318059	1.2627880179215705	
0.4414896002089331	0.866573645805509	1.392765391377572	
0.44274807121959486	0.8015509317359174	1.4866131789491075	
0.3553369517927737	0.8350479000419988	1.5023115186345641	
0.4118255666603299	1.0767470612566046	1.6158550252753316	
0.4087428443771489	0.9593214576950374	1.4451893581787536	
0.38102573757941804	0.9581372484713908	1.3955093364777793	
0.3027532092418196	1.123471007284616	1.1988803563065944	
0.4211516001568199	0.9405704128639825	1.5253487405484207	
0.38742789132272537	0.9335005899571039	1.3496191744943946	
0.3894576119520335	0.9600922239936853	1.1097828867975057	
0.35827934329984906	0.8673303739721209	1.3608502127293696	
0.3720867161239683	0.8820642995904853	1.4582526264573152	
0.3920882538617785	0.8647088522703508	1.4087578965691545	
0.3476587123444056	0.8741216723247883	1.2709190963447579	
0.4247774575287483	0.9290831948337451	1.5539177777953468	
0.41068318613471505	0.7831034660375299	1.1751729070681398	
0.32372230861056284	0.9884304632565397	1.2957979283502286	
0.3521327110808638	0.8846696725404916	1.2573332089345055	
0.4070793802094945	0.9120946026848729	1.4267823746229793	
0.33647448644551614	0.9118079108906427	1.2508849900124377	
