9	94
1	1	1	1	0	1	1	1	1	1	
0.10000591410225096	0.1540169649793097	0.41400931494892	0.5566206468819711	1.1664330126904066	1.9291703615141889	3.104307066479433	3.9458541098559365	5.640760986598758	
0.09448473175719267	0.14976764966824607	0.3247117302824129	0.6348068023795383	1.6675142510740697	2.4572601991782217	3.0601856521280664	4.800894822521262	6.3301522835412065	
0.0995647483707077	0.15265508461762684	0.40595566428064367	0.6530025482624064	1.313930866333553	2.3107536488462768	3.79160032013277	4.8969817389078925	6.921877749173916	
0.07416480643154966	0.1589356359394214	0.3900415482565119	0.661625081833414	1.2690354594662885	2.0411796652690803	3.5426744382187105	4.0231491491439755	6.145388554470829	
0.09983061417094452	0.14706103999700978	0.4017625483996818	0.533069952757238	1.318443300226892	2.1200615089789037	2.859615731319453	5.053914811049869	5.520739717541974	
0.10786329600040895	0.13686745039579026	0.4067594938334246	0.5034690795331862	1.6314320023493647	2.394053596097926	3.0704103598601704	4.12846171556529	6.274681507500072	
0.08473893778196251	0.15052128130191378	0.3493116394731221	0.5847413930833215	1.3379296257364655	1.9783507439278367	3.80405810122799	4.851244567501638	5.1120822106967125	
0.09124186595232592	0.1628617354400237	0.41681010006457125	0.5168950382608292	1.5299004933628564	2.2069812599686	2.618957261353679	4.318561026723011	5.918302010189699	
0.10048491805367349	0.13019125819019967	0.35100541084098114	0.5626233756810951	1.3533983725176557	2.0384155488406446	3.206894303952793	4.639336476799688	7.064535434708748	
0.10870888753546566	0.16975295084264627	0.36173128396910004	0.5397646109854242	1.5446038144032683	2.1465146479247768	3.4873532850420994	4.102964898936731	6.389146259260585	
0.09824750513590108	0.14308648523297596	0.36606328090529955	0.6294260050348727	1.5407022082372477	2.0712209560900154	3.3619006942375815	4.65336737744993	6.443002116018976	
0.10986915193283153	0.17716832080909067	0.3623235253121255	0.687600593979611	1.4467416356337715	1.9146177408364846	3.0385925420346362	4.709682054097296	6.434256427155285	
0.08983732143272172	0.13854173615072657	0.35974156703936133	0.5481979186861162	1.1611478463946092	1.6728475517128891	3.125912687463029	4.613435680331865	6.3933513640551904	
0.08637665926025556	0.12981991323910952	0.35993871308203446	0.6002005471733144	1.574255768856742	2.3043102448758974	3.1304558443772046	4.662069887077994	5.493876456521898	
0.10074345755649823	0.14906365060449683	0.43336348701346356	0.6296133050295275	1.3197777384216136	1.9864807124502735	3.14174525180919	3.7959902980006155	5.8619877731119265	
0.09856340790351638	0.15699790318449555	0.40326076338165634	0.6059349845632823	1.1969110458105428	1.8874749958032366	3.0533408998301885	4.7935311518857	6.3711143826447945	
0.09750561726905232	0.1853959561465031	0.43933956823249626	0.6743951638711143	1.5301941161067465	2.2485864770759685	3.3753122117360985	3.68773689223689	5.369229385923175	
0.09777863213251403	0.1519180874311636	0.37527065213198146	0.6163366068726599	1.1292280213868024	2.2587178251061566	3.270194705638899	4.415647518558762	6.556387220716157	
0.08954466616630444	0.1464465772105801	0.39080789963314255	0.5488193214834215	1.143521811134251	1.9020963762757392	3.2289658091457354	4.3879411153517065	5.989040370499974	
0.0934072315587654	0.1303160425117031	0.38520631381190124	0.5900086203308167	1.5212103882349177	1.9892477716705255	2.593223102975271	3.327993009697447	5.759118471311352	
0.10127909162117797	0.14651531217057254	0.3585242828117926	0.5045170552105143	1.159821204726868	2.228964077913839	3.176029600318417	4.336416758357974	5.074949427049728	
0.09033743400089989	0.1506765652426461	0.3908154062316721	0.5901455920754902	1.6272326679412217	2.0262688123908954	3.668233374490686	4.5975900425814	6.0648800653724795	
0.10932522716479398	0.14063808978773729	0.3674902685513514	0.5265875060374885	1.5637353905752727	2.2221336698655527	3.6067828393690005	4.592188531416019	6.66182532911479	
0.09252710875720219	0.16480859485455723	0.36488303275676165	0.6001519161810146	1.534154838405763	2.65048586723379	3.5165171839560907	4.911455760728658	5.672773227279032	
0.10156997990959589	0.148561990989977	0.43349131311303774	0.5912439482877248	1.6199814848859582	1.870145958055331	3.7046026306411988	4.112369619066815	6.512330494452482	
0.09135669537530794	0.15927520885996002	0.3434216879003428	0.6621888564853965	1.5508701016290092	2.0208522037829177	3.4378774654215913	4.926344691745106	5.4460085678258014	
0.08965997155741534	0.1339304290354668	0.3339058973857273	0.5354344292391847	1.5622447139089246	2.2699377115717585	2.698799289162726	4.270424856567186	5.30529804676603	
0.10861530196508849	0.14325531395720875	0.3213117579328191	0.6102099040662348	1.516728371462785	1.9449548368537362	3.1639023270785387	4.09392203191189	6.746428435271269	
0.09568641863128069	0.13917242704106397	0.3780496312337326	0.5875470402019854	1.5284545553228384	2.4114501535747106	3.647677556582312	4.328141687733386	6.183068179888593	
0.11488499910290449	0.17290498212562505	0.34671556612164567	0.6355347129986005	1.4905183969063713	2.3491733220556106	3.654175709547281	4.031560795817607	5.585593016979255	
0.10907608756307592	0.15222046132274977	0.29536483411287906	0.500023053471252	1.524747959205754	2.3304088483529055	2.811416496108914	4.994625402957528	5.881711601345009	
0.08977525870211969	0.14159556164927214	0.33353575741014546	0.5630453409971362	1.1627475901629267	2.134125915965405	3.4408135735765994	3.893658764643588	6.010212162373769	
0.09195347971823581	0.16003201253046356	0.2920525305306417	0.6427133308829399	1.1700608065642182	2.10486282556197	3.019601612143123	4.337683682936013	5.0823655459335395	
0.11660137640513782	0.13070155383584495	0.3341091629729224	0.707689235105131	1.47614633395882	1.8803348474559713	3.2081440053312504	4.3939217388213905	4.987409497455221	
0.09241737405981772	0.14960428932187048	0.428123880421827	0.5886702094064382	1.4137487353111968	1.9747391657435571	3.6061645038926766	4.9060447881754286	6.473600863788911	
0.10111838865069583	0.12602139657144484	0.42129345615603536	0.6034397848762669	1.3858714124274527	2.2464186983069157	3.3228616537441056	4.018860902897145	5.807521283108374	
0.08095907207584338	0.15129039951898435	0.4305448551574433	0.4922630917518915	1.448393813983041	2.293722884765822	3.515316019710452	4.164214607630605	5.338661562200998	
0.09412948034877466	0.16786306544939178	0.3150368854776894	0.5270419802968913	1.3643959637128131	1.9402306881488907	3.2364563609904375	5.13653667274294	5.277708931915054	
0.09853633823502234	0.14987623545899284	0.3672857225544175	0.5052945014351267	1.3387909503287045	2.013510184416794	3.455888785582213	4.688810683964327	5.068862550281521	
0.09612863641983221	0.14249617187724364	0.4542784207812554	0.6175387908180973	1.2759263060786334	1.9829884466406449	3.1269727452614986	4.663065408926194	6.290952567697342	
0.10200482642691447	0.14685352131545604	0.37483198768076703	0.5922618464151529	1.1750438846881182	2.1368223013466086	3.062392431866829	3.756226400646871	7.450729546821892	
0.1031130360598712	0.15019654887417447	0.36589713635736	0.6438133475189212	1.2637910629333968	2.082768577232295	2.940544463130926	4.824703284152109	5.503955312488408	
0.11101327811633697	0.14851086918594314	0.4094306236794281	0.6239915330622524	1.5814720112613592	1.9489370318538675	3.544327535107658	3.6618351060468313	6.025876057268212	
0.09454078067696986	0.12893187924007443	0.34604615925025306	0.5615606564232399	1.4018931094591471	2.0371573248524233	3.276008441400388	4.126428757985144	5.7138853793991995	
0.09710933934959139	0.15273144333496133	0.41225619670982744	0.6512197804239227	1.4639602108277097	2.242504398570204	3.3513567476497794	4.358411020861404	6.540349801570727	
0.09085518907516238	0.1192778179754423	0.3404234033033345	0.6841872489062572	1.3877530611948319	2.20893773632951	3.1609662446146833	4.7527493979718605	6.042427599603827	
0.09931407990767749	0.15920667502575667	0.3623042383324847	0.6223246669618231	1.4050148024658722	2.1269033555592283	2.9839558127199357	4.4028199577761775	5.675254469851692	
0.11129920178761095	0.12473892504211857	0.4137918758748896	0.49534453915866106	1.5068218361782246	1.969887999644328	3.434054735854711	4.445388446392726	5.140587986466725	
0.11358618539843818	0.16164969464783466	0.3991206673659566	0.561577815336728	1.5459850997237026	1.8741009013563779	2.5260150101851173	3.7969533588635094	5.446807178204151	
0.09245163115909467	0.14347734646730864	0.3651635370844538	0.5610097030625381	1.1273669875802366	2.1913065240362894	3.163980705128316	4.1866453869536775	6.838812774823616	
0.09757834635444636	0.15087797598684263	0.41024230576775905	0.5106083494663504	1.42676676232549	2.3203977886135747	3.220318106622854	3.9134958359914838	5.710514733032836	
0.10188986645743647	0.118396831647763	0.3285988821861527	0.7184122137561065	1.4992964025589421	2.468946170554	3.5315532529900615	4.677292639428359	5.814552456633896	
0.10381213874384819	0.17174946286293533	0.41137047908036234	0.6100086182908067	1.4053543691044508	2.2571395713062357	3.0770861526305646	4.724313484686503	5.58122670540237	
0.09646079112514577	0.13458441800675247	0.3632890043244155	0.5589763404908252	1.6719439009286021	1.9576834121960254	3.375071471072564	4.073902956290888	6.028137622005669	
0.10289915401954391	0.12223344489114449	0.3268873434437563	0.542719608525721	1.243637127011059	2.168078318418286	3.3288385678453314	4.021617620084609	6.074519062159533	
0.0957592138622862	0.1485078594964667	0.3561199149949752	0.6292594039477287	1.663794883742088	2.3164818563579943	3.702852025820713	3.8687288476021684	5.594574538636115	
0.10565235832798014	0.17262441262325162	0.4047167362224498	0.5384265548775682	1.3678440011208999	2.22168195386645	3.196485655470007	4.1405523940267335	5.825847333993342	
0.09985563981240421	0.13372618041783632	0.4174113447563959	0.5736231106464575	1.4196215996375563	2.372536331300657	3.2093754335155644	4.941161472798715	5.382479483449964	
0.10432955914616282	0.1625898353357093	0.3484650160577961	0.5892978244580157	1.407452391397827	2.1950724316871866	3.4043105256354247	4.08995721061996	5.96396708501921	
0.11591318173574582	0.16580815187437206	0.41016606611926576	0.5884332241239221	1.7344228079359787	2.3714100505288456	3.2621611320770656	4.599184822015816	5.724690207156575	
0.10393371691158307	0.15889612550590368	0.4066991072127897	0.5891589664685731	1.2192609947192428	2.2019844944286624	3.4797078894274467	4.059650996840161	5.945500453202777	
0.11341465825240393	0.13194787412894932	0.3692180947080384	0.689228348876301	1.452553295638269	2.0369074569283483	3.2477147322391176	4.871662709525227	5.877896678889746	
0.10597582114939075	0.15352485238013616	0.3920489795932483	0.639692490660488	1.387839584134819	1.946930188132458	3.404178571770309	4.440418149250454	5.7311332644519695	
0.10526385289308048	0.16916020621790542	0.3741260214452862	0.6005069723134866	1.2610072876649276	2.1021206591914474	3.3219193952265265	4.490800155590518	5.782706500287539	
0.10725841670133568	0.15087011517867432	0.4783745184985027	0.6124631558913661	1.0372500920652663	1.9109132041219439	3.4229387657626535	4.210510590026492	5.651261839302274	
0.08760770156047272	0.14284901294024507	0.38736925472322276	0.6231501428632751	1.2841549218358184	2.323162314363044	2.8628050458134005	4.697080249046062	6.202228064782019	
0.09065641814965514	0.13420026710874064	0.3945270367429855	0.5664070488838385	1.4027585936206848	2.29777720085168	3.4057195774000677	4.087824968207443	5.967852485821904	
0.09065284798107164	0.16304908424934506	0.43838764084270465	0.5492942810883964	1.42554310413281	2.3472541174361883	3.257868577706698	4.752677379321192	6.030963798906566	
0.08943196292112891	0.15178387525766807	0.4228367782908559	0.6188575241884547	1.6621854225818546	1.7691266703103932	3.373190421133067	4.208396406667569	5.474621303324537	
0.11334418608571728	0.1461749253346593	0.36664128006933455	0.6206145531071331	1.1221898612143788	2.441296177074989	3.8689398520870943	4.911801050260005	6.2471938443428385	
0.09783424572858535	0.13387181521826727	0.42537442499784506	0.6549804973961322	1.4943666244531861	2.2217302112313937	3.3476925345062245	4.263328476094802	7.500701296759088	
0.0971437645947768	0.1435994370978234	0.42258303985771567	0.5982476536545391	1.4272837843188437	2.4541324149971575	3.470549954803872	4.8282383460484315	5.149373703484368	
0.10400540178609047	0.13491588096607685	0.362710227743693	0.6105384761737691	1.4248219983031913	2.290656935796186	3.5004773868485235	4.88053522767718	5.193479434115903	
0.1236265826203688	0.1496313169683619	0.42609146743935394	0.4491412291330441	1.3920579816337901	1.8359533490007471	2.970056254763319	4.522750088212717	5.799150336887484	
0.11314017007131083	0.1765348799546003	0.3432602999161828	0.5707340900779283	1.2825543819328118	2.398518538574753	3.301689171535218	4.514549026483056	6.187479846436401	
0.09688829108950688	0.13715294961245206	0.38194008064405033	0.5839794980977538	1.4796244430502796	1.7991246077681518	3.3105665393818193	4.189839297388481	6.090782962448134	
0.10905089609370751	0.14165628373327194	0.42547537959926685	0.4955542448994239	1.650767522764558	2.4162762212548015	2.9618583683291	4.104798564548224	5.10302642814647	
0.1092137879212064	0.14504383780976704	0.36465674379776536	0.5326311022356846	1.6891122669042662	1.9408564001252773	3.2578539950857017	4.597186369376562	5.760797290294617	
0.09399109284374912	0.14446107833439806	0.40148266664461385	0.5791765706992876	1.6624530332838328	1.982936682552227	3.4950846946178613	3.7096205796744477	5.533844979098406	
0.09183707833920787	0.1334412970025451	0.39077195527571296	0.5933887683844712	1.1041276363470345	2.5790401194392905	3.307205263161723	4.500529809532085	6.786071309158192	
0.10988860889391501	0.14552740059152253	0.30580450373135565	0.633863138717128	1.2923129970109426	2.416441858596726	2.99774680965575	4.296659897164512	5.194091343216396	
0.08737704638997167	0.1483638692895164	0.37231413791726853	0.5714470431887491	1.7235806622332699	2.27978396871578	3.2533290799510324	3.2592034123786204	6.49546093721659	
0.12994536298114115	0.14718074616716934	0.3492005241209771	0.6097994792844661	1.2253085512307336	2.2493430170173236	3.737571163279604	4.198081004759537	5.616815530340437	
0.0992030417126966	0.1424817115215339	0.3225319461007199	0.5768857384449269	1.346057681638951	2.443809295616869	3.62549678360567	5.12879083886112	6.481035001018025	
0.10205782911481076	0.13688387958833445	0.430392393850781	0.6208673662046542	1.2515316602738875	1.953518338679599	2.8392828158293466	3.5765869677225357	6.233113310969477	
0.08762124628167453	0.13866082078753872	0.38147590588861513	0.5887264245667648	1.3279778166900715	2.476569737808278	2.7538372901804866	3.832485233242317	6.274706344553122	
0.09373867035649368	0.14002128335297223	0.3389966308164535	0.6202920711886181	1.4622653580696776	2.175611468364791	3.0605390005706727	4.162036678464912	5.902143696856889	
0.10966539809236514	0.1735223909720485	0.4222315018951336	0.6303442405137579	1.5704511927159102	1.8958837879742423	3.0180246607596275	4.735979327565389	5.929103479770941	
0.10337506379486346	0.16469197786535864	0.4113130748083714	0.5345421893960282	1.4316937357720914	1.952023144899802	2.9973716374419728	3.730108947711021	6.080160265412729	
0.08215225430867967	0.15591199858278265	0.4316210092173453	0.6318201671388307	1.4374200351705138	2.479906346961666	3.3564198516451076	4.111765506320909	6.075063871038692	
0.1195969150059415	0.13361041748036523	0.3275552925700803	0.6368945188404923	1.3979603969812786	2.0356195967675315	2.8407666884344023	3.622449492905965	5.126141976701147	
0.1161492552532736	0.14986688635283282	0.30543014968196935	0.6710451562991259	1.6065812572829983	2.4142853004718097	3.1126773244177	4.379035224715842	6.082576718224852	
0.11401046507994683	0.14167648471367048	0.35133229670593286	0.6417406121014294	1.6029234269405015	2.13865000074344	3.46789297003563	4.550601043833314	5.849253236337287	
0.09170721801514149	0.13269210147829577	0.3566388896527205	0.5414364488478886	1.4705380022274983	2.4117723399946094	3.3163030391955424	4.085683497140998	6.513226248615576	
