9	80
1	1	1	1	0	1	1	1	1	1	
0.10344954767702655	0.12918785198893973	0.363408716050186	0.6368531150456522	1.5172417453629865	2.844283583360705	3.6395523241669125	4.908257756124362	5.930732503924637	
0.10756387612328747	0.1634075745304038	0.40786249173629674	0.6336519741930138	1.4474724947151607	1.7041706664564082	3.2667822149815042	5.190790507954276	5.770880848078102	
0.11587687735348887	0.15673481648003998	0.4051818043446021	0.6178910998086286	1.4613572445798253	2.265379690529527	2.7233008975295996	3.8359268048083814	5.710673430451697	
0.09550309056126977	0.1813716191837084	0.37785526454224533	0.6368253022121182	1.4991223077747566	2.16067524564315	3.2333939682648345	4.11734641856885	5.160882295682373	
0.08682491870313878	0.15053936664014683	0.3335554438485229	0.5842236426698016	1.49293502955765	2.3400860097876435	2.6885235777210035	4.2912769601089575	5.733011156610662	
0.11278708533354365	0.17116750073263434	0.3865070308621499	0.5571049562030588	1.2289500852828867	2.1209431024939853	2.836527440096233	4.259666335585221	6.508116910394627	
0.0950554600248496	0.142396593590838	0.34045091172270825	0.5854259797892123	1.447929744805071	2.3795489904822387	3.2236024377243653	3.7247893756519117	6.442439907732787	
0.08361323647627193	0.1413310523567769	0.39519521316030237	0.6740038236595881	1.5459706882747222	1.8214628743046184	3.2516350366436746	3.6371096811724386	5.404107071333178	
0.10296192861930592	0.16236901069422463	0.3897996347680501	0.5691594244900843	1.353862816358485	2.1295186044349155	3.514699848428635	3.9202827391272184	5.707576804794016	
0.10581729772034065	0.1483722388014085	0.3468610913745895	0.6038212597240886	1.5204415522439136	1.9059948697048525	3.073049458079935	4.276965838980694	5.816943396226884	
0.09113403739872608	0.14222157616932676	0.41167012399808267	0.5804204770860595	1.4463273311208134	2.1192441841975396	3.313744312527656	4.986155275206828	6.331256211455303	
0.1055804786367133	0.12827453996381077	0.33957074530423004	0.5225743009799236	1.4776529572347064	2.6086072606025414	3.2539194776634632	4.385771083087197	5.425541038847159	
0.1063166910996487	0.13311012122873228	0.35218511912334677	0.7270603620176613	1.351467207013232	2.529826942158828	3.45058760789601	3.774612765057364	6.184707109854588	
0.08259185251211586	0.14523269580448145	0.41585683862981465	0.601892249952225	1.479365402415763	2.2131412568569147	3.6709315721149007	4.951301161780831	5.647386193069315	
0.1073370335211828	0.1469371522685812	0.38366153819056975	0.5703197573691237	1.5094215315239492	1.8419877137403033	2.803891574834372	5.324269344459147	5.256676145519354	
0.10507288595898089	0.1464214755098411	0.3939101132654477	0.608139935481303	1.3793299530356573	2.066847282571726	3.358222947158575	4.310304093925447	5.861230598354997	
0.09705802848100357	0.13314594451710235	0.4034410965643487	0.5688887779620121	1.509366005673064	2.2230926852741795	3.249078786007092	5.243411698664341	6.469201126611658	
0.09926610162836705	0.1511535465941407	0.38853235457959195	0.5556047991138424	1.5238476589418453	1.508009853394399	3.3562153980321514	5.197071076152737	6.225528030985318	
0.10260933831960128	0.15863554524908616	0.37794595904773	0.654166362687736	1.5359478836978735	2.432825393697505	3.963916174189664	3.8567171979324977	5.909342735660899	
0.09332215075590317	0.16511656875821454	0.43930911034833103	0.6187203202079627	1.7536234049114579	2.7262779621280617	3.093561452577093	4.768568785618045	6.0031525353602575	
0.10352284159643373	0.15317414528123652	0.35729680639856015	0.6385122794814787	1.4594259037410842	1.873483016069596	3.735511943303134	4.8206094932568515	5.579135508026351	
0.10330700023312274	0.10979645586624245	0.3440213770636588	0.5827702463720891	1.823271677201766	2.297765315179015	2.812735159899258	4.673033181190507	7.136980020995577	
0.08960797396629351	0.15154696479535917	0.3099273816511275	0.7278945783998858	1.4364795639557593	2.307652258577847	3.254116429664943	5.009875181828204	6.223841204734184	
0.10395787010907186	0.1571156064742939	0.4096883330627592	0.5102684971630562	1.4638200585264531	2.091999744614073	3.31881977203687	4.576364387404787	6.442132185478377	
0.09995841204866773	0.15460966695883835	0.31923767173110673	0.5189715792571041	1.6312482761124043	2.1147007950514065	3.3853230718990743	4.82169383730248	5.3438571265286425	
0.1039434503573657	0.14317775691131004	0.42932109033586335	0.4611363748796342	1.4760433438941276	2.257247792145619	2.89517656849512	4.356390720387305	4.936379001073273	
0.09595255513859803	0.17993920020208773	0.3589031130759554	0.5997470313205846	1.3600440792318866	2.5816477717477304	3.5559488972128697	3.951068491180294	5.441089136050457	
0.11725002355509982	0.1433836409956341	0.31101035077392264	0.5794225373957108	1.4789469307192207	2.0723646105937026	3.6200035652387172	4.646319056440595	6.454389188908227	
0.10961501856201204	0.12089312061064655	0.3878606562378752	0.6571635777989872	1.3667896867242364	2.215366830794261	3.3386581661495787	4.951878104683257	6.300702850875309	
0.10351603467723414	0.1756613548082044	0.4250950372621713	0.5718417603087914	1.3189160234297859	2.0787711757094653	3.091541415328094	4.6065634729407305	5.1471526236952485	
0.10235656974510983	0.16672638998845804	0.37170595959913627	0.5869545399997314	1.4451622212354251	2.1623620629566336	3.3399656598417526	4.420220397095	6.432054815950454	
0.10765174062307935	0.15003416443711404	0.347740876338126	0.6848226208120448	1.3201205683849504	1.9283462371467748	2.7677415813431283	4.108387114960097	5.973593176707738	
0.10625339816589	0.148249057551711	0.3983987316701367	0.5339949752118565	1.3364407228732311	2.4365546332991324	3.4037282282030934	5.090261166674022	5.2644110093884215	
0.09349553018008694	0.15759345151892162	0.4169704793152952	0.5981484884900249	1.4659006596642483	1.9256586160586413	3.46396519292315	4.311176333518199	5.4434955001168674	
0.10442279366868273	0.15821363372570743	0.3867523666885629	0.6103960576942568	1.4443840375977675	1.880552091929444	3.620635168279109	4.745916881261184	6.739955093979792	
0.08282082972745886	0.17086453033544843	0.3993288862614197	0.6628162491255979	1.3432209633112915	2.1368846278232962	3.0169719587820114	4.7396204466941185	7.3942966104960375	
0.09306005851751233	0.15078872298897972	0.3439708519794297	0.6193999364776112	1.2336828440589578	2.2147092978765146	3.6977573795927365	4.687345154781948	5.75872874537648	
0.11532792736355134	0.1602902401231384	0.39975701700494115	0.5149738074727123	1.6854289150073847	2.3715313105544147	4.193827420536993	4.954495778200305	5.608612427560752	
0.09296632526937684	0.13619010982930746	0.37862794154480983	0.5547583499870885	1.2206475828158783	2.126894254599407	2.9156537235577553	4.36579052491708	6.257490637242122	
0.08573189455083173	0.1293088239252291	0.40604042964533393	0.6026135800879505	1.2778946268114357	1.9085107430923387	3.4737933780764787	4.30806649122804	7.1419912840712545	
0.09667995652366364	0.1538667221419349	0.34331280083367305	0.5884765820983319	1.4819133431263505	1.8831985092995585	3.125466511425312	4.362188287960737	6.314016394959585	
0.09885038281586343	0.14984067352904412	0.3845558885079763	0.6333550173537519	1.0202833449521915	1.7515258778216927	2.624416763834332	4.735561967567157	5.73581263977805	
0.09647154515741492	0.1550596349864874	0.43735757934438446	0.6189731548148415	1.5672139024124392	1.8354639575944114	3.6555843110504807	4.795067934950469	6.205438749843062	
0.10807354146123993	0.13788294520664995	0.3893308899462041	0.6004899344826556	1.5035488079012282	2.3289350981982326	3.029091133929473	4.748599139639689	6.881527239053947	
0.08312208977823517	0.13454442294894	0.3795529816053199	0.5799724323393715	1.5655233955306742	2.4700429468442624	3.3144815882648864	5.207703362810487	6.604242394711929	
0.07415894166521664	0.1290521498583977	0.3185400794859777	0.633261058366069	1.4122827367353923	2.0704735216869774	3.3047019924974474	4.556397729746626	6.89256971627193	
0.10526132758328499	0.1482874213358929	0.3231210789795551	0.5644644082602437	1.2392474252638517	2.1190913324426996	3.356615217080841	4.426435760229066	6.057218403811186	
0.08255026324256487	0.12755175373188607	0.39401854304996836	0.6019590409155389	1.179559067877055	1.8249039226179913	3.2399128552964536	4.232681221125499	6.223130327213113	
0.08977447341281661	0.13641348071457826	0.3904991626016586	0.6720393530378463	1.5557571317589054	2.2714612232778606	3.238790561882104	3.8063246761549347	6.63405992954835	
0.10530261551683498	0.16472175453135376	0.36599194483444725	0.572088770483329	1.4395055589078283	2.3142373478100473	3.2034768171931627	4.601056435139284	6.342257256318218	
0.11441451002240384	0.16006584065293064	0.3483641079100118	0.5740237046304937	1.5702753432460175	1.9545197395233587	3.6646617880253687	4.4356327208201405	6.488704583313925	
0.10146622425865415	0.1450561927282726	0.36708363580035863	0.6739084907356966	1.2995493213309914	2.4354701962390863	3.568789334243127	5.168455171810267	5.9832753946914305	
0.10519095009821544	0.1413173139248655	0.4406858226719153	0.5948233133935868	1.5461990997216075	2.219245811270611	3.828268553465368	4.343562204293399	6.997245220732863	
0.09914141301016444	0.15753878327419427	0.2916002919536025	0.5992170177433823	1.430365775598536	2.3863296639404488	3.012740149839165	3.6536549655750137	5.401328181775099	
0.08974359415249769	0.1683741754748455	0.4284450296094966	0.7402499611783331	1.3848609206825626	2.2860691724878963	2.8822265777095835	4.013672557755065	6.030299752912995	
0.08480816767943966	0.1460188807062803	0.35248095813437436	0.6050007862994615	1.363563561172221	1.7548118305874862	2.9381731445551504	3.4049070044637175	5.529442331445602	
0.09362380823544826	0.15514882580382097	0.3785223319845401	0.6042758338177839	1.205762196249386	2.5261088671463097	3.277123361469438	4.2087414688423666	5.458102351873479	
0.11532156970448655	0.12347973767231271	0.4104765691037601	0.6163450608756056	1.6077177945014192	2.57466614785735	3.3627898468910686	4.260748495833216	5.735079176479116	
0.10665332992354402	0.15104322767293907	0.40910773724818766	0.6227940498174542	1.537994167063837	1.700847246536156	3.068396074432357	4.913379411679949	6.379889387708096	
0.1007097089460296	0.1562487962536912	0.37851724589452895	0.6055511554547143	1.6000882738490576	2.1527918945864504	3.753967943200191	3.709911887975448	6.225131362209505	
0.10018774227528993	0.14974842905224678	0.3563826916225184	0.647116499659754	1.415304419387206	2.2915516206806212	3.257766975587408	4.685753037111333	6.197075375916339	
0.10557606166403775	0.15858709957149597	0.3861444029775419	0.5406191593248476	1.6162761425367276	1.8978695357031088	3.4099770028352476	4.98288085209587	6.367987591372575	
0.1017663244851555	0.11898727254985292	0.3936495465718565	0.6006741454960566	1.2827373169776781	2.268298502696698	3.199963081484743	4.973736393626354	6.438900952928941	
0.09079091418371699	0.157956293513401	0.3823982126500477	0.662101473145443	1.3491439155733629	2.4084669959205276	3.0995585255274722	4.815543811114814	6.0423177192277375	
0.11069440658279316	0.1560906481747432	0.35995375390856976	0.6232876780025706	1.1543967432070565	2.1718491821234225	3.3315783089830173	4.681618606351995	5.548268438170421	
0.10365700640393848	0.13058876768518615	0.4358857133268467	0.5713055650025989	1.455744785155787	1.9719976479606698	2.698478077759557	5.05909440222169	6.753775737649907	
0.10873166405783319	0.1407522699508565	0.42670169089911114	0.6017091819706422	1.2726070108316079	1.8971171454842537	2.7497405887651514	3.8002944107953462	5.219719927429721	
0.10443597098217375	0.13803718793923067	0.3308697087773305	0.5518780747812353	1.530469023621625	1.9211799591481429	3.2880658470449378	4.956992311328848	5.60742963424906	
0.11941513653853485	0.13355965171304293	0.34440608423641556	0.6440746360698042	1.6624116622131535	2.0865154747247456	3.4175803233187865	5.334236032788009	5.611551055742502	
0.08978813183371431	0.1649200881076242	0.38976126160749613	0.6763292945612052	1.4861835031741988	2.2327288219304404	2.9960565540151016	4.324759422076542	5.675972605275246	
0.09362814629824939	0.14161593916359472	0.4085942290382328	0.6518995638819858	1.3817176996846878	2.1090481143898394	3.6344234927829557	5.220828895098126	6.494206357797217	
0.09626772444550032	0.1489552890398471	0.28720565527881214	0.5621857913880676	1.7239218281403135	2.1244902283266156	3.954664872755092	3.7135876941760397	5.750108323890053	
0.08721788973058592	0.128476319310226	0.38260977580187183	0.5642425751074327	1.366933463196364	2.3994832358089124	3.3439058464207867	4.427681953631281	6.696601425218482	
0.08844205563371565	0.12440201768743492	0.43690483573621325	0.6393778396781953	1.4824570095576912	2.1805962885108583	3.360291472554709	4.295446984448907	5.219365014973154	
0.09876217324901176	0.1520955333614796	0.36503321538328876	0.6229027868559313	1.357590573782076	2.225374482694428	2.965773406355917	5.016716486965274	5.233244750457566	
0.11625476746017181	0.13363632378167134	0.35511498171766825	0.6320994994086794	1.4428309119636764	2.2676313238298262	3.2894437474445906	4.069455387866262	5.837495109111229	
0.11289466862013067	0.13952406314142807	0.3452592909499459	0.5163312670577328	1.3660353780184036	2.0273255801331698	3.6565726678608415	4.9597684711702525	5.439528547086498	
0.09839716908743161	0.1505339255750956	0.3953028694036299	0.5782522660919593	1.5335642930094566	1.8349359226789381	2.881784334282289	5.376658632019719	6.611027015274922	
0.11301143532376881	0.14659242322347904	0.3674212973789759	0.6283307553371145	1.2729317316401154	2.055231406905432	3.5369025418595563	3.836633580803697	6.007210630522591	
0.09522322384539075	0.1551764757896654	0.3807109793116681	0.6429923396732554	1.2886903107601142	1.9280094809769368	3.049186374266652	4.6651115233852725	5.975104240116531	
