10	85
1	1	1	1	1	1	1	1	1	1	
0.09698772240433307	0.1333153289130944	0.37398796074764595	0.601595231354658	1.0137120099760537	1.2452648608271881	2.2011119451254664	3.43553905500948	4.923741775585051	6.136746341240066	
0.0837089526310138	0.1562073936497491	0.4576357797836667	0.6497401213991306	0.8610557513826026	1.5236862600523327	2.1939412604463904	2.940636778241509	4.623061190638832	5.571870754013298	
0.10200921647451267	0.160306708269621	0.41925709243256076	0.522453009242616	0.9323432555586224	1.5538805918327017	2.218920173885068	2.982065503241417	4.3583768295539915	5.575465141178096	
0.0901567639768756	0.13318843718490408	0.38565890574845313	0.6214913067790971	0.9623464217424721	1.3746640353695858	1.9940168214863294	3.5174703364366913	3.9482692039451424	5.2563466787200195	
0.0989568264686013	0.13594676593408658	0.3779177464525174	0.59653098806573	1.0099315982627557	1.410419823015621	2.0242982905296105	3.1952197356627416	4.691136004209179	6.539699124757292	
0.10954945578659309	0.15053163534444156	0.34874029934012324	0.5968594237409544	0.8595293317889943	1.4058143712114939	2.278221364388445	3.216784178103257	4.832304325291312	6.480003179018452	
0.09721470396218501	0.12136003323775257	0.3528797524940502	0.6322897014245371	0.9076449811928241	1.6444361297099026	2.137399793944679	3.5870549989068974	3.6049963425231035	5.36862442443807	
0.0862288282468302	0.16042092331388677	0.4045413109405469	0.5339606204462575	0.9473087127278879	1.3590545328215249	2.28040877846984	3.4248963116002122	3.8732952326827452	5.387320845241861	
0.0973706859099122	0.1283997887057528	0.38677253649649135	0.623045314640794	1.0130036433914276	1.681317141774933	2.14152013445966	3.145016759277573	4.337483985279161	5.431259798246787	
0.08611622980486412	0.16098415167352542	0.3498444051742942	0.6007919256101634	0.8848929631408949	1.7312170902471917	2.195687276748291	3.9971769058264437	3.6717013159920286	6.095201821100016	
0.10594105375701007	0.15358957665113054	0.33915849988994956	0.46831861349828713	0.942374942686394	1.6333733338846022	2.284239778683221	2.6216012319163022	4.779193473561225	5.9588726347947665	
0.10431970432028273	0.14562869909476303	0.3051306919638536	0.6000721815954021	1.0149400669795514	1.390467756211752	2.2350624761778746	3.3102334659353647	5.0550943060730855	5.842898699496573	
0.11285966447216889	0.14526603737031482	0.4308164391828559	0.5980270607778395	1.016582477670892	1.469283124795832	2.143506068637002	3.1044775944925	4.476291289323706	5.863109613131539	
0.09458203389184792	0.1527795654840695	0.43527110717992196	0.6954320026176916	0.9290443612384226	1.5329291207904854	2.207211247364239	3.287218952971361	4.3112156469861285	6.676256664440912	
0.09258772206469612	0.165259887095176	0.3785128116345532	0.5314447486583719	0.9133310098205751	1.4365798479848404	2.240472048641181	2.8916987069335103	4.189413810640513	6.621453773777725	
0.1039471595030638	0.14558331406557073	0.4164142310399617	0.5420014624812253	0.8297290831130347	1.3717555204675511	2.2742142554448503	2.676954938565651	4.287268549443618	5.961845060794332	
0.10216692679690467	0.15700158466044128	0.4083592918418762	0.717007808789895	0.8559584669360677	1.4804419056538929	2.3017725558580904	2.7869753584057877	4.455348615619357	6.294179614218645	
0.09834084474723132	0.1394447300998085	0.3642537857787237	0.6393207291600993	0.8424989050584987	1.460591692971379	2.136292097854023	2.946616265478603	3.5774915305494774	6.6640917638787105	
0.09616334195969543	0.172497883342313	0.4074460806899986	0.45831695401766914	0.9066728561770943	1.5243247529044672	2.013693535235851	3.112686491196145	3.8144402185630315	6.105029060213544	
0.1016233653780838	0.16555412008003206	0.36205100924182165	0.500065792455016	0.9068191083467348	1.2594541042919303	2.060998681038201	3.695342461830354	3.7984645084451953	4.580877677844638	
0.09346006700117156	0.1415104173309788	0.38051947033623507	0.5022154202360126	0.8238687954717145	1.3842199214599895	2.0387297590128206	3.421008742610382	4.597884422635075	5.664158521848579	
0.10373729914052926	0.12858436618278282	0.4552130674815256	0.5685207839476188	0.9453041636929137	1.357156111487665	2.111247273337736	2.7618617287421645	4.788777624609715	5.507033272545466	
0.10654065318562252	0.13904299302782375	0.4115668715005417	0.5671051544717538	0.9662775274391633	1.4891964335345111	2.114287321663951	3.507178440991125	3.4705599170076575	6.302623119992403	
0.1051474009346624	0.15755601012507314	0.3496637449372244	0.5872015129014976	0.7607808678099056	1.4306805173064168	2.1712799405390744	3.3049492852123006	5.065424439476343	5.231620975546645	
0.09929973893071128	0.16749636170428955	0.3850556204932178	0.4904742105760663	0.896103948704808	1.322221335149761	2.205106032302221	3.3723785078667503	3.5402234560859105	5.569469896523556	
0.10068709386880884	0.11977901214105038	0.35697083694821147	0.5458823727757368	0.9675197865377729	1.4176636527041224	2.108899174810012	3.12686717203421	4.030935978568351	5.990625535044564	
0.09014936758634169	0.1419720743694384	0.37872199976434795	0.48496442278932156	0.8060481239058407	1.7592151837181944	2.170405099342091	3.1931731586511645	4.245522805697779	5.2180695867779825	
0.11412447760986899	0.158555563681716	0.374131130337579	0.5101478898023555	1.104193973228458	1.1814572487774229	2.344607226023766	2.4802576103895593	4.642569726972678	5.0948631846095385	
0.1122095163933674	0.14698827125092884	0.3857678917411166	0.6247527203437296	0.8631731970781137	1.3236004191575859	2.2119837222394207	3.5545140941928337	4.180116983909144	5.706338511458555	
0.11265622765399917	0.1431865939675488	0.35441531464766923	0.5906163168748965	0.8348258008123666	1.3680212427139586	2.125650216118613	3.4533195363043445	3.8923876822897787	5.357395441480356	
0.08584717118411095	0.14470137224757987	0.32698550030532	0.6172648470555433	1.0801601560985687	1.4785688318298547	1.4769346674882264	3.652876003476148	3.1547713683494174	6.044668515472199	
0.09061895981380419	0.16937436925245739	0.41368591550587996	0.6562553894484485	0.8235795163686169	1.441753797382481	2.3481305390792295	3.772325817397733	5.287566571693671	6.061882592326446	
0.09730691603189695	0.11616060480592547	0.39143837925147484	0.6548161777571123	0.958681567190149	1.3156366559061121	2.0367013709072466	3.3546375586093644	4.726732840158702	6.184341962807649	
0.11351673148888275	0.1624155229217749	0.39757897588459307	0.5351460767886099	0.9999060208396809	0.9903571183632816	2.2720177750789987	2.9164132350413654	4.7278111431467185	5.892671702881887	
0.09848641406645847	0.1536950238093331	0.38766215939210413	0.6433897127983422	0.8849166241175555	1.215384384787625	2.259531252398417	3.1987250047913185	4.389903515172226	6.412659864159144	
0.11311785190955617	0.13676707827129983	0.3862420861233129	0.6132783182378573	0.8948699860447636	1.4703018741013507	2.6256357636652687	3.325856027564725	4.727513483610568	6.296944991441123	
0.11200049128643763	0.18526254151578614	0.42680891238009155	0.6194509477091029	0.900986252876903	1.6955719180479119	2.096875984974445	2.999984483373056	4.257637592658803	5.993990259044878	
0.10067247546263856	0.15018787684161033	0.41064414996409837	0.6774652121076622	0.8279054016383275	1.4029714191723903	2.075033886212065	3.081122022160282	4.969483076187471	6.128879309551277	
0.10179107703093347	0.16418024544064921	0.41425409723273876	0.6242755725928597	0.9300695413512327	1.3344111919870403	2.404477889659352	3.016502661776692	4.868295675846726	5.609490843634051	
0.09403136573210114	0.1261945152120949	0.38294552186309816	0.5035762508067764	0.916082143203999	1.4671546790198622	2.0740418587091187	3.4181422286919556	5.42621428262566	5.695681664720093	
0.09184010394511204	0.13896444955812745	0.417360134980747	0.6723770752624897	0.9323036972627187	1.499997451179219	2.0571110050949115	3.7169869104544846	4.72013795992302	6.778085756743573	
0.09966121167246139	0.15530356761535705	0.3849305398976358	0.724002279500448	0.8983848793969964	1.5828759223826512	2.2956142525167187	3.3644669545602555	4.628395487002037	6.030880050032982	
0.07812380240458355	0.1336640015775809	0.34074612744072535	0.6692259158932243	0.9442406316553531	1.3885361568326537	1.7187621029216553	2.857500189513849	4.67609645079486	5.422159331931255	
0.11576770803748021	0.14014755666931605	0.36773428262697533	0.6067314099462537	0.7948236720106594	1.4525711026862593	1.9419833892534806	3.418854429276937	4.597281996890894	7.16436596393583	
0.11878723474762998	0.14893648347867955	0.38309449678947793	0.6711788105701826	1.0071266665609067	1.491377962387817	2.2613502991329266	3.2289502433583075	4.265728946858429	6.44320328734118	
0.09943475506686937	0.16195552285562972	0.3806753617434696	0.5261447941174133	0.9036886752996166	1.6273291761878121	2.273110872803467	2.8088077785988106	5.324079061329831	6.343953796181571	
0.1059130898532406	0.16368007091747022	0.40689205590935984	0.6749052379459904	1.0200793237750674	1.4438056043437872	2.1941773926204986	3.3323695190439913	4.264735090361259	6.013896486207342	
0.09009786986979207	0.14884411089394411	0.3863377796769089	0.6182096895155338	0.9041809528248226	1.4558015796293196	2.1070348521322853	3.038534185562926	5.7044300253177775	6.31917478602114	
0.08498015351668987	0.1376265280874724	0.4335311527077866	0.5746886060420892	0.7519428733274522	1.462642487463526	2.0388913522179544	3.2310939122257025	3.9925483166277242	5.4255427150895805	
0.09785566781772974	0.14791458775507751	0.34075885003623435	0.6125217361983516	0.9709130037805519	1.2567124393926072	1.941394637785589	3.736606681903449	4.767132552459432	6.876096785191098	
0.10503379455778616	0.15030220495774385	0.4019230984364472	0.5306231486520686	1.0052621237575383	1.506625833278316	2.2198503407728003	3.293625572718176	4.513028363156004	6.512518689591064	
0.09318210183678222	0.1622398563606545	0.37110085111926067	0.5953127923503343	1.0650611135774046	1.430520371616139	2.3076769181192023	3.4370779094767006	4.353311451750182	5.412158687465336	
0.11479870015681273	0.16246963602293493	0.35378678270661584	0.5901171754300256	0.9810174907538163	1.3648146590295125	1.9635267135903476	3.167553435953794	4.362701956430869	6.106789602817004	
0.08408318612771834	0.16552840250561407	0.36756616629350203	0.5288977679280761	0.8276197717499072	1.3710489962769932	2.7008788779995894	3.2413090147319332	5.393825619241488	6.5268273680435485	
0.08678971262864509	0.15108549946635028	0.3938450671454686	0.5978778307651409	1.012086403837556	1.5369339526142323	1.7866879957925972	3.6148894791757398	4.877889763898919	5.707525836438778	
0.096382772472466	0.18518937585512604	0.3820161041015306	0.5718334896223641	0.9722979564327014	1.4610238135898796	2.0998298579724075	3.3024773469484447	4.5785387475007475	5.9141125139783135	
0.11651593352514773	0.16410989384958458	0.3899952312592199	0.5375452375324321	1.0032267888199113	1.4693695138964542	1.845673237394488	3.5058468185655345	4.516911654602115	6.812527752852837	
0.09921055442977043	0.128452015732108	0.4100157579659348	0.5647012828045705	1.069722958306476	1.2489754297589886	2.2357813462350316	3.2901004982916766	3.752636644441731	6.996351201229133	
0.11154924588495801	0.1372055835848729	0.4187815056647573	0.6146287763699152	0.8562359302474877	1.283138021881912	1.970591833991651	3.4998653682943113	4.399745332076361	5.3066021298397565	
0.09553258212821875	0.1694901755299866	0.38760669503973966	0.602135000769776	1.0569988989796393	1.504342537115654	2.156781080720604	3.4581935832762203	5.068749242448336	5.2212371413589125	
0.09596249715202237	0.16243766515101757	0.3963345310447069	0.5724902033433292	0.9752334297947357	1.0643609342308007	2.0584041074235953	3.719927670570191	4.991047281977533	5.741351700043488	
0.10166427947386587	0.14957594172332006	0.3240583751462497	0.6102068916509552	0.998499165986426	1.383683262330602	1.932287952022202	3.102950487971605	4.781135627369924	5.60553444246104	
0.09673970194688368	0.1586802515266596	0.41136569090711056	0.6506419258304058	1.0617655204779732	1.2507276187339982	1.9414648343003427	3.387888249833037	4.3577314010072605	4.591284922405029	
0.10785381624586142	0.1567615271362458	0.3895489667609851	0.6010926690487063	0.79958780942299	1.2934313297394338	2.0476021702327256	3.1670094039297574	3.9389074257769074	5.74100840422059	
0.11284037934644048	0.1425239105844928	0.4142681991980728	0.628141254594652	0.9973394833218037	1.216885785327511	2.201366128894903	3.2597660516008697	4.778191049872121	4.98688418309138	
0.11964087457207868	0.1412845482654423	0.33034047038515996	0.49989865288578184	1.0208198928585026	1.4170980271386602	2.299847874028575	3.0921567415427607	4.414712526569548	6.6209346450666136	
0.10133468223579373	0.1489425284898635	0.4213805779628258	0.67287864452579	1.0621187579021023	1.35955176355568	2.195216248367267	2.9938085947517488	4.888708291130312	5.520775454190488	
0.09816644532076664	0.14237352134085832	0.3780280534151503	0.551585372097444	0.9679941194832709	1.4914787888003445	2.1097628300199545	3.116771932638442	4.723795049668743	6.518115253381357	
0.07981671217794305	0.14440944474697817	0.38787303148674224	0.5092822007246036	0.7714824161299598	1.4392090605696242	2.17303270494119	2.3684975108901796	4.6101359901765715	6.5086926141029515	
0.10065309468329282	0.14500348672415425	0.42285015330683423	0.57205943380561	0.937078786977845	1.4770356573201369	2.2923357896630194	3.4590646622452397	3.491496640575803	6.41377021051027	
0.10100106612212599	0.13627771038046368	0.3648276764279163	0.6810555777721156	0.9845585534395601	1.448184028360139	2.057544365144087	3.659509120359029	3.3636233025029036	6.525386021319861	
0.1057863772209705	0.1424367822734516	0.3267727668768546	0.5416720305725553	0.8592717768760282	1.3198717739441357	2.3157581123413737	3.2166069085835094	5.188628332625055	6.46451119709637	
0.09591253013133838	0.11617464732991233	0.40660877271851537	0.631825225235114	1.0453857701282014	1.4453943097445048	1.8857026865434954	3.2637820672333087	4.6848575201466	4.924753679129655	
0.11206807151742236	0.15788339912830698	0.3419842367563629	0.6714908308783655	0.7729239988390146	1.3213465555043606	1.8953427678472843	3.168709502655555	4.75188074284343	5.895568446542445	
0.09371819530998997	0.1618109925014661	0.38403431205057004	0.651838723194138	0.9268389502626346	1.289272156900917	2.1655964498887186	3.303324952065523	4.425696579137876	4.7445515909494915	
0.10206606583558842	0.16377360878001243	0.4320369623345182	0.6822879931773965	1.1236722861145856	1.6110737555513226	2.091507363701945	2.750436077550302	5.0115446355828475	6.72132235981054	
0.1114323475016563	0.13941564242263113	0.3178016465719058	0.620874763321949	0.9752202563235445	1.2628210247033194	2.4546345255241793	2.825184048638837	4.155024212861015	6.234954722554268	
0.08315842721618173	0.13703945123020844	0.39934808250854115	0.5412549574401703	1.017541331484544	1.4499566331863059	2.0944917612836207	3.8105691353754043	5.025892404388821	6.682164131294907	
0.10801186007824821	0.16763240242881702	0.3579064617287227	0.44885711169735665	0.8863811952988525	1.130619453555015	2.4881938416950455	3.117874968475442	4.454061360020922	5.699103479787039	
0.10786413392813254	0.15001429773726466	0.4121933180401976	0.5893744228464483	1.010609480253293	1.326589472156842	2.3540504486739064	3.4053613009575274	4.638175652656586	5.572508194821741	
0.08814903439703169	0.17143361005512397	0.35780907117138233	0.6449850386903959	0.9364221607079196	1.4838689601011212	2.244225447132862	2.979871573191918	4.519274217180483	5.904291291324891	
0.10205234621773135	0.15664253478915827	0.3295913453129057	0.5141752774607589	0.9927891517669143	1.2366654538317505	1.6966060145955313	3.5482732593416344	4.7720570717406545	6.697019661641772	
0.0737033524201689	0.15917438594825908	0.360490103250781	0.6752510661770023	0.8738287216188334	1.133657522055018	2.3338046888615036	3.140043853477016	4.55565123241274	6.637972480048104	
0.10710842774563077	0.14287706062202388	0.3507677492612018	0.6451695645597795	0.9054670164281691	1.6378051435258392	1.9643212592048223	3.479182379529388	4.925254203821681	5.585622685705561	
0.10043271248262314	0.14012307840204483	0.3318893904221127	0.5204699087191166	0.8936137556836105	1.4227468947865334	1.7849780655089909	3.245230513659809	4.132787852678655	6.23958386107891	
