4	46
0	1	0	1	0	1	1	0	0	0	
0.1169600137958251	0.5932165772252266	1.6638914106128875	2.1737555883640463	
0.1402433561869928	0.6436654631428396	1.3930774205260243	2.3393676826103698	
0.12469664390825062	0.7138719476782986	1.357492787494177	2.4328859122934663	
0.15274684376873254	0.6421776963099391	1.3052380026451829	2.2559769253741817	
0.16032641820575605	0.5586525389091637	1.352347876155317	1.9641361572668872	
0.15239236897586758	0.526496415305684	1.5475342510897776	1.683076399237959	
0.1497345884164341	0.6540454155619297	1.4427362931498715	2.4023585569329424	
0.144131171319845	0.5785326329638515	1.6080577554260773	1.8764212366686814	
0.15295688346942218	0.6428936635112681	1.331074584798304	2.0115186295392284	
0.13874014522012854	0.6906706285414371	1.4057891410999004	2.41787632841812	
0.1754772142850553	0.6283967264113373	1.3914838914639325	1.8541532344201328	
0.14959509347310837	0.7080683353411698	1.5067983802333538	2.1871967526369898	
0.12063447077218831	0.7146355786406471	1.45917192446277	1.8352856991601934	
0.15530343374504516	0.6494300785518026	1.245018511520372	2.5203048649063167	
0.130082149392121	0.608539365163674	1.4869351350924818	2.5132800275943996	
0.15361289202875103	0.5807101236864798	1.5325487586662772	2.0326763522448807	
0.145907578644714	0.5656211834565158	1.6043893101649005	2.342783630634682	
0.15013758263982682	0.6856944748476629	1.489126484675417	1.9933790845776922	
0.1628718313318376	0.5838241711772658	1.0712617558734332	2.5348551498132834	
0.1329432864205364	0.7058066219676518	1.5569419382712748	2.0571548436106193	
0.1423530822495441	0.6323197898841639	1.33328396852156	2.149333217743404	
0.13223175022780545	0.6963418433733897	1.4310467456607054	1.9346861729819524	
0.1751836585071674	0.5099455715079543	1.4751774849224324	2.2144279895565164	
0.15079590359163722	0.5836603565759836	1.1078627502262932	2.1279947630458964	
0.13659766065482876	0.6067542924545303	1.6480041876665892	2.0831952389731336	
0.15006204270948817	0.5185721535798274	1.6114837725136457	2.4212376666182562	
0.12770444942594433	0.6749161031999836	1.5004448944189075	1.8957632958773645	
0.12372788440976575	0.6370536194206713	1.5904143631926764	2.1654209498480554	
0.15759581897451405	0.5223901809438252	1.6549051583165821	2.2987548082020766	
0.16791255081887269	0.6297692391588484	1.6858256473676212	1.7825211346876972	
0.13264735054891685	0.5581844492838502	1.5965091129875417	2.0924291811885753	
0.13894168723902275	0.5588702670586984	1.3657652158750953	1.9942657965964061	
0.1464587992396112	0.6126859181587069	1.3133731666722401	2.5191339434605804	
0.136037438885325	0.7209757965739029	1.2338544577680102	2.1883347019081376	
0.15110005101954213	0.48760322692893165	1.4370590881150518	1.9995161317588475	
0.15610249871682974	0.5250414005341054	1.6070006948636861	2.37184214728574	
0.17482284622991676	0.6371009500732052	1.581600706147799	1.9846719866086404	
0.15457556668391617	0.5539824729401545	1.4184443208145137	2.6022786598108323	
0.1292390495417024	0.5591756352831148	1.4035655233578885	2.11734842294415	
0.13261929804222403	0.6699484639399854	1.4949499952177225	1.794618576008413	
0.13401673566615294	0.5604543681486129	1.3638579989657886	2.2723183477268765	
0.16299716578050574	0.5487488191604364	1.5757299346932683	2.3088222770604925	
0.14341845820708515	0.6001980501597927	1.3673717067496098	2.3855649206441525	
0.13114317071545478	0.6680896880702193	1.5561625100296386	2.00243304144021	
0.1456186347334992	0.5930814279768315	1.257058618767828	2.1742610176626584	
0.15358434650355673	0.6039013375233955	1.4350874994697458	2.2748658386068645	
