9	27
1	1	0	1	1	1	1	1	1	1	
0.10515471964495382	0.15073280508650838	0.6669143672095854	1.018626556485154	1.2795796438657283	1.9935763287266306	3.4513222706746776	4.703087871487004	6.832527328092736	
0.11611898781491999	0.14895005038652193	0.6633126516166432	0.9157309105180363	1.4522778619878463	2.2797450182930503	3.4084179205644407	4.186230999047346	6.7144367612919496	
0.13067712397079614	0.1398925482352084	0.598026474307398	0.9445913287451928	1.3264810894320402	2.013433294454415	3.1521495599907805	4.843895309354439	5.964181250093364	
0.0922230055731112	0.1320525875890646	0.5823882715332694	0.9687366349132385	1.842750468466538	2.1964721621789405	3.1579984716867506	4.190860109792673	6.647943017710851	
0.09793965329811088	0.14130566449677653	0.5295174330499228	0.9612032583593016	1.2483597018961217	2.176512497262582	3.370694319583212	4.5898535775307545	6.419226923928715	
0.115689513114209	0.17501418323757018	0.5881571277450349	1.0028305879494845	1.345685858141054	2.032636626424147	2.7818243577088353	4.082847598281522	5.992762382169182	
0.10207043518984527	0.15245752736905735	0.6432346822604523	0.6867926413869244	1.2708197684575413	2.170637912033755	3.254415679474147	3.97869102888812	5.271971583324606	
0.1053714858519635	0.1246786115682563	0.522287074599957	1.0489252766744397	1.442744302775469	2.0425976622076063	3.1991243209081106	4.825550793233221	6.038066660673662	
0.09936173564740576	0.1458871397754846	0.6113093847321613	0.8256938545638994	1.4880078136736166	1.7949675167687649	3.347982969674902	4.434082176680478	6.158067611172744	
0.10262047204323217	0.1602882337757406	0.5366507506470614	0.9568535031687991	1.6458726924928349	2.2500905224423287	2.519696837357124	4.0471253918368335	4.691002353428423	
0.09589049052204579	0.14264034415658694	0.6221992445130763	0.8584299858180406	1.4715989788911112	2.303351111516066	3.716792524004589	4.5833468440815235	5.989445623550241	
0.1188764532236471	0.17164818366839793	0.6226490375147415	1.05163348648761	1.4033447849650846	2.143968916294632	3.7358361683526375	4.572326853671829	6.382132338683229	
0.1016400608651644	0.11956621251495146	0.6626101086432407	1.1892591152015388	1.2681197463638167	1.9985994234720157	3.3315806582612955	3.843087196888573	5.307768894340833	
0.11027050530482355	0.13001777564200132	0.6298089052487715	0.9184941123998968	1.4828058897631105	2.479732209050601	3.131813457236168	4.743548990374903	4.587092388520843	
0.102213461954377	0.13521306561078408	0.6121357028415223	0.9366906107159503	1.440797427623811	1.9614538977706129	3.0465993034465377	4.244115704759844	4.6756940117508226	
0.1119146628382271	0.17860517495258268	0.6750558132605876	0.8946360504235809	1.5327496393591764	2.1382938928220248	3.2892654210959615	4.42467460779875	5.566221645740627	
0.09525750558347539	0.10477965529160051	0.5406149535104922	1.041001364080292	1.3466733047950008	2.2783195700430108	3.0229063718453584	4.687346897008412	5.116319947096613	
0.09974106110850346	0.14344240592810253	0.5696450209491332	0.8633405516107616	1.503135194416876	2.149218015093929	3.472548885144296	3.9341056955993006	6.998637479517376	
0.11128514583974632	0.1706409583935177	0.6856973194533292	1.0944165744290573	1.3940296855287608	2.2112975994323594	3.145664754423128	4.452233458220767	5.732361664289423	
0.10237954208982313	0.14992182666402812	0.6274437192256954	0.8744047923054973	1.315850868396747	2.3163468385251185	3.009449538511772	5.150511069424419	6.386214636470207	
0.10425653313732619	0.17657411174950108	0.5653802499666948	0.8902148325633374	1.4401711389972807	2.0282371009549665	3.0853895242273914	4.236193058971926	5.737140168212152	
0.09590793665811674	0.1395036431726185	0.6046384772845886	0.9238797338585892	1.4476788482972933	2.267727938435982	3.172798193557368	5.576859947661373	7.076856244075489	
0.08975599911981624	0.14692919074997607	0.6770529511006543	0.9923046853985545	1.4239551964186632	2.144651303411002	3.1037128375909018	4.261140097522266	5.274221011348843	
0.10718038282719018	0.1494894983463569	0.5792381610999806	0.9378103591947603	1.3540161998560614	2.5388201381379565	2.579700494373554	4.704807373824435	5.6006377354648365	
0.10493843588108441	0.16551035210705117	0.681255350478937	0.8881132163024384	1.562923405163495	2.207793146131707	3.170352643690527	4.176326588929411	5.615783932837548	
0.11324422927895948	0.13220422152281006	0.622269735289983	1.008568904664639	1.2528462183027784	2.362447151103341	3.4682730552770957	4.184053397197262	6.29409122160225	
0.11024100864194764	0.12234558576954954	0.5428558467508381	0.9747255535812385	1.551431010351923	2.0725107236066114	2.8793130984241433	4.457118899303119	5.839591561999882	
