6	71
1	1	1	0	0	1	1	0	1	0	
0.10528403859806207	0.15125103490890887	0.33367067105672127	1.1789103184123848	1.987487139427407	4.276509936174266	
0.08408990946066017	0.17076811459752414	0.34396677322327734	1.4261205794952694	2.152083229111463	4.16780418680787	
0.10664080538410961	0.1482611498222626	0.453707482608413	1.665059052809684	2.2911242415843547	4.4000023035780895	
0.10543862869533256	0.13567127562397185	0.35289198188148285	1.6363823839192475	2.3308087556337074	4.095728989615308	
0.10321244673941972	0.13718411854425777	0.3788459771042984	1.666686451913459	2.112053565383321	4.052973894532017	
0.09255434534177302	0.12586701862407415	0.4581913401107926	1.4552742117805888	1.902068053010221	3.856429443675447	
0.08495996097400668	0.1421901714962249	0.40304406382179553	1.5926785259139864	2.2617578092831567	4.825024024486768	
0.10899882994108241	0.14496498929419535	0.30008493034127515	1.131679487786485	2.5772071725796373	4.193593384045161	
0.11559498525824248	0.1597443950860439	0.3890884560842143	1.470362558975188	2.1173951638948867	3.551754191846961	
0.09656249741488561	0.11608152686496241	0.37796434140252383	1.3308431123646995	2.0757321653566123	4.874509904773977	
0.10112730935234678	0.15238765691136724	0.34425390901373903	1.3024572812908608	2.302100913500554	5.03090618659099	
0.09928718610572283	0.1577518183688456	0.33042251080631063	1.3460485929249808	2.133549497352038	3.7826148510036837	
0.09259362514800758	0.140896763169462	0.32529875413890064	1.2776477352713471	2.620148958888523	4.315584502379894	
0.09697884932554114	0.17064600034349067	0.3328750214705379	1.1380041158515593	2.1650313372073016	4.708725127640606	
0.09074126894671382	0.16286827972475143	0.3853204556172823	1.6838803941891276	2.2479705793146696	4.302552387100008	
0.08580630961851879	0.13965993902355897	0.32626030833028086	1.284270795580659	2.2203440218195434	4.801899739008338	
0.09521257797845253	0.1558379440365689	0.3461305640749966	1.4201642055785826	2.217457627380482	4.727632291835549	
0.0890069059885495	0.165145135655263	0.3173973113714704	1.441112869271624	1.9802928978735967	4.098266545456845	
0.0741948514033099	0.13862565232943747	0.45177745037917383	1.2818310907516657	2.361027648931634	4.371192892447144	
0.10356958449268566	0.13837045732736866	0.3830665522833411	1.0318827005074307	2.1576120459265673	4.216261127065599	
0.10550309820004372	0.13836784990263012	0.37897524775689934	1.425748210498784	2.529189151750206	4.754237238513801	
0.10219037250999795	0.15349065353981126	0.4165693593578276	1.400585497466897	2.211896134461521	4.256031398347872	
0.10889969835379612	0.1449766417783424	0.4322329828924835	1.533853539678885	2.3615536597441014	4.482457268747182	
0.0827605384098356	0.13715733680637204	0.41778489309267275	1.637291386055199	2.164895342138173	4.758166467626733	
0.09443164124640321	0.17080553691979564	0.4255202400400806	1.322883892075427	2.246706655774561	4.612858208190405	
0.13228600826275413	0.1417610017009458	0.33833099466332944	1.3386358756952947	2.4648669757328756	5.306585085675801	
0.11385430577374576	0.16841978574622576	0.30914065221390613	1.1602847870061852	2.1882179909619563	5.093192578947131	
0.112500034712122	0.14866589945206404	0.3879225913808349	1.4523570181408818	1.9873064394273658	4.972680659400195	
0.08395990248689314	0.15522592770491153	0.41321794748924	1.6686460045296294	2.0389574223077407	5.203884181093396	
0.096773202059067	0.17643920376078923	0.3611466060944342	1.408727532455084	2.578738780624471	4.3684518641633066	
0.09155846715480925	0.14991044433553574	0.41285233150991835	1.5243088432454173	2.2416932644215732	4.371939574496086	
0.0922105265121778	0.12379171849011986	0.3708736293326292	1.204808141214225	2.6763201623330892	4.161302547829726	
0.08642054250520372	0.17593675267118575	0.3496941245650829	1.47207941594889	2.008450111305288	4.3248531019747505	
0.08725802174087496	0.15630566113171676	0.41202057987879753	1.3776331384904759	2.6746383177121946	4.285878022960654	
0.1058492458120379	0.14510626991576195	0.36704025868842444	1.463068710117961	2.3177726448632576	4.226670097404614	
0.0909978346154888	0.14254406491115307	0.3753876525316772	1.732707555533973	1.961653654816403	5.085864093798645	
0.10189077150652003	0.15441997193961768	0.4145205094257004	1.382935394665574	2.135660300196082	4.339939267803056	
0.07607345232791013	0.14493181862251528	0.3349633607650391	1.3154453535679287	2.1758878278879945	4.152947627397562	
0.11140883129578288	0.16658650832236535	0.38546181438203625	1.4833154967462299	1.778749788510308	4.525850243607998	
0.08468472708740495	0.13787926152451133	0.2867368462806086	1.2310132581662168	2.1005661870135826	4.670987985786092	
0.11309586173750785	0.16067860116794216	0.36941125291492244	1.4453302750477084	2.07690343194559	3.972454202884455	
0.10221561102154274	0.133809024487345	0.4561707229288181	1.3851342391989327	2.394710425506886	4.521626014516119	
0.09338150731366024	0.17019956597866936	0.3717067734031195	1.5138004524051425	2.0943057636438027	4.863626986588546	
0.10379764301846264	0.1330078194275917	0.3621029225991534	1.299991556014126	2.1336302225974664	4.580326355993712	
0.10695275617197275	0.15924304302663014	0.365427360773292	1.3424968133431368	2.3527214618423318	4.029674596387521	
0.11021291675307679	0.12604129647988815	0.40893440838258766	1.3075741617626306	1.9493094816543333	3.721094853993315	
0.08613121244326355	0.1352805821533542	0.38750266858153143	1.295190956625709	1.9155412103184666	5.157385210900165	
0.10497512715417759	0.15832830407567897	0.35605514344858036	1.6312045168166227	1.8518526041532641	3.1499106636400356	
0.11245973380523958	0.14798758892743047	0.2818271509527999	1.6859996766532626	2.2155038582686903	4.7093745496041635	
0.09824905039470963	0.14954869038210072	0.35471926201319764	1.4540728448176632	1.9264754655867076	4.2840039094830935	
0.09402240307863081	0.15768056609840764	0.39624959275093147	1.3349646943901856	1.881111265127282	5.13058316974919	
0.09108842394188729	0.14967999876067445	0.3090274638685334	1.5344319782483178	2.0009141956300587	4.370442702360579	
0.11157365063722631	0.15390933690932357	0.3581481457923777	1.5204020197856878	1.9156940566336798	5.371926405131861	
0.09130466887536631	0.1477075516352315	0.3268260656846336	1.0739516530654978	2.1686994736537306	4.067838898327212	
0.10264529710125443	0.15979058909177757	0.4109420270448987	1.6186190977858672	2.4056112180225573	3.987979293725534	
0.09925666067349548	0.13659917283054748	0.3887435902718092	1.4463981829607282	2.4577431020118787	5.062857537317563	
0.10180111583250134	0.14807688257273882	0.38640461277803234	1.5325195358963593	2.2670559338342606	4.76762935170118	
0.11721679009481988	0.14160871108000186	0.36258346706233824	1.2757923369122561	2.22389463298036	4.483164738314217	
0.1032280777770567	0.1170941547025339	0.3639579206935438	1.804844008416477	2.4890549615075908	4.096367008810205	
0.08819833041395081	0.15227491366071186	0.33851098274275193	1.2412145012530647	2.1969711935349183	4.258940303870301	
0.10824713414499543	0.12408179159765946	0.3410193290787981	1.5090471572286923	2.221193701746288	4.2484546678141974	
0.09899519385984192	0.13951850170893093	0.37167862191982143	1.4895125592442016	2.1846430353445365	4.063898674657243	
0.0801182815271553	0.11016384057486765	0.2731332820346468	1.478369380789555	2.4707779023348646	4.767621760600058	
0.10305011729573155	0.14760765279953827	0.4197575523242794	1.6459149294009172	1.9444744295990615	4.3301015334721	
0.11248117184301816	0.14955769204108343	0.34627412144299435	1.3393816985473144	1.9556222362331455	4.459891869149679	
0.09495071143951167	0.16070647506343796	0.3913212613995413	1.3820706730354035	2.0978524033179395	4.346140078062321	
0.09913322869515755	0.13479001794606388	0.4246048415907354	1.5197261243765745	2.291719523749456	4.395455271912058	
0.11533918227928958	0.13392124349609852	0.35317537666542637	1.4655206580236235	1.933402643595645	5.104268418181671	
0.09911187635597123	0.14577879415439918	0.37894785473143316	1.413708929744575	2.3454759005196295	3.9538507515338788	
0.10863160570372053	0.16183585653366492	0.3884776209551369	1.4439106666202413	2.057709168753282	4.19089464169592	
0.12022367396134513	0.15399355689473856	0.3523801919964196	1.0410477799016788	2.3882272559417896	4.835836209719361	
