7	73
0	0	1	1	1	1	1	1	1	0	
0.35125766394508884	0.6729078698272245	0.9625882818774204	1.5808087545060527	2.008956874591633	3.3131730230324896	5.0694792452735635	
0.40648607244720975	0.5963053953786138	0.9384416585890386	1.5076399891818903	1.9491269860321743	3.386530263373838	4.284181206027895	
0.4164344535413818	0.6257966360787115	0.9244946605413253	1.3374646863275441	2.227681152512616	3.4125415785113513	4.774767059901817	
0.3846282914208242	0.6050571064381144	0.9154009622217656	1.2051170352817204	2.256062467486999	3.2681686042657763	4.539991720493325	
0.3594604157839331	0.5983917891453945	0.8390427343484328	1.3689059649556807	1.9604673056302264	3.314431963186417	5.232359952112191	
0.3635556242417185	0.6358119960350458	0.7070050707650223	1.5517455571119514	2.1287098414247456	3.578576808624266	4.9446374930440955	
0.32953656211002635	0.634980099804698	0.9145219843083533	1.500653384253241	2.3545730556598325	3.3829837313665783	4.898760799995058	
0.34351739965653727	0.6419888688581303	1.053246299620646	1.4352850667402732	2.0485508191824464	2.8455007193162527	4.210222963324624	
0.46644648313073345	0.6316858651958746	0.823702042848397	1.2606205250593352	2.3883177574664094	2.7099183289280115	4.769734711599781	
0.27839432771264305	0.5766602131620531	0.979217930791853	1.3812457491195458	2.357233662670025	3.546277759916656	4.586227911463762	
0.3935044155792329	0.522628758102992	0.9084495793425753	1.540449228759404	2.0657677174499436	3.0765800137439134	4.212996052052632	
0.4044520854899033	0.723639094584896	0.8648870389806609	1.1348996130264104	2.087611640067434	3.2272086495271757	4.16633055675825	
0.293623109158446	0.5997994746384393	0.9724538485570086	1.5863069665072718	2.0062025188794537	3.118602800376112	4.4348945164501625	
0.3617783716982457	0.5905726151513785	0.8852183102253581	1.4475568533723746	2.192589676975159	3.4181493325124066	3.2361270007759826	
0.44044041470062434	0.6670330242703715	0.8590223236844668	1.4620127160766643	2.2423349289122845	3.4153260433200185	4.747158146549262	
0.33244732594254506	0.5391581432210286	0.7686298788634375	1.3997662615104214	2.1512250425533335	3.5858795028536234	4.25374737946296	
0.3710487334111383	0.6204689685721358	0.8873727004262268	1.5502075264518484	2.4250626704593827	3.2664655559177294	4.680937019630431	
0.3721923508504215	0.5336453945784068	1.1031456632309091	1.6738131684379285	1.8253302954845942	3.473938745858818	5.115005020208042	
0.35353083353444276	0.5092385243944687	0.8304004895280923	1.7609245808682081	2.2470116189276212	3.775876412106525	3.947585559751893	
0.3312836180178547	0.5443510191473351	0.8521650446635278	1.5010453221204667	2.072908973119782	2.68852566833552	3.8579700576819276	
0.4217351013334	0.67028147568797	1.0162818492789285	1.3942636833264095	2.3509039495629813	3.3562856059465767	5.561040166604024	
0.3674207008430599	0.6241539433288127	0.895840986493535	1.4721130906254483	2.2852329449153483	3.206873464823849	5.128110449772498	
0.3457605631516449	0.5283290210305335	0.8470992520258187	1.5788170193278968	2.0834432043065716	2.7441937720478276	4.25045106932959	
0.386431696200912	0.6963404830626169	0.834641621784972	1.2677331537703977	2.2853075862111827	2.8594427042710384	3.7200532179054444	
0.4127881709439605	0.7008087575091416	0.8652021065002601	1.3226762763954991	2.113454326039783	3.497709494977792	4.94939484420938	
0.3490403105007381	0.6494432453266423	0.801288638189412	1.3786501931354795	2.1775656725901613	3.1680639691756483	4.420042091524375	
0.4258422911657576	0.5286031488744122	0.8473884229802561	1.4483480650498148	2.406929290147985	2.758694040945683	4.728414277906277	
0.39309494708127996	0.6854721157402234	0.8987474371976483	1.6068009880084582	2.4864377342601225	3.5952522122487753	4.611177601719052	
0.4172522187308083	0.6571977457973434	0.8908433147643784	1.5597104930555015	2.4007759277364755	3.2256161089924413	4.743340482183785	
0.4658461770475648	0.6112791719470925	0.9331951409251172	1.4355324103765654	1.9107918638188506	3.704103850869577	4.581672400351178	
0.3806936457001537	0.5964834909251397	0.8034621933492472	1.6203518264614516	2.0567407839156697	3.371914180520623	4.442914252531793	
0.4268501371739341	0.6026753667165299	0.8757107735928534	1.213885017985899	2.0327024396118643	3.2441660036994624	4.135376115358676	
0.424193591876247	0.6443023044425154	1.0165931870919624	1.5075724998925297	2.439153035601639	3.445316962613154	4.414097474290801	
0.3066621421177969	0.6759437945190603	0.9388125958004624	1.443871886318871	2.37251110802925	3.1605101205147554	4.103053643432168	
0.3198677846642387	0.6945619480803891	1.0471062812470842	1.4456901752313849	2.10622480823193	3.3481711849179407	3.625507188967304	
0.4080132894904623	0.5773833051512381	0.9898455333647264	1.3120519212815909	2.0504483127267035	3.273302881947503	4.161436786074232	
0.39380572421529264	0.6279154809700455	0.9426854696111396	1.5251201443204387	2.2428201651267363	3.0021417489954283	5.098010800857919	
0.40787962489180346	0.5696376511212446	0.9977973350617427	1.1966318304810806	2.298050604189163	3.406952679242342	3.9196930570505666	
0.4044857215165729	0.5835288503320776	0.9374669714218572	1.5195876531312165	1.8779828880859166	3.088860254390614	3.979566517200364	
0.4259116953512675	0.5455171418751255	0.8927108517913712	1.4747442680788918	1.72866539254074	3.5465358388162955	4.230975562075687	
0.4018608593778829	0.6853258340120207	0.804273554164757	1.6120747181592734	2.3261853256925074	2.556370011241534	4.563989663573015	
0.40448375031731393	0.59122257836468	1.110746049439637	1.379294897770384	2.0600926582293986	2.976801774226596	3.906121870063196	
0.3724473580050922	0.599959723509513	0.9750210091706373	1.3584113119469832	2.1974428364543956	3.2322722582096284	4.629493080856066	
0.36978154426119425	0.5405479251917122	0.8417936614604717	1.4865736100232776	2.0619488661722203	3.3047284857643864	4.454630521842104	
0.3545636153256667	0.5726839950744889	0.9650196082098452	1.2311116279301646	2.3763406797701716	3.3276770518637755	4.787162546033485	
0.38470386674594553	0.6392905305684485	0.8802987823976695	1.440937317702254	1.7027670820720604	3.462779685841345	4.5653721467936395	
0.3690463572075813	0.6924232091890816	0.9710174026199145	1.8345501808033446	2.40840117635002	3.074453945244956	5.079085413060961	
0.37847115032813233	0.599326030465649	1.036164219953594	1.465227984837276	1.7977796332263838	3.384284648822414	4.18929494566512	
0.34935337575116493	0.6299903432168017	0.7849556958657802	1.0922409439213394	2.2179088554611655	3.987062049643075	3.8711959470868402	
0.37790105194496426	0.6956949254611517	0.8849079154350442	1.3259139460807834	1.963589869273184	3.2855001189244284	4.615472735523845	
0.367203986289956	0.6203447306843527	0.9075600495496977	1.505409776138146	2.176940144193379	3.693052721985482	4.097357396511343	
0.39174522536702283	0.5703198155587853	0.9486897929351602	1.2740160472461641	2.183434404154958	3.214750757971937	4.181929350725926	
0.4059771320021323	0.5650636871333068	0.7875875589881786	1.2438767195780143	1.7352072504062592	2.274731802354265	5.000907311922941	
0.3364796051210962	0.6922247585874313	1.0013123717055745	1.4008158143562541	1.9776361169779288	2.92260055067929	4.045683637410754	
0.41876002543719193	0.5686556690989807	1.1312158724348906	1.3093822038052811	2.1080977069159292	3.072219030860957	3.976039104545879	
0.40496199720308734	0.602976723262289	0.9481048754139065	1.2826022142439981	2.2995984749060123	2.920388630099218	5.015647924259678	
0.37399024430137684	0.5855963938795807	0.8956964286523864	1.4322217643201316	2.301810569810125	2.711999637482421	4.2037768287436625	
0.402393847254304	0.5302073945632202	0.9209320634096401	1.2702400866830998	2.3231669567910394	3.5096806764572173	3.984355663329606	
0.39719720283355364	0.7249393974968517	0.9761627801656723	1.472932552776117	1.8946942001908935	3.407832269954516	4.749839318022134	
0.30084391593040405	0.5666957810679851	0.9697062400832752	1.4680278136562752	2.654142424559467	3.5717308229281244	4.9584866928038585	
0.3742284558150995	0.681941922957579	1.0005990693328481	1.4799583743838578	1.939757545686056	3.578863258340555	4.35703278886856	
0.3366106612703256	0.5545502290070441	1.0421762514959652	1.450776386046959	2.2211858982170702	3.603183913129693	4.458767980528589	
0.4125300889024419	0.5438655522643716	0.8706686567231641	1.4948660434416825	2.2040116377181165	3.9894295231281522	4.489840089757105	
0.425485508586577	0.587554710057918	0.8645074887691727	1.3677090806309424	2.3496384093249514	3.8392850919049	4.5623360885724065	
0.3075359931643295	0.5534778962149663	0.8727739914575641	1.4849948025883615	1.866568175986664	3.4594643066725688	4.51209901390117	
0.4064963482806599	0.47579269266905644	0.9256235681854647	1.3931221374858829	2.123544464679181	3.511926556645557	3.961974589080507	
0.3684262115068322	0.5883031382751399	0.8070641664976776	1.7741746404357817	1.9573733055588178	3.8142928099311564	4.730357311456322	
0.3582994643601727	0.6504290118754783	0.980310806954543	1.594248221291687	2.281931321225451	3.7408442392165173	4.099993572410662	
0.4329170881559033	0.6665144118713059	0.9094931327139569	1.4812396048162535	2.3976416136839545	3.3773838046725047	4.444780551555997	
0.35387978866184977	0.6257490591789069	0.896436563378976	1.607131613877327	1.9229926532911068	3.0938596753403527	4.242548898757338	
0.34193939303543996	0.5328462491150462	0.8360971277937387	1.4366728400316353	2.4975889376750167	3.715231253744796	3.812883106795495	
0.39814059697792054	0.5785638130522103	0.9133720705297269	1.3299367135456883	1.9083312299131918	3.2597106371722404	5.662301295975434	
0.43318362730947285	0.5858599880080783	0.7637049933037131	1.205428770228054	2.0933558004135433	3.2026447428583875	5.0376088699344646	
