6	66
0	0	1	1	0	1	0	1	1	1	
0.4357451378229494	0.593769870960397	1.7666693250612395	3.092815313933717	4.587041922125259	6.415488685251527	
0.3095431202343601	0.4867300853480361	1.2984055415866402	2.8450271639781652	4.065689602689654	5.121246562211953	
0.3820967939314584	0.6325016228413199	1.6724412528414416	3.303761873351297	4.629548859462439	6.753415357178775	
0.36341672207586856	0.49168347995369394	1.2040793558400051	3.246621508681383	4.6837621135057805	5.367513950691353	
0.43500714958933084	0.671265159981861	1.3982522552997425	2.7026883327067814	4.421128515502129	4.574601616463247	
0.47610891488018	0.5120540276347998	1.4822732711058393	3.5690703786322864	4.816970984250096	6.2231844764339055	
0.438476751438141	0.6643770024140039	1.421208063754402	3.2189728707318954	4.231142807254052	5.42866251957027	
0.38549727529203875	0.5745052566251919	1.6005850118070732	3.2759953392738455	4.068786647924786	5.092737165853603	
0.35201188574027753	0.65373200451457	1.258546532321468	2.756164522030023	4.910069926444779	5.337736084233024	
0.3357701996338104	0.5070264441481536	1.607220592145454	2.410823715239327	3.9673587312630674	4.362268894331315	
0.35810473350436123	0.6088351043230766	1.1809365297075773	3.494641246283391	4.1646698970849645	5.924638933505944	
0.41973842828573843	0.5219224493762941	1.3591954220465983	3.164183882912015	4.574534181887455	5.766045457134866	
0.404205237064167	0.5528028670656668	1.5918985988579766	2.962698237856475	5.341528712384131	6.486785367234083	
0.3857178497539404	0.5029218640457442	1.3636582159960309	3.0464352432737183	4.299360920777747	7.201388351512216	
0.4086564324663394	0.5688469075986852	1.2283116843909274	2.698396866624278	4.08765182641298	6.685457682282182	
0.30014414557610036	0.7126854678570395	1.59719559304954	3.925079756715243	4.915747613349451	5.550843981040002	
0.31566542698639927	0.579916210403515	1.3479797394877893	3.7754453139211437	4.445870607736278	5.155912624120443	
0.3052213898610882	0.6159850428747264	1.6710447600425768	3.415537564513651	4.6474425447481345	6.296935035113332	
0.37202890233992014	0.6502843975906075	1.3529845902542565	3.326596196851478	4.9003262788180155	6.529261317535424	
0.36643649817351054	0.5613278226387013	1.4149704376244678	3.519297044972083	4.9323515822742845	5.592214871491946	
0.3724529170442636	0.6810817217560866	1.5933204767062448	3.6012862918018924	4.253855420868589	5.808845475585413	
0.3649492923290699	0.5407442094410246	1.5997484191399718	3.332912156253768	4.517458915038073	6.5531182803535035	
0.41961488688896603	0.6794459439498263	1.469399042781976	3.0469442019248434	4.423074360685686	5.537683381172881	
0.38157626024271213	0.5776698653098539	1.6053697309458368	3.2142006717483227	4.520770055712744	5.814365352492185	
0.3571795792718116	0.6179825896360719	1.2299905654195242	3.7613342967323886	4.187422330228968	7.402547194602704	
0.3984565619239057	0.616150138929376	1.516837257490703	3.4976246810972293	4.775830493713419	5.781332870821103	
0.3332646605481893	0.5164837908841237	1.4042403266441348	3.0631513896579103	4.5183949321057275	5.110572187837926	
0.26957406180918014	0.5319096522748091	1.2847049404044664	2.80931470064433	4.689295462091604	5.032209602122764	
0.39466409674662833	0.4987649424246916	1.0428375854763077	2.8326688512107703	4.855530686777056	5.689987638439023	
0.3496012867040021	0.6037683357055839	1.4928741406180104	3.0148164215575486	5.53296934747821	5.1686384643362135	
0.3765424517750407	0.7201752549240242	1.3457668046976299	3.68584796712444	5.154327931303366	5.488917355185336	
0.34654520173361764	0.5799474951066332	1.4388631102383145	3.6178106021523937	4.836193922054892	6.215790257502869	
0.35749138416792287	0.5453860214965901	1.3821545121669367	3.242778391724437	4.546144376648419	5.7442303061450595	
0.39467331790011007	0.6132554974875482	1.4811113585941345	2.3285490082271965	4.652991153121153	6.042859343022843	
0.40033566951541577	0.5756350452738052	1.4169570366459339	3.4283008406519855	3.7961537560652694	6.4308945978141265	
0.33188110190987585	0.5217675521332629	1.5722088806590748	3.4462424593247003	3.7146456711772036	6.111705499024618	
0.40335430475024836	0.7203984087985703	1.346896527013622	3.030287414601326	3.70561536522513	5.72379859631544	
0.3439098033367781	0.5895284442751502	1.4868088542134492	3.460858851450613	4.564857078078902	6.324967767888241	
0.4337772325868548	0.5313342609300643	1.5381386151884255	3.370028326102658	4.567159599394499	5.81587183931866	
0.41988789737382487	0.6245986304511219	1.4471606069163443	3.382077258969846	4.529059886236335	6.639340773689843	
0.35381123459671776	0.5594010442676998	1.2341994187936796	3.6447651802219663	4.291987992278233	4.880009998637829	
0.33658923809615515	0.570397926133812	1.353864065815153	3.906183438896929	3.6531299865756717	5.402837484858099	
0.3551157321551065	0.5444727550146191	1.5639504970347884	3.0906159830253985	4.277254632179345	5.729768863873306	
0.3827601753819755	0.641283713326088	1.3659494048886696	3.9681871997455174	4.508327315071373	5.059017459898875	
0.37595555133399955	0.5829541741751618	1.57421141831142	3.468714222617696	4.832225370205228	5.839230505618961	
0.33633340722599986	0.6915318199599575	1.4949180419055201	3.800484481351015	3.9532235261999635	6.663501033582556	
0.3056424044595268	0.5505056368752076	1.191349704644103	2.9771535143337204	4.378053569968252	6.047913810502933	
0.3586678213052825	0.5681354639636605	1.3034331209645655	3.1676831169567192	4.067387730806947	5.1850051373925705	
0.3826300808305765	0.630992353873986	1.2708445425303116	3.1676661559528414	4.086753520812662	6.542895845719405	
0.39319171287994215	0.534392571697703	1.2145297336004384	2.8838766379595944	4.3130635130395305	5.259985297950858	
0.34783882377264524	0.5707328937311733	1.4436264130100454	3.0868497007021656	4.879910593038389	5.231349803533721	
0.39808873258166294	0.615770347650058	1.388192255041577	4.175267499476021	4.895699881268854	5.941769288140922	
0.37424627723934967	0.6017602375504867	1.5290461366934802	3.4131184994623402	4.469100356798587	4.653847328848598	
0.40657792448257235	0.6066564030852218	1.2873865661723867	3.064210589923379	4.904048284869061	5.3085830074262645	
0.2801930789029485	0.6751387087582482	1.202923716639838	2.5778025841613057	4.382531399900803	5.91776611169798	
0.40589554695625135	0.642235860506607	1.3283897935168425	3.3736270215714006	5.210894548383037	5.796106488069267	
0.3804031192146122	0.48997576705853074	1.3244400358918003	2.971579784552944	4.092924047428817	6.295413253402106	
0.39968136216611067	0.6257038224005337	1.3205435633495584	2.731107008986953	4.5975138614394515	5.79007640816454	
0.28648832276931513	0.5977846598308134	1.5841704099762761	2.8538265403600183	4.897038073774819	6.159905421102872	
0.33149624623496066	0.5438863043694384	1.3737807337755754	3.4817309787070334	3.7606287434192196	7.170293257976887	
0.405801088334627	0.562282658109384	1.448425807601083	2.9138129271245945	4.126509613500589	4.494103039057024	
0.40399448345619265	0.6137273545922474	1.561490310487584	2.755958151351064	3.8793183459883562	6.074079876196031	
0.43206813482401235	0.6884912363348794	1.3482693245800565	3.0247955910556112	4.671549528540206	5.457792546338758	
0.41809296159472875	0.6217771935325469	1.4811223571428296	2.992552016237682	5.056500427975485	6.090013660070509	
0.3728219572263773	0.6092920393301129	1.3564272664405834	3.2018152335271974	4.8879312890715845	4.83437727094544	
0.39743695729273315	0.5859585470744755	1.6018435000566935	3.11578633440786	4.499077453085117	5.812053145719754	
