7	49
1	0	1	1	1	1	0	1	0	1	
0.1105167440515859	0.4002138201220442	0.5715711521018433	0.9874140783745804	1.340386815082115	2.6435640565354075	5.88454051834802	
0.11029460737029746	0.3953257339224549	0.5828356938879041	0.8573967278529457	1.1273805039068625	3.5456778264706594	6.441902256649813	
0.09927471296115509	0.44232145365334796	0.68043710561828	1.041701926878542	1.1549692052332647	3.318732097595517	6.02592809148228	
0.11470137436549566	0.31159825063845337	0.6467393324278358	0.9221267665554105	1.3325097836421793	3.0663701056567283	6.015714794982276	
0.10291368454916378	0.4501205870789296	0.621055154830464	0.7375945131009867	1.121948353921664	3.0247495116030354	6.050942170773878	
0.11154998920803856	0.31142052041190693	0.5839821432533039	0.969859003680025	1.0712110966319035	3.2386601832941513	6.305176542194891	
0.1122192903700517	0.41545237705230603	0.5455347734563282	0.9368575156139607	1.254131883926186	3.6654716635588205	6.208719423369635	
0.11663075499798983	0.38972572157365454	0.6017730913870708	0.8175768464250683	1.3116582936546584	3.618880312133042	5.535590052814969	
0.0929111584306024	0.3741022966617432	0.5695201388975555	0.9117288231224361	1.8869955740324105	3.4539591693917653	6.017370282355985	
0.11969228507275494	0.40837163343686944	0.5451107075570022	0.8769518233770842	1.4502644474731177	3.1564940663721828	6.002249125328085	
0.12514666176963632	0.40534264760056565	0.5774362763664594	0.8652492949311066	1.5197927890778855	3.574459012084076	5.497264980745269	
0.1015680178935367	0.3609670602262203	0.566074972796079	0.8836678334446945	1.4925862235792526	3.4926074992320943	5.994320116526156	
0.09277431080690275	0.421147525730862	0.6120247969271344	0.7883640209471399	1.4279596436175381	3.4885710762282662	5.179370670372554	
0.08559045493847442	0.40440877252232504	0.5365685182093454	0.9914137157529906	1.4527421687589142	3.431469977567551	5.477367338441198	
0.1168086996580937	0.39473857875495555	0.6163134028166827	0.9870464934195514	1.6651507237319418	4.054758104551943	6.3041977959039315	
0.12238309064279798	0.3550223080570839	0.7405128160649558	0.677783918561133	1.4926517763514366	3.166770557989822	6.427728729965853	
0.0920159002439696	0.3483216629096981	0.616462165213154	0.8890168911005654	1.5096240937563992	2.8458396078508947	6.180961313151743	
0.09105545040924659	0.3384511453626831	0.7033733389147238	0.8332644445524385	1.5424382705330557	3.2811033458635475	6.042932743242046	
0.08681560272623337	0.38649380571983133	0.5497672794825356	1.0182757434564875	1.2697388053011083	2.8510768239821833	5.378897221623193	
0.10202622148150237	0.3835602639684407	0.5992741655565137	1.0500561243812487	1.2324247921793814	3.1270380080282134	4.919787459250957	
0.09759346956070991	0.3635993981041614	0.6500982261933996	1.0682668301608922	1.4668571517226405	3.8678684485282826	6.273885249679619	
0.11260129368989731	0.4075800060704299	0.5442974334121963	0.9159076793275663	1.3850408462424633	3.4431946300914786	5.9683148661921654	
0.10563879944353274	0.3675270218918658	0.6222642127922561	1.0374105170921004	1.3441485925295606	3.4709136160850993	6.264067180705453	
0.10079670460586423	0.46218169837914164	0.5040266801480572	1.0600630972244485	1.5744241879577643	2.8959824594303134	6.560249932645418	
0.10478359037237157	0.3235096494629452	0.6640376152056233	0.7417214582527858	1.6069233063842658	3.2831057135576245	6.159276848622374	
0.09967099913008581	0.40547474132389405	0.6801787426329885	0.844199348862767	1.3872715735107184	3.0146804730579766	6.362587585674053	
0.10319353229485127	0.3794757690059628	0.621863640232844	1.0593367322155867	1.4138039337544162	4.045216312625696	6.472393705216593	
0.09638875783855551	0.3993315890742301	0.5457388771677794	0.7959910905672508	1.265155466988617	3.347194186264319	6.5541367133799415	
0.09662442242446884	0.4463856622211708	0.6763435614178199	0.9167810684279968	1.4991243991143162	3.256942389317526	6.039768224622782	
0.10865935919595326	0.3737905043839927	0.5825698782820122	0.9322860811441172	1.2578445127957534	4.15763828372697	6.234781855800983	
0.10182178145919807	0.4186353905868746	0.5764419290569991	0.9205922002061363	1.3052906393521821	3.9112494995364235	6.18772741083175	
0.0897473076660339	0.3565198569325042	0.5106825215195266	0.9495412813568649	1.28044361950813	3.2623911809907225	5.3839472271411335	
0.09323083616353472	0.38189217307863976	0.596872975629502	1.018224026111051	1.0329729564444474	3.250632963581076	6.602831573443575	
0.11131739870172029	0.38787388923720395	0.6153617027631787	0.9833320781825213	1.269559880420313	3.4992695123777082	7.007338955365927	
0.09933016828186352	0.4252516754353408	0.6244712436293258	1.0283586453377005	1.4252479525988877	3.4919853377886514	5.670681368065011	
0.11603303723778549	0.36408688395000727	0.5286278894893094	1.0396243040320259	1.7418046977912158	2.910473800575639	6.021662142585306	
0.10438458237925825	0.37471706936157384	0.5399720674267199	0.78753410296075	1.5861715537446355	2.729581228033077	5.7771188618589795	
0.10574645487363821	0.31660025511891204	0.6008219751117168	0.9657848810389534	1.444503267225099	3.125764404059696	6.119773996593347	
0.09569816556426283	0.3680375980966825	0.4277694577475479	0.9148037530488232	1.255900763644919	3.364954166599379	7.0738578058726915	
0.10163026888905265	0.37338309188455515	0.6197719940735095	0.8473320351569796	1.7686983449772435	2.6875063440493694	4.813113045085418	
0.10529647705185813	0.4020743252802441	0.47762905713873394	0.922414768175503	1.5800563232696252	3.009232682411071	4.936282781398543	
0.09596724103776032	0.3148825851821351	0.567242325512623	0.9628952004419776	1.4572088048461722	2.7331700693916763	5.527749391917002	
0.08625714921478124	0.39329961142764286	0.6568150466253715	1.0126120047557046	1.2977676169139487	2.920606103857519	6.876208855205468	
0.07927106478502738	0.3616791640364623	0.6511263818152602	0.8636551312591987	1.61619179110986	3.0018604083343567	6.75088328119323	
0.11608768935691179	0.3933108970478279	0.5223600370790262	0.8123777583618157	1.39495636079183	3.1904711773808923	5.303851164093135	
0.11269543549758627	0.3864603814787728	0.6119429549804721	0.9140472711758167	1.5409292243938688	2.966657135391263	7.271397960679082	
0.08750398707688391	0.38671223666361915	0.6490507803885278	1.0019061604693231	1.6227458031160393	3.2865408205279913	6.466666279720943	
0.11062397953198655	0.40407003361752414	0.5354738348584784	0.9123397379835428	1.680944039058646	3.434351342978369	5.173260178153378	
0.1044347145135616	0.4118797696708855	0.6296045339833763	1.0261826381666799	1.344984671938646	2.8496644403810913	5.6316745824422485	
