7	47
0	1	1	1	1	0	0	1	1	1	
0.12994982635867963	0.38093211771943825	0.5642390564289494	0.7667712099549657	2.7506206969651115	4.815762369034029	6.152229121170081	
0.15233858527563418	0.3295730350549756	0.6351553089860906	0.9567152396097331	3.834592848110919	4.138189636364763	5.863748927585886	
0.14514348263520566	0.40802524241131555	0.5496565211919924	0.9928002836480803	3.056257554962317	4.781037681107262	6.06386594940353	
0.1735985003260773	0.384545054160992	0.6753948216835085	0.8888747538461416	3.8196192902995856	4.270379275342294	6.006913398166262	
0.1652251882189886	0.37156976974579586	0.44710640685916264	0.9371674735408171	3.6724549230895644	4.609229723698362	5.327044824224557	
0.1600480918753513	0.39739693295453915	0.5827633041692628	0.9032386380419193	2.2797464992023495	4.282822167551852	6.245971246668805	
0.1375555342824293	0.3042869724490014	0.6365837642914205	1.085642863118248	3.00866108462386	4.394868136289384	6.571623457310928	
0.13582925709675256	0.3832629841318077	0.5995594867803784	0.8712510885682644	3.172484966903544	4.487282257490248	6.728100271460246	
0.14290737939840786	0.39085068057934813	0.6651550138350205	0.8957710772385915	3.3124663276936266	4.211135293379222	5.85719766429473	
0.16110354393728954	0.39490955779719966	0.6465751645144462	0.759124242805057	3.1442537392870955	4.255965145912371	5.479851862828187	
0.1614326521693431	0.3632926457419	0.4553125050747724	0.9606275648595192	3.041223112851386	5.284342956505917	5.217060847246751	
0.17364372902107375	0.37066956417813596	0.54008957149717	0.990596395915684	3.470920544597357	4.64659164198564	5.676302655577017	
0.16002943468052408	0.33108147366627294	0.7607831591197274	0.7863849921494623	2.937742595277465	4.177126908153488	5.495094604014201	
0.12938647957806246	0.4064939864093734	0.6948030520459484	0.8379791056790924	3.379692246476733	3.6139481668665097	5.247343023200964	
0.14590055248484135	0.3886479253761772	0.513598407043854	0.871469134772881	2.9676341047185195	4.9742630298735	6.317404758749511	
0.1384197115699799	0.36944852315356674	0.5679778441641141	0.9686455500614581	3.336490311482733	4.020544460292543	5.587930873335807	
0.12602690382453421	0.3486513772726441	0.5572930245241193	0.9163950401129749	3.624297480198372	4.024787802491822	6.522412457330622	
0.1591007588654059	0.36774617642320045	0.5031635031256195	0.8699530895601812	3.0062724153651104	4.707359421789207	6.676605981670015	
0.16288878078647867	0.4308684707449165	0.584133577956362	1.0456576319379924	3.524386812117057	3.6813587997334394	5.272696864862801	
0.16322574034078602	0.3153173371242451	0.5491149403090371	0.9196818089362128	2.984555432393768	4.011401259671087	6.508017919220702	
0.15688165046518002	0.3771361981628303	0.6663492723624392	1.028350427723792	3.0565390744853183	4.2405041297996355	5.917632614148216	
0.16428844662466022	0.34037021656806427	0.6090682564225484	0.8350619933637821	3.6794405746623102	3.8267859336228	6.352366098637113	
0.16672308889084367	0.4799888776946442	0.6410319994083298	0.9703885275075772	2.9249870723092855	4.359537265994415	6.614142635413279	
0.14752275658822817	0.3383225757973152	0.6906504132594787	0.8059663333722605	2.4071018415132817	5.1583648297191145	5.372519585756708	
0.1790450783601322	0.41203985551608713	0.6474993800161379	1.2124534301714456	3.8223377418275812	3.8790871293837808	5.857495849793848	
0.14820195476014783	0.3168630889833861	0.5116481402486021	0.979421445303676	3.6097601956561056	4.3466017806967345	5.975403701933471	
0.14376916853428573	0.2638207625071402	0.5317404591368009	1.0571279738242871	3.0999063188679243	5.3942543174754825	5.3173422960146715	
0.12881944603007478	0.3863904830742678	0.6835863821592709	0.832168641602191	2.919190736522392	4.895978424449877	5.726733536691864	
0.1383708943347314	0.4175848760018065	0.5958690993021281	0.9832669347774193	3.179160182605954	4.06309548693187	6.89440841686795	
0.16832677947395272	0.31537935958343283	0.7100258218610698	1.0483758002675077	3.0540047238010786	4.986881385071375	5.78765327582297	
0.16758513669308095	0.4031443483820202	0.5464368677760527	1.0269961338267655	3.2932535900888937	4.8609459079140835	6.184290900751939	
0.15277823155250997	0.37854679351638115	0.5871040876267	0.8014376375335958	2.5658562977227652	3.8705879765302846	6.215343905258001	
0.14862223975363753	0.3669747892130961	0.5724979081338116	1.012296372576123	3.0713323250142275	3.736923252517532	5.472677822083947	
0.1484509245831215	0.34383705698072436	0.7068484300127827	0.7449965515721287	3.5133234067824772	4.012519472464373	5.5296322654919	
0.15647879136120496	0.3789541932648405	0.7019174158620504	1.1037878973822293	2.70503030651807	3.8173889018825067	6.243989616643417	
0.15672714953569203	0.39117017249707026	0.5886136795109757	0.9734835184430822	3.159607464224088	4.288173527968849	6.073883592740149	
0.16036141737264586	0.41046727082681567	0.5677727278812842	0.792459817874362	3.6158585842795397	4.463226589256147	5.055981646969448	
0.1385862456414768	0.3028867336288729	0.5675575747707328	0.8545423137393976	3.417207033922851	4.620932489485517	5.542063756798198	
0.15590115695177395	0.37416998118068506	0.5511616001544251	0.8018957049353043	3.560052714868769	5.789275780796891	5.615484344955481	
0.1313721097744357	0.3945076169383377	0.6252284857643647	1.0220928966900147	3.598366918391529	5.246805878110379	5.487210950078017	
0.14378706698299243	0.41253744878466636	0.6256901788087258	1.0796094414331328	2.5679027679943385	3.946454431522616	5.230956157826295	
0.1510968017133232	0.4011889108099011	0.650788012887383	0.8914631773741902	3.275276287244501	4.1164303879341855	6.524142289047237	
0.13990332899782018	0.4748262315648398	0.6154556616581773	0.9860597065391862	3.3385069761305513	4.613708423335325	6.480371940502229	
0.13343310916390883	0.31993783327861985	0.6009445193475185	0.9793331018824502	2.9775438370117677	4.569361337241219	5.7100425778418495	
0.14958517588463194	0.328584715708598	0.5507683772782543	0.8826089695926684	3.335853895407825	3.754355168780016	6.156724279415703	
0.144578764680806	0.3833059788693597	0.666303168265506	0.8661225682090464	2.961892490348568	4.1782698828297145	6.852190910728423	
0.14290961808402153	0.37380045222672276	0.5801894789957878	1.0373372265391998	3.0346508163361534	4.789786311483035	5.7700540925840516	
