8	82
1	1	0	1	1	1	1	1	1	0	
0.1105324510436146	0.13961134884850254	0.5472625016613345	1.0438486201070571	1.459587876616008	1.9748019587962176	3.566250761741555	4.903089477055486	
0.09541305734391102	0.14013357683997468	0.6087185752117878	0.8377197710344494	1.4031733884586512	1.9868472148827858	3.56831099684148	4.41074482748086	
0.08376036783295765	0.1671009455910008	0.6445042288247803	0.9186276214999738	1.4032258469770802	2.129121398027283	2.8949038135845258	4.83409229304089	
0.0986035855298329	0.14511368012221604	0.5878534285035821	1.029658199211473	1.5408843422493612	2.41747613515786	3.70222069768155	4.394612276475682	
0.10254033949551218	0.1253783517931874	0.6585867010915206	1.0818312019541747	1.5794593038649527	2.270705940860219	3.494128778724776	4.55767832117254	
0.0939412274069344	0.13468655811116526	0.5929304363045315	1.0929437308963095	1.4375666035800074	2.1424860324464676	3.173341498880488	4.36570788583847	
0.11847485867226673	0.14292136043668727	0.5692315727763092	0.8409372383301011	1.6200497161431833	2.3115716507834025	3.15241461826184	5.15262228625123	
0.11002121856370246	0.11888354366245843	0.5940549382470451	0.9941540153028635	1.4206501465835848	2.151830858186556	3.470624830584424	3.89953990016792	
0.10957232831817794	0.16124649093090263	0.5901103742058939	0.96671258071421	1.5068296812163449	2.260606452238931	2.981829244589912	4.266747620302535	
0.10920401558910252	0.1295316382320076	0.604467812339012	0.8946613317799541	1.4088609842278208	1.811512230920088	3.1353378834052155	4.649239376327446	
0.08804076315040806	0.138256720518436	0.6174862580475388	0.7928956678672536	1.3056338939771284	2.073783650566914	3.1475298307239186	4.595948141502335	
0.09393642519106665	0.14510235634932028	0.6556052514688465	0.7501120505559745	1.7356185006370686	2.3766146943816855	3.1749925156739267	4.341845125600986	
0.08840325274256594	0.1543442722768383	0.6083925881584226	0.9771703800142729	1.4359125226353386	2.306039588112501	3.253823785951375	4.047826323873985	
0.10927469052378969	0.11947669491265726	0.5114771924754986	1.021792446446742	1.524278308896616	1.9929062764592709	3.324397211639391	5.098907927115691	
0.12217261292306776	0.15909761989652466	0.629960541950063	0.863893771758287	1.593172546245598	1.918054148881763	3.025071727495716	3.8833087957709735	
0.10480952296543047	0.1638321615875303	0.5441422169479585	0.9902691104017166	1.55334653668376	2.2263879772007265	2.9693609589295695	4.910659945092037	
0.0776277388388309	0.132215638706162	0.614430645589791	1.0004417593859882	1.6273755630355557	2.4450364516574505	3.5858855456155867	4.149259649134384	
0.11290686224547315	0.1467856993123607	0.6032760590369178	0.8310656682931709	1.2274564790327096	2.2076702529504297	2.9938698677015587	4.953901627150595	
0.10265343937043714	0.14433847442325498	0.5602546934497908	0.9415857818096096	1.4778120322578652	2.214056418427731	3.0984589735094423	4.989345443829528	
0.09060740222586877	0.15882647640857014	0.6478860993755927	0.9999749236539367	1.4841112205110065	2.1444761839266415	3.910955385235945	5.249692153143757	
0.09492085091649055	0.14339217986125563	0.6500515451663161	0.9725825776728013	1.394377902576347	2.100603985531623	3.6119357593459775	4.450704986493532	
0.12667000178621643	0.15111359913965342	0.5338123551363232	0.9184575200989509	1.2221589620429352	2.052164435540112	2.486098035967934	4.4652906512612685	
0.10258341669251901	0.12883753577457394	0.54578671817197	0.9674775962827983	1.214409503173533	2.067438411100471	3.239448784524746	5.016219777670246	
0.0992906717165665	0.1451575561059719	0.5293493072562694	0.9579955111817422	1.494762224604911	2.0457395180371467	3.493156805118663	4.5710173887006755	
0.08429621145763525	0.15492723250013077	0.6360663391080948	0.7205541777202669	1.5229811294856404	1.8433028430596057	3.9967506177980505	4.485998129745239	
0.09727946906810728	0.12441630805576094	0.5905536826762082	0.9511497399164817	1.3350726088942386	2.2045578888961184	2.5334892109268674	5.316173134862212	
0.1068031100945745	0.14609768142344978	0.6338219781016996	0.9144073637876112	1.4175963615259783	1.833660931929203	3.594641975902193	4.396406190467609	
0.10255010373999181	0.1485771982108643	0.5972035188464939	0.841223071981388	1.540610268081879	2.3791988064893737	2.972527689265207	3.893814666156531	
0.0998855217552902	0.14019497954107504	0.6788756030798919	1.016130306494662	1.2905501336484795	1.8599942914208278	3.187537384595019	3.916627626208204	
0.10618693211455786	0.13937346766965517	0.6543857130093367	0.7743644669870592	1.4748873116055112	1.867604524486565	2.4682758447376165	4.466717120182647	
0.12240081022331384	0.14614257260764832	0.5401332509007133	1.1436530176955098	1.6208190726870577	1.9467581220926293	3.0590953009329818	4.500285059102427	
0.1016342025492849	0.14991407513107088	0.5576121450086239	0.7983108608856165	1.5883137331712367	2.1389194630938655	3.5793513407790396	4.9542939797747865	
0.10066803007919396	0.13313020217284532	0.5084356280229227	1.005224357114566	1.4153811031133157	2.011302955677764	3.687944453982967	4.479200493858931	
0.09271741784538001	0.13622748441805924	0.5487448377931876	0.910491499850984	1.5596619092794308	2.021923034569873	2.751852924326226	4.149293220698182	
0.08048939685550538	0.14905656398926967	0.6552476807410691	0.9316973074217969	1.41133334670336	2.079830310946157	3.46783374280741	4.0286128661589	
0.1003469890396384	0.1350472148359221	0.5231007756964938	0.8933618270310079	1.6176965094854843	1.97464427332629	3.1762680316550824	3.7150965859187353	
0.09665825049131496	0.14715251901287632	0.5695616194880885	0.9630503684759694	1.2850975184843283	2.439249130845405	3.0646643086503706	4.400396891778262	
0.10626457574971898	0.14929775420954405	0.5290578930457153	0.8803760923699712	1.453715427273439	2.4624569622889054	3.0834953606841355	4.886908878390366	
0.10685361347936567	0.11872189413148845	0.6726240538404815	0.8750801404015675	1.1640251447603374	2.0625403094249544	3.4665156077048063	4.679633297066336	
0.09248236985902025	0.16456913292919653	0.5841320881278582	0.9146748960215499	1.8222296244031286	2.1729716894448194	3.6504234060012024	4.358561215884298	
0.10687576477519488	0.14040186375471667	0.6172448301560816	0.9656532881855695	1.5493506685099214	2.2721848066485926	3.132559928667548	4.733604846181574	
0.09995463967849519	0.14634052936536807	0.6179406588614332	0.8565069267743411	1.4748867433505266	2.3387112010942492	3.0124858387386357	5.511195390820496	
0.08773458330612219	0.148697140491061	0.6931412628469847	0.9078825094838725	1.65622796113525	1.7526407627260365	3.4772834102999552	3.756727539332271	
0.12139956322592936	0.15441661538999477	0.7531225306968213	0.9046920311975647	1.3239296739538284	1.9634217535762528	2.818158539856681	4.527912279035985	
0.08556403373213994	0.15767057382319527	0.6051852487044075	0.9062204647801544	1.6400209682703206	2.599353554422535	3.203997722675566	4.596442486829246	
0.09397841461746581	0.14951764867869746	0.6224504001387028	0.9664854528391579	1.6577129909069732	2.2098683584403047	3.2039417207863305	4.799275067734094	
0.08638818350227667	0.1564858007151424	0.4920209051153324	0.8549683810666753	1.5264874337506238	1.8153781697491105	3.25997136516867	3.5337159649812104	
0.10510505127122921	0.14763703571683837	0.6082748034524149	0.9528890040380266	1.3501305355726807	2.0931923532622707	3.5330430772094394	3.9666510291616195	
0.0968584884289862	0.16089948828503542	0.6009520457822992	0.866323597917593	1.0927445766949282	1.724090206871265	3.4817505209604405	3.8560578481988927	
0.09525062506455362	0.15539534220717235	0.6243222819188342	0.9035255582217119	1.3255333433828653	2.016697214140026	3.4121696499794325	4.077190322789764	
0.09425516957008367	0.15801204948111133	0.5687640909915606	1.0157402576333263	1.3835329881075167	2.269960110057184	3.048441314188759	3.733999197652872	
0.08470199402758773	0.14512825947600835	0.6358418768764824	1.0501510854582297	1.4783562583305097	1.8204290966262537	3.4645308149775453	3.8827166957651023	
0.07715861892459382	0.1590448594721519	0.6507345633857163	0.896169158494887	1.4533198600136417	1.9122238242633034	3.7888046583210495	4.759143486526819	
0.11207199070783512	0.14761610829877672	0.5435863007881558	0.8383634700870595	1.4330709288712	2.027632095532023	2.7081209380885625	4.583067603260769	
0.08272661751733597	0.11847329126511762	0.7406763293616084	0.9339601803791567	1.0757629489318112	2.088493555721122	3.1385448510773437	4.10184631671318	
0.08865422372490289	0.1653094003528132	0.5916666999768563	0.9316587576946088	1.4389895899818526	2.345319445369943	3.981400854100644	4.6429549162478985	
0.09555424715432739	0.14368390519471747	0.5682012116392309	0.9290195631249348	1.4444564028939957	1.87281905840817	2.906148504622638	4.890033401194375	
0.08505718543376503	0.13343264257611562	0.5173824782931757	0.814614777320235	1.2821094185848547	2.0722022911618394	3.177202835498294	4.609867419372678	
0.08034827039000766	0.13326019977136216	0.7236369747986015	0.9535175705703456	1.37702052338196	2.332177228544299	2.6845676794331728	4.346232428180883	
0.10507384828272104	0.1491886506226066	0.6388677786186877	0.7774006045279982	1.5145007425389623	2.3968013255948857	3.3103698157584844	4.187132442308375	
0.11913343584368391	0.1456420307005147	0.6344884683792931	1.0286174436817137	1.5299762671828352	1.8127595070021343	3.436963179970349	4.293338507339662	
0.09565848566662644	0.15071507847935126	0.6587169763580932	1.0942581075764095	1.435529774954193	2.0599985976974033	3.235802298530595	4.746010816569919	
0.1049880021080283	0.17656990807660303	0.6709558390278538	0.9893264567701229	1.655229789376857	1.8826518319588055	4.084179428966271	4.286560735307891	
0.11102653391727813	0.15450230667074918	0.6256517968456633	1.003121300452115	1.5585170087651141	1.9165504239613003	3.72397341222117	3.8065624641423277	
0.09975673012781644	0.12597842420401953	0.4430237758647356	0.8920940982363197	1.104683518427374	2.412392576411612	3.676398003495019	4.977641987572739	
0.11058013209389224	0.15130541688357224	0.5874714547378108	0.9278211304630511	1.6740939451362322	2.2196097354833317	2.784836574365649	4.288484459388246	
0.10222479656972626	0.13748170790305572	0.6485319907452946	0.9897843567251438	1.7790041027111312	2.3118094729007885	4.060249142877406	4.603337339462092	
0.07550357056168155	0.1687618005530376	0.624122631707389	0.9391602455184384	1.5190321448197117	2.080323356512609	3.1442924917729207	4.847091598140939	
0.11212390409340323	0.15424514277368298	0.6032324284358136	0.8373578703502575	1.2768706916439416	2.113152408759431	2.913713297054089	4.893567637510203	
0.0967361529004961	0.16466011710100506	0.6014075190027257	0.9171544103139408	1.4605553700301266	2.016185387821941	3.310940762992841	3.9468494381733255	
0.09739004764394511	0.13998021316648945	0.5330688679168999	0.9095203542675129	1.2263500120550572	2.3260140883458877	3.385208511306994	4.268446774618723	
0.10137722856323311	0.1273177841989258	0.6236223748156747	0.9576353591201471	1.3728353779965723	2.1270690430173644	3.1964734522717753	4.495610693438984	
0.09697350583013722	0.13061850985176376	0.6045643334704273	1.0290855180760285	1.604479125683332	1.9260665448951617	3.4839613161877625	4.015207530532467	
0.10679480871109351	0.14245194799366365	0.6150175637283701	1.0252710655950596	1.4992032378268898	1.8678258766268705	3.453648774098278	3.8885684529366817	
0.0927811833619125	0.14127685596413256	0.682896693320719	0.8252714005607572	1.2268498393175689	1.8668565058958762	3.516653259446527	4.232931021378985	
0.11521434753651572	0.14450509848049028	0.6618383025733913	0.8760029582784493	1.3085805721562151	1.9632022358402348	3.469327828239839	4.535343848344174	
0.09759112511611973	0.12279432744253617	0.6190420067397904	0.9252365730145257	1.3179910680504563	1.8082312566523977	3.434587728570953	4.389206224223672	
0.10001612317392737	0.1433401904815439	0.49544974756296833	0.9343520171409625	1.3420892536623323	2.1584167036960897	4.027660728085253	3.9518013842881317	
0.10962207826900615	0.13347768125422968	0.7088673783403129	1.062716923879237	1.2257369064021004	2.2149400228962954	3.032449947058788	5.015102535868863	
0.11624921133051871	0.1501559567573659	0.618728515917572	0.9754849288365603	1.3270993798883999	2.158437753577587	3.0302166980786356	4.193818394634132	
0.11151210814922363	0.14585412566643144	0.6588941080647884	0.8541741832806452	1.553312947514981	1.9586671623656775	3.356183293983918	4.54491307384714	
0.09699614962054474	0.14237531763805034	0.5573719317176073	0.9685710637748307	1.304405797737981	1.8229164169024195	2.9951400656299474	3.7673299928344477	
