3	24
0	0	0	0	0	0	1	1	0	1	
2.156804322043901	3.229968648867103	6.467341510843035	
2.412615047468578	3.8923228572830966	5.473379659327023	
2.0575896690903046	3.7067346968848907	6.043259939240304	
2.166656041887635	2.9899687335301213	6.895280927093267	
2.198060288241637	3.1823008261794756	6.079954912977115	
2.0416037641810716	2.9850979902732577	6.806627149054188	
2.261578532833823	3.0504118123639956	5.222925561501428	
2.040640810019864	3.2433626750353683	5.591585810504747	
2.271755791830726	3.117977471220716	4.9653729413405365	
2.52006008657192	3.3343236113200097	5.9757066378296635	
2.117225423166916	2.825614065259492	4.803115811369967	
1.5139293556983238	3.5880829376309498	5.956784521829944	
2.2055561984449183	3.0558508276959993	6.591929883872447	
2.2573924233799705	2.825680265773879	6.713396590639418	
2.2999685755140904	3.1754701939482866	5.93868897083521	
2.1757560128514215	2.902428350276207	5.422005931755258	
2.170117864706702	3.281534081447253	6.411714290182744	
2.202259334464583	2.8705714755732044	5.596338026605112	
2.165019436436684	3.7065413421306372	5.507029919465127	
2.3102115045598928	3.3600498034388107	6.176948645296472	
2.131506368400426	3.0338194675129344	4.995465745292188	
2.398456234547509	3.4222592007032304	6.157469878907364	
2.39270735951882	3.4772298737831497	6.251137961848038	
1.960819917939863	2.85449100613231	6.71585619979864	
