5	87
1	1	1	0	1	0	0	1	0	0	
0.08547356688592	0.15708685040180506	0.35062593705315664	0.8933107110393183	3.5418039712619427	
0.09884293417950643	0.13212447386852913	0.36072447540999164	0.975975675780182	3.3824049389448154	
0.08454986370705514	0.15360926768638997	0.4154902549233631	0.8606848096128296	3.2843945222769433	
0.10084779448068859	0.13367249809574117	0.31496673552331156	0.9441903632196696	2.98087106204786	
0.09637111114524416	0.12911088302145465	0.374840782275298	0.952602324094736	3.428136902097753	
0.10003220722643054	0.13190941742946272	0.36933281864464057	0.6230663195930048	3.209231876088308	
0.09288803232672184	0.1197770839864958	0.2768647194538539	1.0328489876376998	3.207303531488334	
0.08977820246299603	0.15198991284318547	0.3215343797752845	0.9209889152492122	3.384657928217487	
0.11863520168912925	0.16363087532539464	0.4006249905883979	0.8173056155541177	3.138162167645608	
0.10507494681905756	0.1505554860205732	0.3368538062029911	1.0066869639862586	2.784179406370599	
0.10307901984147028	0.15088465551243255	0.3778056229567974	0.9536871642764211	3.229388213632225	
0.10268591657536763	0.1540592770642091	0.3749530028005064	0.887635635947147	2.9127946415798114	
0.0942495258183981	0.14551788934289694	0.41433823016901905	0.824445618663376	3.994775650929083	
0.08921082238954156	0.1511017995211112	0.43488141387846974	0.9001459359625489	3.5576748628679127	
0.10320074033150012	0.15559418270638217	0.4213712861650556	1.146644324939485	3.2005202047760912	
0.09723121947101535	0.14805946158855154	0.3636193725426055	0.8216566843099011	4.150203032713434	
0.09836476760051988	0.1683196509648913	0.3983895336304073	0.9042881372277269	3.1702323249025572	
0.09508364195597317	0.1873156162786829	0.3996295950913484	0.9733606117277009	3.307850279222964	
0.09865457413463802	0.14997993930121428	0.39339670431883167	0.9086101068024556	3.6741223250782653	
0.10568402226918222	0.14050440142304188	0.3680283637157205	0.9919414609971907	2.753019060936766	
0.09438314762636081	0.14179557273310628	0.39792365364402327	0.8930774192617531	3.167396691187464	
0.08598665835961668	0.1454169343087392	0.3782449053687825	0.7470536141618688	3.518617377897516	
0.08968591267621652	0.13395886777588872	0.3909576614179742	0.9265752689189786	3.20738437771668	
0.1163134722623172	0.1591543478406104	0.4017836092212456	0.9986808474224637	3.4379359326523176	
0.08880235235260087	0.15873824306618517	0.3498819659610921	0.9189326090600466	2.9004381876534566	
0.09736051004531299	0.15267005835999434	0.3724771719259434	0.8854767243057066	3.5311558360470423	
0.12546211975169907	0.15391116219998757	0.3491590639763078	0.8467146291032264	2.61055113326497	
0.09871652406990877	0.1318122698154221	0.3694606086196165	0.9936387987370985	3.7580244269872227	
0.1043313350142464	0.1812188321150466	0.39565371593928556	0.9686897893031833	3.424887028186504	
0.10530898230068558	0.12831967329333616	0.48844152695705023	1.0152962099448135	3.3341090310661445	
0.09482134553946409	0.1459020633198368	0.35637964710139336	0.8944816927306534	2.9370359392250585	
0.0801446980337031	0.16451744722504072	0.3078498858258168	0.9126672938878537	3.8807786176139722	
0.1063205924198713	0.12651902016564992	0.3577524313417029	0.9458576486409395	2.790530085460784	
0.09458325740726359	0.13145302521714194	0.3481213819167931	0.9755971508915946	2.836469971960481	
0.09742301707027802	0.15199628823600392	0.3141795077216061	1.0308736902975997	3.3004704532222493	
0.09346703481325525	0.17615623450486992	0.41546381967364543	1.0869060123401564	2.973554645386536	
0.09536576000734676	0.1268033802952969	0.3713968201253646	1.1462915917068932	3.10658529069702	
0.08578502886062153	0.19267493800587446	0.4460995006229698	0.9916346333648498	3.2127512091832484	
0.09355811216199456	0.13989171624044802	0.4167488588359432	0.889347876715686	3.285520684859958	
0.09865682478491729	0.13306164006705679	0.326063457185622	0.9067094304576298	3.4440019581673647	
0.08033176436274844	0.17794216335743285	0.34947958412935853	1.0814242398356408	3.0055785828743966	
0.09828673363910903	0.13811317596094924	0.35207256542488785	1.019280247440161	2.686020999721808	
0.09082952416713042	0.15043543258618985	0.3553607264701387	1.0551864705732057	3.0585251535665856	
0.10554202396667121	0.11958196302031891	0.37017558648343585	0.890719372360145	3.3742909255893867	
0.10961933449323968	0.14274177764709128	0.3409692445922317	0.8494008244287935	2.7297874901446813	
0.10820162007937689	0.15883886839191974	0.36672566604855	0.8605851665542089	3.3035767653876973	
0.1068615342018594	0.18086702738927363	0.4232609746669019	0.7528819539961678	3.4630932101197685	
0.09474833981277962	0.1687902228517744	0.4158776345986944	0.8589120262069803	2.8307639947279406	
0.1004809494467096	0.1408325259327833	0.3953328716907596	0.8763100501773085	3.0323735362268818	
0.07442431109099926	0.13746161814917443	0.3546074497998056	0.9061409300387333	2.936065749188489	
0.08659237211294744	0.11893309527215967	0.37926310615944964	0.9450452523420508	3.7043203452767486	
0.09878094479280884	0.1375735575400641	0.35125201901514513	0.9607469910421109	3.4475842968741612	
0.09910296697825878	0.13242826826742002	0.3007612534261915	1.0675251361092541	2.5427818476414137	
0.09903265786354865	0.15469766109178965	0.36991678551841517	0.8802703222545961	3.2292587528631183	
0.11122885102227707	0.14374063073975302	0.3576566219473837	0.9578950931550101	3.3835808565409167	
0.06986766585525934	0.15572740277001862	0.39038631479949604	0.9860683616505438	2.713271171921844	
0.10937431393348232	0.1415113666578372	0.4228604005273158	0.8782469761751855	2.6510888432105313	
0.08978920979554865	0.16721411375756082	0.4007645591177266	0.9545983761980394	3.6267864281975237	
0.10005700822716464	0.14030793763018864	0.339820629787751	1.021244760664059	2.9814573629654126	
0.07583572122290161	0.1472818986043952	0.40552654030438445	0.915611138468895	3.0289711419209673	
0.0879008842894089	0.12658209242688606	0.38498642551753537	0.9324343893608341	2.857248340445632	
0.08924042013456188	0.16724231737502956	0.37756809711947875	0.7416974582323826	3.3249803095481907	
0.10145650523479821	0.1356069739259638	0.3939798620472647	0.9303264936883084	3.5264479550229875	
0.08115210154771002	0.13503535300109054	0.37796474464175717	0.9466400766378177	3.465060809138263	
0.09673329140619354	0.1737723284642064	0.38529479197545763	0.861550524231179	3.508704957665344	
0.1026720597124504	0.16534894707155737	0.37417669989589186	0.8205366786411677	3.2336097733612768	
0.0910023388170451	0.1463726198611116	0.3266606678180598	0.9943820958444612	3.075921324230321	
0.1053774180976844	0.1549596761025636	0.3636276997928687	0.9905529585538542	3.3668098999849754	
0.11808758358073707	0.15202881117603553	0.35591354144266457	1.026707931788556	3.480488553811342	
0.10404208212190513	0.1583708247328402	0.4168391051711873	1.0826063782370978	3.543433660877472	
0.07895664138560668	0.14406140244068408	0.3603457026754114	0.9153161953229743	3.6027992829615414	
0.10613083170829801	0.1622478766308981	0.3589352006815827	1.154632935791941	3.401650028094889	
0.11073813022994428	0.14410714087910556	0.35544764334200973	0.7338111194968626	3.997193113895153	
0.10556135635874933	0.16592606729708526	0.40881512492376476	0.9052267325887633	3.8131927572545323	
0.1075685888932818	0.14385184678613008	0.4211105834143866	0.9815810366543188	2.9735646745910773	
0.103333619799586	0.1349309191298031	0.32491203091939425	0.8692014833105206	2.5177403902803537	
0.09991751779340442	0.1184094828396992	0.3388460622938049	0.8783076725782577	3.4268632206194725	
0.09780470244517595	0.14185187940219132	0.31291663204940245	0.8995790442612297	3.499129801850519	
0.08990369286855554	0.1104606460059742	0.3825475742255643	1.1370166479063815	3.1981653287729768	
0.10686434654661577	0.18296115811801827	0.4232125070704945	0.9601859762627412	3.6357404421074424	
0.10091822862529753	0.1495713883768975	0.4603290112384433	1.0823589061639742	2.8778863204887757	
0.10940738443328009	0.15637495479781752	0.328182663776158	0.9478366090016992	3.3391741824009076	
0.09756606187614968	0.16104530845486703	0.40922222028201816	0.8848494056121842	2.6609888546216753	
0.09195273857756442	0.13808812558076577	0.38998541933420156	0.9622037864779802	3.346263692451757	
0.10719495992615453	0.16592581833049258	0.35880492272374986	0.7599049448606535	3.3907713435159343	
0.10149470754121426	0.17281472685578647	0.39933576308218977	0.9133104955940667	3.093214599114558	
0.08183227187192968	0.15740732789885808	0.39220190157358	0.9600975728771746	3.7134162622784737	
