9	60
1	1	1	1	1	1	1	0	1	1	
0.105854213390237	0.16199433150443893	0.3661964737010725	0.5644317386639959	0.8526593164673748	1.338925104559195	2.1525728439571408	3.9443775506682837	6.180381296170086	
0.09334601341312179	0.17443720214106306	0.3328756368554503	0.5472302875899944	1.046083811207114	1.237096743008487	2.4879340088594475	4.435108243386466	6.526023221744708	
0.09472610329081808	0.1539901405484597	0.3826038241129209	0.6437142822011757	0.9374741049417563	1.6586712605652711	2.0083943294515136	3.8027458893280004	6.668001263058936	
0.09972176927908347	0.13993003024513387	0.29215224519075733	0.6586094032687979	1.0034434652995388	1.2253167271407386	2.4666601645718607	3.995501816524168	4.915978717491767	
0.09909331355991169	0.15667712510806994	0.4149028696183509	0.656459557429725	1.0264842746486895	1.3397370491914358	2.007189329236283	4.824972146854385	5.972371411864017	
0.09556409536218757	0.1374831986771047	0.37381360892450816	0.7531092373523915	0.9146124005646186	1.4163693092699867	2.186316979290959	4.14763428809543	5.697405275835105	
0.10075836063420629	0.17022458158561435	0.3770483308447489	0.5835957090237045	0.8392551691958758	1.3252879596623144	2.2437708527763096	2.935855567822144	5.497229524658922	
0.09024226522981399	0.1237286432294192	0.36192900600495315	0.578622943342292	0.8963712435536101	1.4240803450203472	1.9165203489073468	4.786911428645448	7.070342925210174	
0.09541769332595693	0.13915557559543107	0.3639205504968064	0.6194326161044617	0.9667677378540794	1.6842461594658151	2.3360817215520653	3.9984679773456646	5.075385723180252	
0.09909363926960184	0.12724352931247193	0.3562482879636806	0.5917497622816562	0.8451924472280922	1.2755684541035457	2.0430994237650797	3.5957552356407074	5.913969002887827	
0.08462421158476739	0.1298490554074033	0.37380293317245733	0.68305957605842	0.6808653307629481	1.6185308621432581	1.7603324423570923	4.536683440601966	6.698704194089454	
0.0955547106793231	0.15001946151238235	0.38469436055578177	0.6699638494227621	0.8502077174998686	1.4720191097890543	2.026595794918026	4.611557364233908	5.644714225525739	
0.09755804401652456	0.16470677476962003	0.36596285878666546	0.48239443720886815	0.8728910923580103	1.1773066326382764	1.9954383981321384	5.27593056801191	6.250964149190217	
0.10837911121996709	0.16228261625503027	0.3825094926055036	0.6797570339002211	1.0247275971141534	1.5191740641365699	2.1831224971352094	5.032784321687902	6.69026035593153	
0.11084387445250854	0.12707477892413158	0.34319535057337985	0.5891671988934285	0.8984101848302326	1.3922529683412324	1.950917317486689	4.72255956893248	5.62344274073935	
0.10312232761932756	0.1747696283366676	0.4036711156831015	0.6049272821938981	0.7848867830816111	1.6386868037128552	2.301059589258241	4.272579593661584	5.61572717951852	
0.10961018090605675	0.14691626665682483	0.3468888361342417	0.5893522303163362	1.2386410447268805	1.3043822269707368	1.8671482639561467	4.546271549334794	6.3054827376347955	
0.101456757361372	0.16986557896710383	0.39516324743960424	0.5882247583181616	0.8595653100296068	1.621004937860646	1.8177461438981404	4.445236110325723	6.3543111676263955	
0.09881426836007143	0.1535691489567755	0.43051186429892274	0.6038795171264225	1.057697799901604	1.461467861866987	2.160101882643491	4.380107327666346	6.469196967960727	
0.08787697893060381	0.14228226659783635	0.3474718512842532	0.5563660028074274	0.941074202894876	1.2740943492942318	1.4857296011149015	5.186026246784984	5.668986757046862	
0.09305360064883736	0.176159319955045	0.3665542957601836	0.5190433822034416	0.9577441682652943	1.4603321180667723	1.7294166431645102	4.433556069290333	5.2903112134180175	
0.0995103888106945	0.13181633688575514	0.4203215527369327	0.623546233092366	0.9315917019805197	1.3051812681171104	2.1665299799885758	5.617542266309652	5.6530341674224855	
0.10186060383416062	0.14479292149880316	0.3883377430679871	0.5284082933222151	0.9347546214035584	1.5899749754860386	1.8976430693914004	4.698946569893664	6.415042291010063	
0.09604841063657676	0.15589951521171896	0.31036297023917037	0.4577465693396413	0.928251454657407	1.2736678965804777	2.1470699262206816	3.5811399266779085	5.632849656615998	
0.08891319139067697	0.14393866447158418	0.3273480240623572	0.5534196505167438	0.9488277686224059	1.4226840397107505	2.2974466117766057	5.023618729740896	5.858664238443938	
0.11834298440571529	0.13598554668917487	0.3522853600587273	0.5659070606522157	0.9702737362017193	1.3635736245013428	2.2952154349311473	4.39723403777826	6.083747598583601	
0.0951842005529063	0.15273198953554867	0.36144497222321537	0.5959730354165995	0.9103580511030388	1.3935236098076589	2.354371167016483	3.7421968956975427	5.5196308739047595	
0.1057759648643501	0.16569606977140036	0.3992180109293776	0.597988580392202	0.9280486835080098	1.380347961167888	2.276599766465516	3.5355317954823686	5.782890807063104	
0.09945402142337065	0.16536747504842816	0.3677117296285094	0.669557725918342	0.8562226660971064	1.485809412837332	2.4781677700216704	4.827882797606211	5.76543771593469	
0.10609379954768364	0.15162084369189227	0.3729609432085527	0.5484288171125811	0.8909996031522471	1.5511300958350198	2.1148283821204905	4.20043922934001	5.962075570080843	
0.11616861610193932	0.14581587117687422	0.37593750069502563	0.59140559476889	0.9147496652333192	1.6347671454217267	2.2385610587519507	3.8884900430811933	7.268974935810884	
0.11441748669745987	0.14809639686767218	0.36668147943805485	0.6893276588477323	0.9372501275778581	1.3938169862015835	2.183347729168815	4.4213997964597045	6.710251641813633	
0.09146661117554583	0.13578111950147842	0.38731371328206154	0.652917937307668	1.0567026706535843	1.5327023455032875	2.0806539442417056	4.738429440760331	6.272567624688819	
0.09588878685314711	0.14382589988490047	0.42158698630196256	0.5896791381216306	1.1297928722442558	1.3873387741434535	2.173277036137454	4.056703185892026	5.167928839768088	
0.1045121501185412	0.125815600443372	0.4274317500116876	0.5037459709090288	0.9344683966944111	1.3590394181483343	2.180345330197273	4.742274082505935	5.572312965381722	
0.10803013006336065	0.15046615677755246	0.4727934239761762	0.6385222657662747	1.1328299053199071	1.5291421875897373	2.112852501946879	3.4601756398325825	6.084462942566983	
0.10082034169912575	0.1414002390707222	0.3894694618536879	0.6363916986525051	0.9248054442805175	1.3391585634488778	2.2970794890880417	4.79597264701042	6.788859986407193	
0.09030875345851751	0.16558268028338	0.34368149821849325	0.5606755208276417	0.8976859888375216	1.4447526282744094	2.0550300143597497	4.540591611490896	5.660367174767717	
0.07926224681800041	0.13433307895421753	0.4002562261361247	0.6193186684552763	0.9783140204318311	1.5529657388558333	2.3010666878642443	4.099665979532502	6.37194261248665	
0.10983905954938913	0.15303909159392856	0.3344713668398774	0.5254565555067745	0.924157398067785	1.5950948876486981	2.055643147565105	3.9883621121952726	6.473330009330946	
0.11667894120034855	0.1586254292463668	0.4205032087863935	0.5565448128973949	0.9568303605759577	1.5547746549544479	2.2281704891170198	4.632797950350136	5.750654324297718	
0.0958500506955568	0.12747243590494925	0.3693918709203365	0.5051039396640044	0.9112534709391898	1.3223120039605933	2.4396298357824024	4.222488351113753	6.614612175823006	
0.10385246044728205	0.1711556307863185	0.3945781288187705	0.5608204858665876	0.7893317597624754	1.3751356810676507	2.193790128932612	5.110940225011987	5.336580957049904	
0.10202089023193153	0.15276949525629197	0.24524269005482321	0.6308951318405903	0.8403078322371507	1.3276287177977244	1.9930940396330123	4.300984848458235	5.924706170464734	
0.09460222507045399	0.15467806754396665	0.3929567618869868	0.5691029887574129	1.018840324191857	1.385140285658876	1.9832157699249153	3.4255077822421223	5.387344505841163	
0.09350412416750119	0.14771167162920792	0.3997581515185279	0.6146797520031846	0.9946993247915379	1.032265735380375	2.4232063176875114	3.9106137709518087	6.696210111909685	
0.08402881259939755	0.16420246825869805	0.3464123092948969	0.7706826515677007	0.8767466542199028	1.3907640224107662	2.053085978562342	4.7303619732578195	4.584114715864288	
0.10904034073039746	0.139550332967804	0.3611949170702983	0.6037178816036413	0.8285779404744751	1.5313469124401262	2.007222795273174	4.375638933564242	5.703915741942657	
0.09322174844155744	0.1376365746887878	0.4725706390311186	0.5078178864012973	0.9107043541831186	1.428149136122782	2.4054798319569484	5.560289477862305	7.2671722638551834	
0.10219250539832109	0.1439186013410221	0.40977447163000813	0.5683590390951031	0.8484812504830909	1.304444805323365	2.147593705750447	4.921660254603711	5.8084142807057315	
0.09764220916651951	0.16510071780261665	0.4002237589948218	0.6170998582970256	0.9737626954298687	1.3516536659840477	2.146897289729481	4.932047081343074	5.577147849401888	
0.09644628413713113	0.1443403164106689	0.3837878667352075	0.6437891908415024	0.8659299733529336	1.397826860173494	2.130599746760928	5.029608244441139	4.650680731301653	
0.11629664367744796	0.16136085198622582	0.3557564564262476	0.5387658137609773	0.9064167593889912	1.4585066900133794	2.029851274761286	5.508222629217356	7.108301255286131	
0.10148595761707957	0.13222612441762552	0.3636208680718383	0.5895802999038192	0.7451147424485326	1.2310272835045317	2.1367575000327066	4.597222657396695	6.110501930979883	
0.10649135965592993	0.15799150862584427	0.42815835337773583	0.6300503418490445	0.8617963466025311	1.3070429337024259	2.327816196379767	3.7174509200787638	5.53475962760479	
0.08773179472279027	0.12427432398257329	0.35455577499171637	0.6463328717635061	1.069244267392895	1.5310985077346437	2.015079856275325	4.508366653075749	5.74698497921224	
0.0888863610793197	0.1540646183773552	0.4273152301781716	0.6253942282170216	0.900348451530263	1.593237543987454	1.905307170327819	3.9707685502394776	6.406925313296057	
0.08850088226875999	0.1554242108570852	0.3994176554392332	0.6547918977170663	0.9891752813127102	1.2674085513306936	2.2511580013840535	4.105778707092887	6.167425440315733	
0.08411138423097425	0.14734549605402436	0.382486013014811	0.6058056935206003	0.9847996195951453	1.3905215312506345	1.9753756389579054	4.534760454047394	5.078280711515131	
0.10233844334917837	0.15480367707256418	0.42156005601518676	0.7351551935384362	0.9159681070271489	1.5046177314878741	2.362288518690056	6.10162296714486	6.05308623985262	
