3	91
0	0	0	1	0	1	1	0	0	0	
0.5664872032746515	1.4667619094330742	1.9520793141603918	
0.5362112104728768	1.4015863731246558	1.903069592233739	
0.5835349459247914	1.217137853560343	1.766295148059807	
0.5689402356194125	1.1972661495368648	2.1915682580707894	
0.6121826546926362	1.4231202722063556	2.2872548677644535	
0.6786672134930075	1.3745257131835806	2.045759802242201	
0.5340276782698341	1.4552576401237827	2.0709592136973334	
0.576579866349469	1.4057286678751646	2.4323454361472034	
0.6505884484715545	1.4250267246966182	2.133806270982361	
0.6551906777943011	1.583768498232847	2.068707767060381	
0.6180936260149403	1.581660566702262	2.1032676327251485	
0.6047444806492709	1.4485931427399008	1.754107183384429	
0.5494335862401484	1.5512219339779096	1.9180902695411983	
0.6797504884506985	1.5410105087715271	2.056617611268983	
0.5782093420631864	1.5852080955085763	2.2441239902274233	
0.6209835370461619	1.268845859287707	1.9938774991058998	
0.5886522152400339	1.5332714847935032	2.19529392813138	
0.590061767282027	1.4956051095377705	2.1531712895457082	
0.6275446281659843	1.2198948894944774	2.2361240894048717	
0.6672942786930783	1.5779168959534406	2.503580308320237	
0.5782682037727693	1.3442341952928047	2.0012695563686087	
0.6208582735171185	1.448588435602998	2.3040328979762	
0.6944034202930399	1.420977067952483	2.1923539780136907	
0.667167405567946	1.3882959708129161	2.1058011546364317	
0.5249149534005246	1.335193204414729	2.24290685892969	
0.7108662592790725	1.4001524183347935	2.2453466615361735	
0.5860414147956555	1.136435957959908	1.840314489570337	
0.6449481487170099	1.385528606447293	2.282844779371833	
0.6258262552455544	1.49660324205022	1.9641532732278133	
0.6144474762743178	1.604284097103385	2.2188715231663236	
0.6889870986300646	1.490203719146111	2.315083800837894	
0.658303454500529	1.3357230655446843	2.4017602619068907	
0.5714844602210218	1.5998671800536424	1.856601701445423	
0.644674075780784	1.2668723690085377	2.0179147572920475	
0.5821037831896051	1.6954859625839467	2.014097353528487	
0.6071000033557254	1.4780811887084577	2.0365928309439902	
0.6327579488449769	1.45397842628003	1.9879017087017206	
0.6382929289174928	1.6180415728191238	2.1713791251680936	
0.6031189004605848	1.3843783631125541	2.157222807901784	
0.5535244169884271	1.4354957804709316	2.2436071004475475	
0.6739514006376519	1.5164760300219484	2.343143387241108	
0.5211110805357022	1.3323328231302622	2.3149122987066755	
0.6031458187794086	1.509541678122505	1.5455757601846554	
0.6417484757151706	1.1932517497347854	2.3932488251095094	
0.7342016196113094	1.2465283348173224	2.07478875812296	
0.5569401567040889	1.4832863894565016	1.970234264015899	
0.5813443300279587	1.2373373499706635	2.271889017568347	
0.5912632030848625	1.269367582075021	1.9981879967842067	
0.5509394325968091	1.4852459543060426	2.213685258241047	
0.5914664189354245	1.516522451022807	2.067298552843749	
0.6634245737070793	1.4722102887170185	1.9255322232978758	
0.6276749527213553	1.746010582705492	2.1705610193877045	
0.6145932651328225	1.5709781122160473	2.087299353554502	
0.5519881291981465	1.3496834049721276	2.0924162807783424	
0.5443796033213619	1.4785242731643617	2.6045331024587135	
0.6512826342559108	1.3936057675561435	2.1299407355000444	
0.5620979776096139	1.576386431428811	2.3700185086651824	
0.600068374768256	1.4696139753765616	2.301712667310758	
0.6297616496104678	1.4203434995552746	2.1488144269023226	
0.6388857979034857	1.347258815474054	2.1208512219004523	
0.5623424906919264	1.3588518437339716	2.0279541645844334	
0.6109460028036251	1.4916641543140554	2.2876414833630014	
0.5376079072363767	1.122283933899084	1.8489540316234483	
0.5902047432592455	1.2963862493902691	2.0917683579385438	
0.4732405854058774	1.380818329902742	2.1613917311860904	
0.707060440007326	1.6483312305003242	1.720587503307304	
0.6659670871825923	1.4217720536533305	1.7108166878597737	
0.6175541108545046	1.1857254158095616	2.1516897229246195	
0.5954851138381948	1.502626752122968	2.1849206875632907	
0.6263925036149413	1.3961218840252763	2.139433567912648	
0.6058941116233144	1.2932238481437288	2.460731308363925	
0.49422165657779726	1.845527441501362	1.916339817425799	
0.6135963934390272	1.2584927757626803	2.275424989668176	
0.6024956149173514	1.4047044071983088	2.6766163815382025	
0.5386921767164895	1.6309402236255912	1.950524503845326	
0.6896066282628609	1.5421933508038146	2.5709958750394355	
0.6184262922458957	1.3851067825780734	1.8799535171568105	
0.6521590046878943	1.2612258030761132	2.28553861898673	
0.5665253048345563	1.4206274213852883	2.195462631177956	
0.6668046931901359	1.5808779784885647	2.0421184750540573	
0.5378425778981901	1.563831254381213	2.1550684353539644	
0.5275976529038621	1.4193530103218002	2.018977077643869	
0.50058623208457	1.5557963756063427	1.8541573124252095	
0.6773354740867298	1.6598436924241289	2.4036163199624343	
0.7323261675437128	1.3975026106248436	2.5051717056528977	
0.6612571817724204	1.363112184170136	1.910172717747667	
0.5726208227517651	1.326030335196307	2.103158875774143	
0.5394599839054183	1.2566795019684567	1.9860233824620692	
0.64792931096548	1.3890169433383184	1.9203031920178852	
0.6750475889162618	1.4802972918554167	2.0190577698957175	
0.5812081292096546	1.4688396602979097	2.2117593800292763	
