5	24
0	0	1	0	1	1	0	1	1	0	
0.3588395321460828	0.9303519779133698	1.27569408769971	3.815675464714444	4.935817318840866	
0.33648920421308315	0.8255656649997125	1.5749292617244988	3.2256134821593845	3.9762524028821864	
0.3788954557436545	0.9892406997810399	1.5499572193899216	3.4673178549339703	3.6226042675025187	
0.3324750667225991	0.7975829306560213	1.3616688896613534	3.6004081304200506	4.740354878237988	
0.4046502033876947	0.8839057923320383	1.4615771393455628	2.8262816129166914	4.046174114398611	
0.366242321213321	0.8223970898707512	1.5327051017191509	2.895519163213918	3.832128268178566	
0.34194725577795826	0.8267669923487188	1.3748887029647952	2.802520885740688	4.940831626139632	
0.3678693967675689	0.7998548198676407	1.2357133580258108	3.089880832907137	4.795543678547766	
0.39146887891741544	0.8197681551441631	1.5372187977078382	3.052738962427526	4.0302980472928365	
0.3669850028320964	0.9829026821777176	1.4474926999060502	3.1239774761551167	4.325852821204948	
0.3490702130884623	0.8897339838238919	1.5068699263384717	3.233310982841416	4.588421164067468	
0.3963470243562242	1.029352889860006	1.5179141558178038	2.9024069620851884	4.523075478551469	
0.42521817839438675	0.7352935708563578	1.5213107769956025	3.692842411553374	5.061479207376521	
0.3725218921638782	0.7588406375815425	1.5335540982104219	3.240480572009096	4.907892350029096	
0.35905273604308846	0.9341954088957407	1.4328517514712888	2.8644445413814976	5.21620362622927	
0.35671066983800964	0.9025370658755494	1.516877228646111	2.9933095769241476	4.8236876289924915	
0.419608549604062	0.9906080994778653	1.4851728986505472	3.2599214291181644	4.158614289239664	
0.3813879634387324	0.9143297680787801	1.4406243008240047	4.147781058587956	4.3439722346326635	
0.40623749041376356	0.8157120718216372	1.4326440635130537	3.1399636958624444	3.9606511713803596	
0.43086510536692324	1.0216131963963733	1.5860594843947633	2.8436802133186494	3.8901722734280364	
0.37380470920200387	0.7977392560467542	1.414207744662345	3.8042285166975205	4.342828353350859	
0.4221549337603313	0.9431385245599868	1.3130592310957054	3.111722924294009	3.713828112971174	
0.40202738074879807	1.0125066207875226	1.7010999919468588	2.7819310327423965	4.575861037772565	
0.38369743633397174	0.9572907382965067	1.5354904432193563	3.3928239499433785	4.350776909575451	
