4	23
0	1	1	0	0	0	1	0	0	1	
0.14523101705669314	0.4088342124619323	1.897292507534702	6.75794002912355	
0.15085664784118974	0.3698748434734848	1.8547887426640148	5.660688352402142	
0.13934320994659447	0.30539834484931827	2.3502653211446196	6.405449563382275	
0.14267592399367873	0.36662740181279996	1.991960498862271	5.204674597030123	
0.16848054624680492	0.32130399077029287	2.218166331255227	5.963665153394397	
0.16280485612361548	0.3151045798346345	2.286969811948525	6.731520039949244	
0.13297241273198782	0.2843727012033214	2.0713225309311722	4.530680984475355	
0.15280951795481063	0.3458259870822978	2.4390063143362655	5.910575490823554	
0.1453703501167893	0.4193025088481808	2.222713541226338	5.724799833303361	
0.14110235352095468	0.4344253126425444	1.903662378878216	5.719185230991562	
0.16157350142824284	0.410030269135801	1.7847835740110958	5.6701795056507045	
0.1648243588752373	0.3516261910827153	1.9897556428582568	5.12275230834321	
0.1569853161540267	0.360700051047471	2.078477240877634	5.649269682818562	
0.15435448948648364	0.34442615732253595	1.9937757662393698	5.094204750195264	
0.12517295779079163	0.4308786463141226	1.9959518024728922	5.757492915669907	
0.14078532619370818	0.4521310359495673	2.1731620860924825	6.1919427622442225	
0.18271573833227944	0.4898754154207548	1.924861873010027	4.952010270242878	
0.15277046968181465	0.3906809812135984	2.3287348393879554	6.453313869436322	
0.15415994237598682	0.35830138039425646	2.2512119663266876	4.956512434161186	
0.1361424212904868	0.3415755380999416	2.6373177916631687	6.754906026371394	
0.1435207223209986	0.39324620803905075	2.2634498093034896	5.551400072156061	
0.14624105454791514	0.4129162127739468	1.758901240077122	5.720943512005031	
0.1625481591396514	0.3278247912494396	1.7904288688087155	5.918908391418982	
