8	65
1	1	1	1	1	1	1	0	0	1	
0.09614195752892167	0.1395316253504079	0.3824357889827825	0.6971859719582443	0.9915053615227364	1.538560766994671	2.1490881508206945	7.586138030465736	
0.1011653340569831	0.1608841765728512	0.42174810086409753	0.596932685775835	0.9492939687325374	1.3485127369892818	2.153870341976933	6.878067785854425	
0.11163916768271179	0.16031330187743228	0.4145915366623242	0.597753676429981	1.0181790523744925	1.408220839523413	1.798816116606553	7.099467625326522	
0.09795725260432937	0.16581428128034856	0.3662157986201636	0.43859202949073517	0.9232283809164324	1.1666395871933568	2.3124019748512206	5.862481320741863	
0.11218867521414233	0.15349993088728633	0.3408564339707966	0.6401878609519107	0.7849573734881329	1.386085287681536	1.7492541031269728	6.210054604863036	
0.10247309846888863	0.15189190098430672	0.3444373308724933	0.6811442600942332	1.0145098244095139	1.4634690844316887	2.025118497332879	5.790079608783845	
0.09984653404498402	0.13348593229417077	0.4124185800893087	0.6755601118991633	1.0889439711037456	1.3808530430744403	2.446112549378263	6.863345873699275	
0.09367906626706096	0.13494322753500984	0.42129065526051546	0.5670889672672969	0.8617463941170113	1.5467384400397823	1.8520274830493715	5.7325062962919375	
0.08135953133007734	0.1373890519217571	0.35501663149653395	0.5549871708372724	0.8900020160662363	1.1362370199984952	1.9335872938809318	6.806919372818792	
0.10298178506964405	0.14231453163020447	0.3550956713904248	0.6459125113119061	0.9379867957917224	1.2695415452118233	2.035282944407983	5.257922850853106	
0.09307428413301162	0.16027624779675664	0.40222139796384143	0.661748886073949	0.9432222747222702	1.2141944159064222	1.8821813364074287	6.2844503736338355	
0.10101757412286538	0.13261240078141523	0.3669907130446969	0.7139866929475867	1.0166371711953863	1.6443017360427943	1.896466465088537	7.002236838445869	
0.09479807503058871	0.173583139339487	0.3936155058911509	0.637709741779571	0.9946025848688202	1.4441282255869856	2.2754414288649207	5.388710510706751	
0.09871062214502539	0.16171042991281492	0.38413682100762714	0.5789548784588316	0.9517390551694539	1.2349450701206384	2.374913752669559	4.752643044470869	
0.09975037984947659	0.16140309588818294	0.383098722526427	0.5718552063021072	1.0322647779737752	1.3314838042163986	2.5122119257652265	5.874065002324609	
0.09754708113003054	0.16092173595090528	0.3682102309769559	0.6057591634090836	0.9831303598947982	1.254771247961934	2.281765698344566	4.983975097712641	
0.09987001556969144	0.1446518488461747	0.3301738302748499	0.701486544368437	0.945565940456939	1.3366655545595274	2.1805250544849977	7.492086295003419	
0.09004621313863487	0.1598693033914719	0.3452473408398074	0.6289385184438541	0.8687005279554469	1.406610758473862	2.184002519573647	6.792035654049548	
0.08526077567717852	0.175494980331116	0.3071073706319332	0.619659227116356	0.9356146798245292	1.4112194296690606	2.1577992058742823	6.313095800046902	
0.10461715013094917	0.1473070020370013	0.40672412933772606	0.5862240576333634	0.9386913228159455	1.5955629907256945	2.405133016497741	6.628668078053831	
0.08974974436704897	0.15639451371671345	0.3975364624012134	0.7060567316237566	1.0037356559150288	1.3403318113294431	2.0679195361064737	4.474495213762202	
0.09922850544248674	0.14446095434851033	0.3600624512274947	0.5532221595401314	1.0729490432384003	1.0456483177939169	1.8771916503545463	7.432013543492748	
0.10984083652753956	0.15458839789337137	0.3798210735097803	0.5648894582741321	0.8112914470398752	1.48257349547893	2.3219308966809593	5.584191216428872	
0.08183179384048161	0.15997031918508695	0.40945891743656804	0.6499151529946927	0.9152591572453281	1.121330757200497	1.8865930836148048	6.771518126097942	
0.08649426756090417	0.16049929317763031	0.34119274702960484	0.5326888469728016	1.0998067337420818	1.6963894121608427	2.185096754754952	5.709226540818224	
0.11032047001370422	0.126305958136161	0.42604058065106	0.7212301691512216	0.984002244395745	1.2637201620418217	2.4777889513496785	6.187644201282496	
0.09859661622887422	0.13546481807125582	0.3366872899202409	0.6692030595165682	0.9229147579425576	1.4176115930844078	2.1771075246220586	4.8285572907424354	
0.09977958069611864	0.1499026733600569	0.43681579219654887	0.6496571336584527	0.8170748921046266	1.3737403292947097	2.3749506230511113	5.2183718976527	
0.11696003638883515	0.1493920562754625	0.40037616735362497	0.5734863723003073	0.8876261644602087	1.2981774666409591	2.480414288103418	6.355062824020132	
0.09033568910088934	0.1605831421838437	0.4157382065931647	0.6648878246119949	0.9561727009298345	1.4544517927436593	1.9497391934960977	6.798987507256726	
0.10666701819593134	0.16483356423510062	0.3084511830705217	0.6573945485235588	0.9323316205133498	1.5483510389612551	1.892441862709746	7.0878996453869085	
0.09348006590831576	0.16727690884504007	0.3722213372714869	0.7110177025505778	0.9576878126537556	1.6995176905465654	2.134946178840193	5.332287533034968	
0.1029612141332945	0.1480015870080345	0.3570440553975789	0.6745889761421596	0.8041620718994051	1.7033543520399534	2.110221537223005	5.182747356326532	
0.10389821904748504	0.15274144874288395	0.37415598026500696	0.562208152969208	1.0522091833250578	1.507132421665782	2.0455789345444666	6.238939194098309	
0.09220009301909639	0.16467807242358928	0.4596765495510176	0.6664257840354546	0.8685680236423198	1.2923997166992214	2.171253492034402	5.034349048415991	
0.10914952758908253	0.15998594757768167	0.37416962161964656	0.5825971052094548	0.9197169134676234	1.6533366267492084	2.062794329761095	5.282425715780548	
0.09218223395570099	0.16484094547709927	0.34349064520298067	0.6719151108105238	0.9112577704497073	1.1735221960776214	2.3109663856040323	5.837186987201956	
0.10371555934332076	0.14065170448861342	0.42677543806756524	0.6267396564743614	1.131474135172712	1.5316074685202383	2.099953936985158	5.481298833295737	
0.085827571086649	0.14806861105253594	0.3765857231516349	0.6954590596738295	0.8917582158721493	1.5751018047112437	2.1270492678740642	7.135106580114344	
0.08434012820020034	0.17028072921388407	0.36103780171918876	0.6534938614141127	1.0761744352297475	1.3797768167646698	1.9143042560335937	5.284135441089739	
0.0914604703168459	0.11356340470071619	0.3713516169476084	0.638986999148997	0.9528767409831889	1.3759391461987085	1.959323995839141	5.657430661608487	
0.10283710687381996	0.16237882754612407	0.3231769815961652	0.6094425819642239	0.9546508165016965	1.2950826630332213	2.2675916916360364	6.560073449211311	
0.0942992186472632	0.13700108194313107	0.4619097182074091	0.6480287885010396	0.9467194448962176	1.333581408922121	1.9838582058124357	6.343864883661226	
0.09177474805147574	0.13701336279281956	0.3748721730571586	0.6382964662716171	1.0940503466619222	1.4643786891297375	1.9733611727020663	5.839361176101557	
0.11304124386327999	0.16804726834587697	0.4273888405611278	0.6608206023117204	1.1080114680987772	1.4596613979149529	2.3116146040904746	5.516042736686352	
0.10232968159057698	0.15408930004283022	0.40996882887647046	0.5624980450000284	0.7844385780993206	1.3469486117388563	2.378289586762102	5.872658817081611	
0.1046940707433685	0.1410215785618813	0.41954620631347406	0.5936533827843856	0.9188576101210197	1.6198366089668668	2.4889523726946177	6.808389644286851	
0.0967209513772966	0.14107791349065174	0.3453540960339814	0.510668223060921	0.8432441738583671	1.3086360965865815	1.878705346017209	5.089683639209145	
0.08696357807342021	0.14923474434425607	0.3967448955727342	0.6211369692296613	0.8814857613710398	1.3801294892429432	2.2289639299804387	6.115474889718177	
0.10561766696255787	0.13556426423018764	0.44588849400307246	0.6378854672173986	0.9990799355142921	1.2782903992718537	1.9169253239991935	5.581596629466861	
0.10736976133468237	0.13264307679309081	0.3969671649957105	0.6875166504432054	0.8642473001639941	1.296083080731907	1.992816510222772	5.901524360445467	
0.10950204615870424	0.16517367101469035	0.410351593780822	0.48337361061607953	0.9125698225134229	1.303840804531013	2.2369265090101287	6.540024489008889	
0.09500858608391474	0.17881950806431524	0.34556773716909	0.6319193409057109	1.1294348950819202	1.5612852642693644	2.277814016991341	5.8977511798648585	
0.10611476232848478	0.14171875370318746	0.42286329831078123	0.556550722862794	0.9068979620589199	1.3099637523838918	2.076151366567125	5.725221900018164	
0.07983604912955257	0.15050072699619374	0.3616037680274582	0.5214296283460017	0.8663394707000348	1.4817118425572662	1.7686012483023248	5.903591070121802	
0.11145577024236948	0.14351359513318818	0.43557198219031545	0.664548945759214	0.9638549608295104	1.426547201057379	2.151447025323515	6.293957164240091	
0.11998970919948888	0.15751306115420255	0.4365619062785247	0.5304555044538575	0.8797562887474019	1.4323756484613517	2.438857404437131	4.925078146488165	
0.1301775394774874	0.149995542203519	0.4247639409788752	0.5990371951229317	0.8541421081311504	1.6750075562612585	2.1084370218973034	5.5650084079809865	
0.10384647162765559	0.1589410821620616	0.39272383164178726	0.6249769952373477	0.9654059059664508	1.6063383188445182	2.1621695937049075	5.611099731024561	
0.10722436826392395	0.11303273495839766	0.40287656214971085	0.6904506717699984	1.000876789608761	1.2028103984495813	2.460123194453931	5.668631101688096	
0.10199354984424883	0.16935783355306802	0.35652123720216833	0.6083369161010563	0.8087064938241866	1.403368636941039	1.8991414374980506	6.289989150841441	
0.08549701347768593	0.14865482795660787	0.3584505947291981	0.5570553281856919	1.0323871024025109	1.2764079281443963	2.033296326459329	6.115203874852574	
0.10642476784994613	0.1229070428435451	0.373218447699144	0.6454003571482233	1.084735328171015	1.4345572449141597	1.8488740878183678	5.992285588446071	
0.09518383958645366	0.15510180660791636	0.4499478264717766	0.5296592936338227	1.0320115483393306	1.559142935862056	2.2906952051621357	6.157103380358839	
0.12074586046783485	0.16935381574870292	0.3578110429500209	0.6029487486854086	0.8290761034602497	1.62842377086522	2.16015185600706	4.845211025292667	
