4	60
0	1	0	0	1	1	1	0	0	0	
0.14162434141744046	0.9484478395283403	1.4420117273521893	1.8884867259935927	
0.13316338815625228	0.9906077472141275	1.4628007783148917	2.1746849327422377	
0.1530717366142677	0.9111788042697676	1.1876755507246974	2.077420609861269	
0.12925631903550786	0.9945626586999129	1.3616263548615968	2.2464301446729817	
0.16659255560292976	1.084751126884093	1.3538416304856518	2.329567364174184	
0.13340846454162456	1.0215311298322596	1.2848975836502807	2.191178665545328	
0.1750795060970364	0.9923329176419404	1.303968845588613	2.296313822052454	
0.1599556047337106	0.9036890230286913	1.3873532021295756	1.8093918657627046	
0.17707846359374516	0.9806222190509138	1.4104333057152443	2.1540525464435647	
0.15208732930591848	0.9314226746979761	1.4110155754480642	2.133841636227551	
0.16631162856866072	1.0367826056973004	1.342075751448119	2.3964401421579535	
0.16790790578714948	1.0331456310770728	1.7273886652395527	2.068043895589847	
0.15091744732613993	0.7759524474640896	1.3499584652319747	1.9321316425360935	
0.15168718163742495	1.0786950199938448	1.6499075535371244	2.2698619431229132	
0.14305273322501966	0.929225826800113	1.5994314067778448	2.215099774165968	
0.14916004801549246	0.897935369201516	1.7707562952691196	2.325314160580037	
0.16355995553268507	0.9022413516290216	1.6847813409630812	2.5407078539653165	
0.16257298104722734	0.85835178262285	1.67121927377355	1.9597369244556098	
0.16016314596641998	0.9662506256837381	1.4845246904562823	1.795999751805291	
0.14012864055917432	0.9437634132455021	1.522580959603389	2.314704929169381	
0.13787123989198852	0.8006978511098788	1.4128876879049066	2.076852523786827	
0.1656986876424416	1.0641664546761667	1.66070469415217	2.2954351209005637	
0.1303513810439435	0.9783516747843503	1.0894342363728577	2.2447600729799793	
0.14260979767590556	0.8567339478376197	1.569358983535858	2.291466102837651	
0.13609881949274036	0.9285515694348833	1.2885871144614571	2.1618685212143887	
0.15403997464035044	0.8587983732959953	1.7981247694895512	2.0605332050718	
0.17242247762491095	0.9004469891694722	1.4321972898560067	2.249719290027771	
0.14671743479125235	1.068087973989815	1.660629993337997	2.2372102904194775	
0.1411964852148211	0.8764598030558857	1.4518688547140544	2.1999317304829282	
0.11874796587081317	0.9552916635076242	1.4147392201310205	2.542329206749517	
0.1785805221417895	0.864311692805604	1.6409505052285263	2.1686261268321556	
0.13375171111166334	0.8743872299533383	1.4495707043582005	1.9862540590782802	
0.18385616713980416	0.8286129393237859	1.5085886022890123	2.0564495951965887	
0.14778777758103698	0.8218716108275248	1.1986764880029093	2.2370951047395793	
0.1701565155222752	0.9105737081418083	1.3982205147246676	2.108505897070417	
0.14702901901130525	0.9612325838717408	1.4157824071447354	2.2424736494735895	
0.1440592377431598	0.9675639323303062	1.822971125680588	1.8912669548392544	
0.1693299507754107	0.8513153242042784	1.410853175421467	2.4178588401065433	
0.16561462038689698	0.8209923504999074	1.438627942178873	2.3022725644223287	
0.16755368378077362	0.8860030723291801	1.4375331657341013	2.3124989500419217	
0.16519360721519236	1.0009874915289416	1.6190886448245085	2.3470402351683606	
0.13135925096636178	0.9059788042650335	1.2905611546454263	1.7429827581402446	
0.14599551131903676	0.8572103729323869	1.4852132632568278	2.3242591451808274	
0.11917985520425176	0.9218963640216292	1.5878090671892728	2.5175957204250565	
0.14642775618126397	1.1483648210371318	1.5649575783382834	2.4938242141759335	
0.12763747864482736	0.7466857064097805	1.337580126205364	1.9123647921328937	
0.1624215667393355	0.7350346830921616	1.5651220400288683	2.4050097323768815	
0.16803721650940592	1.0404801832721304	1.8104563346547178	2.086072503617086	
0.14114409963192576	0.9366163470284715	1.6397561230502171	2.2748773634301633	
0.15739161689992676	0.9560079321529719	1.5288928449129262	2.2073788954133375	
0.1357070980822525	0.9350604797402207	1.3318826575572904	2.647890661469818	
0.15569121143730044	0.9332457057898539	1.6892806127135795	2.1768806838646575	
0.151840916537622	0.8231264248032556	1.4101569574718402	2.0251547504127303	
0.1353853104681245	1.0888039165712993	1.552676668314755	2.4126121739287316	
0.16645647922959866	1.0281846228692815	1.5262225793475601	2.0444335626219026	
0.14178026443525382	0.8567441997950731	1.2678866827396198	2.3394595413547536	
0.15183036470224556	0.9796324408523802	1.517736206679086	1.736165324884025	
0.18554815830351842	0.8512786035127218	1.3828490990837787	2.064975991170967	
0.14134377332360773	0.9314704322723052	1.5824006027015411	2.2537345512498947	
0.15429627871370505	0.9891782775411326	1.5044314607095686	1.8266189633720242	
