6	97
1	0	1	0	0	1	1	1	1	0	
0.09510841313600842	0.43489845094274854	1.5088904610903968	2.0870860509733777	3.3106523182728465	3.593812236393595	
0.093549631133116	0.3700482788510825	1.5398384945366275	2.0904482554448576	3.706692391301379	4.227271123436221	
0.0932562133514737	0.40983856932707696	1.4536791863676568	1.931783172314136	3.7102774915318166	4.254403043179801	
0.10797527485459857	0.3597282227262703	1.4596291938152026	2.0277312849598905	3.298276473253315	3.8084457737352997	
0.11905823788324324	0.3875058324635995	1.4118059657416326	2.1645940860008914	2.9671622602386134	5.208268895263094	
0.092573305801811	0.4431808412087477	1.492101927540228	1.9970706694314302	3.557561227231378	5.2409698996353535	
0.09952662881676073	0.3567485287460639	1.2661436747606016	2.2181064169266693	2.7280152073642334	3.8643178045116136	
0.09971544318994106	0.3479611810146956	1.7111956222728093	2.204082262330238	3.394348533723743	4.557642703106516	
0.11178216816777037	0.3721521816321036	1.2407973309819114	2.337396174731533	3.022419772002533	4.260553732437613	
0.09960714765583357	0.36616360223566463	1.1666321638830426	2.2911021706314894	2.791501047855702	4.251571947647018	
0.10381114904487306	0.3683627016564889	1.544051960294394	2.374577564168364	2.8654449777078717	4.142906050340295	
0.09822000546164072	0.3583632995093696	1.2761364236240644	2.1311872553224953	3.1023832598809182	3.7598926622319673	
0.08288458537046745	0.4251452007322673	1.4329345828651074	2.5446507289279254	3.831777515710031	4.792391159190775	
0.09565377022607571	0.4320371175623514	1.4626534586273883	2.4134750571553845	3.0293280190047667	4.001621647214701	
0.10682212593928271	0.41482951755748093	1.580864028589632	2.5989596420778747	3.2724466089893274	4.293379622020639	
0.10929863911207544	0.39686257201424746	1.6143545133135373	2.2403063815546007	3.660198903575311	3.565225800478305	
0.09672941863730533	0.39839850799251075	1.4586648309657162	2.1776236398876785	3.047981715406725	4.33321076743687	
0.09313571191926084	0.4162463328248187	1.5401611937027821	2.0604093652904947	2.661472814144629	4.279552769560583	
0.11467988969288485	0.3916029983303141	1.3209093573599748	1.645822136480864	3.3917913757924025	4.015341385955535	
0.08115007308146105	0.41218199247056797	1.3350408930035504	2.1622374269467417	3.447952612072769	4.028368302638524	
0.0770096395183999	0.36295223792397746	1.214733446829292	1.7180193080216448	3.3975510617159186	4.454455986843821	
0.11537240754972665	0.32756045643216175	1.4235276068914458	2.365366418270761	3.553862681313386	4.730537892191237	
0.11731073194271353	0.3847885624511805	1.7229091888584456	2.6260724223495493	2.8856523894119825	4.893751089268488	
0.11187527941792862	0.3498327460235261	1.600892283957239	2.1384386946089977	3.406498983719417	4.522929033553655	
0.09336396955776899	0.4385500071892222	1.3730073821820408	2.170931832313232	3.1608426499653617	4.654095644221223	
0.10028606340259774	0.3803657318392939	1.0404497739238319	1.9840260097625726	4.182738022190245	4.950266546953029	
0.09408717777898384	0.3678000411943282	1.6564304741021045	2.1664714969270404	3.5506242214102954	4.216772403255624	
0.10287394776247578	0.42448245733753964	1.4942170457583548	2.0096423091088025	3.428164931376728	4.574170366232694	
0.10904649307925599	0.4639428924284364	1.5067191527574715	2.01275423347865	2.947837875103571	4.5513751737487045	
0.10451053060381309	0.39329768977685314	1.430584847679179	2.0920138018495877	2.9738885380630564	3.977252149406274	
0.09413710333541353	0.34525333101113614	1.5234203128488617	2.3394469068227526	3.168934644938431	4.933470181848128	
0.10288579259579969	0.3886063915269165	1.0929033162852526	2.437258747260789	3.6000010635946724	3.663369003779051	
0.09858227834056073	0.2947418365894038	1.2918660929121737	2.0063005115912667	3.731406581971334	4.641614337039781	
0.0909434114780488	0.4009158227789106	1.2867847493041566	2.2255586168283594	3.1526967936230337	5.0492684668735786	
0.09218217074095532	0.3740500782178821	1.5249565422750975	2.492277234829504	3.335500032109496	3.4746807533510156	
0.09858925914656062	0.42068716762269015	1.673860402240906	2.2724653005656754	3.5679823658712695	4.045616881940389	
0.10829912842796725	0.37711315544038626	1.2636253078616737	2.0314216935875478	2.818744783716901	4.3286132112818025	
0.10583411627645625	0.3662567234295378	1.6568213059490564	2.2863148724510505	3.0887166804851236	4.798790324130209	
0.09576790657765767	0.4330588601640311	1.6466550625714202	2.1266295657227174	3.10562408818096	4.657020783685098	
0.10721889822022763	0.39688465857733274	1.3812588561725958	1.8987768577238375	3.377130136222709	4.9466165943359135	
0.11875548810521659	0.34985764286036264	1.4676721735666978	2.505274582142476	3.2148162315980637	4.41045080352842	
0.10973500746307546	0.41504664461154794	1.4059083167673414	1.8638204304789505	3.701776449943255	4.628340732175368	
0.0888744019546594	0.4419351715207178	1.4020881623150663	2.0278676662346964	3.4337043967232805	3.982923928551964	
0.08705717579822503	0.3159208547295365	1.235139257040494	1.938710904208292	3.6840277750648913	3.76519455439793	
0.12056098894729035	0.41672528223165217	1.638646563127519	2.3768398119400076	2.9153967801550134	4.258454674432622	
0.10567883272270268	0.37851424329370564	1.5422628938613616	2.323614248534119	3.2999994061980846	4.265751498687779	
0.09332453538309153	0.38649449193824414	1.2354133271340462	2.279924875272403	3.207033529075701	4.946275208660384	
0.08250819556331711	0.32357552915275806	1.554437603060896	2.050888712015441	3.2298859620189773	5.596570447612916	
0.09287949741672684	0.4160604716895683	1.3539058666504933	1.7984623862095395	3.1326296596898393	4.19007173174248	
0.09094248253137405	0.34395983877482217	1.5323069331900332	1.9322033190696863	3.5526336908031246	4.382023515233203	
0.11187244179129273	0.4294245628729104	1.4855503395963292	1.6152142536360468	3.4378877403368744	4.53710023584343	
0.11072173289016958	0.3992190903538596	1.250165253103033	2.170509985092922	2.947416153290763	4.260341490564832	
0.11693239732362204	0.40418407182017524	1.5513726381203796	1.775359552615647	3.025384083879243	4.705392451416839	
0.09811213691763339	0.3981799303193625	1.246457355411606	1.9554116517590643	2.6750292133149323	3.468050629024882	
0.07293844995237671	0.39510829965642236	1.3052289420579992	1.8162198343238136	3.8396534761217005	4.3809369926808275	
0.10226914892595694	0.41422674193539544	1.108347584339191	2.345990253088219	3.4515944455829346	4.561809792530934	
0.10117702748009912	0.4367775413279342	1.2890867205448966	2.0306554039539155	3.459707919207104	4.370908824533687	
0.10509542361005227	0.4495979996248987	1.4741877012572984	2.5131041705612094	3.3288795501249617	5.522350536029252	
0.10928960361431345	0.3839701630215971	1.357536065080006	2.0594547020801937	3.6614191708540553	5.559505641134095	
0.10676120183333315	0.30594663419480517	1.4114975308176907	2.250158065533252	3.1190794804826347	4.291712888643564	
0.11135702545071553	0.3932426095451991	1.3910255872330806	2.2661914110176298	3.4367617554287424	3.6343095295137022	
0.11303435119652235	0.4533450536016551	1.6880645500694964	2.1867295649983225	3.259946507375557	4.524883660774595	
0.0914965873925377	0.42837423801416175	1.541383973241115	2.1061677504791776	3.780257230394521	4.130266916765534	
0.1107593750782252	0.3887569421124219	1.5302545269351642	1.893141942504763	3.279478703189545	4.652427658604092	
0.09410439523521358	0.34903320583889175	1.4721492952524535	2.4000786004689734	3.813762411711136	4.029358073510234	
0.0868566453373184	0.3429021058563523	1.54010969384718	2.331856854103254	3.631797859961093	3.900946156114556	
0.11514167074674453	0.37261823954287027	1.3593550515214101	2.0777685745668233	3.398608190592431	3.4475450419657485	
0.10200816377814217	0.36237278891744257	1.5659713058191618	1.918682909710689	2.7476076675048295	4.5262070134788965	
0.09923453292978712	0.35466298914551186	1.3461535781331406	2.019915629993158	3.322901934441475	4.84220521703232	
0.09804027123914594	0.3721867299021373	1.2613113356618524	2.4274513420775774	3.249547588293034	4.812769311999563	
0.08985122189290201	0.4108093356715282	1.6227512846986192	1.9876528787415093	3.4202931791417877	4.115315270391024	
0.094703262629279	0.3978509194232697	1.2212241567472601	2.036696926298206	3.068846186349587	4.020481286124559	
0.08898889113789109	0.41034793375295703	1.3144993336233146	2.079995921596298	3.2559781228020155	5.089886843418487	
0.09885347930700168	0.394769530105785	1.5440036533432602	2.439447140529804	3.5495897939323147	4.93998200431724	
0.0897477872067129	0.4035913066505404	1.4224939563794456	2.158140861877825	3.033895831620235	4.710186356048341	
0.09785200762677032	0.34618332072878283	1.085641476388543	2.223063083272597	3.159949795479625	4.017559156169694	
0.09222228218633838	0.32736719792304886	1.4409123382904148	1.7892407457333876	2.8158780549407005	4.904845323693129	
0.09440616639822444	0.365112973345455	1.416747471520847	2.071612552014148	2.9777484350903745	4.513120816279888	
0.08693108501791241	0.3182355186476716	1.6094939838852458	2.065896581228664	3.3644904951622037	4.893184402034782	
0.08962352168757501	0.46246401065965836	1.6978043457239664	1.961223701765484	3.1154593567881728	4.788210827369597	
0.09368043617383592	0.3799882096727289	1.4278565299970047	2.4051523237595016	3.3391787051131665	4.411546515787133	
0.07817362735502029	0.39176187476277996	1.7677982997829638	2.2255858927343914	3.9092557979512823	4.275267626152705	
0.10418002250360031	0.42016484814331184	1.2939528443918753	2.2399072091464873	3.6146971857351433	4.762407568206651	
0.09233118884530368	0.4323991884512206	1.398749775725129	2.0700784537490526	3.827869885099292	4.560960915956885	
0.09918910322773467	0.40900245172721794	1.318524898385475	2.3619458244237146	3.454711049427236	4.111275623694304	
0.10887072057578578	0.3565863140821339	1.3791598619075789	2.1801977669836803	2.7950385345357893	4.114969027496567	
0.09812887746601136	0.37519915065835874	1.4353739283807754	2.132898447557055	3.203552820915018	4.155628125921044	
0.10650171607135606	0.37477767366542225	1.3676054747350375	2.1543455410975616	3.0992509938921065	4.801417489488727	
0.09911607676661592	0.3822833029282857	1.5331852451476413	2.0386186075807013	3.5422154288970016	4.8944210232795005	
0.08087719152773648	0.3339858837954389	1.1141876264311723	1.8952038645773799	2.746380614585346	4.600603100300358	
0.07121329246065554	0.34887721528677207	1.4191995226072602	1.9135686298476549	3.381432884371007	4.043644123017022	
0.08730015779495204	0.3989892041653513	1.4547132278166937	2.0738366870298894	3.250279087014717	4.155361763368581	
0.09454927657051959	0.3272076356512898	1.4319599252620996	2.1314792161028113	3.238015095735012	4.2421640871651345	
0.0994409756732035	0.33245239579557845	1.4852380270770666	1.9572030445677573	3.8075807930943277	4.948050906635886	
0.08534096766780347	0.31190780802259355	1.2638396670276528	2.330927346869587	3.360465131895789	4.081924720884687	
0.10738316632776597	0.4012001584247581	1.5472027001533641	2.448457518181662	3.5176121560398372	4.300204821859807	
0.10615205416536946	0.4602011316973974	1.3452260077873222	2.229966024924468	3.7297403416115738	3.865972974396528	
