4	90
0	0	0	0	0	1	1	1	0	1	
1.633744562314282	2.6300720157876825	3.805213321170231	6.377742262150469	
1.2295601852106703	2.3224495016046958	2.7372368013091424	6.199007903457698	
1.2171863892016297	2.567606062196636	3.3748594032655164	5.876386799335728	
1.3654764776106771	2.142410904254905	3.013686776610287	5.803128510730335	
1.1434054358130605	1.9520131448835247	2.872251428318233	6.3125906594937256	
1.4347867677490174	2.3363203462470112	3.1132145650505056	6.067855174778756	
1.1392246293420867	2.3458485430960874	3.6616491768079946	6.390547096989055	
1.30408363436589	2.269088771750092	3.307033693339863	4.823829820291044	
1.6074901110625128	1.9205035459975652	3.4369066339407954	6.017047363933114	
1.622710053547819	1.9643090464702289	3.085675693992259	6.413518475683769	
1.3445635062766195	2.4559826949288843	3.0038986825836864	6.3529782765958815	
1.429415544914222	2.0086921273822904	3.6781799128333326	5.368202187490608	
1.5059904213985722	1.613164933624414	3.354918699682932	6.7333716206138785	
1.4087210923777072	2.1956369130810804	3.8044381068750996	6.63443180112475	
1.1116935484403225	2.0329347358560907	3.1568418292384486	6.18741435438114	
1.420875784995877	2.0374127577620045	3.0585434386277623	5.13648198026729	
1.285724992249467	2.3307357952683696	2.909326063688438	5.518641287856539	
1.2215077299550263	2.2325877671244294	3.5620371651256035	6.697785410616358	
1.3743348788100718	2.1361112901876593	3.2593490199150303	5.748865849919239	
1.4771631741560847	2.3932647214713954	3.573609236991657	5.899391241100724	
1.3535533770559396	1.9022577807229841	2.6854100572579145	6.326756432155413	
1.4298843512131132	2.151815073188366	4.044996292253196	6.952363513001076	
1.4361613538001479	2.1948641280318064	2.889517009883885	6.3873575898503105	
1.4627505867970514	1.9602330547917741	3.3311141018585255	6.625370335366998	
1.7256771684922199	1.824762956065908	2.878039447854628	5.940119124515802	
1.4629296364265072	2.511428770098824	3.6492316502217657	4.755780718686416	
1.369537453919445	1.8234720101761124	2.8258204116680137	6.350199714115034	
1.4500282289369586	2.5068542246560233	2.792452904703606	5.984791648805467	
1.3526655134998804	2.488344980403541	2.9581821724023243	6.12980688080275	
1.2310501438273065	2.4612661881927886	3.8470776204786694	5.5816547510887204	
1.3131235933958072	2.2067220153238387	2.9842180622556067	6.6879163892972775	
1.4952428159888613	2.4224216685902737	2.8987111239585643	5.174554972042531	
1.4822476468184556	2.5132863453174714	2.945876518312762	6.276638076410278	
1.335251438782592	2.3776115612542736	2.962644218944867	6.165023177161018	
1.5902520687949782	1.8609726054255562	3.4457347056318897	5.785460326344737	
1.5511749487097153	2.2293283532644326	3.114256730004114	5.943745571104223	
1.167247072428033	2.3370505792232996	3.867439706004217	5.673903073083373	
1.424588581463571	2.488069888976941	2.66681590606282	6.302192270559099	
1.6693401775540488	2.014586020324956	3.0738539513081657	6.797079158965171	
1.2739546387840497	2.335317539218973	3.372039242233936	6.681202867106179	
1.4117680097391054	2.480194384215682	3.124889076885359	5.115872551273141	
1.2096496638277119	1.9152881473439118	3.4697958633241495	5.549351564741734	
1.4272977960106492	2.1695302416390554	2.9982151403802932	6.093790449973778	
1.5645570473664097	2.157686596855947	3.5484995623049453	5.77369837674752	
1.4679755122908973	2.1708863634431093	3.5989799269522775	6.254790001475185	
1.3381927209723443	2.254889874124961	2.939208399570174	6.242337634670415	
1.425625017328802	2.1822388452807213	3.236985977132402	5.634662106661584	
1.3252105453713416	2.382330427423212	3.8617083598076394	6.16248054410155	
1.4345443239403342	1.8859955560157717	2.678225593966848	5.035282695884323	
1.5058822450979026	1.768283379763547	3.4639707741063988	5.34161025571887	
1.4528245576549272	2.062353600260536	2.905291952484673	5.16932522771849	
1.1835883064445227	1.9173597663433057	3.972777485361796	6.782433947290238	
1.4560065292597124	2.0712239302234914	3.0593463665384304	6.065837231355995	
1.3483731673927	2.02582589749458	3.4081749301812585	5.394359737179881	
1.0752914014827712	2.0242370550555426	3.721891073137572	5.0230242004869154	
1.2529114019685754	2.0131405605669164	2.730687079864619	6.902137441494499	
1.443987668447161	1.7676200676183047	3.2083971829395095	5.976478022762942	
1.3954933424375666	2.114410925227243	3.2079908737302056	6.1858981226136205	
1.4833965789663115	1.828143472053376	3.269557649560367	6.1088537988038025	
1.3427314425540715	2.516786682846949	3.2229745050910883	6.302380036736927	
1.3657910639693338	2.0846078615002135	3.3613300673481015	5.169272869893913	
1.5365351058578394	1.8852990214588214	3.536414134643998	5.838973861462221	
1.7246826066356977	2.361322193366656	3.5710717285377194	6.086951281861676	
1.5743690805655326	2.3134153556750596	2.620544070203953	5.477477108283241	
1.2969674312300397	1.9827814729367204	3.166518433168881	6.309923075853288	
1.5980004770040346	2.280280829352866	3.65328464083211	5.366206749677259	
1.357968212267194	2.09402241952564	3.0331000873697627	5.326446250162256	
1.4857929412112285	1.9988103067778937	3.5122138331213466	5.266544532545786	
1.5535007636491729	2.196197518736044	3.3199166755615748	6.14632570976041	
1.4183815417952244	2.1362888357472363	3.1621991647202536	6.179407822714932	
1.508892626045037	2.0527095545800615	3.7011770653155116	5.780301089996316	
1.3295716354036144	2.117452173669653	3.001119659400367	6.279771588977857	
1.4097920583721752	2.307732926427652	3.2302358464446193	5.943827929066929	
1.3716465337912755	2.3277675901305486	3.170934045652819	6.1587133046857065	
1.579591644349454	2.1311027130192643	3.217556513389252	5.8618015291618155	
1.4571769687323526	2.323493926805114	3.5026207694862377	6.29475962554809	
1.6030162273858035	2.1677728075143827	3.7065069621577478	6.6299381105514685	
1.3365212686243126	2.3192940648822984	2.646626561189641	6.721320492568225	
1.4198048155200775	1.9829423671556965	2.6820597088167175	5.918890709626108	
1.6037994883897213	2.202188192668382	3.1212655300690657	5.886014292009939	
1.6201816638378368	2.300250637869523	3.2364725850516938	6.56070392581626	
1.543461664353026	1.9588573273658954	3.137493268179234	6.85163393805552	
1.5266940046325659	2.5310836091966222	3.444712956978715	5.574027813447199	
1.427011147581008	2.3192833915377817	3.2471298246612386	6.036360870118976	
1.721009833947511	2.09901651094513	3.354627889555264	6.156259144766666	
1.5605781141359207	2.206049678534067	3.292077556071181	7.209296731363995	
1.4153626819473322	2.3076385428237747	2.8317054061735836	6.001331683086034	
1.416231658339789	2.134501499796741	2.6907855040107473	5.78730295742402	
1.3058042614993295	2.3835873809039545	2.968859014480581	6.376880309248695	
1.5265822347656715	2.02192928373776	2.9736200916987587	5.830580125725006	
