7	36
0	0	1	1	1	1	1	1	1	0	
0.3395087906604717	0.5042380948566305	0.9238038980087615	1.2557452723915545	2.2373624233321507	3.745062886433674	3.8685493678098037	
0.4112102199133817	0.5493110129469295	0.7699056079999875	1.6172054778098304	2.165079898781061	2.790150588491867	4.798808020881168	
0.40766697159213716	0.524151693970242	1.058804660951319	1.4976761587746072	2.4644409234109084	2.8361348951883993	4.066962304309108	
0.3470086205592464	0.6061818140175125	0.8029564279886169	1.7480897350510376	2.210218967400639	3.294369611553474	4.174439943228977	
0.4252065528292859	0.6151375725049976	0.9351053962737154	1.3809927360086856	2.207701561263425	3.032252754220831	5.241908529079785	
0.38084952879078743	0.6580877192888297	0.9780908946680948	1.1852190365692397	2.0420027792205313	3.2671632820251095	4.6217068968403705	
0.3468384171884871	0.6367753424029888	0.9134629999273581	1.4527394253454615	2.378655037574606	2.882226861509237	4.342589035459658	
0.4172232978676582	0.5477422076756377	0.8962722155513018	1.5161490936799498	2.277635678489728	3.231171851863813	4.6349150577034415	
0.3895678418119757	0.5625288239559907	0.9363810592524702	1.4407676763979995	1.8963819029023476	2.793843155214298	3.929198172779846	
0.404908937876071	0.6058877626934013	0.9028437307747964	1.5785639739828565	2.2803159990870037	3.1883559413079956	4.512631565180591	
0.35748609153567296	0.5443497789430058	0.9041504501606511	1.259722131349416	2.54573179379529	2.6399961191706844	3.650788380544042	
0.35433409390283904	0.6219134600906092	0.844745549808207	1.1624859720181224	1.8565392858928464	3.2939073311013853	4.572955841435362	
0.2848838151959891	0.65812079182994	1.015700698642286	1.789178809089671	1.8900250376657621	3.5412520459581738	4.836874011495236	
0.45550523319322483	0.4984306817286749	1.0743673730298344	1.5065631167525204	2.1284545668783132	2.476633210567124	4.5472420018589474	
0.46756970856938124	0.5656962364287024	0.8918983195088599	1.5083399793489467	2.305836210799849	3.505121969045402	4.116439185430228	
0.3942083724352107	0.6494675825585191	1.0138251439578072	1.4143120443594384	1.8286307502433983	3.068650116639876	5.466966265635535	
0.37882569339875094	0.6254492855774765	0.8619083722686214	1.7378624123863837	2.5141798883704856	3.326638163423098	4.8170579573715395	
0.4184685503860875	0.6473789126904687	0.9192176301853432	1.4747961779702898	1.9738812428246242	3.562028906463772	5.021269949526407	
0.3732013634648258	0.5986468228532352	0.9761846289006386	1.5769934782091932	2.522698166632949	3.131167300564403	3.630680225601959	
0.42023330496446004	0.6040972065264897	0.9309948384275624	1.7112684870140034	2.434023189077341	3.4481664036220887	5.0708607387252345	
0.37614213323114193	0.5797334026638142	1.0201046567725898	1.3312459095285902	2.01024409018156	3.2815794441941315	3.8717923386106206	
0.31872568527551104	0.5246074550589253	0.9841486606614563	1.3754577416701275	1.9613135534780637	3.746730621570661	4.083430379265942	
0.41555523307528125	0.5854724678753033	0.9789254731010815	1.627463051702391	2.268475475279974	3.259226280034552	4.9004709486208	
0.33424447419989256	0.6428532988133808	0.8031722853473242	1.3384940372147107	2.2936195168119267	3.227988419812822	3.738402674305264	
0.2874660309043922	0.6538112167949444	0.9144610201175694	1.468029512030464	2.3317781994624416	3.342360560639042	4.982205679236399	
0.3448709892655591	0.6031353054707718	0.8851888309906303	1.3160186210791598	2.445252155141293	3.18413479020366	4.830643617342475	
0.34704521550229767	0.6088497133566181	0.9685123750942337	1.464359551902012	2.13434619954967	3.4236658554062434	3.9871810756361374	
0.3951570543825957	0.562522106587008	0.9181725166066411	1.2420403312297241	2.1831613190316355	3.4242942593280836	4.215111715045611	
0.42128578295022473	0.5660033664617617	0.9440372731207127	1.4469835174606724	1.9645283558477435	2.7299890696677243	4.911911890804959	
0.41709125302580546	0.6679799043149296	0.8914970754223938	1.3199905363088333	2.1645474555142923	2.8917869341952405	3.999577898176764	
0.3604219337191542	0.647574545474615	0.9154626432924435	1.4080608253880682	1.758150225204048	3.138414605253476	4.1787584298736915	
0.42316238607189033	0.5514925316329617	1.1019487298077055	1.6689807631846847	2.553157138802308	3.343142855515229	4.720676291634108	
0.42697851642305523	0.5574698695765941	1.096132815433542	1.2013595116140108	2.522075196877889	3.355773070352265	4.894090114615088	
0.37052405595096805	0.5849086002302363	1.0441808077704264	1.4709388041644016	2.559238997477971	3.673443665696293	4.760686386271602	
0.4277578341714692	0.531373114374271	0.9479361725314904	1.4509546832934053	1.9341960093660262	3.0384904441079263	4.845624757655119	
0.36952761792029437	0.46265164677518944	0.8376082560623855	1.428560850722889	2.130527872588048	3.7085861866057046	4.219073270879635	
