7	84
1	0	1	0	1	1	0	1	1	1	
0.11137904765775603	0.3337483027524808	0.9228286706881331	1.247540372107767	3.7801453670987177	4.599149027015738	5.914534802711094	
0.06906787622425503	0.4500879591823199	0.9990551085652832	1.6078274363080642	3.338888599846382	4.609645453868891	4.74527278894959	
0.09647763536856581	0.3815509407292839	0.9997246685150205	1.5504540029058962	3.0399265837360114	3.779325676045871	6.887147944654356	
0.09300189588615566	0.3507312262315895	0.7472680233072367	1.5668207709095368	3.450213245155195	4.5191024259136405	6.256927984503742	
0.11888716036437144	0.40729532733221346	0.8371832688725853	1.578079607917999	3.474147676541735	3.857810115101469	5.46958781253961	
0.11314682400873993	0.3375345928067757	0.8302616563791213	1.3764437690494475	3.4817424167573474	3.9727495416426803	5.858973988612988	
0.10186496518914386	0.3427277056853285	0.9697027560633636	1.3914391697618345	2.6350792379005212	4.3572515603305675	5.972926905477772	
0.10073753242723027	0.43041178449979967	1.15948522609992	1.340177515704501	2.8850040308772176	4.465867820474375	6.032223895915996	
0.1161410412052706	0.28960962722887806	0.9584037469548458	1.498988665999001	3.0509046917230687	4.479328466124407	7.421862354777408	
0.1035455595976726	0.35031566172666195	0.9110685000768586	1.5095818260096188	3.252610645900588	3.929994578301006	7.043053353586648	
0.076953850483781	0.4137259190504501	0.9672519891794915	1.5886895156703382	3.322749708549201	4.371418468052211	6.404701607079033	
0.08876351204976458	0.4577267323326467	0.9292732256743523	1.4770277583070361	3.5695554305058463	5.010116279114683	5.460391545508781	
0.10105934923208748	0.42439716748066847	0.98241075201377	1.1805654606347051	3.271957355103182	4.987523736657771	5.476113035324895	
0.10108455210248538	0.40919223320179504	0.8701638124783	1.524160176495989	3.351320841358111	4.394056626557913	4.807252475954435	
0.12628719159878588	0.36092341685025797	0.9068742905812841	1.4674862298092184	2.5700548558518537	3.9143865818891586	6.297414481770149	
0.09081765721899933	0.41835584764241723	0.9818485718647725	1.400095323097693	3.1467536169835766	4.490455452347086	5.726639289008402	
0.09807929526050191	0.4081016210862581	0.9773117236715578	1.4275451278686706	3.290262370681782	4.3816786918379895	5.946654192757547	
0.1056465146315238	0.29439763196951424	1.055411539555499	1.57892240031578	3.3887972427110173	3.9494620953456008	6.660608589504685	
0.11669460642747842	0.3719444908144458	0.9797594102003941	1.3473695706857487	3.4405680072513753	3.5762630302614014	6.614947162967789	
0.10361118827899651	0.32686930703051503	0.9662982158058759	1.4041761217079503	3.752993065671638	4.954401900431845	6.103184492285109	
0.10019655504389946	0.3373311275295616	0.9326379175638857	1.644843610327267	3.4757071837052242	3.1467327635881315	5.4260959498118435	
0.11276402509110167	0.4036601500736874	0.8881514320436819	1.3318339860425261	3.6258883807158035	4.264234599605529	6.431549008661254	
0.10263020015640592	0.44131091751713397	1.085775577003502	1.5104951253755086	2.8085883011438013	3.700903023375312	6.052813077653976	
0.10270083150065577	0.37455379091717766	0.7765049593018237	1.3382603537077842	3.295973572650319	4.126985177595186	4.41011987745171	
0.08738275331973636	0.39667682986650515	1.0265585326535822	1.3507892424765717	3.1520569046798497	3.822943071346241	5.891376051136836	
0.11139925106158664	0.3794019010563885	0.7857440355878267	1.3814206517561225	3.2926361180440344	4.963676073475673	6.208113847533333	
0.11079400193725247	0.3638542088664475	0.7695545843543548	1.4637527448132726	2.9695794611696043	4.6002916486574055	6.381831112016117	
0.09857549404948474	0.4300441425889114	0.9857375882617552	1.2877908933827609	2.9389508269376985	3.698411991261485	6.790662334695735	
0.10527413730368787	0.37409972132837993	0.772464991988657	1.5160991069958314	3.684928608715292	4.566485678497175	6.44392604308554	
0.11524185132394436	0.43034611731489236	0.9771788729842427	1.686026635583823	3.254900181305043	3.6189466513380952	6.327288393769183	
0.11675034353400987	0.28739037218074487	1.0285804374309453	1.5515060566782302	3.2253903225292238	4.297832443765919	5.763635480592198	
0.0986735666823077	0.30598641580521707	0.888886720131458	1.3990390461005522	3.4118067433364763	4.694259440141772	7.11176454406561	
0.11908639536910826	0.3411545377325385	0.9580069933271044	1.4608077478979615	3.472061865951241	4.569919980597667	6.450274191999203	
0.09169969081732138	0.4564388218665723	0.948404251612987	1.2904660591219534	3.0678218690936694	4.930733178616117	6.8990754177430675	
0.09771878786093785	0.41273817497718984	0.9027900498848349	1.2080317539084022	3.015022483227063	4.560125404503003	5.523414581411915	
0.1133466756917214	0.45254581866830434	0.9998176924955545	1.4458742901447021	3.6498151015143976	4.295468263711122	6.4392308424333695	
0.10603715112712522	0.4098492189215414	0.8531318572254109	1.5104384987001613	3.423832001409905	4.441807613193578	5.625020928634507	
0.1112106057352864	0.3606982607199876	0.7833788274585424	1.7264286932113049	2.7466928175708993	4.05352605512305	5.8749737593902065	
0.1008682900179358	0.38841668081033726	0.7950866987018932	1.4229584931727004	2.917253173056535	5.227537756627088	6.096146139653525	
0.0844864320718402	0.38159694206001593	0.9616393423916333	1.2162343892952052	3.0662106100455686	4.607445694525156	6.943545707511394	
0.11786508586592569	0.3482201682533502	0.9853532701794989	1.3726520186927897	3.15632795189427	4.062922797099343	5.1602509403028165	
0.11161535391943336	0.3956841516326502	0.9779595175271835	1.5866534250431121	3.1592578714050603	4.039070322055141	7.28112098601445	
0.09630597228562192	0.3841372360407265	0.8706599627768694	1.6324649572392957	3.135819620526821	4.901278445777853	5.312112035815989	
0.09996345119958962	0.33963550357562255	0.7486281518826672	1.220105072512776	3.133385177962003	4.658984639221224	5.827799260875762	
0.11142375415651014	0.4040300077705566	0.9293524514776283	1.38951736533767	2.736453012281873	4.913685150123937	6.2810853464702685	
0.10970411046118592	0.3677551091877955	0.8527320273249647	1.3961231236585177	2.9967774106904197	4.873603345534076	6.574615139248504	
0.09623419384333702	0.3736121525556282	1.005309025982764	1.5972224621192694	3.119305548277315	4.313667481639478	5.1884744196508805	
0.08400151683954807	0.37763341285203206	0.9802783828085118	1.4290940337127975	3.16591091305687	4.484929026536378	6.532838847431345	
0.10255899353825647	0.4007390061642089	0.9612780040824178	1.3260929012006661	3.1223430677804607	5.231197505579282	5.514245309193312	
0.11738486765357914	0.3263638261896106	1.033265741336221	1.5673979655239934	3.336866451815185	4.737926983525613	5.110971516705257	
0.09727564716791125	0.4363211456872765	0.8855898423165605	1.5188696605683023	3.183294286106287	4.983190221005037	4.996077512709037	
0.10000805484805933	0.45745195769263913	0.8984640173634658	1.4117492308159119	3.25220029614086	3.8882035005947517	6.81077041321277	
0.09924416778230317	0.33667569314602264	1.0541144018891189	1.3327209373964939	3.176567845652991	4.834039306656453	5.998291162813646	
0.09440035627618802	0.3619129271164393	0.9261124112885647	1.436351925238969	3.1011111617643246	5.127862921236725	6.459431915110091	
0.10596327828147	0.3958006254551496	0.9037739540378222	1.4957275388935267	4.373470725635641	4.92250502589112	5.475446361364469	
0.10414517389102261	0.35523617823029047	0.8527117915309345	1.801428599281451	3.5490221269834588	4.8236706563976375	6.733602859515537	
0.10448087378929374	0.418218921533912	0.9779941633798103	1.0718656996677463	3.3518288077524048	4.038489792592532	5.86790234266792	
0.11241070979945207	0.4334878502752535	1.0026141515297957	1.563671322494628	3.82229146633858	3.825587343102058	5.847150295020196	
0.10809710700540223	0.41897764826203077	0.9281690043032627	1.4803406478768941	3.865274218705033	4.564807610745833	6.44766621255115	
0.10894859619569411	0.39929078869295226	1.0235389536718529	1.3219020478307355	2.8632678807606156	4.070149790980663	4.832608396017702	
0.10787221946547872	0.40986817589071295	1.0126384546204537	1.169014950938938	2.927262493522303	4.08061205016091	5.833041413753498	
0.09365890400709674	0.4389259558644415	0.8311786966152939	1.4722553435240566	3.4597290584400993	4.14793811219902	6.5659367843231164	
0.10423232550587057	0.4262972384315382	0.9750472864573493	1.5576024550199679	2.9344022392976075	4.653078708187023	6.676196075361226	
0.08896249577445918	0.43281033416895887	0.9945293198643577	1.2654988238345761	3.538222152825676	4.642491704403298	6.644679604374041	
0.09819192728653466	0.3724801941218905	0.7830006128127681	1.3988772867662909	2.9851299495268524	4.422823497619279	6.3747072645505005	
0.09435227476223351	0.33619099064211777	0.9091534995008721	1.3188758699121759	3.154968174090426	5.486943869387254	5.96784425757839	
0.09209444448474965	0.35460949752509685	0.7565694573295133	1.3193812458077743	3.2804085866234662	3.906436586372208	5.988444426210698	
0.09638531960436908	0.3872661603508831	1.0134520225252401	1.3385570411490098	3.425169735712818	4.821566487504593	6.34071575949827	
0.10361799542713822	0.4337701754234192	0.8136965180684478	1.32072336826421	2.9882546545076147	5.263569508859348	6.622593661312425	
0.10245360733076952	0.3647729428276342	0.802121321519295	1.2068176868285339	3.7714629859329896	4.889023559630219	6.669298468870669	
0.10211260936092728	0.33071783038060965	1.0169341106402068	1.4286306496434042	3.1158721437104573	3.8454286419413823	5.903350589337675	
0.11903478721862051	0.39864857770355216	1.1009844563940903	1.4061252726104694	3.1962235930265157	4.3454414309546925	6.153387591278227	
0.11011034620629126	0.42040795670869874	0.8759193871286424	1.5529742629356473	3.0994515444028625	4.446470469151455	4.942585230671855	
0.11751482619017328	0.3429949772227278	0.9851446190010678	1.572586333492357	3.1377555870912914	4.936323671638923	5.643397476315386	
0.10542989925634241	0.42953395783981085	0.8714801752610645	1.618461797787062	3.3915389397395224	4.330629411986241	4.789296160709503	
0.09482931168591281	0.37535809984170715	0.8609833283509684	1.4400947370769868	2.652537806696538	3.6094174536665227	5.804832353115746	
0.0860183147213556	0.36524585431548734	0.965184996598983	1.4186497832247371	2.7463104743233733	4.763351701277856	5.447520818590915	
0.09077730868218122	0.42419288024872653	0.9042601315600487	1.4487932108062336	3.1851552742863145	5.143455496037078	5.990535250288742	
0.09412761795898202	0.4168492682622393	0.8669829418148073	1.1997505618924464	3.4248412374522097	4.859208790823151	4.732445421373956	
0.11112392171794777	0.3715453516356867	0.754696520967468	1.43075049286552	3.164875974653191	4.413885369540034	6.012704238415504	
0.07667908792034357	0.367807163143645	1.0245726883005364	1.4636744466796507	3.3853412088025445	4.542313684522353	7.139512425529506	
0.0959413527295308	0.3758055939045038	1.0156309504404397	1.1610855148056867	3.734135211248582	3.8529699972631746	5.464011845820062	
0.08928086333130325	0.3317097397537233	0.8409911665206453	1.3543983581748906	2.780251195701299	4.512874492779304	5.435538262133654	
0.11016106575114344	0.422285518651433	0.9768639608083668	1.4422387960797352	3.1274316209610604	3.53570154694517	6.406440260083502	
