9	22
1	1	1	1	1	0	1	1	1	1	
0.11797837994295067	0.12563703254049927	0.3426300190184616	0.5867735330704472	1.0639197166054704	1.665094605118559	2.9402296949376603	4.391887947309874	5.079732601343502	
0.09353294551867694	0.15796868553618698	0.36048602998664747	0.5998491810884216	0.9466628929648129	2.053758771051636	3.4326613157458015	3.7679980334870007	6.107344848052152	
0.10864303264279229	0.16108744421490753	0.3718993915943778	0.47886448948411625	0.875208681472952	2.2088446986293477	3.3931557710027382	4.507909513818491	4.608408325214341	
0.08855790459411046	0.16193687454115288	0.3094025985496202	0.5848598956873046	0.9487668867598676	1.932586460352718	3.3833719757274334	4.528001855145453	7.752779382653318	
0.10336428183355127	0.1508920409091856	0.3832847131758433	0.5920545290578354	0.8916136142595327	2.5135316698671097	3.0861362854417096	4.123314800391565	5.467057799584674	
0.1015533423178005	0.12931423997559785	0.2637999219527704	0.6795815321852464	0.8255379579651312	2.0446428998749995	3.0233091144391615	4.49043207630877	6.907627408596018	
0.0969127705398085	0.17862510834567297	0.3484460026734327	0.64363300500886	0.8528250806898633	2.4335135301630744	3.2465029786015034	4.215350780412443	6.34821823222439	
0.1012863342398852	0.11412104485365594	0.3335258658477909	0.6167003902874559	1.002644855266644	2.0316595565082807	2.9747840459047676	4.196376558133922	6.572971470027923	
0.0997946213980393	0.12375799967318586	0.37346620190256746	0.5752432591285332	0.8232707729921078	2.289173224947263	3.5136550243042297	3.970608776508043	5.614762635600728	
0.10542914196323279	0.15249807942218016	0.372617460322681	0.6295608965954684	0.9015396947896607	1.6801305793537602	3.292086356102961	4.928559379171037	4.726331644481604	
0.09043417781740029	0.15781335597783483	0.39267632153976784	0.6732780301722641	0.8842034800653328	2.1801096397208246	3.2769751476907234	4.619800011012018	6.737330806356537	
0.12010022646253944	0.12978322258972777	0.4292696301559913	0.5673464259066687	0.8369959370900462	2.2158216765512795	3.0826955687673494	4.334796237376538	5.195224308194209	
0.10160935771914477	0.1733570114456938	0.4148418209485009	0.5409037291933996	1.0363435754309422	2.1884171082121116	2.6038561128112683	4.383272689111554	5.913333859756951	
0.08474290419526771	0.16950836597588137	0.4085200112496091	0.5925034218558798	0.9329038225034044	1.6551343330722044	3.160161008500444	5.844967073832037	5.3107292411512965	
0.10252074066905821	0.160939889075239	0.39131980406160655	0.6704808610403323	0.920068964977809	2.6149644443333004	3.1860890815790777	4.325865969834067	6.324752319445766	
0.08825340503988187	0.173397851164409	0.4082990172751409	0.7051617504172797	0.9179390504529584	1.7219358941038414	3.5349127756145564	5.333456919098874	5.605426572643672	
0.1002215281010958	0.15571294633156094	0.36286867561068176	0.6309692987314717	0.9342072713039593	1.9790011525717632	3.1912620572299386	4.239787525797936	6.3856437599449025	
0.1013079212376896	0.15190344090458194	0.4260312262105215	0.5876016932287517	0.8536791829226871	2.2113279848645693	3.0122800054974976	4.23779647747325	5.964821021473649	
0.0930360044166007	0.17458877734067324	0.3463286461781293	0.5437516126212107	0.8878871405457268	2.2796660552524544	3.5982865007820317	4.059562391341961	6.5172387362197375	
0.07774043106689311	0.16769004785834432	0.38258393721575723	0.5171713499823788	0.9324573131213781	2.0749726273152658	3.198662534900431	5.375771144548428	5.643239137548768	
0.07566587206549721	0.15103027532548727	0.43658560892035153	0.5241750085760387	0.9734877295925614	2.4780217066240255	3.0997812033634404	5.304064873757303	6.109303530322617	
0.07892677972185154	0.17058756027699357	0.39003029617396967	0.3612103326454854	0.9998523719509725	1.8967969690175783	3.7661678080410415	4.776323982903573	6.670660668961012	
