7	43
1	1	0	1	1	0	0	1	1	1	
0.10973496181715495	0.13656420396950464	0.6769708290586621	0.9319321383249975	2.467171956205744	4.740430075152378	5.434017028487032	
0.11236185339719551	0.1190807838337048	0.7459583012453658	0.9237346902876853	1.95415775253631	4.251806023991123	6.919851683298837	
0.09068785545787347	0.1341461636220469	0.6408581172612303	0.8988918091730415	2.978005542338987	4.123774812154137	5.78309143952598	
0.09110917562889775	0.133401485939661	0.6991604683073398	1.1279361566350776	3.1917708254281036	4.285308909567349	5.380980793329664	
0.11935618394658068	0.16501183723736912	0.5644961773355369	0.9498035509047964	2.9106148889994947	5.02042509074875	5.820581449376306	
0.11038754035401266	0.13138567918065358	0.5665599424697502	1.0769580919084125	3.219620673028393	4.343982307169891	6.229190541894087	
0.08989951008927755	0.13902989946538558	0.5546075051628833	0.8260516038253081	3.429462748302202	4.93379352720707	5.154902239258116	
0.09451114672366946	0.13230071411887653	0.6360646481645162	1.0571294946544014	3.0464157237775544	4.484501717480954	5.443504645985909	
0.10153959540639779	0.13491142283996024	0.6205509444834922	0.949868003630262	2.8822210139413635	3.703824224724109	6.251102432561825	
0.08191042684459399	0.15514552487867503	0.5474601971552191	0.9564393169388744	3.1395491467294665	4.810783574945856	5.737310811989116	
0.0965640549314497	0.1498628927754731	0.5361672829610614	0.9238321017886567	3.6174222440131962	3.942652644331398	6.875636528639538	
0.11312628537370113	0.16822815102307198	0.5336113340909333	0.8158574317793147	3.0031373411008935	4.028038271040242	6.218747440350498	
0.1093929570305786	0.1696839056729452	0.6344703999370783	0.9884309884713335	3.410479015437602	4.533179233348545	5.296016794392433	
0.10780616085686048	0.14567199024454358	0.626997352915959	0.9588459068171347	3.7330688183311627	4.3630611086298545	5.528796753844001	
0.11254233447823897	0.15209162966058334	0.6234263946213842	0.9906699764337658	2.593375503465621	4.4671450353745215	6.83471336555562	
0.10830762525654841	0.14001116415165019	0.5682128169934094	0.9195953827332305	3.221252906821573	4.912191781580333	5.883024665294684	
0.09509896938067819	0.14735690256126815	0.5989096057410526	0.8101387757940914	2.7097264711256974	5.037673891035792	5.405839355052136	
0.09093286743401299	0.15539401785665982	0.5335931772490857	0.896419772712237	3.44308798915187	4.693978582782085	6.2000650973925175	
0.10128950925975065	0.10709559039878139	0.6354830563576541	0.9059907795896945	3.4224469566789772	3.841839260513313	5.43715421014231	
0.10617486236077929	0.14247089738795393	0.5603504390173305	0.9384664536770219	3.00433593783663	5.01144291345618	6.012727765026351	
0.09379234850816101	0.15654809689788468	0.5759558899742966	0.7746029633408279	2.774960863948809	4.24926054401668	6.390581844394305	
0.11997113686761487	0.14342232388594822	0.6445512083325612	1.0066136494975557	3.018295722775724	4.381872926770888	6.137076822602588	
0.10129382190414965	0.1362018460823337	0.6572439109085721	0.9330048053308961	3.186958062186056	4.624406081176817	6.167632454429018	
0.09906297087996296	0.142176028760932	0.7313098935200553	0.9373118255573271	3.9386011286767975	4.770894645655649	6.546526268396945	
0.11417192235833787	0.15417497630870775	0.6415084837320463	0.866910828652415	3.5611263451935273	4.216664726734836	5.923977122441917	
0.10716179657281875	0.15721540862676092	0.6019809493410785	0.8499440556867899	3.120519663075214	4.461514498207332	4.961211187963613	
0.10211138703389251	0.13387904651045354	0.6295705524608969	1.0160510329570251	3.310646356862139	4.11972266588977	6.07830099872143	
0.08890846275093693	0.17851465918854742	0.6651868430639523	0.7196294801748089	2.9418207211647136	5.111680022737799	6.957128819720427	
0.0857595614439968	0.13598744656186068	0.6320407455644257	1.0175888853272927	3.33374522126497	5.279333363959906	6.5571546250883	
0.10971380247410623	0.1533269692095385	0.6007209980951483	0.785322930500081	3.1382404540223	3.7901095887367267	5.414405894805305	
0.09604763985884744	0.12950944438330467	0.5868777901204034	0.9662895675565223	3.645161759985123	4.438072095214782	6.119439528278864	
0.09683869148458862	0.15037510004119192	0.6054971256709901	1.0972398150874878	3.0809439087413892	5.0094796278661144	6.028930712400287	
0.07934481957208633	0.1335159549567432	0.5846830712951071	1.0020293936343059	3.039806328728423	4.845427505522599	6.042366027691619	
0.0995587720005881	0.13587997097247312	0.534274386504769	0.9205305548708502	3.7992420652928183	3.5890367110606696	5.131882521482993	
0.11457882167224953	0.15881582620582593	0.5954477127348281	0.977193203565864	2.76376879674872	4.397786827964326	6.153996446556652	
0.11826273567190367	0.14097909718946416	0.6418257835654485	0.9652721262164207	2.7725983655671644	4.322721856333381	6.6491106239886495	
0.10127582764269882	0.11750343784225546	0.5812821747871251	0.9128983539880263	3.5805895372258307	4.702451809933704	5.8761579549890515	
0.10348587711609453	0.14550784266426678	0.681943393943419	0.9029954011418013	3.080778403241979	4.573944018810603	6.511296055609874	
0.0954643927633776	0.15862481279365814	0.6359740808616212	0.9323017536813771	3.260728483656338	4.267647456219128	6.612051207792248	
0.10511750422582569	0.13716145777905492	0.6485151312987224	1.2159705894032866	3.14140857529265	4.553167079975003	6.047633396095458	
0.07720493959153954	0.15201860237654666	0.5043803885352273	0.9473968686640029	2.8415392310131438	4.673679918755029	5.771851385158783	
0.09329836867209125	0.17568068052671862	0.6261591970286616	0.9249123701723491	2.872110965150107	4.5190527132912806	5.9950691815174295	
0.09407480449861161	0.15798225700187132	0.6161849395023965	0.7905105787552337	2.652995867679588	5.21778086427471	4.905355027154128	
