10	84
1	1	1	1	1	1	1	1	1	1	
0.09197045686038346	0.14687767268167337	0.4240525532714117	0.67222314879186	0.8025504893821828	1.2397662090330783	2.2449124293768845	2.9743623427779515	4.806788181745754	6.584968090779741	
0.08886024083599003	0.1535885170467193	0.39478174893658613	0.5953942331742325	0.917639023912529	1.520376416387761	1.7701268927866574	3.269057949542051	4.7266625759514085	5.073399613599038	
0.10100476413056846	0.1509916169881079	0.39244573535868005	0.5987742004106578	0.9187275209741697	1.5234164034033741	2.242228454141528	2.7865492714902134	4.3258694144028045	5.239152849489118	
0.08830177477230988	0.16834622895293824	0.40693781303711335	0.5536383576008984	0.9078784061088921	1.5824886890474625	2.5035174622090763	3.4438669381734295	4.468585300423451	6.088017946448849	
0.10267033500655215	0.11569620254709907	0.4572044750395025	0.6606433461761915	1.0203556974693004	1.3611332261501203	2.2546631982558263	3.536595885849138	4.102455042984872	6.665727423711356	
0.09879162083244201	0.17828684135765874	0.37222662617325486	0.5688031872027782	0.9170248142220698	1.5180625803299148	2.389410516564402	2.9095979730295376	4.573097408583539	5.674805530262098	
0.09060278033584715	0.11451192673041796	0.4080730182436715	0.5676849858284546	0.9685725675835365	1.625840336188646	2.381463929323298	3.3793096489602004	4.578025395848725	4.10960698862843	
0.1056921823551706	0.1518871971495738	0.35641522731910036	0.57958388295385	0.691098334110131	1.320911722469442	2.346321377611278	3.5844064399935167	4.656143872308783	6.828273899012794	
0.08610506552809587	0.1358467840611279	0.34726059586097763	0.591176111813204	0.91038068850847	1.587519295823272	1.8613598470819357	3.41150745751274	3.757647423299222	5.470857534252455	
0.09730653795533566	0.1661564666787374	0.45493138820233897	0.5691215221034402	0.8546784890558263	1.400086933780689	2.2692713953363493	3.049378325041118	4.960529273182204	5.161309407846374	
0.11602776649186053	0.15705603699444273	0.37510295165340723	0.6109736991123085	1.0527290147405903	1.2260660971521862	2.243630505309164	3.236148902542464	3.7451821798661746	6.428293856128714	
0.09233256783694277	0.12040183296323675	0.44202249473139077	0.6109026073667306	0.8863475119868752	1.5589600600870543	2.1404293381327935	2.8182299024332242	5.162746133255057	6.295342030942367	
0.09633706901105356	0.15350762420853545	0.3190557370560725	0.5908861251599247	0.8941600665493793	1.3413927968907307	2.3976631591318216	3.25115235454508	4.355902461331142	5.954628359670003	
0.10375882042262792	0.16066261477153523	0.40921776014253813	0.5371289138087942	0.9870196880341887	1.1812266047613635	2.0860712592803807	3.7181755811857577	4.98744113880053	5.833974862704631	
0.10668632211181595	0.1465666343266327	0.33584138077644804	0.5854251920038047	0.9760091378259679	1.2795740219402223	2.3660748921341277	2.944536132147961	4.347181055799611	6.492246612888358	
0.10057138591986448	0.13303412323983327	0.4101085838782561	0.6120871791844493	0.6667964682787137	1.3556981419307828	1.8783633965562443	3.3169043302333128	4.255662630144661	5.873614147818158	
0.0818567982818784	0.1599314457171573	0.3356480742245373	0.6131991985408386	0.8643922557303336	1.2566225405947617	2.180250531114133	3.4652293054435384	4.474469073066669	6.205651422636822	
0.08609856646117289	0.15584281636728728	0.36154755258267535	0.5992954488922921	1.0753463945069548	1.4334333087684832	2.2150997539522894	3.085091219932819	3.994651792825939	6.398156563986081	
0.07786830466417884	0.15658109649125249	0.30090154815498127	0.580957777005722	1.0490081093335308	1.3141342952932398	2.3016172152730476	3.591412680274003	3.831352593482392	6.0090311875430515	
0.12653297641947822	0.14233711264008983	0.40467177981447877	0.5719859798205604	0.9493585435083043	1.2868595572576478	1.8785034263184455	2.910151077850721	4.891268530653829	6.650591957991588	
0.10453125706315228	0.1624048686376491	0.3643936102836956	0.48635146058241474	1.0080573380562594	1.4061168703973643	1.879023698075372	3.0159079262475617	4.461771384800729	6.381827132360155	
0.11066985902192623	0.15569685330684288	0.31912985300093033	0.5544237329353082	0.8976597769225357	1.3450189381970588	2.205247478330407	3.4743596574441193	4.744527531909753	5.416194757439879	
0.08729229821082397	0.15322819371274168	0.397582948829999	0.5585212105614699	0.837682205716093	1.3187540550433035	2.131237131704041	3.4921870036361744	4.522893968691226	6.00578283310266	
0.10415043386436672	0.12562400994474596	0.30940786746471055	0.6130028249701617	0.8713268278905953	1.1031949760706234	2.1399174867808872	2.88889029843344	4.033961461784952	7.107975188416816	
0.12473884210656985	0.15804828849596994	0.3885766135513406	0.596068268840405	0.9157233820900079	1.3215323188224108	2.2314706669403175	3.5526198135286458	4.8465821456752725	5.6846717559061055	
0.1057790951407248	0.1477383074856078	0.4452443998526413	0.5463803339880098	1.0017256331862199	1.3372197000024368	2.056926047103597	2.964130294315156	4.956650277847583	5.796199255243625	
0.08803018669454532	0.16432292746440982	0.3664786162332944	0.5746779681031218	0.9999613156174026	1.5197602480568708	2.3148392805686253	3.518577719028435	4.648668721165742	6.851429277874789	
0.09612912629987921	0.1449684034718126	0.41466926835886103	0.5220795289216292	1.1396660633642879	1.2461561375945298	2.193746035490181	2.760219239716774	4.42886846835705	6.1664811048881925	
0.10013019964413605	0.12330804300420749	0.4332231238525094	0.5872788923411282	0.9071169531654926	1.4711242367747186	2.0186341702959587	3.4451019236097418	3.985792579690433	5.796031853886421	
0.11350980826643878	0.13016286425532303	0.4474397046549127	0.6216202229788836	0.8261507342691933	1.540982628094051	2.559568666961247	3.9935167805542076	4.425086490566734	6.613698243665623	
0.08862429931943983	0.1746708255418213	0.38819044107340817	0.5995331196615845	0.8681513319325855	1.4800770630922737	2.395614610180163	3.702749893891238	4.793784892078423	6.558559276895401	
0.09673309814881886	0.14480295990562525	0.3836423311544189	0.6883355456204525	0.7925515732034366	1.4121899320443858	2.521577524981222	3.2805062078591787	4.672468307431226	5.540608479830586	
0.07868964894447386	0.13056071732287403	0.40519311693927745	0.6981322260304269	0.9752018025892996	1.4758668260205003	1.946185521710744	3.67069053119714	5.078983518835955	6.841867831370811	
0.10717774741414535	0.1342289072045471	0.3354614592997868	0.6175277155696418	1.0185536481217208	1.3770536312728008	2.210005814477178	3.28910519537617	4.8933816395379495	5.02512808624248	
0.10057585721391873	0.1357015653457111	0.41823857604226394	0.5414969623891384	0.9581847988206257	1.349199888606929	2.3037625659083467	3.1373957168939826	5.027433294548911	6.455939934796416	
0.09723026068029848	0.1434715223864942	0.33738366141287507	0.4983705650329457	0.8506358877772732	1.421635577599918	1.6493451331407263	2.890801574507897	4.5632792695868964	5.863851052408663	
0.0799353658199756	0.1477864136627808	0.37443245194618713	0.5770754612821218	0.7600664842366195	1.476017534232448	2.0778247453814536	3.361821183041082	3.9085618390797063	6.848695107003868	
0.0982875369076695	0.12125460860912991	0.3626589945968531	0.46896096293452827	1.0154158019783488	1.2598383570357397	2.255879035179426	3.2928026410733615	4.565857764195589	6.582265480471478	
0.12415426154120804	0.13699261876097363	0.27772547348283766	0.6420860457097092	0.7700261978689709	1.4897580921445015	2.0837303640156173	2.8274597474717167	4.131200631109327	6.390937400014267	
0.10271992429983934	0.16473494109395945	0.39630458759272696	0.6510540653861459	0.9535322871221574	1.1369216971014697	2.2116552949750674	2.3327911605331586	4.7984557971453325	5.514365787909915	
0.0991046880717533	0.13188946179408914	0.37855877621347916	0.5430807948520009	0.8694119388420719	1.528428701184585	1.7511682037964158	3.781477920905898	3.996201346284023	6.651578619294563	
0.09013823586838172	0.14257045334597715	0.4265570690391008	0.5868022223100775	0.8685181552548022	1.2028717499505752	1.897707055388927	2.8816223067530964	5.256179137629025	5.975538923904107	
0.11779531170349351	0.15531704077194713	0.41974159326802596	0.5916524293881344	0.9030477214132291	1.3273571490065665	2.171438390073092	3.094231095018636	4.247304297248262	5.930720460306631	
0.0940266792504746	0.15329684460883822	0.3851788546848235	0.6261541445880169	0.8178852052809313	1.322753946448027	1.9578911291789147	3.6758513364688863	4.919323471200034	5.460107974899237	
0.1046599548058151	0.1363378899583874	0.4115246712582194	0.6881923999947542	0.9329921448407071	1.574052972431975	2.6461995006312358	2.848827125140273	4.512426973969389	6.35593933180202	
0.10556703687897276	0.12869151930376085	0.41448388392342755	0.5785160182077211	0.8268626509442097	1.5227215618701786	2.120005856800275	2.9437853684322617	3.9644997440144625	6.2707083134034995	
0.09390699559397805	0.18260945035441964	0.39661599147641136	0.6135569894834371	0.7932057520105587	1.3820964782563894	2.0874915564546597	3.482956255846579	3.8986234979347514	5.922945043895293	
0.09364024145610501	0.15428217449237577	0.42270726064866004	0.5640850573289171	0.9292408047671127	1.560002631186152	1.9219339071824417	3.122518302520839	4.256563461245035	5.269545664583038	
0.09709163959014466	0.1312927802257808	0.3438281769907156	0.6625999432025165	1.034618394892994	1.3341668949786407	2.361279700450745	3.5862308186931813	4.46921101813995	6.634211529756909	
0.09060064940227876	0.14001801105595288	0.3337461950788667	0.4766091101325773	1.020301173086089	1.285919311768372	2.091484955581853	2.8629671541635657	4.985647617179897	5.7962238418743395	
0.09212337721920257	0.1559794379541515	0.3568845576900641	0.5217295942206159	0.9912990019139123	1.5945976376646864	2.2288770903718014	3.40407994271973	4.63489352791249	5.972264907408367	
0.09208316168151201	0.1487637362015585	0.28916241158002404	0.6073536266070404	0.9167318393928944	1.2989723074233124	2.2297289781096006	2.781932628505713	4.18568590943143	6.533417437649278	
0.09913225320764954	0.1554092887933259	0.36186652290621124	0.54821377267262	0.8954429610341379	1.4927039884970197	2.3527335652135752	3.003785007321067	4.3685155906163695	5.806045586108375	
0.12181229546679673	0.13467862559972493	0.4207180388765445	0.5848103806114959	0.7922496319288629	1.4093334167850673	2.144821567637891	3.200458556782112	4.157564593939222	5.831646315496	
0.10477646237524835	0.13371354456875667	0.3898856963583268	0.5641670141011877	0.8577506622010472	1.6575971809393542	1.9021006793603668	3.3270236908907798	4.447496925958737	7.015393975514925	
0.08554009600733872	0.15499748675502986	0.31613438349264217	0.6163625319822504	1.1528337193456015	1.4911956385254925	2.132531756789053	3.810469672874572	5.297890370554109	6.5870758782691405	
0.097093896162256	0.10534852267271248	0.41570167008511105	0.46351767716025205	0.9106622101704186	1.3655510358921712	1.9272882912888074	3.420894841706837	4.848702119619886	6.097221263410496	
0.11484954799821692	0.1462032884994308	0.3905843589214743	0.5800672603278735	0.8509031499484163	1.441460500323211	2.399989462987953	2.8204657256557883	4.001465775547525	6.090484750100373	
0.10195450152493823	0.1669842479422395	0.43952584969625774	0.606768560507641	0.9632211100364998	1.3478494644013248	2.244287418327174	2.725603162542958	4.984461765613065	5.56029557635497	
0.08699904582203093	0.15565288896278506	0.3916336412967075	0.6304215509317638	0.9084433336372334	1.478129169880134	1.8718059115433963	3.2216494386188863	4.555178152220738	5.702723634451134	
0.11279501176112289	0.16148643447971828	0.37504257543399255	0.480787035406936	1.1037984986603213	1.5148522593213023	2.228236259491245	3.125389204640663	4.8698526061354865	6.3071289666511525	
0.09513508201995617	0.12744398869622617	0.3491473402567653	0.5804912475281706	0.8787022349086715	1.45791137733845	1.7450054768857366	3.2426624128853634	4.136693127251855	5.744113620890275	
0.0885058604462332	0.12977399417713953	0.3465599303963992	0.6582712400308172	0.8947844698558401	1.354198003788841	2.357960109984359	3.5023446207844744	4.08616521879653	6.414451260994326	
0.10520573975623607	0.15451170885620416	0.39801301447393284	0.5932519630671864	0.9763201142978246	1.4202034105132906	1.9737342527369217	2.909588132447617	5.0957610820657315	5.295959030799019	
0.12038201623227068	0.14654270338623945	0.3751566051739124	0.5006230894119538	0.8170287990606997	1.4210059271021278	2.129674559358456	3.062665219586252	4.135004671985096	4.842965083045634	
0.09115326384044525	0.17401184524388705	0.33824623048903385	0.6528299362557146	0.967696198558514	1.4640555887050881	1.8364207840440454	3.20752797127164	4.442886712498298	5.851770863470524	
0.08188763627950012	0.15087359655229218	0.3625253361587263	0.4925596970047203	1.0196602715871985	1.6190013496165347	2.1143601614254237	2.9834385194516293	4.4825770359264885	6.3014123821111045	
0.08841717853081027	0.15783535539389415	0.3431143826461862	0.5275724458832659	1.069832266120215	1.4767151031991446	1.7912530459304763	3.167720220969626	4.49723072539851	5.973903932618086	
0.09416748941585723	0.15898642781524777	0.37700152745283994	0.7345219888943506	0.860407028420663	1.623330948031212	2.328714308427305	2.8825547088428785	4.379494220315682	6.351625793474677	
0.12294651457962652	0.13623555101929838	0.3222212386353646	0.7090391065061459	0.8817194414762707	1.5418736016035004	2.3143570140948926	3.100239329674305	4.902818538876666	5.791070051609566	
0.09306068584555684	0.13624434950595832	0.3759997238856278	0.5459021434551772	0.9528828130510605	1.7000607001893249	2.215959099390314	3.3545010045181405	4.830908735100753	5.042019552715217	
0.09968722774465356	0.1507577961017579	0.3862885125661525	0.6928258130206616	0.8016186962679701	1.2479417615199317	2.1347633770363923	2.815923705000712	4.1554931544800615	6.290737398315697	
0.10866901569343197	0.17377402968478892	0.33751819620167267	0.5874087958751427	0.8251036267177934	1.3019658709414335	1.8429377173368076	2.6328583472524594	3.9843979446815276	6.124367752258809	
0.10627172769352454	0.17967648677282597	0.47237988412266424	0.5715425801851054	0.9357491336453668	1.4377059292877228	2.020496087024802	3.3440814938093633	4.891510646233589	6.422639680092982	
0.10664840571334185	0.14248002595722128	0.3950501370395603	0.5457252813204533	0.9441851369038501	1.4151732594407673	2.789637782791954	3.4548020198113205	3.981792061201106	6.76698245444498	
0.11384709867479022	0.14842078303579462	0.402986340724675	0.5775404855551229	0.855634017847251	1.222187336711638	2.025284253800375	3.9744451298713406	4.194971726075018	6.322196529697632	
0.1117909998003507	0.1306377235649916	0.3464371631660463	0.5973135698914431	0.764377336462082	1.4308817543806425	2.0169094069388196	3.4546943442365072	3.203448603359461	5.525704474919415	
0.10209052843903402	0.14151180897794025	0.3963448266383797	0.6100874752873064	0.8931618769188431	1.2765863387638998	1.9767000128407877	3.620927284290734	5.003447420381716	6.058991278426788	
0.11623854648248684	0.14371935466036798	0.37573403522890536	0.5335886006163576	0.9756571704441298	1.6894342311510147	2.195661057046736	3.117921016427621	4.630112008966552	6.350148016787401	
0.08732672406341777	0.15188927319407367	0.3548728558301986	0.5710172767885547	1.0062843268639976	1.3938624456461803	2.590508803049287	2.933923634433333	4.856291423637016	5.88063099065967	
0.09931393773728703	0.1410668913687426	0.33390131195883993	0.4516288541767175	0.8565869053098089	1.450197311609262	2.3590187989358813	3.2164604090103954	4.894355736437347	6.3242094966462865	
0.11646147553333641	0.14241582237786352	0.3400589606913078	0.6931150251381574	1.024026369662887	1.4182393684228032	2.183327624106714	3.175540012887803	4.099352495356799	5.771104293567525	
0.07153638744732385	0.14616066880867604	0.3931395138109693	0.7351967638733578	1.1486909224888473	1.3488996268449447	2.1947459432413177	3.4649058388420793	4.556369533232546	6.344168040883898	
0.09315313020435344	0.1200890520928662	0.37820113589121446	0.5701716233464328	1.1218140439751938	1.1923810959588934	1.7597936569108474	2.678421012606071	3.8502889370896076	5.986344273748705	
