4	38
0	0	1	0	1	0	0	0	1	1	
0.38568859303274705	0.9170737386338802	3.9953821519302997	6.382857701482889	
0.3848136405074979	0.8498306204936689	4.540409433122243	7.453461361900764	
0.38509150823103255	1.0761106773276727	5.115279379527542	6.879362338248089	
0.331628646845405	0.8310099647202145	4.24936075566317	6.02551394408981	
0.3879185720450015	1.030980132946202	3.1493246842730307	5.907492083368893	
0.3488457730674667	0.9487998721458765	4.545030625764298	7.032242406091113	
0.38944288775806435	1.0195638831332725	5.032057802222375	6.212385368532019	
0.3480146673445287	1.1697044343781648	4.480704059238932	4.7880892061620175	
0.3566641816548876	0.9227926422840635	4.039730331526131	6.0775147341000055	
0.3754793213277534	0.8932067585758491	5.150119112454945	5.263737801816002	
0.35295725106049003	1.0136595253605185	4.178048465217026	5.967497623930975	
0.4094856346864136	0.8396247691652065	4.648511714344188	5.452429851061699	
0.365682730929586	0.6681927596720644	4.840818843078411	6.253466772779237	
0.436325809361508	0.7610520206509477	4.843849188619686	6.419419254322307	
0.3657344189732886	1.0138743477901224	4.611001310623544	6.074988529714477	
0.38498654054562004	0.8896048006932419	4.50381814520338	5.525480752890866	
0.3983891243804396	0.9626919066134402	4.156254845131189	6.142559025516146	
0.3073322882977272	0.8952004574796383	4.761244599504356	5.707091239032193	
0.39304432542246004	0.8805606895934917	4.4095791164187705	5.861890507847805	
0.36721840917565857	0.938013437328307	4.509097052628182	6.355720071797986	
0.4421403101510276	0.921687766049322	4.664896673547113	5.15068345195833	
0.3480109998808863	0.8934619463117149	3.3145870664968973	6.011484535921031	
0.4486696539222063	0.9576541837422126	4.897341425663379	5.721182313351207	
0.3563317461981152	0.873082245087046	5.307568310210145	5.597407208101682	
0.36096746120555623	1.0682828440337988	5.061326538214688	4.708320584804636	
0.38760668666184184	0.9784406013809669	4.804890885923749	5.589860210757363	
0.3700022057365625	0.9986667734300586	4.075274115751957	4.684859317802167	
0.38088679165584644	0.9892566436513578	3.3085248524915376	6.170535041162284	
0.43003344446665615	0.9293472034821827	3.859759646182204	5.037798832580982	
0.3941899688889866	0.8845083228957137	3.7978053337672133	5.87579891923194	
0.4048836983681735	0.9557209634131407	5.042012420454324	6.267084300911909	
0.42586771696221104	1.0316337212773534	4.552335110925661	6.1779876595503795	
0.41581759752000663	1.0946728033275848	3.4532079682092336	6.468385829760772	
0.3654713556891432	1.0562852372075817	4.0459866706352114	5.064704407401944	
0.3916807985152588	0.7291758127860095	4.698076080726857	6.074674861417359	
0.3885116431237706	0.9173091506062084	4.054594857153894	6.073010033591096	
0.3704754216968163	1.0485905184926598	4.445951264535667	5.369665532135616	
0.3921316862415955	0.9035069214770396	4.520970057104964	5.705816051444507	
