8	92
1	0	0	1	1	1	1	1	1	1	
0.11622947506527406	0.5614007297506949	0.9699353350397546	1.4921981097642454	1.9930860022352914	3.1949513164430314	4.65736095106306	7.517747325321528	
0.08924244384101158	0.6244405195155992	0.8633881338435777	1.7507601780796036	1.79419777733315	3.1324679447714168	4.472925054580208	7.162459921733346	
0.10295079906155036	0.5148251161468212	0.8591019175749796	1.501283558157338	2.1895126082327927	3.23907229273826	4.149698796011185	5.076693027447895	
0.09806281190871718	0.5722128784708844	0.995732442332402	1.2269788725563813	2.0957919771516296	3.946748425012512	4.621971560117155	6.776086821481348	
0.11209227049902011	0.6865990184122194	0.9301096069832383	1.5212873931447255	2.120500126970172	2.4873490370384372	5.258599321210384	5.59314500574094	
0.09754938336429864	0.7063181396120835	0.847949854706485	1.4201628332146476	2.3821559406637434	2.643438594366739	4.536230235888333	6.972944394384244	
0.10139835038329754	0.5927541095738045	0.9505563027728805	1.3610986617095373	2.6243241042656917	3.739082135989817	3.9678207096949625	6.475583842597555	
0.10031836930984972	0.5390709247323893	0.9951068399537828	1.5452843192393468	1.8438851135525052	2.9987787037284495	4.525527883078845	6.612384738233631	
0.10748707779808263	0.5618617535368888	0.8211668291079969	1.284819377534434	2.343790341547838	3.95478443211715	4.43443780506911	5.838664936722995	
0.09761865994223995	0.66610134527394	1.0016883824921419	1.683560922128721	1.8408651450260098	3.7420148262386594	4.650963767474037	6.046517954181603	
0.09286971324740162	0.5870807734305703	0.9295366123761661	1.5277160454809302	2.145635570880238	3.411689004427741	5.3371541211346125	6.684637992585463	
0.09524118223166916	0.6305933462696637	0.8460668859858516	1.2561384353201246	2.2603586700014078	3.5414115078970583	4.605951053787754	6.560787831204275	
0.09457920815536865	0.6447862572681368	1.0096122852272242	1.1429280652940241	2.0984388682865935	3.206391074136489	4.246815464982859	6.343281692735392	
0.10125038999444169	0.7052351470714618	0.9428125919769959	1.548658277196352	1.8783189620375678	3.681476538577852	4.399970877974141	5.808691960989602	
0.10766925590538977	0.625852148527069	0.8108183198086466	1.3782579647930886	2.456858643195232	3.2140439294932097	5.040699513641397	5.203149006376178	
0.10468519552870192	0.5272282935639926	0.8664232066230886	1.4930464534558165	2.0758457807265533	3.807257593632829	3.960691279758606	5.007039805425313	
0.10251047010142977	0.6487117089850402	1.0235344569395346	1.3882173626065442	2.254639233013499	3.420060852362356	4.747067883226018	6.539674853095379	
0.08936833973868868	0.5955805159199679	0.9067970601270655	1.4857267724722678	1.9935282995890153	2.7497115621107366	4.535778461229128	5.7366012180986425	
0.10385081001847532	0.61108362253227	0.9351569873507779	1.2548314293838365	2.156690903356964	3.0564043166152954	4.6873228550758705	5.901149949547301	
0.10512779339883507	0.5579673030629332	0.9491403212552697	1.3131587974194012	2.447689520688021	3.5083021489660116	3.6569559633819497	5.903545689204586	
0.104096888540023	0.6334587940210067	0.9464096343801525	1.3729693321611598	2.233839014514258	2.9133981463689227	4.06272134027633	7.789862528469987	
0.10358462514507992	0.5590652833877731	0.8160351988516155	1.522189253834909	2.358638413278343	3.4520564287997253	4.006687489075509	5.905120177602156	
0.13044166877886032	0.6115768961385379	0.8944247523936614	1.2558095513399665	2.2151729751269373	3.166811746504056	4.10793611231214	5.202429321989843	
0.09900324553286313	0.5932141155159972	0.8907803131759848	1.3062489806139643	2.3981012348861697	3.0908992656942305	5.22946143523074	5.353713257101096	
0.09918466713639001	0.5343189248332693	0.9972194406661485	1.308646690331922	2.460580993590348	3.018461072656599	5.272589362222616	5.719834424929146	
0.11101979747119915	0.5252915866317942	0.8296304934051136	1.267302025607347	2.0409952681810433	3.221568637010152	4.820378648512433	6.307448197140822	
0.10646025715915677	0.6816588986607987	0.841467025275572	1.5901463647961145	1.9973780829651004	3.026571695051829	4.268538260085245	5.714029982838105	
0.11020011627702292	0.6097027723158537	0.8658160898730449	1.3831041890614162	1.8855911110960017	3.238014353519295	5.717483587747829	5.738360259261206	
0.08927813234321834	0.6435120619702263	0.976164537667454	1.3904630307318995	2.5060285034851653	3.1504247651033856	4.64209074035875	6.701952910605347	
0.07804495138507594	0.7324757856923613	0.9128881538128469	1.3336067685323865	2.16504115483952	3.235757482166718	4.705195346325452	5.625206426107059	
0.10501138691562079	0.548556161956832	0.8087126993744428	1.2869015670571542	1.9504614078091531	3.769150177133899	4.42018818801621	5.43981396662325	
0.11324893361256538	0.5755226380552988	0.914917173697876	1.3327522878925966	1.7546037568808281	3.3121379721933506	4.910909102101276	7.1330880299335675	
0.0805351288845838	0.6292888275116378	0.9881270023965327	1.3944518356235658	2.45796255575655	3.124773578960894	3.510269528138586	6.576443020266646	
0.09890170205709665	0.6582716354982883	0.9519362991083037	1.7824836643268367	1.9781676792277638	4.3221100806730135	4.839113092556753	5.544288411431345	
0.08623887371563332	0.5823679287587986	0.8034341463827339	1.6075244324006546	2.1314052088030007	2.9575028629578175	3.8925338291976948	5.938793304591439	
0.1008750259910253	0.6438809005337525	1.0102496130658702	1.6063245466050287	1.8914865688465656	3.2510847969190153	4.735510160822057	6.350355734311522	
0.08913744103703351	0.584457543081113	0.9583715201299976	1.399494278034888	1.8816756090434674	3.8032603464253154	4.02540787261945	6.903695506734171	
0.11829579937981749	0.6573589174948188	0.7754519334574733	1.5556031974482034	2.565475393525338	3.188416197118941	4.509385279287407	5.272809027301191	
0.10452917875834455	0.6205493166030943	0.9448531613923508	1.6416084972936658	2.1482321384279257	3.468414106873383	4.633100936558994	6.89215416124639	
0.08529437032273855	0.6197239617621612	0.8701125619399437	1.2628561058972994	2.1972863825927833	3.3568416270926864	4.478831015470332	6.35205295122792	
0.09348969204734503	0.49929663132445146	0.866768589666323	1.3221339049759717	2.015059788370536	3.2826298978816193	4.507427187523822	5.642353524194533	
0.1160964542060115	0.6642697376858132	0.9371962377003928	1.4780994882917136	2.3360296111518566	3.1056110193009823	4.592239934025302	6.467683576629224	
0.0923680744774341	0.5831816388456873	0.970108095628786	1.6340985821192382	2.2082677345482455	2.920104604412582	4.4379956671888605	5.780409873138714	
0.09919317015013025	0.716833265691463	0.7798702992355128	1.5106687750799708	2.086515280813849	3.12680409956383	4.155762905738658	6.099568150921266	
0.1109627435379788	0.5840387452744348	0.8667406966338566	1.4838425599809044	2.3244181893324782	2.7138355008638593	4.833038909702952	5.657080766157494	
0.08908803865526048	0.6150010632093904	0.8834473536906513	1.4164768968038015	2.229600649432108	2.5788745691580153	4.60864076853892	6.567855662779332	
0.11196276539075195	0.565205912937927	0.928282236471936	1.4307174022680056	2.338154853290462	3.204675684098604	4.273577215493015	5.56630220366842	
0.09510802502878805	0.661525367313715	0.9409464597772608	1.5651843683183688	2.085448595079627	2.865079323277744	4.7533997107928245	6.755968388205217	
0.09774667471769535	0.5756174373393239	0.8219252723715597	1.3932940804395424	2.0396969546022996	3.621379206609733	5.555680135693565	5.061476983423028	
0.1292341218936521	0.629039957726064	1.023302816781491	1.7128567886175792	2.202137607450763	3.5016617788798903	4.570233456385984	6.830071674560302	
0.09254467198752755	0.6474001137532591	0.8439081953525438	1.7307562754701087	1.7123803879858142	2.9879269740834826	4.434872617887075	6.470508693091547	
0.10485508508599609	0.5860500331812197	0.9947106910414637	1.4335576803059076	1.965956427581651	2.9799140412901366	4.214053625375462	6.300839771308249	
0.12619017490751624	0.5885787240883759	0.9814240638550592	1.4246690021682409	1.9068289832680734	2.9260278650627582	4.803601782887882	5.949170977509712	
0.10950781945086414	0.5625696294519811	1.0495396680047588	1.153443945093704	2.0594291710452186	3.6612811733779718	4.1037778727030005	5.561573156097662	
0.10837476434086175	0.6320147651249778	1.049928020492002	1.436716214793412	2.0616671669319726	3.1056968587367924	4.792409633508634	5.456103594065641	
0.10198688012500595	0.6267885730505571	0.8649021771318849	1.3744816873048045	2.063009514598684	2.729923078960686	3.9447269468259316	6.5870786569240725	
0.09790608104282796	0.5656075531785862	1.0094092262383643	1.3654509535495467	2.0705065658714967	3.2326925620597096	3.6597062262736673	6.059665254170353	
0.10060106136291054	0.7125043239712451	0.8926672310864233	1.6280978389342864	2.151702110764763	3.581330059291549	4.091449776515248	5.846525614481281	
0.0863898928703306	0.6506174545551977	0.8010317208973713	1.5154546040682417	2.087720995312451	3.0357358942860397	5.363624173228919	5.312006110069009	
0.11074418266735452	0.6320343322723123	1.0065555216775262	1.6733639525652664	2.072634918008467	2.4450192091743954	4.527910568461203	4.59086866181794	
0.10030725854007355	0.7427322581129207	0.9927531408275568	1.4395810287251845	2.146608346092833	3.7416218298666735	4.097708881676729	5.357635207995629	
0.08566432487986689	0.7447890030106622	0.9563580301929192	1.583694127652139	2.141445742577548	3.581284523006177	4.785434357102313	5.646886535433774	
0.1022768994217413	0.6258163258445766	0.9088111491708575	1.6020231692487463	2.3786499243237675	3.246165088599354	4.7908010656929845	5.029249994310271	
0.10625368641548266	0.5334655548671587	0.939525421599043	1.366848402372514	1.6592756739230143	3.1996811920327035	3.7673760063312454	6.1802317204596005	
0.08970504293276571	0.5256716708560706	0.9302031569616105	1.4786927240710641	2.414384291620022	2.968232042097518	4.713656955308915	6.005822704927674	
0.09723918105307211	0.6606756440660515	0.8895530687612361	1.6400939482635986	2.1469397637900127	3.073224500771057	4.496083807046083	6.309710886257145	
0.09230490490620001	0.6433207017893677	0.8570675953875058	1.4971675277894985	2.1676914022548863	2.843861141886958	3.744854743255856	6.809856865423404	
0.09833314353713145	0.54052502140854	0.8781815761300188	1.416948695309281	2.4145485208433075	3.3446676055003395	5.30713903665874	5.440040890137041	
0.10587969091383316	0.5458171926011242	0.935014968274649	1.52119948424942	2.191540946472938	3.2923846945393285	4.685488702078476	6.095939085841528	
0.11183839586577977	0.6455533039568833	0.9566304647642165	1.405210085999286	2.144674821509787	2.9041394461066106	4.665787678478316	6.287861728341902	
0.10832181876210337	0.6583342112442006	0.9976320468678154	1.3054846191596186	2.2959468501823292	3.484766418646593	4.5126548684416035	5.7971864705746565	
0.07099227943496127	0.5834520623054069	1.0626668147721705	1.4405847355984331	2.397437079744474	3.299881889240912	3.82153789078665	5.2989008525116565	
0.10830594473593372	0.6134485389457124	0.9862383189279125	1.3296026413479494	2.0256892097373806	2.9590135834037827	4.5129986764574435	6.580552160898137	
0.10818206060338986	0.5861830204876971	0.8295115002923482	1.38163543003319	2.14813497948138	3.1987556291397112	4.966220621550394	5.909760155621339	
0.10885143071024139	0.6083541868879895	1.0430899817200034	1.2551441026139154	1.7472706883244773	3.593010282044103	4.599036870608367	5.251870065957108	
0.10162484015874469	0.525264906435066	0.7715231695438133	1.3929441289408364	1.9866504331029327	3.8734201776089785	4.622331108204529	5.663378912985282	
0.09685765715582627	0.5281396182507551	0.9183806487704959	1.4786146437737164	2.036419172093271	3.0704673786431256	4.829076925101445	4.785550655426056	
0.09528325590464043	0.5829122979123949	0.8353469319752689	1.5982461829214885	1.9822398701719264	2.5452434278520375	4.244317967764233	6.985164957380913	
0.09187878518556634	0.5938802156810924	1.0237145381455155	1.386062244080791	2.1304037630880055	3.072918199171125	5.209331115385046	4.7246914149895405	
0.1131313963911495	0.525834363328616	0.8911759771432968	1.2835141902070974	1.9104111165275484	2.8504663668531376	4.3611895475795635	5.931792687219383	
0.0857080785456885	0.6046800656326964	1.0535130815307259	1.3082155635085453	2.3054833876825445	3.1847900227185266	4.012927512825106	5.342852469991878	
0.09667676435371396	0.48793416482830754	0.9344945267978246	1.5555440892636638	2.1410283876993086	3.060994264348287	4.308768624435586	5.778238177202994	
0.09615840720901708	0.6058746201216428	0.8382652970282193	1.1595876727177816	2.068816772789633	3.2721066441338804	4.010984477214834	5.4620024444382675	
0.11155182814983117	0.537844730394047	0.9351170971087125	1.3334062791607701	2.2196916507604922	3.1078120345214812	4.562735400003296	5.935898549507013	
0.09498841686998184	0.5919597202639274	0.7355929670517031	1.453152255083436	2.081111781191886	3.4349987255750185	4.214879614134478	6.160008974136038	
0.12839497226414265	0.5262161511266954	0.8629255518760042	1.4866590717093984	2.0359618148555145	3.3553409255559288	4.702424170189646	6.376021201551444	
0.08770039207037073	0.6899471102953202	0.650352350909041	1.4986626577659679	1.9008277937837295	3.0157700953039086	4.267729778540762	5.05411797878286	
0.10539470418265831	0.7019488457128361	0.8492234984658932	1.4026468462097599	2.2301401814851816	3.1293823434652697	4.6149896126364185	4.907013776704842	
0.09000244051981549	0.5438300912811643	1.0754662736882024	1.1960087873056082	1.5951601961880064	2.862398241630668	4.118369316012345	5.646154059924759	
0.10035588540307971	0.552709909182344	1.0085222074805449	1.632262955782308	2.4315187102763534	3.077611848863697	5.101665692578124	6.313246115937717	
0.10979111353642	0.6041037733411868	1.0174447911952844	1.3841726606857125	2.0496283233501194	2.697335336354553	4.8158153083217625	6.255487913205638	
0.12374495496530535	0.47143339691061886	0.8936274967113247	1.2986680457287887	1.6854890085051972	3.604545231175107	3.8075538356360092	5.799730222290515	
