10	86
1	1	1	1	1	1	1	1	1	1	
0.09000962752815002	0.13921141243109333	0.358491824104906	0.5719116335368692	0.9319507805030285	1.403615253659527	1.885430059768998	3.901601049066261	4.07793126818926	5.438767714341843	
0.08640771901127074	0.1344359840967115	0.3439608691307434	0.6105478654479759	0.8364076310875244	1.3085459902178187	1.7588034854529213	3.7076299632677863	4.911179424972873	6.481785580591468	
0.0984389718387104	0.13438510799605233	0.33200608805511594	0.6429555961044968	0.8526618242257518	1.6091844759484053	1.897296783271187	3.629736850108925	4.62010982764556	5.834803434773126	
0.08737997869875065	0.1510309201152061	0.4196975368685631	0.6282595974296629	0.8305685524220805	1.2231467157524911	2.4750120582892023	2.8832403869968464	3.843998375034338	6.181452540950469	
0.09468982883055498	0.13875204185955944	0.37443473151981105	0.5925235862117194	0.856088841694993	1.2022766680418793	1.8888030173070987	3.21408238446147	4.214786901633052	6.781648316051278	
0.12028614116544888	0.1470383010920141	0.384217530414428	0.5321000042601934	0.8388216409597558	1.563134035481156	2.091444241842229	2.9288323287097158	4.163875445754446	5.823927123917992	
0.10282459139124156	0.19935313668698618	0.42352504524925694	0.5746955861369002	1.0711099588554536	1.203549974769302	2.3383417640017647	3.3210380918721776	4.413811611223553	5.561755021732811	
0.11960977045336806	0.14411668035522102	0.3657607946514924	0.6238579067186616	1.1439009163756224	1.5227722652484685	2.521510642952769	3.997747224523011	4.4143196803177025	5.655248852701141	
0.09820720616652451	0.16968012323153797	0.35565005065178085	0.6361185944143503	0.9932096694749497	1.1392122725583707	2.177718387082543	4.044504735591349	4.9440091164340005	6.371275565914525	
0.10633122312456343	0.16485383587049993	0.3565878724816418	0.5520513619265062	1.0191058012118486	1.396885281049345	2.220862539378217	3.515271238490554	4.616948350973127	4.986390312441903	
0.11429079970832329	0.1388630052296778	0.4458009556093828	0.6617883980813793	1.06400945511005	1.3623255803177505	2.037683594009595	2.7807221829384487	3.595075530750896	6.771704050995602	
0.10742587287030603	0.17966486997961006	0.43287024014977304	0.7592752591901928	0.9943896600534877	1.336923342666071	2.2708364807684727	3.577884593342592	5.352223561420057	6.730304560532225	
0.08940479035751822	0.13748281025971976	0.3403100454989153	0.5982404589030013	0.8391519329910958	1.5473448749201608	2.128520374060488	3.257293696762314	4.115846035259439	6.182183427771058	
0.11527823173440405	0.13631824432588507	0.39336313695002934	0.6091931041689675	0.8260053825601437	1.4665048778500147	2.32271728166639	3.50464740516415	4.700138081090548	6.939324025711096	
0.09496931576866828	0.14922107727386988	0.363784103658014	0.6362979732661872	0.8732989030755817	1.499732600273654	2.052545029036087	3.0545507861757106	4.522726168378341	6.589497456208775	
0.10183497996814753	0.14085240012288577	0.3571423319095473	0.5694601475199998	0.7490555607218378	1.0373047714876558	2.742473534912206	3.3211161073724136	5.0808894504056905	5.831406504121876	
0.1088766402601285	0.17024899631723434	0.3087790110208225	0.49986818706306263	0.9362881280207895	1.4070850064538136	2.3631093732832613	2.8418147829473135	4.4941653163385915	5.878683819024532	
0.09345123931676909	0.18132448986609256	0.4100091880849317	0.6885785412443554	0.7877405716551326	1.2794604990124563	2.292125061372498	3.3745185104245046	5.070895555232643	5.3171971451050535	
0.11156156035924303	0.1508611161056214	0.29519816982789954	0.598367998396355	0.8028630527771649	1.3442379749458813	2.2998231427301463	3.0644989360198402	4.684347227897321	5.797750901288322	
0.11271014330366035	0.16721937373655948	0.3965968658486641	0.7168736321254278	0.9477935175564606	1.3456322847740312	2.3196865326925358	3.1479164035291247	4.574197382468557	6.987254353144145	
0.09121739781919785	0.15635654082916392	0.40253165297165405	0.5504603032594688	0.834880804685165	1.3131024252117576	2.47125777501272	2.404494592111941	4.050949525672936	6.329729098373563	
0.10422988896949069	0.1539942148528214	0.3942920847167064	0.6988802354356944	0.8804026773487602	1.3323855070932618	2.0931723143545233	2.984910831739005	4.3934939632765655	5.786951736604872	
0.10477156146304123	0.15636937941379295	0.357398587194385	0.5325229393917841	0.7733335041305787	1.4408949694665765	2.3969075369370776	3.085562485667013	5.330176289288426	6.496554936302859	
0.10377720135335232	0.17705157062835425	0.4115851882607621	0.5866361084871373	0.8551467045787728	1.3151723781575089	2.3007447255066853	3.755840438906961	4.091470928452413	6.184039322805946	
0.09637150044448348	0.14920830583016095	0.42363759244017335	0.5878677572765257	0.7979713898674748	1.2967800293531744	2.3250872450906805	3.2174018328050433	4.662520132096798	5.8441850643206354	
0.0993007108446565	0.15094222008246438	0.3683415331452579	0.653466609974533	0.8253215271940102	1.4849533444525798	2.483961828132802	3.6259036066769053	4.428314506991769	5.948155206772194	
0.09769754212216979	0.14165097697435444	0.3782148468015064	0.48545176513349836	0.794466666863869	1.6035156664167953	2.4444687925006723	3.171004220203981	4.3197929954351855	5.93643000887359	
0.09708878874341646	0.16133716040180843	0.31912829671706344	0.634995953631372	0.8398795726060994	1.4732532993337368	1.9082969992788419	3.583694890185888	4.626143762732361	5.333986543619354	
0.08938728902027425	0.14616354221655836	0.3234016593053967	0.582359508488978	0.9471410567988847	1.432490579744803	2.001031068812306	3.149680132899511	4.466137744112859	6.597640864465944	
0.10220384339360773	0.14474140607372157	0.36640525113852507	0.5966913569783291	0.9279259260682435	1.5904060942630736	2.466819013606811	3.104370447370009	4.630586442655142	5.534005744882681	
0.09485978634123328	0.13868968001718396	0.3551919657160411	0.567244817270884	0.8566502366584918	1.248304461400151	1.9354373483296	3.1188579254680553	5.052509469040012	6.378637371251086	
0.10277524040009707	0.1536940765300779	0.3942400477460772	0.5441471484840437	0.8395110970961643	1.2857239129811513	1.9995662799989304	3.1365133047539913	4.871794249340259	5.333689543358901	
0.09387686468445146	0.16084661021310181	0.36011840955979474	0.6898096834035856	0.93186451738018	1.6502590568530744	2.259975594117868	2.899174879321031	3.905606110173111	5.823367442836379	
0.09000788327693832	0.14745603200588808	0.3417724710333315	0.7347900660399768	0.9692997119147663	1.5591201605284803	1.9815874501093367	2.4797603199893636	4.7363381153530995	5.48550220418155	
0.10162388126370901	0.17751102588772308	0.40406536161726836	0.6869132574985853	0.8571081151245312	1.6609134253531557	2.1260989003979103	3.466496533342143	4.751380393909935	5.2126533762083955	
0.09200938203725727	0.16761423020640956	0.3592263871082869	0.5835221196761533	0.9680250896605466	1.5255835767192996	1.8061303112265275	3.3259051129748887	4.927451069699998	6.269527966191316	
0.08950531216053054	0.1595642889451714	0.4176821518359412	0.5523471616155216	0.9922693949411062	1.4563254307371616	1.8026331291631221	3.554221874113908	4.127511190423098	5.387779126093891	
0.09030752065490913	0.13921700306389448	0.3973234868425607	0.7128690629925492	0.9164160741236141	1.388617273503251	2.092988806064478	2.836145671943228	4.769169171208242	6.466215057155749	
0.1037445066555368	0.17299755042430723	0.32916068214563704	0.6912351449886788	0.9526220257086251	1.4511784774420526	2.2265140905645917	3.2667225311972814	4.054902121214434	6.41753272151293	
0.08518728162331829	0.13613911213611293	0.38739612832388737	0.6409454643929137	0.9130154408187103	1.3617801184522378	2.011913443218789	3.1934778804126336	5.2069203106576065	5.827994682460029	
0.09054030013340061	0.15319937036502054	0.3455627522068828	0.6711833289938592	0.950101931042114	1.3877871001590922	2.051850324653814	3.117503924762033	3.905464367394586	5.772667883329767	
0.10716258936106154	0.14429074125366495	0.4194862598629793	0.6864131607932779	0.8037731641767161	1.3274187479483643	2.500983885328901	3.3975263162735194	5.059614785979847	6.028160363765167	
0.10713358645767541	0.18618622249347214	0.4320064506694158	0.5492735410926206	0.8951059501403247	1.486002964537124	2.239558673325171	2.7800875941169148	5.059494074011623	6.542344823173192	
0.10346231672653759	0.14226134552609235	0.36370450907852137	0.6576559914459182	0.6186665874335157	1.3006161419750355	2.4093653683645693	3.3904831151034536	5.037209821803885	5.757050679824239	
0.11163792177760841	0.14245581827625073	0.4018220641333451	0.5915175783433013	0.8807784503257305	1.4471714965361417	1.8525271711824949	2.437010496316171	4.958760346634907	6.159628897391299	
0.09647546385941437	0.1322590570491606	0.3586726461131442	0.6161765137024092	1.0375527574028258	1.5847607853414907	2.3776998425487537	3.100735558093457	3.6425467406974725	6.2753357138249	
0.10201309140639231	0.15111455019890974	0.46654833046320465	0.6471256775531012	0.8298273153120661	1.5368030549979033	1.8156462559722066	3.29443392698328	4.469004712948318	6.302080910621697	
0.1030524755940663	0.14428035206457251	0.3537431916846821	0.522325994136909	0.9601530576010472	1.2188355757779705	2.0301719562515657	3.209432242359832	4.597858470142999	5.704272824951353	
0.10680344151746633	0.12489946715900142	0.35609078719215054	0.6662918511737304	0.9951580978767881	1.3179309865391688	2.01331034252411	2.9094705557695915	4.291000366710221	5.770255636328145	
0.09348066500224823	0.14178868314280063	0.336030778028739	0.5974130357865662	0.8578100458190476	1.515201384922564	2.1487960099666594	2.692821964516792	4.154671667349939	5.47924163475264	
0.11439416260191121	0.15273886372929224	0.35098464941706364	0.5593220422599735	0.8657612370121063	1.5631763920962571	1.996068891646716	3.462470972851841	3.8339907134761653	7.193240834335781	
0.09805246348369044	0.13470245719237123	0.368077007189781	0.6537842774993244	0.930452661279273	1.347960240116533	2.3653657678037256	3.921107827425096	5.334889534794888	6.194882077245255	
0.09690970904125347	0.14970922482636084	0.32844814905782543	0.6034481233406509	0.906720973448911	1.4631224092684083	2.0926625549176037	3.18041826703337	4.391392638340716	5.658348089709155	
0.12016617730586882	0.15534229812719572	0.3965286594400227	0.7229648172115443	1.041785234987505	1.0444495916271976	2.034527395017976	3.1113955325867724	4.0161272613250025	7.123500377033877	
0.09115138392798762	0.15678805312393668	0.36136256510950804	0.6362456307513302	0.9755967225649127	1.6804149777965214	2.247628774464055	2.9733359041077225	4.1505242720448114	6.445131398814475	
0.08782310257056646	0.15597059995403062	0.3306715477809217	0.681539584358327	0.8735344256094335	1.3743662575007949	2.2310951471412457	3.5929747559797613	4.55232964087555	5.204530787089086	
0.09940950927719867	0.14004182065378634	0.3562021418151351	0.5590447401784103	0.8471304075289191	1.4681766510227126	2.0045541321001723	3.47226328817392	4.2421677776261895	6.017007624608128	
0.09130114452900975	0.11728175642767562	0.41036742798412396	0.603414924907829	0.7973901196597986	1.4018074816156139	2.4838931854721107	3.3222991304343235	4.248561638028272	5.70012272825595	
0.10735982541490459	0.1612916386480831	0.36199276883156717	0.5694805026572705	0.9697201952763551	1.3633782161779964	1.5735311779599426	3.046843335392351	4.403060243005269	6.80659651473608	
0.09624178150701622	0.15774927586590934	0.31449127344706307	0.506661913235704	0.7950994419003385	1.3483838910653179	2.1755043142588684	3.5290630280488267	4.702833751472241	5.882792837642571	
0.08974789512822995	0.15035815005291445	0.3886159482456557	0.6121148314304307	0.8996280136963929	1.4578430005563228	2.151279848388898	3.4653365704297108	4.548565881607745	5.431870989664552	
0.1000297025037855	0.13922424994865226	0.4287039875182299	0.5558873127088886	0.9054615880706401	1.5913979603823831	2.17604007888072	3.6256882070636345	4.727298465405553	5.372758062636164	
0.10621917040727724	0.15605187185101554	0.4233488755323898	0.6431881377562645	0.8750328641498994	1.621009502025276	2.4259371761442794	3.0943410275881003	4.3952211649234725	4.709360580385933	
0.09490612465433851	0.12896213536424359	0.37566574966171473	0.687904353199667	0.9804036848863897	1.698686300964906	2.1451432805119457	3.4054327814884107	4.63797177713148	6.119385002630013	
0.1266305503501304	0.12051370229134198	0.3336116881144859	0.6180762777589534	1.1457972441469477	1.4296070519114468	2.2868337802198875	3.1096947849457015	4.7092151263634365	6.131278632416958	
0.11142626419057694	0.14584904063477463	0.43095747001148454	0.6057303958902183	0.7100991536316286	1.3303153809896324	1.6449708354628616	3.5448365314227863	5.405218815924403	6.0432866620120365	
0.09356165471503541	0.11318608930692803	0.37435720856596105	0.6095179309521492	0.9146585996019738	1.357753482303045	2.5848730145966115	2.490744022080416	3.9954301702509865	7.160510283732968	
0.10892015173154286	0.1616429305562622	0.4278958145756011	0.5885586810411113	0.9222339452548336	1.2748811305949357	2.1086468040768045	3.1657518647367096	4.512314699271645	5.157802213024722	
0.0977653966981631	0.15275077082242391	0.34603379829631725	0.5538212589015976	0.8376884255723486	1.6010022951704665	2.223518598007271	3.583894574540296	4.567842361941576	5.082693370407444	
0.09953221723473195	0.16540621362810906	0.3791181704221345	0.5830450453484347	0.8559417351516843	1.3496395376642925	2.4487104310433203	3.4080065480856163	5.345922213755492	5.209950971772863	
0.11349942792429997	0.1484036570802495	0.41627436534798523	0.5946321005575647	0.8446554239268587	1.564840007085259	1.8728998566312696	3.3712576326869943	4.543485665892638	5.799389889380767	
0.10765275682977066	0.15374318056285638	0.40770387880765147	0.6798063649356797	0.9116220397530018	1.396677555238771	1.8627294829318874	3.807271664657429	4.300355691981162	5.725073108937668	
0.10381760515204166	0.16777054586460713	0.32313482892438583	0.5189663935392655	0.9487056401129494	1.3439046325719946	2.037493255865746	3.1663012393544028	4.235432236736994	5.94850999631119	
0.11412166562581172	0.15387735187345533	0.3962752632066553	0.6513306520564462	0.9263695468913405	1.4631954438048802	2.11385867758739	3.0358383424508486	4.68442903920464	6.249206275417795	
0.08372392508010373	0.1138717743763632	0.41819135169352606	0.5946111619220832	0.9842685875870951	1.3432195951115362	2.4738393027174124	3.411774629580884	4.436559275315427	7.945035559535823	
0.08836686891882674	0.13801589241149165	0.47742663076039926	0.6368718162539472	0.8725500682740879	1.4740211274251647	2.0257928449472087	3.324716523324754	4.346050181210167	6.179209297299238	
0.0957243560932566	0.15955163864851113	0.29715396157582835	0.6182741877854008	0.9049269641919335	1.340118007190572	2.223954229091659	3.515379496608411	5.204629088511064	5.65640481575339	
0.10918638264561889	0.14671604912518324	0.4181619256164163	0.6445555466902051	0.9539285513439537	1.6611216987834887	2.188695866785825	3.128362757635914	4.4116137521291305	6.414195379657682	
0.12063751489560935	0.12902561352138198	0.4216147738372724	0.6498204249123466	0.9598260879739545	1.2478503268465098	1.9599323832144604	2.8948985877389104	4.2677925263711245	6.321782231372733	
0.09835983323914257	0.14240418464222646	0.30051696523097815	0.6112453333833927	0.9131872932946751	1.7954415730528774	2.7630951480408448	3.748032808103358	4.245111132035483	5.680887850054102	
0.10087694905940302	0.16737460268391566	0.43225027213445144	0.6504547567114962	0.9243709417741336	1.4248210249495552	2.3074461372655146	3.5044205414280554	4.467914959557192	5.810276018425711	
0.10606766646113791	0.1526622603133387	0.3793707895204255	0.5830129294513898	0.8904128371982559	1.547279826806978	2.508368159912278	3.179432959257639	4.4803125967255	5.859403817010047	
0.08415064106931419	0.165337287975785	0.38143047507625166	0.6818977085726378	0.9683182384794328	1.2976314068314898	1.952269102122511	2.6458564688811004	4.476990415345726	6.200904755410701	
0.086145381849773	0.1588635878887765	0.38733368241326377	0.6220465224851527	0.859038188548581	1.4673313925615077	2.0540587291138226	3.212690772309081	5.083839148548477	6.088356567958604	
0.11729855535086844	0.14544271509788892	0.33724043172652596	0.4424205181984792	1.0842138137121782	1.721781104075527	2.2137259248201997	3.988433885493906	5.062128781780167	5.682382441350058	
0.09309023918796881	0.1660709365616401	0.4201013817298148	0.6257038853252133	1.0093563345318546	1.4477393332604385	1.8664102451005553	3.05737110710122	3.4293625710822875	6.633013404304304	
