5	50
1	0	1	0	1	0	0	0	1	1	
0.1157719513816439	0.3821855949772208	0.9087104422219362	4.734717453758759	4.569496108114585	
0.12081543318428355	0.4162950871788575	0.9491712316321562	4.866143461228368	6.032782963764052	
0.0939296380100985	0.379111434551504	0.8907830821088037	4.095589306994159	5.763085160715686	
0.10212655791693502	0.39350748848915534	1.0611739712491364	4.360814787841461	5.5762239550204065	
0.08742597678015553	0.3968042242235684	1.0656374690769352	4.324091989830673	5.662214147438772	
0.10865119933948238	0.3395847915138532	1.0806737669661741	4.465995502481763	6.225416839678832	
0.10037724212103616	0.28480801001977113	0.9238519344468646	4.328007931475788	6.233796714211168	
0.11142777068128551	0.3987353535196631	0.8680632188935875	5.241179733331924	6.027088569654325	
0.11280696545440537	0.4135177643674719	0.8373331099982976	4.977171547077976	6.520635714896262	
0.1007742089743205	0.3630263352655146	1.0057685332809312	4.947019823596407	5.754306017735508	
0.10605927314611972	0.3672092244667437	0.8789242371345589	4.694623493253475	6.473447584186083	
0.10518689942580327	0.3747740988727371	0.8233499655579999	4.360645199364054	6.22358930047989	
0.12154132023369324	0.34304510960622997	0.9192574659468806	4.42729555621855	4.655573812320226	
0.09409844931148005	0.3346328380757914	0.8925814849674161	5.17654489071125	6.393431572854251	
0.10173698398250519	0.45409226633675204	1.0611056055948416	4.138613132385092	4.903788963035068	
0.07678250727979671	0.34656899968437666	0.877228336706078	5.196263566770188	6.721257743901922	
0.10919336481167906	0.3608728607695538	0.9124531523386468	4.316445476076364	7.322773377066602	
0.09373642598018352	0.3498411472698457	0.9825379516014368	4.066731390084022	6.3346903124543115	
0.10289257207018415	0.35182668666786665	0.8980003127484417	4.119472323827177	6.608418069386453	
0.09852454566960006	0.37186837681580587	1.00527865120178	4.8038423395144605	6.140514747950507	
0.11044110549935643	0.37408821504610085	0.847001564100092	4.56667861552911	5.978603584141991	
0.11436427381419961	0.3699835406804412	1.077874567890481	3.9533352190504614	5.858334093392297	
0.09684419524190467	0.36778914534307877	1.035779121328034	4.291389218330333	6.594983943435837	
0.09914784389987398	0.37628383522031583	0.8054611978980325	5.064515269687035	6.920142289853289	
0.08750158918271236	0.44140791304532145	0.7957606137170778	4.4242111373335264	5.939302194468931	
0.0969791534995195	0.42137309683923957	0.9995160597705338	3.7353524930995623	6.883313329126798	
0.11673708663843269	0.40579417696013903	0.8975306005583806	4.598900969087121	5.8293421517088335	
0.10977820590365223	0.31189706728462296	0.96723822100547	5.0196534526666925	5.852800304908678	
0.10551953016514695	0.3132332044488935	0.8413149500551578	4.678496126398531	6.270702045945917	
0.0941905580229534	0.39159644592620596	0.9247359683726397	3.6733378013436733	5.8606068400679945	
0.10724297271129601	0.43041572646109844	0.9076107681251797	4.6737588294752985	6.103495088819649	
0.10534668580511244	0.35538041495292666	0.9233168151381376	4.744982652785991	6.24167877907751	
0.10606709816379555	0.41028634598647634	0.9448620345840094	4.633505087213693	5.659921658277592	
0.1086079964180971	0.33897538319850296	0.9875894994158244	4.5592809960382175	5.570439302059405	
0.09327202009644137	0.3881580362821529	0.9068444307587448	4.306776504293875	6.251832100457843	
0.08322939447458944	0.38350106281938445	0.8952484240958892	3.947088850333601	5.797396485682364	
0.08687219504153489	0.42491257473026045	0.9970275522013489	4.872429158464646	6.306881625799267	
0.07859179486163091	0.3352538853668042	1.013108042384879	5.387505781307953	6.225275616290812	
0.11389743394404046	0.34907669912678896	0.8719824826215661	4.801291743044301	5.519804888496525	
0.08384131944905555	0.4084765453821465	0.8631612042483672	3.6284149540058683	6.696341742690359	
0.10504914594577822	0.40651365356144553	1.000599265525442	4.936702576795335	6.30188630703867	
0.08511722814197534	0.3387246875187703	1.023632615554652	4.758420670454317	5.92162160074246	
0.08315869088689994	0.34809415867920485	0.9016370404556643	4.160237812537319	5.371670306236441	
0.10333376912852642	0.43580040560033784	0.9896128654539903	4.286520449486159	5.960163307942155	
0.10615232027687911	0.35732635944228575	0.9498775135196232	4.339806079086391	5.773011718927616	
0.08412517811142675	0.3816865543941429	0.9680173623245638	4.8795643779822395	4.954470194848753	
0.10953024327009271	0.4076358268026667	1.0669395402748045	4.336209009977985	6.041223564288568	
0.08974568525142775	0.3776469286693297	0.9006239929974948	4.568415524476907	5.974199395303977	
0.10811587742760771	0.37226125399534177	1.0483982757112082	3.38982165231016	6.775850646518526	
0.08621319851381387	0.4112500972274227	0.9928325393303271	4.0172615021086715	6.734064415475599	
