3	98
0	0	0	0	0	1	1	0	0	1	
1.369225863770688	2.4246729839485823	6.321982621818229	
1.3712319079438118	2.0535993404666257	5.097270928256699	
1.0866034107441898	2.3058852854884067	6.599567603016498	
1.3100436422420723	1.9224173147911752	4.777202186345928	
1.5689473301798484	1.9881607430242563	5.666251591890045	
1.4996334944339835	2.3035364115727077	6.3107272452366425	
1.2907177228661537	1.954189800890475	5.927367088988723	
1.356096743775139	1.8240937536472466	6.172851108420456	
1.3423027871154902	1.7300722437902678	6.673352838442012	
1.5578835922638008	1.9613140439528562	6.08738214486455	
1.4337155183435646	1.76164512856615	5.1121107669017185	
1.4604035956692176	2.0175855592116707	7.259835589747373	
1.6486923940100708	2.003599551843348	7.09479646130897	
1.6119094190204886	1.9360925212842939	7.177763269271517	
1.1158569628917427	2.0688641521430586	5.766634280515175	
1.237495508886235	2.420918197219981	6.1809783297916745	
1.3020116456708228	2.6150788849229705	5.797347923527558	
1.4955787491717722	2.049522468146049	5.865279215974	
1.4272345867038458	1.9765583966501945	5.857100747193353	
1.21926209784032	1.9462678884124511	6.1012109891119675	
1.539356613842894	2.221473958807388	4.891679768943796	
1.5520276295383042	2.078414047868075	6.842543249803057	
1.5319182923695625	2.124098555830517	6.182550754611826	
1.4619691449325676	2.221161669065535	6.179079208754986	
1.17194576209378	2.097161533645926	6.442168949591181	
1.5548604256335898	1.774072527583604	6.32519939926769	
1.4716011967461804	2.3925033307007477	4.591120758051002	
1.4480201368094316	2.548276286077489	6.482452693127126	
1.6570179620648946	2.2929726987284984	5.903619464627036	
1.4056488781994632	2.053868535431057	6.302026748808383	
1.3474563881592736	2.076899502191271	7.1938534534519265	
1.0598453836877781	1.9942736350195598	6.239679896429312	
1.148837482528665	2.031180893595435	6.351489811806317	
1.5054266065724689	2.0182838879047846	6.719850223262901	
1.616170164647231	2.3740433971055745	5.8743813128634015	
1.217031269152448	1.7871326547130357	5.658591870041852	
1.402242846032698	2.1731017074936445	7.659136270388878	
1.167977833729414	1.7839547004954952	6.259097706183214	
1.449979766476674	2.134562317250096	6.062180926233626	
1.301313618645987	1.9012527269717339	5.470957928431469	
1.3440303109033513	2.215548585531328	5.920310850879726	
1.3946957404632643	1.7832211910621047	6.502996525700894	
1.6308744255257848	2.3245536966730245	5.879100351324959	
1.4866732230326065	1.8670799121104968	5.610870460928147	
1.3180179114951174	2.24754688581503	6.404336783993806	
1.607769582511266	1.8194125796748577	6.332902632100543	
1.6334651661801607	2.0505307184969306	5.913010983682205	
1.5280517449703306	2.3287713917915593	6.545380390225549	
1.465955229685475	2.01524661928148	6.25238473240729	
1.5043145709603956	2.2562812562450394	5.266438652201696	
1.287521682827745	1.9348567891744415	5.839439597446432	
1.6297008596948537	2.1498964943774794	5.213904550421525	
1.5453901681007434	1.9546905591088581	6.4661708589257	
1.2429314951565915	2.496864888066082	5.953218369617651	
1.5167307017768747	1.9644870454420595	5.900565256831111	
1.6034037145192066	2.323812418895702	5.454914142095459	
1.1961110427288277	2.014460782713684	5.438171202045014	
1.3521652870821461	1.9816680846309596	6.198921901524329	
1.6847855955536073	2.0912885759232123	6.7557401276050655	
1.4144721024316513	2.0688191683783335	6.156161783038401	
1.290144919939457	2.2178481567769643	7.16040611101345	
1.4167741096135138	2.483021048987456	6.038427393437458	
1.4383348023888118	1.9992982569459852	6.3354129166239055	
1.351930733187001	1.5599220646107557	5.960954028862659	
1.481417102662324	2.227671575144683	6.324495937789823	
1.5721153427527097	1.8738963836926466	7.061321096009353	
1.410247051382536	2.3496729924714552	6.198742062572184	
1.525817655007808	2.3594771520642643	5.244028283663312	
1.5105199213518337	2.0593663720293853	5.937435775377728	
1.3707256762480717	2.0483518297196044	5.379447088355467	
1.3194263977369722	2.5077283448205554	6.751215212714909	
1.3535551077856527	1.9019377597962224	5.934257287203143	
1.3641565769471005	2.523095577478735	5.005460987930311	
1.431643745692783	1.9149986282553968	6.537311214005426	
1.5765699397936757	2.0918144819097493	4.961119801508202	
1.5631356994023649	1.9028522208384484	6.337798102782466	
1.417113050233603	2.5638100296708646	7.11633608256361	
1.5613912191954067	2.136519105712305	5.9219949969570145	
1.7276403094713269	2.4520000997340268	6.658807134211559	
1.350903454212015	1.8852853980697843	5.443109375956211	
1.465970103784745	2.0451793740728355	6.872468002871116	
1.165428724543355	2.0778978208931163	5.4075923866431355	
1.5719622408268643	2.3217715843027578	6.10482425622604	
1.2157906226332567	2.4797177250829283	5.881305096257513	
1.3308178963632846	2.172429691749621	5.6920583377537675	
1.4747292849781235	1.9953315965483236	6.2896300646737995	
1.4708311074337461	2.07609405271957	6.602585400272906	
1.4636303300183493	2.2669221270110644	6.8421090955735036	
1.423201190443483	2.127985246718263	5.5493416415708525	
1.4276992837401596	1.8681875404515789	6.917986438189402	
1.3902708276047535	2.2802044072867007	5.29420005558501	
1.5185614315922105	1.9772011089592345	6.155430088329921	
1.4952003736408512	1.8291172747031204	5.971625165607906	
1.6034075683414117	2.216480783154678	5.760927118974195	
1.464119788845052	2.081761028005741	5.952561132475288	
1.5930316692771043	2.039046561440397	5.5991666538836515	
1.3201516816791603	2.436926211468321	6.605022027724562	
1.4789784576416851	1.950112908464342	5.3648089275051145	
