3	71
0	1	0	0	1	0	0	0	0	1	
0.12400044696075012	0.9471273093345663	5.922835052332372	
0.143611564011773	0.9689136566283547	5.693122589577463	
0.15405937599377825	0.8473295247264357	5.5126969984454925	
0.17475319165235603	0.902522842090392	6.072230551243302	
0.18880142065196226	0.8094098702777063	5.8809292270759785	
0.15414889423979414	0.9303880901594223	7.089706600438449	
0.14418547506959523	0.9298265079383095	5.932010821228627	
0.16919195028602235	0.9505097814339554	7.145879269224622	
0.16309177590120927	0.9107959359595006	6.557591970932994	
0.13377613057203624	0.8189936986505374	5.894907810310988	
0.1353360702031434	0.9158306155192598	7.370936415039749	
0.16399064873021055	0.7416594330361942	6.301880473862403	
0.1267506419498558	0.9763211271992822	5.804810593194475	
0.1591572520822745	0.9756550597210355	6.117715438443433	
0.1373632842274893	0.9782712457653764	5.4845031656981424	
0.1449740164763294	0.9002729380246056	5.938422367599824	
0.16421911803551723	0.9821965520520609	6.014341815790774	
0.14558441433626335	0.9500351411301012	6.828479669560609	
0.15975992126804608	0.9111630975946473	6.231575049500853	
0.14001996996374194	0.904737108763207	5.826952446245757	
0.1401767522466573	0.9308642647201366	5.92273851475003	
0.1665965002927688	0.921294491450653	5.965338221054492	
0.1822784857420776	0.8695174397996867	6.2769612860173005	
0.1598897326674074	0.9964541655262154	5.303703343744575	
0.1601417541665284	0.8665562379948267	5.721413203066346	
0.1439221428487716	1.0027235287790046	6.1926790659086475	
0.17472065252142308	0.8982764956571055	5.336649560979678	
0.11905495268075156	0.764970451585936	6.845120205298954	
0.16765008633584413	0.8632284484725247	5.832798848846547	
0.15951147685890502	1.0250417214670875	6.13978900933815	
0.15112740866455054	0.9008719785516024	6.075613450809611	
0.14213209518322012	0.8399654218064109	5.0775406487377275	
0.15201615144830358	0.7086780259185892	5.269380088051134	
0.15860334951085966	1.1166393844197717	5.936532979137344	
0.15540557180855805	0.7725449390752328	5.649178248022726	
0.17081137862929585	0.9369386686321205	5.326094713328886	
0.1589511752329768	1.1028128796922843	5.51768980455059	
0.15235955310632562	1.0854948857192561	6.6383204864465535	
0.1582059945801321	0.7605011630162207	6.077024772010631	
0.14998034394194468	0.9618791890250104	5.709055362292409	
0.1422496379922391	1.0028949157168956	4.3170544952067065	
0.14495080236211758	1.0257055329387532	5.859841243001045	
0.16161404135925436	1.0554912811884853	6.358510247423505	
0.1608124089854093	0.8720845611455259	5.915805696271443	
0.16496873154516348	0.9263877269872451	5.608045480971703	
0.1484384195619101	0.908275314217207	6.16384576711366	
0.14608225495607363	0.9988364959626035	7.303658448301647	
0.1526425116049443	1.087018599859407	6.684669288124033	
0.15137082939908422	0.9834913322935224	6.334824729608167	
0.1309416496236544	0.6975312825392475	5.9264200758577354	
0.1413772137931219	1.0521755364276768	6.517555644926405	
0.16086006250548632	1.0460551673876386	5.210155307754738	
0.12574667776451726	0.7823833813513557	5.800408610840876	
0.15851091140196885	1.0271794536398806	5.877390463005916	
0.1526152968777012	1.0342516857587778	4.84137545228953	
0.16836537662238082	0.9239731265851522	5.012650235996881	
0.16021206262147178	0.9509337699864463	6.018445789558866	
0.15589146597135678	0.935487044674309	5.605902330463596	
0.1549147754054068	0.9520679596389658	6.188619336030737	
0.1752881847765526	0.8861793529444376	5.942618062468658	
0.15553899902748963	0.8056205308251441	6.386381831758364	
0.15279459708217788	1.1450107132172527	4.998902553089608	
0.13364155126781205	0.94525902636945	5.889532787954574	
0.14355940074016024	0.8497876320368356	6.547793731268596	
0.1580081832868063	1.028819479728316	6.530186293411396	
0.15889191333420702	0.8441547837478719	6.849543384962809	
0.1772926212299002	1.052241082483855	6.9260755992832275	
0.15514756389775583	0.8921312828352671	5.817081921057496	
0.1654190838543799	0.7727567868854853	6.068865700617126	
0.12617167337474922	0.8916103662677656	5.743135727168533	
0.15631857815710634	1.0481207273121542	6.0009468537121045	
