10	25
1	1	1	1	1	1	1	1	1	1	
0.10208332598095818	0.17161351863469398	0.3828303270307093	0.5879149051480573	0.8653867625670744	1.6082518298024542	2.294057898948552	2.6682488153771615	3.411783012959761	5.88438432755426	
0.09168683183518621	0.1494316522179468	0.38452097603140023	0.6720975041217925	1.0176664335092158	1.306049667141615	1.9558409763542897	3.4595077207809606	4.844231588832401	5.211320696482104	
0.0930419856841331	0.1446030214473598	0.38371014630285105	0.6468219175357933	0.8500383820823966	1.6186696873875295	2.1984881206034115	2.995307771598291	4.493644295987631	5.141735087579184	
0.114786752877695	0.13402752248604707	0.3507152259620352	0.6960429444005098	0.7840332641029671	1.5078464054363974	2.183408537871929	4.03647242366153	4.171874510171891	6.525012298715918	
0.09726190627858194	0.1544976858593066	0.4016429492838548	0.5468608846284173	0.9166125511107662	1.2972381777951871	1.7093713502194057	2.9896402620701035	4.101312039703623	7.377680532861851	
0.09600776153442864	0.1370921767614603	0.31187079622215513	0.5935772710160606	1.0015128889964013	1.3706206366301692	2.058232258306065	3.425366345984767	4.553274502464335	6.9806692024721375	
0.09942804069534278	0.14475929959661488	0.31236697716567585	0.5671849288533941	1.114208226961839	1.2357725647670907	2.3168238293700876	2.7907861290759706	3.9862365640011297	5.789003448378649	
0.08532561454278535	0.16866505925618205	0.3173020343629477	0.6568890112508413	0.9312885677332284	1.5360574318247553	2.0929643188224114	3.1206555045483118	4.095718422419088	6.551320999409879	
0.08451357962757214	0.14246232670000825	0.3737705146040872	0.6437693788272026	0.8940272427595819	1.286852912102442	2.397801039033478	3.3762884118257905	5.07977300160955	5.661683277032093	
0.10780423095383394	0.15938634173462377	0.3731264285891177	0.6078335082690911	0.7698855770834087	1.5366031271694758	2.165764565323152	2.832852062843948	4.328211909016702	4.834212497752585	
0.10172092130363529	0.12872743519778107	0.436644383042463	0.6340511259734498	0.8802076396767283	1.4217837210145479	2.2472685130220076	3.3730414814835292	4.673231607316168	6.168738444799567	
0.08452722928065372	0.14187774999584846	0.4622645801607582	0.5349660249319428	0.8435414061869507	1.5953590373698163	2.075546327964602	3.3816015646440967	4.5895701317737245	6.332742208636959	
0.08513275506806539	0.12898913610250617	0.3819301193049359	0.5995809655884109	1.0950444843979426	1.494052125807736	2.270720888879244	3.342936607817531	4.673545530145296	5.578875491020357	
0.09641213704773763	0.17122548983833125	0.3756372726507003	0.5377969047727437	0.9452006215051368	1.4349805251397587	1.8484471167208907	3.091170798433466	4.264604353833179	6.813927898937193	
0.10528078249012418	0.14820987065663974	0.38523471818141347	0.6581023125635829	0.9790406663629483	1.4849825596721826	2.3867795330114046	3.4565627294656105	4.7152002398568555	5.148616814655228	
0.10059926121839712	0.16398741879151305	0.3317563829416737	0.5374028955996424	0.9219549753646523	1.2815924200853972	1.8083538275189315	3.47054132468401	4.519947123564416	5.9123804992469795	
0.10009978877004688	0.1636955593754671	0.41701304023197633	0.5885370339932401	0.8181202970181505	1.5836965119133073	2.167641606893609	3.382013628467323	4.460665721190634	5.66739084903942	
0.10048995478089023	0.14260932851274236	0.37193788303499026	0.5363753206736439	0.7389891452629103	1.3927650719647122	2.3690716522038007	2.9670016669094545	4.475534160944523	4.969189309532568	
0.10638906497277796	0.15102438979909627	0.4120531467796247	0.6376387632410243	0.8781473030718989	1.5496610812128662	2.197195194547539	3.4886450993865648	4.984320467977543	6.886645972737961	
0.09398365716710572	0.15618135200606145	0.4068639928918238	0.5688192498989346	0.8374056317730149	1.4998610672455233	2.1750749481047844	3.3394687773826384	4.004960611483144	6.6760133377525905	
0.10792846251641255	0.15363441308633588	0.31317233676019857	0.4972819705894554	0.8538880807137729	1.6708838180326737	2.178901616297813	3.812948555369642	4.647495845619617	5.596390366259622	
0.11374912490077527	0.1525824260555282	0.3878074759626588	0.47024228056038164	0.8952640723673605	1.5899124976676402	2.239664712434321	2.906993430564529	4.580954566749276	5.029893760127492	
0.10273799150786478	0.12892153508639165	0.39907848717375805	0.5626067768824279	0.9149461493067886	1.4982006013874247	2.2678826146358686	3.448204550247249	3.9956860112693886	5.205560867164351	
0.10529198728990757	0.13472310674381888	0.373741578393902	0.553733357568707	0.8033567374220395	1.2742640161065546	1.9983896753029933	3.5328301403588003	3.8456373055354613	4.913581785725407	
0.10469092955720967	0.13697964167302798	0.384486205082801	0.566738554744697	1.190763514918757	1.4538859901792534	2.2208901150818074	3.358304853238346	3.9835619092992136	5.924747558952646	
