7	32
1	0	1	0	0	1	1	1	1	1	
0.0910524779502175	0.4634293205017215	1.5566843121782854	1.9832909959803078	3.0605128511877453	4.304018513931027	6.219591807555007	
0.0981748661556353	0.35561066068917474	1.271063688024574	2.226833156187869	3.0260839127180903	5.2639272406991395	6.630329592649423	
0.09871140312127376	0.4082562887603239	1.379084606185956	2.5033052754934797	3.8709280693798913	3.7642958335852317	5.176395222702759	
0.08777087929977612	0.411199492942052	1.3186657214726183	1.8649591850811142	3.3745928393077826	3.978473193354983	5.354688046687914	
0.1096399038900307	0.3807849757807653	1.544399415416832	1.667627058359554	3.5800601521796627	4.5990893674002535	6.171552003751296	
0.08105072937115244	0.3274123778413529	1.558878619866274	2.199279262887507	3.2549374888629137	3.7171830885188832	5.042169984605284	
0.09482564106791959	0.4396035038944476	1.3961313032195584	2.132618638378076	2.9021519648472536	4.611720790172761	6.098592687904525	
0.09071740560068238	0.38567070477555393	1.5103470674703179	2.0953209190837208	3.073401883161358	4.467413604343729	6.505566023000485	
0.11311156276033062	0.39714826309324813	1.2546887624376297	2.24679363547761	2.99882365861252	4.551783198784601	6.393318849501096	
0.09861089372042896	0.38271490981009476	1.3882673604379874	2.0316343805192836	3.4867306602962005	4.793348015155543	5.790355336946902	
0.09137923416082176	0.36405259780032534	1.495659428495125	2.4893443242789592	3.3324340749599517	4.827879805560692	6.319480397575253	
0.10025102829537003	0.3912249895159855	1.3491993864336327	2.095314650936592	3.631673094000932	4.317307967272869	5.83042371632749	
0.09973268202687013	0.3902573213394709	1.4224162871912942	2.077748289934078	3.720972604579949	5.07937976657655	6.216207577263469	
0.08583572951917157	0.3225409517750277	1.4635760144078411	1.9352956130011658	3.3258453358759867	4.4151476322073595	6.714748053627092	
0.1018723279394424	0.4602543796482915	1.3411248874361286	2.0811760031205195	3.0265476681954193	4.215431035291116	5.8792427393607785	
0.11680852712124318	0.388276542864782	1.2051422966543652	1.827851547893451	3.218594914957832	5.091568981740301	5.658822358436869	
0.09201658681863123	0.42227521635030624	1.7023576625755807	2.430669354076001	3.4538063532244996	4.439855793298583	6.29460665528713	
0.08993228098775774	0.37653325062592613	1.3874077622408434	2.1473709072563945	3.3907403337123005	4.785384649937465	5.41461109609036	
0.09691406746060072	0.40239724964862245	1.367529323648571	2.424594431712664	2.849912626805737	4.730050133659636	6.196402184700703	
0.10309758007523316	0.4270606559538269	1.3050207328302115	2.2255730080389347	3.29416616649692	3.904906684921559	6.076241252823685	
0.10240699556811415	0.46300357145180154	1.4408184946455	1.8611765651973986	2.8320601320912475	5.6288688332877	4.615238000371491	
0.09621021341514009	0.4013499350116143	1.391881851052411	2.1694489714029377	3.797760354409289	4.270804567193303	6.542143628999709	
0.09529291057582637	0.37226749931911723	1.3813553409247052	2.1765830442298166	3.360423201375538	4.725282016746037	6.592727079861229	
0.11121524347321288	0.4148002438484614	1.4448794475811575	2.1817045491352687	3.1364523182476525	4.113811695074324	6.06473744393193	
0.09899748092189148	0.39185395460012823	1.5191968376334808	2.193200287800793	2.9739702739329936	4.417580638368029	5.230894480700144	
0.11381159912112951	0.4136710631389155	1.559056755985687	2.412249226133439	2.9314547458927316	4.840084973274764	5.924613797593192	
0.10162307885445024	0.3969843688040567	1.381837319099452	2.0135096116623856	3.4961307351931	3.4547076033113893	6.447280630578085	
0.09974161968998235	0.42674708272366213	1.3866127615143082	2.065031381293467	3.0499437171438726	5.647381843646774	6.34853881550891	
0.09882596127235625	0.34747935098230426	1.4079821803835204	2.418003168283727	2.668321241463781	4.514941508996831	6.397379388058511	
0.0970399063536654	0.4000739726898707	1.3792160970841805	2.071088795076148	3.7219007580878736	4.834562660854105	6.2647340136065415	
0.11977782780597031	0.4049478159005401	1.1368808008745168	1.8826501122347175	3.41724646483845	5.140878051302133	5.361177974583206	
0.09829753815565004	0.3981095139043024	1.5598696265592344	2.3008560584754694	3.813828459262878	4.2517136586242765	7.273495797001063	
