8	85
1	0	1	0	1	1	1	1	1	1	
0.0870281914421398	0.4067888255199547	0.9772812064980361	1.414824552188677	2.029304628131173	3.5683135171055667	4.365623068647169	7.116089866688216	
0.09975819509203109	0.35604594972698983	0.860306068658695	1.3892089972343538	2.146245216446505	2.8471309329462238	3.8932369824912954	5.304087770791525	
0.09342376740258271	0.39174751696390103	0.8692538883938267	1.5135263940955619	1.9834807818557896	3.727791255521439	3.8627114939276197	5.204552127542986	
0.10513547715923915	0.39295224893250225	0.7529889288771286	1.2509748686234292	2.5458079257023005	3.4322316617048734	4.34047407290471	6.609828569156884	
0.1115941125413455	0.4765320929996688	0.8648435893218868	1.377796881209069	2.306055665341162	2.6982107297193085	4.203951590226702	6.3794384767200025	
0.08926604677646059	0.41072535041446445	0.9604353134337551	1.3715261163761354	1.8952025697399923	3.035829396018774	4.681335009661861	5.911591905182987	
0.10707311025085756	0.3290990574537946	1.0121031899946398	1.246912099130133	2.303901724705622	3.439197085870624	4.6659768983136125	6.539524242258512	
0.11353481120369742	0.34381109830779993	0.9002480789170458	1.2035758585991245	2.134426380752047	2.8787413762424148	4.868313531479094	7.174611645023175	
0.11126776767604774	0.3851891438866413	0.8906644421830221	1.291231856261207	2.011665786805369	3.1158623549520628	4.186526883487538	5.285530383247502	
0.09117696137358736	0.3442884904035937	1.0134357145402333	1.5036752655422196	1.7555849206303995	3.4863352394080533	4.495724020149064	7.125452156767121	
0.09423783439104162	0.3039824531670744	0.9180346125630943	1.4380214051264626	2.2549335139033504	4.188406152320003	3.9550450223919054	6.447062307927094	
0.09283253518820062	0.39816813456311495	0.7695862967363402	1.608367971488768	2.487480293738951	2.9505872575763217	4.470363159407922	7.497974343225034	
0.11604969228211824	0.39961218860738557	1.0507039862518597	1.5597735220594415	2.292538219875907	2.8527762547651037	3.9536918948991753	6.046887431638398	
0.09126360837574168	0.40219619215428487	1.0243305816266126	1.236906084105914	2.4608824867148495	2.6709257965516793	4.189224301985072	4.7342296216154285	
0.09716610526467535	0.35670765483969685	0.9821065207461478	1.2277346292529179	2.283857686741019	3.004487466585867	5.343028423278435	6.502717042829889	
0.11432617521293156	0.3676060907564538	0.933100255743241	1.6409504538933293	1.970483694000336	3.7768238291073595	4.856619246334691	6.918825215762817	
0.11388269561039027	0.3612179497092466	0.7927388476407137	1.3114401567575718	2.0170413423966034	2.990807730402767	5.0641707157574345	5.320218038018764	
0.09551256835287932	0.29326895549970294	0.9289420073368796	1.456605433464064	2.1680805252625004	2.9955825379913126	4.17739565091926	6.277127894552085	
0.09903250753817239	0.40392529738950833	0.894900975577126	1.536391155481096	2.358188756313143	3.7188529978079026	5.144667210650329	6.081929049481191	
0.10172105621351493	0.34018205421022407	0.8013558911290868	1.5538183293225347	2.253998618632927	2.514545102807028	4.124291481118414	5.312517394086595	
0.10485889898698775	0.434787331730994	0.966361440313553	1.5183900501654846	1.8170866134095647	3.2503246015621987	3.8247793873528164	6.378897244926671	
0.08036247043119528	0.42422028153858893	0.7027840992924957	1.1726505148490143	2.0720311187034905	3.7832392684976455	5.012201810580205	6.033353160117429	
0.11357635195620704	0.395594615951458	0.9310749968594562	1.4737132476344526	2.37314268036225	3.21752726336367	4.4498119481507645	6.04722521975312	
0.10871147471786571	0.3601820517023891	0.7864068466511103	1.4547767725655427	2.04400865160669	2.8656322266104013	4.77237370173613	5.193576364250114	
0.07894272328081554	0.4228206788974357	0.8664547154252888	1.5963526212720223	2.1579334176275196	2.9629676219724206	4.40516721041592	6.51652265482892	
0.0904537974623359	0.352703106014312	0.8841773631270488	1.46853551580855	1.9667813455129781	3.3206005344897274	4.021527567121897	5.45250968422196	
0.10012151889112111	0.4228849617723539	0.9828434486442315	1.4359899590798122	2.0888897266157156	3.543705364760797	4.222303140407917	5.640749418066575	
0.09432888772841878	0.4056210908736319	0.9341575881209037	1.576328958975641	1.9518910348351244	3.8024832545220146	4.0852131579168445	6.294151635887603	
0.10474593801182458	0.3357465542978095	0.8798456289319986	1.491346804895464	1.9805897982550884	2.677632121875614	4.777301596913877	7.014056804020205	
0.11161983698502663	0.4109019563797016	0.7782229468797967	1.4546405825756554	2.080429371430851	3.4244502613952754	5.541240702588494	6.731060803491804	
0.10436012595435439	0.375672085088564	0.9114619754473651	1.5065433397117918	2.191621842272787	3.067688649274425	4.127040569772649	6.541495836920012	
0.10049589175976277	0.3525766235825779	0.9842821017369913	1.7216585435986895	2.092172144549946	3.0513519072566595	4.446760832810734	5.322353970050944	
0.10913495839593379	0.40793360587843513	0.9151301737709504	1.2418993542274728	2.046891922446184	2.9670494679079056	4.9138224825815655	5.755132376473162	
0.09359542043198708	0.3827239470802714	1.0976276233374536	1.3468243938473063	1.8117634059054823	3.4870541162800297	4.273133730112389	5.640002927600284	
0.10019798162967578	0.3402530165883969	0.9448582516833804	1.393822440137332	2.101667855075375	3.4651780438684314	4.749435136000404	5.856935357685769	
0.10619207523834003	0.35331233424420494	0.8493639477068384	1.3196708895742026	1.8129424908594984	3.099629113696363	5.032795018232285	6.670172331684984	
0.10434971553224218	0.3837748039597348	1.0654276900303057	1.3989524252046295	2.1186374954872464	3.0273463422501146	4.597965096155733	6.627576689870679	
0.09180280329066558	0.36441253252486006	0.9476591835125583	1.2442780694395514	2.1796689102460314	2.6185205068072546	4.453790381985481	5.482963830290504	
0.08375797347812253	0.3675191406436977	1.03975273510812	1.4630976608328787	2.332475962200799	3.3018254912680662	5.203912129833357	6.681793986631833	
0.0895013781919925	0.4248084341934746	0.8349909250283981	1.5515479834581005	2.400358989240427	3.5051052512319076	3.9496969294610476	5.6140325245358405	
0.11579307953797564	0.472696558871764	0.7909761864108914	1.6244738410218242	2.1305486650788548	4.088951915552887	4.605704916028655	6.255427699502807	
0.10315707028398419	0.40029157030153534	0.9569834195017769	1.4944586175692254	2.173002757181882	3.6084128447899544	3.9951732292924844	6.346077332306583	
0.11233882045201848	0.42066829922926996	0.9804938845566481	1.5604986248380328	2.203864058591899	3.631221457365615	4.963890351245268	6.838582032407868	
0.09282012911947045	0.3750550401379578	1.0067151833091248	1.5515009667063862	2.307795397441698	3.223086049562314	4.754237114302633	5.767016444989102	
0.11499521704375837	0.3639004402791996	0.8577670904839065	1.5401853532072258	2.0095381159018073	3.464934084901466	4.792829010919942	6.066420382420246	
0.08440677074868301	0.3740819071308741	1.0424340859932952	1.3481416513356037	2.472396499967677	3.724731177751515	4.379663948211018	5.677675465609185	
0.10680242718721183	0.38967881261785187	0.9428946372776548	1.5530904023188132	1.984056761005376	3.244797950597176	4.380187511104637	5.442878919781833	
0.10542999248746308	0.33944224199882334	0.9264736457625201	1.5518010098514645	2.01259009695477	3.443391580901702	4.240616616082271	5.1633631043887505	
0.09953087513458544	0.4202627285317676	0.9878755979220495	1.5326790993432047	2.1926436792866144	3.220092493077219	5.5599011713444915	6.236093875091869	
0.09698632853189448	0.36927679326431045	0.9080325338728079	1.5644637478398715	1.7567380150948255	3.14196579096544	4.697277380762783	5.953616218430234	
0.08743607330362817	0.37788543921917206	0.9450047026370112	1.3171969085072703	2.1569877028423625	3.235014443929057	4.899735665705985	5.788680502881283	
0.09834762629430534	0.4001488192538541	0.7536408275573746	1.4890307603600936	2.3551310776430148	3.4257176113028094	4.764894454101075	6.317482044352456	
0.08730643034432578	0.3619998346598551	0.9727160781284403	1.8182616624170438	1.867400479454764	3.506869103719624	4.743732722484336	4.977617068292837	
0.09758290956109715	0.4495000178634102	0.9447240468129826	1.7492977632661995	2.3643807816734292	3.3386644067366062	4.2893743513475115	5.13699373428654	
0.08415827970922846	0.33408910590084506	0.8848195499068456	1.5670989667125113	2.0453182972947617	3.2248099274818873	4.365370292611358	6.54902950324611	
0.10870072629703038	0.4000855464000695	0.9139591558884823	1.3213256628866348	2.3369796541536054	3.152486168539194	4.084991454909764	6.143538209927347	
0.10487026756335785	0.3798838835683517	0.9563796396347541	1.336001453255399	2.174946832212595	3.485086501091748	4.253200121272184	6.114350940499347	
0.09721619726382029	0.33891418860993616	0.9375405590680264	1.3612183860310656	2.3090299320452425	3.242395100195585	4.489552128098512	5.91895396483063	
0.10254838844796632	0.37238181777108553	0.7906235805341354	1.4950644491991907	2.139859884731387	3.6654304234515234	4.745954480311959	6.657665479074807	
0.09835847728835462	0.3711829913160844	1.0772158542302508	1.2328394327576853	2.2616007264740046	3.0610166728649832	4.559484620854796	6.07077595516922	
0.10504493058868392	0.3918407320376981	0.8812105370250275	1.157675934502835	2.0638173563645976	2.775646904689835	3.9474527092725715	6.891584084867793	
0.09798882418198257	0.34514274217730345	0.8602660583154184	1.356214751192854	2.106766556084308	3.1354100487850136	5.068353091322466	5.282487409005917	
0.112535454970466	0.3446926322774001	0.9475493610988635	1.4803484769626836	2.0202021896301465	3.060591510427975	5.203652301951395	6.988771420524236	
0.10550601980525387	0.4394050639404255	0.9986331871893962	1.1175306438087582	2.150336543918094	3.252619349839817	4.036801692538507	5.522497442155773	
0.10978179764143839	0.38385352584257854	0.9670124801612434	1.4372692390241217	2.2297360101850523	3.3729742376536795	4.04650350682924	5.820814831395596	
0.11042213971473812	0.4268732243409288	0.9696348558608117	1.486406222836772	2.0216403871675763	2.75547481608901	4.246959688166457	6.637006275666627	
0.08697121243490082	0.3807494428041108	0.9677643932120591	1.5762941582818586	1.986313805017008	3.4649197523885107	4.79202715148026	6.280475848639181	
0.13053830427433452	0.40261908688161263	0.978825651584553	1.3038554084567073	2.158330355087016	3.3045213027251936	5.245759568254951	6.63006143588017	
0.08360232210794197	0.3661441337872473	0.8973880258663591	1.3901612842744342	2.3577457817482803	3.546094263334949	4.552204513484423	5.797550254629888	
0.11378553977146132	0.380430573677268	0.8165360872895638	1.3778510105605344	2.2204171193326547	4.058473188263559	4.857975770620438	5.757158114369583	
0.10309388428109652	0.3927084568125721	0.8740555173512917	1.373761236509534	2.1546056732361523	3.2021335530154795	4.7105057019283505	6.823393998356403	
0.10366653426423929	0.40453192878254834	0.7250691719802921	1.2280873927280864	2.0800862960332425	3.7973368970433827	4.657708003602199	5.882916242798996	
0.08489127772470201	0.3374392092510426	1.0553945081799851	1.3172426982696	2.1625494439534525	3.3170813331996007	4.63675998674242	5.10098806723682	
0.09160068455807459	0.3449230563964319	0.9752436630637954	1.578122089264121	2.004732532047764	3.4785772597956246	4.083187941422525	5.945626551917202	
0.0991724517160727	0.4052722330883465	0.9397910770184663	1.280721261609123	2.2747420737230346	3.202245034332655	5.309328814343938	5.353721064226017	
0.09642075772937447	0.3410337651989778	0.8910593906255503	1.5565806339200305	1.9689088782188926	2.8589556282668855	5.52072574490483	5.789731707622656	
0.09000602453181333	0.3709445878553035	0.9254271636164587	1.073211703263795	1.9059305915473588	2.4064249458909184	4.06483766363098	5.602676878925468	
0.10172392735583774	0.43008826517538756	0.8990835905895301	1.4686732800223519	2.056186971223363	3.2501899882399754	4.097531337833667	6.597063846106867	
0.10617712636421767	0.39141800785688385	0.9396644121404715	1.3934081076004037	2.2139117469718363	2.5819829812562314	3.8001357148472907	6.2649436764561415	
0.09070793650295586	0.3767101006249518	1.046284272536948	1.5768371605544156	2.0457122832658725	3.2614331592386616	4.390874812410972	5.8472383954735125	
0.09809582664716177	0.3105771798996711	1.0213122773636754	1.3894324442228387	2.38619814286193	3.3485839657373773	4.670945334700971	5.027958076611361	
0.11199974610015224	0.3427836177269879	0.8766104474640946	1.4659077393920312	1.9649765812055446	2.97254780678512	4.1863925218446365	5.9578542003692405	
0.10429937167132253	0.37231850097299524	0.9633174709514024	1.4920837265973117	1.9184339206885224	3.500414520400313	4.4296898167177	6.422448602466067	
0.12755261920371838	0.42450646504234985	0.9275993211107478	1.4027750045415193	1.8863703812531938	3.291117983599958	4.975996834216032	4.434081446264108	
0.10788565004841709	0.30558956208306776	0.8942542852740513	1.4171060779403655	2.14407216612863	2.400252493281067	4.616199588427854	6.507162012009308	
