4	22
1	1	1	0	0	1	0	0	0	0	
0.0939416389095448	0.151051236723467	0.3940734567091889	1.4185196404392428	
0.08836845734887622	0.13721142378457318	0.46009204549292915	1.2798028135582942	
0.08987452873777996	0.12671983823241723	0.41686539494643027	1.5673206935651516	
0.10397108818839502	0.1693010682240379	0.3525256154046179	1.264915311181261	
0.10275890039868085	0.157094837520565	0.3872355509778878	1.385770309088519	
0.1102793802017848	0.14934574167883902	0.38961553862407283	1.4258803096523691	
0.09507639051336238	0.13405434648611247	0.3960197127490738	1.120629182845351	
0.0936540319004272	0.14249687743723982	0.33389537098806754	1.3882081748393487	
0.10446524769590425	0.1519256534840687	0.3581679409873948	1.518434180606458	
0.10263609561392734	0.13282414257731914	0.3505047605722219	1.2281279441735642	
0.0965072068549627	0.13996794884570787	0.3713011206746432	1.706602811417826	
0.0836442829320104	0.12154991028734599	0.43682317107942137	1.5053549823636194	
0.10976021250494282	0.14482652051563516	0.40616392340075325	1.4119714499392526	
0.10866789898586907	0.16526205850160453	0.4150941068794384	1.336409042948547	
0.1009233546826869	0.13562237761152407	0.40101505114443053	1.4785263848986512	
0.08407001333219695	0.1568867648640924	0.39656679695496366	1.5111597608850245	
0.10046345431480659	0.15847235751906627	0.39194472220374826	1.3026231682138436	
0.10631114568981276	0.13570803569544806	0.3394060953108828	1.460223468363441	
0.07334387071594946	0.13998697163388454	0.3680934695742681	1.6194110056892914	
0.09784526853806569	0.17888926770647032	0.32340628506408037	1.497454907551583	
0.10649202426141612	0.1361965823488196	0.37657813827996145	1.41499069811373	
0.1108692120204551	0.12837029263491503	0.45140776253935755	1.1583423871987224	
