10	45
1	1	1	1	1	1	1	1	1	1	
0.11545501889535062	0.13820093085775936	0.3220928544202162	0.5489162024771154	0.9236670988587753	1.380968488677474	2.2302900068428047	3.0957959527604877	4.356395583366626	5.186104059369019	
0.11795860349640577	0.1376101496066357	0.391119430282137	0.7076160678264269	0.8207322428113293	1.5541896308917331	2.173554766573628	3.4242152511669426	4.162417742094162	4.647043950687252	
0.08939096482800707	0.1341036322393942	0.4101231502003717	0.623205584700954	1.1197713792571047	1.4022612314386202	1.8029687671932806	3.8247535766919007	4.4060519883755465	5.2700582934897025	
0.12943309398840355	0.15807262736689529	0.4150937930986739	0.5830844829742319	0.9019947899058394	1.3078663001535145	2.4097869840193065	3.068227805848917	3.9823376701375	5.788133464598009	
0.10259048627689978	0.1466252990473822	0.363047897277271	0.45080755986059273	0.775196575882143	1.8320264371624888	1.8590428081908492	3.4122706286007505	4.658727249655015	5.19419937455808	
0.08741651752834803	0.14878443215602627	0.46652140134178177	0.5168031325123694	1.139447755064138	1.4987446803947684	2.2168849339541263	2.406834776111839	4.155892272001988	5.693830168616913	
0.09424922522155635	0.14745165596347265	0.3921101106720316	0.6618858152156141	0.9529017361556393	1.2647863058829525	2.153813713385955	3.2051298817880935	4.024724481812446	5.221203406960812	
0.08945621132402297	0.10675555386077384	0.3647296373359223	0.607061278362833	0.8366251845348591	1.3987494598627235	2.2075708884854914	3.3721399375146053	4.638524749243253	6.616230745130537	
0.1175789694430204	0.14434445715929772	0.3637713670528559	0.6884194432405989	1.0008341691011078	1.2384376690206091	2.4054117452814574	3.512435743192387	4.533981876613393	6.460210002000782	
0.10787328994552592	0.17226451873978652	0.3741214276866888	0.648065690452679	0.929808770260775	1.7187179787244227	1.7799898113424066	2.5143028134950924	4.613973256456235	6.13702148233007	
0.09705626593634856	0.1629239715756058	0.36258009245138373	0.610318342167507	0.9935020096686009	1.2782761964665312	1.8126755601737914	3.6102747486493993	4.577151952132163	6.4609819383664195	
0.11348750365464833	0.14422767162720107	0.3558059527083103	0.6060714143126064	0.9338036346893812	1.375750101241317	2.274072972373331	3.21365061894811	4.762473377477042	6.6463688108535965	
0.11752668931569384	0.15367799773265042	0.39387199239077514	0.6037009815103906	1.0593923094028594	1.4205473860933215	2.104150481378408	2.7623305970787406	4.151608175345319	5.9833463193117415	
0.08187053876474287	0.14149522817028404	0.4047688431205334	0.5061373110427155	0.9730060653693453	1.3679831440780348	2.232513469702274	2.76631731353447	3.6346204681339693	6.29788997653972	
0.10266637901602048	0.14855174988592507	0.3958579821276846	0.5647141398961824	0.8201375667047952	1.3957311975343167	1.8610145526901603	3.188197911518295	4.955190173000828	5.064461759343656	
0.10393712938538065	0.13545202120451322	0.3040896211800191	0.6216689881304485	0.9780860703391956	1.1425091251261275	2.019440258157672	2.6441077109150584	4.307332158836356	5.86233420724594	
0.09506664500571914	0.15615118074904347	0.30816972264027637	0.5399402229872441	0.7682422887417604	1.307203299115574	2.1632129625321634	3.707896063994882	4.4204489851863595	5.340878988735935	
0.10533694744165958	0.1547720398716439	0.3764605299313111	0.5285294656396337	0.9376482982223778	1.589290493475167	2.064423922721633	3.0703905565569443	3.993109557333099	5.2862563610459645	
0.10164589847454458	0.16584798840398515	0.3541868543766187	0.5750301081032194	1.0723314158075754	1.4065302623095604	2.243624028273136	2.8882013241346156	4.370139286299532	5.551867480903369	
0.10475959712425131	0.16710962817845507	0.3613182472933883	0.6103418242999281	0.9594937483114844	1.3979237267301206	1.7020498969163815	3.440045628002957	4.106962066600101	6.587164083612719	
0.09795659134237641	0.15262305850122726	0.35604376749733946	0.7700937570543672	0.9157388127933713	1.2107569923500954	1.8285003846864434	3.9629853899570415	4.062223220129874	5.625510764339642	
0.10716085096687929	0.1433974252082427	0.40459688832352153	0.5480726142433183	0.9380023295641864	1.537175648039783	1.969990500936274	3.075802070490922	4.720708461925016	5.084801466648896	
0.08850200273479178	0.15771610032559574	0.37799200930589066	0.5404727640504384	0.8122877763288463	1.336516425748283	1.8531558117754987	3.154035369904845	4.483973376478699	6.37714793359806	
0.10167603421030474	0.14098993017294723	0.36059683425411704	0.5780698775251242	0.9858872629949831	1.4911437487199344	2.2677909640296225	2.7792920156587333	4.036830734662713	6.5098806361293615	
0.09305531588109903	0.13653992992825584	0.4475301444845829	0.6461162938631528	0.9494709731734237	1.4910383432646876	1.8973469541968517	3.5563904052132966	4.0764838186455385	5.086933049398176	
0.10460389653058354	0.15217468405296694	0.3915094409395046	0.6019932069784258	0.8569517059895669	1.318907446774634	2.4123703546181563	3.375208168956383	4.482326026405921	6.078741107383219	
0.10253273411650628	0.1504234336700146	0.4141543877093315	0.6312864864528976	1.0072451998361005	1.4946601326213798	2.2419546237382937	3.222120153634306	4.777974577046893	5.7696040128612545	
0.11329310479641166	0.14333130969798882	0.37653910717070577	0.5317389644271124	0.9496922021050979	1.6988426169718631	2.354521759607393	3.5006291227700466	4.920131600447595	5.587838674081106	
0.09368148910010006	0.16616248260206182	0.3184970906663194	0.6198124039667351	1.1371076472489479	1.3903557233824593	1.9943471284839125	2.8732750947856442	4.512245682192487	5.455537947190284	
0.1105501072772766	0.15784022396399627	0.40883168272889403	0.6156740597219308	0.9600230507350054	1.272718091786317	2.6463165250294507	2.815775907511651	4.3873997951848684	5.488056024689103	
0.11338302883211158	0.13343993097911877	0.4065770702285198	0.531582192367846	0.9834926328256797	1.3195961345863148	2.1991439834221054	3.2799432200293097	4.442070580188184	6.99889722681278	
0.10707807056482666	0.15813149881095276	0.3495193441752613	0.6013879433449086	0.9201673266317405	1.4336290438028567	2.0238453114940085	2.886177944145045	4.079501718975616	6.424232526123877	
0.10388023468776897	0.14052834448452928	0.36244981862571385	0.6359732668489477	0.7327011909361411	1.3360946457299212	2.6101122401116075	2.960152248529462	4.958582678122223	6.974918664140695	
0.10881677448174075	0.17059761671278745	0.4395412366085718	0.6068299803938033	0.9160111093240022	1.5500948542869788	1.9444594435947886	3.639443977685761	5.187259254232991	5.706707289670509	
0.10265122705387052	0.15942646148099318	0.443969702147912	0.5417916186499971	0.9184611963361713	1.3064993976496297	2.0003873277175432	2.6571732001786756	4.49388695672579	5.602872828390009	
0.12401733849737258	0.14202221341029767	0.41151692529753875	0.5112251229471946	1.0184301304183898	1.3508679140038662	2.244920449056769	3.441208323675392	4.42583469087958	5.8733177328366075	
0.08767501566661529	0.12310054736563586	0.39446200149954136	0.5743404425079819	1.0026537007262184	1.4603815845006116	2.3797507867962895	3.4316623581727135	5.764207178099378	6.488270241201137	
0.11160040031108996	0.1873243464513675	0.40849242261808577	0.6123056958920231	0.9415749808978846	1.576774764079399	2.3263059072930727	3.3114319610953715	5.5246508636369835	7.030542632698781	
0.09867427091065684	0.15246389602874322	0.42651204287378364	0.6008093531637934	0.9654162033260691	1.3693799918126326	2.317224622228516	3.77120931032807	4.871058869353283	6.388059794201078	
0.11779312949766758	0.16667315928514193	0.3499015567411781	0.6511914835014481	0.9544811999679245	1.3680985303567779	2.325409978191804	3.334680078371272	4.139892089120377	6.395512369061448	
0.09096303013801875	0.1273571871568627	0.34793998049736463	0.6526002836547907	1.0590967690228608	1.490689633411525	2.1274096202356483	3.7619765012694932	3.872815673998833	6.611998001373305	
0.10478743537768823	0.1669535976593259	0.4251426103822035	0.5751206270409788	0.9273079324959653	1.2288450982562096	2.05614478772122	2.7812415743648127	5.224593930368908	5.232335196386873	
0.11751144370441419	0.12888454909687086	0.3098239439722158	0.5800171539708057	0.9495283895538045	1.390742083515318	2.119463754864623	2.8942499602565603	5.077758370329162	5.713639896250779	
0.10131169168929088	0.1559739743828112	0.37009774006736945	0.4976671152889518	0.7694248487381309	1.0971528477043329	2.3264972819807874	3.1671635253939394	3.679362636185891	5.779769667137254	
0.09467931225974542	0.14685980870748572	0.3804243884313754	0.5003015917194503	0.9830143950447867	1.405168120781269	1.8448983491644944	3.5112356806021405	4.629617823652443	5.509479700003708	
