4	78
0	0	0	0	1	1	0	1	0	1	
0.9706552108363844	1.3643932702821218	3.4809588704032515	6.63804227213723	
0.8964474966614561	1.2861883175665973	2.9876391331435737	5.67160784703754	
1.0128269512175825	1.3661795737136633	3.5430279336860515	5.815960568414571	
0.9215735042491072	1.6045107092214863	3.240310999499894	5.410971519649574	
0.8345222834876265	1.3915732699832997	3.2629297340711836	6.282466176015065	
0.946084494171086	1.567913530740929	2.7145581707008866	5.797241159733985	
0.9800478839492798	1.4642994942682346	3.0305816852786505	6.046032526169583	
0.9891118773263835	1.3952343983799034	2.833960751278826	4.384091679045081	
0.9895900488772358	1.3729923921946696	2.645193175543007	6.941790327474349	
0.9397679223536942	1.0893348293923648	2.8674084670586257	5.964732235425253	
0.9477524392073227	1.237926087038075	2.9923102617273227	5.933016256943343	
1.0003470710568014	1.424180840385076	3.8269019961606827	6.132374733426211	
1.0563696180796511	1.6232462223441961	3.6413441889495006	5.478412395258415	
0.8617174348775265	1.345947831194424	3.6673968617489203	6.4368187414040285	
1.0584626476763812	1.5233386048609212	2.911322423668046	5.636405910373025	
0.9767402221109766	1.4281668216928047	3.4179260136639225	5.6913947670772815	
0.8338034097071888	1.3857684623311983	3.7866358507821607	6.051959265049278	
1.0188234199736999	1.5946898691281237	3.6550471257911763	5.10736573833897	
1.104395145449823	1.4030994871381839	2.6347943936262728	6.235437288626133	
0.995879273906157	1.3657962302369644	3.5250041951666553	6.653123480714561	
0.797506252195349	1.553629128829352	2.899743735243488	6.122944958996211	
0.9073991423405916	1.460911982256622	3.653389571948574	5.911701589193816	
0.9052274424735862	1.3641133213025993	3.3486095955436617	5.193493190500369	
1.0155987662934083	1.43351657578133	3.6906830561957507	5.835398682611474	
0.9540799063077637	1.4225963142250322	3.1734890617218667	5.55556946891495	
0.9617307714531166	1.1966103956459682	3.298740113593083	6.584589958035622	
0.9449001778218293	1.3153638736249953	3.2223728368472475	6.0635427117372735	
0.992779919859934	1.2235874467573575	2.9227057197834854	6.562050455803503	
0.8369860860971188	1.7318840871348573	3.579983137278104	6.7310013543450395	
0.9584105210212523	1.3736369128004442	3.2185909992064734	6.1414611070525975	
1.0861131227632432	1.5998458796653932	3.037640529178111	5.553308369230672	
0.7943506868320195	1.2792323041402955	2.653224421557022	6.896951247858254	
0.8391266154184384	1.469218573923348	3.3014640974855625	5.237496642124802	
0.940971685457374	1.368112202531615	3.019601826064594	5.478463132843508	
1.0777555394412424	1.3682746758141602	3.1758569551536135	6.40328520721936	
0.8630675973320432	1.235124379918549	3.7683526228413546	6.463302456976966	
0.8654264460803163	1.3374918205075288	2.7511983618939335	5.716152961440735	
0.9254182846973957	1.6644830068414649	3.3419150937823012	5.966543804747581	
0.8759892294377275	1.2668396480908488	3.280932035411853	5.693851656967247	
0.9484163645546376	1.3644976029876712	3.249454381922683	6.49019165123244	
1.0920487156282488	1.4805438901349683	3.075106021533299	5.735950203432471	
0.9140650636839788	1.134610810172766	3.1283230732239904	4.735803802062933	
1.0206160926972185	1.293973017868513	3.370519860997281	5.268444844814507	
0.7905144336948203	1.3583066067079825	3.204558746353381	6.272821992877722	
0.9549900894356463	1.4675252090434148	3.6494575538265464	5.901062219457137	
0.8635731830662753	1.5645261011774219	3.9031406487900866	5.562792799021301	
0.9613121026542619	1.3714509840675428	3.24396176672941	5.811093473098651	
0.7579090275912527	1.7269359748382045	3.4949335910351254	5.195921316463224	
0.9001905290373718	1.7672158540714429	3.150401367581548	5.367750607577888	
1.106922064882669	1.3917568788259755	3.4951477693453876	6.084250232482052	
0.8450793346045372	1.3524639201037945	4.107732235979708	6.257571302187024	
1.0307264170674708	1.5624394882274566	4.035580959260145	6.3166859418168055	
0.7801851255353677	1.3489066378407668	2.9434637344142303	4.84289682144184	
0.9573015874359984	1.5229028510563687	2.9936958647201495	5.296043510075458	
0.9930867425536936	1.6043681155400165	3.177738406732547	5.293567304500843	
0.8845799575907889	1.300761106118148	3.32675257761376	6.40578313108	
0.7614571124958145	1.4678437572852254	3.169909029811408	5.806079685049293	
1.0648491321911673	1.6236896983022704	3.3300280318861764	5.240176559586614	
0.9394364722920716	1.3410068448821064	2.5770498421333694	5.331304799909298	
0.9768077125369451	1.4346605426902637	3.263258563772355	6.3408743072591776	
0.9416388917535128	1.6102785298115376	2.8666931086633918	5.8816406625461015	
0.8201245018891793	1.2881597590562028	3.7787934637250733	5.499918492931627	
0.8401433670407511	1.4804256523764692	2.9024171430028987	6.069494516470794	
0.9345077607579538	1.3443373747048672	2.6897042761682477	5.731143130752038	
0.9626919267202761	1.6614531421010912	3.0302365562155744	5.430619971891967	
0.8957960207254686	1.3040078276042826	2.781825846294455	5.899193474490154	
0.9632739319796145	1.3727747007741833	3.313991030558252	6.157724286783837	
0.9184209200473424	1.1587202936401844	3.296608062944767	5.747878412515959	
0.9979972584151628	1.3800670758891576	3.3768995685828425	6.614030810666247	
0.9467805582839035	1.4419120073057752	2.9713646622955894	6.492510203486107	
0.8577922022479261	1.258868394321455	3.0601471250372976	6.251911596247592	
1.0259303953989392	1.5061480928972055	3.8978651647815874	6.595389982503017	
1.1124481782582445	1.6486752293264693	2.7870252891332776	6.226988289245131	
1.0446455693247891	1.3723617504939307	2.7599495038442265	6.30131610924959	
0.9243964963619566	1.4222303306479278	3.5336628375681918	5.980253549554902	
0.935362385925332	1.2370294335498662	3.3695997406611333	5.130844972788922	
0.7026133724898788	1.3972711388178647	3.3028097706757666	6.271922411580498	
1.0083594157268316	1.8018653178560513	2.810356195121169	6.155510916839248	
