8	76
0	1	1	1	1	1	1	1	0	1	
0.14228126589226986	0.430127514337732	0.650892788455518	1.0728698734553928	1.5098887697920524	2.2828180613497224	3.0760288562709217	5.509941418668233	
0.1287311690550935	0.36636000382592226	0.5151753366411337	0.9504148146023026	1.2402485514145678	2.0227226534391276	3.547433454123368	5.850662952770579	
0.14728140981335502	0.4050498294997434	0.6323662447586389	0.8898918019152331	1.481923121990154	2.3230162741842153	3.1719494358684366	5.140660196629073	
0.1259934923508119	0.3320480182298165	0.4925910123644601	0.9992899723535359	1.445731247095363	2.4350084657174134	3.1916081182170304	6.674985885174363	
0.1719281872017906	0.4250838173724396	0.6578811240832284	0.950923207645232	1.1763702755672307	2.252346983152439	3.4788410244933763	4.738433033696905	
0.1311988814193397	0.3971389586945295	0.6116640963980797	1.0669138077702878	1.2754964402485682	2.1880296996225366	3.2385077661369253	6.351602614645175	
0.13378647864809795	0.4264068263810313	0.6350324491158054	0.9615102214102226	1.2605957437137154	1.8661189102091575	3.5363245737536704	5.5577632280860065	
0.14789868583310573	0.3964832058386312	0.5922555218608708	0.9541226553797908	1.5085895357472743	2.0925270669406957	3.404815670853668	5.63862089477136	
0.1675369305211609	0.37036672369173296	0.7178600042479819	1.0556461703127835	1.3537286057184117	2.3400356625954166	3.3119612417071105	5.693850757530181	
0.15601555769783354	0.43088700951671743	0.4984599317725346	0.9427378008080638	1.717624014040896	2.372849140714336	4.10028015594067	6.999815471409811	
0.14398447839964099	0.3533105010445135	0.6648766218822453	0.9810481613467682	1.5009301954450998	1.7338530005792492	3.355754195507775	4.972926553639885	
0.15612234775728817	0.4695964236232263	0.5736588436845903	1.0150166295220577	1.4728824385988408	2.4956362398111986	3.481599248137375	4.937088706928048	
0.16187489051612466	0.43359677674805513	0.5306846754412902	0.8503034056274066	1.3674440775267254	2.158433039350078	3.6115673981412555	6.040127757119974	
0.1436322810077746	0.3836234352023177	0.6094994051915978	0.842072276083269	1.369569343727549	1.905734629952675	3.055036335466265	6.729678852898768	
0.12691098582146546	0.35440420835899744	0.555090545064674	0.9120193146049156	1.4704656472037632	1.7583325060355786	2.733970274720977	6.333202283590483	
0.13212153037875404	0.4006108483046384	0.5759942924906881	0.7727720128509544	1.4804426290345627	2.650647451587592	2.981760575336337	6.759539324886772	
0.14483380717637032	0.4071123690013939	0.6871188834544331	0.859581919168057	1.3146124370855916	2.0727698155849064	3.765474338608461	5.551770915730092	
0.18095033656375084	0.43406429540942953	0.6432781969193582	0.9927750537667435	1.4000751788439674	1.9489978024437047	3.65458592309259	6.5950403515078095	
0.13501393836326908	0.40283374810117883	0.6820207337666256	0.785725366530377	1.713913687817847	2.022128497586639	2.7684311153027252	6.358540842193637	
0.13498717873314256	0.3927489568323572	0.561866235958782	1.0607779585187829	1.4734987080484354	2.1830049122898867	3.4006751890570293	5.905613266302014	
0.1456166687307931	0.3659130461071305	0.5110749439296475	1.0004290202000423	1.443649091527067	2.4743028835052687	3.5839559366882114	6.8328383825391965	
0.12768555644505392	0.4254130621848062	0.6054765121809271	0.9002671747331378	1.374877410642656	2.595445670059105	2.1435023322847266	7.568744385474497	
0.15811374625450764	0.33314246855690133	0.5300063368454159	0.9945192567095854	1.209560397683835	2.2197250492636718	3.1471337527298493	7.4049162281060585	
0.1260030435718836	0.3796006936391923	0.5597079867913811	0.9525399579130783	1.4366713023289555	2.0396254274856758	3.1322028498252084	6.351507218838744	
0.16713300356074265	0.3927906653384655	0.5643516127578456	0.8855645086866222	1.3975001429606724	2.059705984828963	2.961237774518596	4.737819270618189	
0.16802558336613643	0.4041089498867897	0.6800110439982828	1.037780619873007	1.4066819664688108	2.0665269050464112	2.4839354101792206	5.811934703464737	
0.16896950050670026	0.41095534065899947	0.6125151199053545	0.8069508794906676	1.4038504576439972	1.8877488042064692	3.280981040101532	6.249910308165461	
0.1375109532869142	0.4030327145680505	0.5514495062609626	0.9428820518323108	1.6968574948758917	2.0354296112498322	3.1359704012460865	5.0557023637194565	
0.16031172055332976	0.3666402031906845	0.6889893584354667	0.9146445229761216	1.4196575421951674	2.2240648159055083	3.459186354176183	5.3492077457501495	
0.1665058164694502	0.2845634835282193	0.653435546171988	1.020589687820132	1.5731911850035092	2.1123964961238344	3.022946413801559	5.451416573114334	
0.1432365791067671	0.3717246534753944	0.5946166889220363	0.8829133767772436	1.4683805283574725	2.531952342409244	3.123794309827847	5.476219756792469	
0.15288620186451088	0.40528625266471047	0.5715000709975525	1.0189556652803462	1.4418484095089876	2.3636941446236754	2.707702977505463	5.829305463838398	
0.14342038197902196	0.4031918722870403	0.7394588016539508	0.9538083473906128	1.3875015151957744	2.273308248708227	3.2707376626273676	5.528898160507695	
0.1390384888168312	0.347051841037253	0.5969291379573859	1.010950818697214	1.5116548699326002	2.0256832855657834	3.0236382470307475	5.682628528160773	
0.16944260129867203	0.41939915442158937	0.5542584152522206	0.9470674853488595	1.2744505020074333	1.9260987831987442	3.0889247716141615	6.90515032213276	
0.18499183484644557	0.3981030326475503	0.6427539524105064	0.912375276085893	1.1694529568293819	1.8191047382463403	3.729297272384076	5.0943218687425755	
0.15615185581598023	0.46776179081459257	0.6872244300328126	0.7860414607611821	1.5675859505955387	2.2851274461536266	3.9230056836634852	5.968591713498351	
0.15035362348585254	0.3224623877005926	0.5765983993042572	0.8750727852794565	1.4046918040528873	2.475000300873518	3.8888159632507993	6.2328243562297345	
0.14069270245487112	0.40981257620017286	0.6789477150926745	0.9642447275062216	1.4517646769433215	2.5535499183722257	3.5711616524981595	5.747726611896333	
0.1468863133076318	0.4054841986282409	0.6073327570084551	1.1574862403084354	1.667011210541784	2.0794407242430264	3.3836475830958217	5.842986981930049	
0.1464519510877552	0.36790471027171756	0.519042979885024	0.9626328462487137	1.3117444168185377	2.3517602972267984	2.8728813985651804	4.826534573052754	
0.1492905799187902	0.314960894444889	0.6495053405761443	0.9126591544853526	1.2302179586060495	1.9312598066531097	3.103509855797979	6.07626460341864	
0.13658521568110937	0.31583898153516843	0.5925993925722158	0.8886686086438802	1.4136790400494117	1.9362817820935252	3.4088245811572317	5.9604750163233104	
0.1521645100045327	0.38322127764665137	0.618343289875533	0.7523663049110635	1.553698847598115	2.120673885000363	3.484628648606006	6.1966653265759195	
0.1566773295997991	0.29664075532557915	0.5265853660516971	1.0791955729555716	1.356130720457673	1.976871778577195	3.340475822073098	4.9382563581982115	
0.13330760578813747	0.40230478682092136	0.6452742569289988	1.0689910345946325	1.4204975146174523	2.590432499784004	3.288165647986365	5.028864657476538	
0.15141003443766496	0.4151762225044294	0.547482058572179	1.00517653052305	1.1942028392557629	2.345976568609543	3.282275232073364	6.480784576414509	
0.15014731769818948	0.4036005479360373	0.5915961591444449	0.9591102363929134	1.5886549817551645	2.0653545343537774	3.0575504301386176	6.206761506816323	
0.1547997606654413	0.41478740545818255	0.672604640137981	0.8207415527830544	1.2246841810098643	1.9226781376486726	2.9600479917176274	5.84727990511376	
0.14166696144593163	0.3673019286454758	0.6453340332534476	0.7063096422245164	1.667891541570282	2.3153706496926567	3.337053954200333	5.883790651782573	
0.16488833518253385	0.4007243832058056	0.5440286138697973	0.8109779452580478	1.2219742911866325	2.4315720648670447	3.4302593401003603	5.736724024151909	
0.15837962739411263	0.41949126902862255	0.6085752087106431	0.938922314320546	1.6122594725326402	2.0537104986402763	2.4648164948949636	5.919129684513145	
0.14889201360655197	0.425356168627968	0.576534068835424	0.8249122449499989	1.3477874890563777	2.215799592432398	3.457652390232509	6.647896943590504	
0.14931919953607536	0.3839873433786583	0.5379048344690535	0.9103522504954008	1.7319347403582814	1.9709556707856282	3.2890115704943748	7.208972700980178	
0.13781296495819717	0.39453879935410197	0.614163659231943	0.8074344003546472	1.3021784724328167	2.0755364011000466	3.8118115835079838	6.271168781187696	
0.18874433430994256	0.35770638355368434	0.6682516163397816	0.9045008090967919	1.3400319743937545	2.251322171932841	3.2848362917856777	6.6935111513968195	
0.1341843890110142	0.38721032592822324	0.4997375120360654	0.8898211782599799	1.3552226242664136	2.3216890396133913	3.4078880367185085	5.913283941810279	
0.14234158007474254	0.3566935423768995	0.6886298590700365	0.9485204379430225	1.2782857578002473	2.5125467439941107	2.7880779034515033	6.380779612155884	
0.14959824440050545	0.38572716006375257	0.6674768262491481	0.8777702549239579	1.5364103713188142	2.3455251800383885	2.986462520318714	5.066858297185445	
0.150046882333272	0.40143293208828346	0.6075451043260138	0.9488054192023891	1.5039063709172225	2.5596789639198887	3.2334666366578606	6.164816804018697	
0.1585823105669559	0.37399143356675335	0.6009801323930383	0.89425083715225	1.5730087813602582	2.0203981375683973	3.3116769022187618	5.033907012344105	
0.14693682188624663	0.4179828653049119	0.5659769866072855	1.0889477241297203	1.2056081192114327	2.2320907157658993	2.776489811171399	5.906188356640742	
0.18181814712391878	0.3724398939750548	0.6271992490293165	1.0496022488636119	1.5038358896425614	2.348240347029103	3.4458926422785807	6.087474791329095	
0.14269834492672165	0.4377035697875938	0.5104821350918355	1.0192848811043782	1.4701731082591658	2.357132404676016	2.7635720522984135	6.43422747256321	
0.1533459824762982	0.4561790856610371	0.5368535096936765	0.8803061609046245	1.690561767017089	2.343900871729847	2.9812880132308957	6.151380627648779	
0.13432044959376918	0.3510814379253341	0.6274832947715253	0.9712046222925121	1.319899321143468	2.1106149990069913	2.9323231439915394	4.6655286370409605	
0.15237860297689854	0.41947285982495597	0.6336085593336553	0.8767809651401521	1.3441414260993725	2.456259712442449	3.270080355387885	6.345745119181483	
0.16155153466903743	0.39450587443112156	0.6612138974855627	1.0870425536823758	1.5512892275337657	2.2458929962156264	3.1256333856235257	5.805985106459284	
0.16822181459516075	0.35099485652827683	0.652757345641183	0.9052650121347087	1.4132386164909652	2.005428150699158	2.9010465933357503	5.369060211432159	
0.1527480479123447	0.2932523153473264	0.6004791091991706	0.8044695807219577	1.4245861951682555	2.22622418854452	2.7144264205011743	6.555060919423413	
0.1718142019028541	0.36202040915131084	0.625862390171664	0.944969483855268	1.553182643253104	2.090269508519406	3.1862268290865026	4.234383371395916	
0.16042240888865605	0.4077745713228077	0.685528641748777	0.7794526170236794	1.2273570011770374	1.9031060366465906	3.8855181289854595	5.8507793950181926	
0.1572846218071206	0.4263999678550476	0.6275831556442781	0.9366469702193029	1.3426608277365235	2.3044081921987187	3.4580984248365216	7.2914190997739325	
0.15228635724838063	0.36833452908457576	0.5099065093168917	0.9996673614743973	1.4892866906582978	2.320159196615337	3.702690746259898	6.171470104741193	
0.13013292017609562	0.38102340821484737	0.5552454727863623	0.7936116306917795	1.5874894017867958	2.3361576864279585	3.88207668299428	6.44848359736441	
0.12545218575210504	0.34563605811118403	0.6854191918457065	0.8630424851887446	1.4079221671747373	2.2966830029296363	3.54106580673416	6.508818571314791	
