9	57
1	1	1	1	1	1	1	1	0	1	
0.1217809763458708	0.17245092826094624	0.4211736759428104	0.4975355765804075	0.9690389882572555	1.171321734629663	2.0523681683565607	3.0010970959415975	6.22150475638408	
0.1189590028352518	0.1501774470647773	0.40933666814615555	0.5375547968708732	0.8578396697095835	1.506246403173142	1.8285171822763164	3.2993068457298755	6.361760983590037	
0.09877322822355389	0.1293625360631625	0.4104714432791913	0.6242161620850757	0.9213674292707411	1.2595141683816113	2.0039157019293006	3.078080611683028	5.898296845817891	
0.09868808849787769	0.13111484737335735	0.39479178756794436	0.5959081158294222	0.8867538203135351	1.3262459369969322	1.9902893725136364	3.4896211744100976	6.110563688790702	
0.102813909707341	0.1363804589738654	0.4476376847984874	0.4854920146209726	0.9701685915276251	1.367944049389248	2.4696417799216563	2.9956965667012243	6.013958632710004	
0.09765081009060916	0.15703202737018795	0.34348215365017043	0.6041329471093468	0.9555268595056844	1.4521402417107634	2.262229149883858	3.781356848406395	4.759048389308474	
0.09714042534331598	0.17179075429583532	0.35684076679790455	0.6113978934029484	0.7820147040013214	1.413592831342521	2.2500191570977965	3.0729437736663354	6.566260292691473	
0.09033349171286287	0.1580907360355878	0.4371907234076045	0.5801410028242843	1.046124891551948	1.4681691113211992	1.833258677517292	3.3694113692162793	5.799050814004245	
0.08516576593901325	0.13947283899466775	0.42704304075606636	0.5587106525610559	0.8982844357483821	1.4657624703605392	2.1812062749092993	3.0793033179785763	5.227966223917508	
0.10514848721030956	0.17901342471153775	0.3422585392116518	0.4580361670712099	1.0506396441689159	1.1939652099809364	2.50652159205732	3.538310463808818	5.448442607118105	
0.08991180400814269	0.14627631804239247	0.3919675266857453	0.6868828839057526	1.0410505795805651	1.4912215899814039	2.3346682873529723	3.3669853090277573	6.169212967047052	
0.09585341888971172	0.15615986203355445	0.4027754709096649	0.6474805399582374	0.8599328352239436	1.438352267765469	2.0242255556263506	3.473815248788347	6.0995742799409545	
0.09204904470610287	0.1302426648309657	0.40016920918595267	0.621407492272254	1.0043147804700838	1.3551215871110853	1.9574386862271707	3.5305312334829932	5.014743347237276	
0.11781831297315429	0.14570359362416974	0.39632392243006437	0.6600641866740331	0.940499817049908	1.7445640799659592	1.9603371145402024	3.5095751374080226	6.007851487797794	
0.11492313052977142	0.15714995283248553	0.3145388034987803	0.5727979099240361	1.01021758243383	1.304759979507427	2.039978978207472	3.1186415570436457	5.881373354251943	
0.09649960305233464	0.16326139527714836	0.4465465110869123	0.5362236517116227	0.7700510621639327	1.1871734055231473	2.514401554304176	2.5295360443883803	5.568548131381314	
0.1022606690069242	0.1542269423948913	0.39398814616525857	0.48168984424731853	0.8113585816213809	1.3649491598495156	2.0276165680428053	3.0170998368719317	5.896404304623364	
0.10306786940778707	0.16906348340952398	0.35741447402467574	0.476870310862516	0.8743990238007748	1.4167438546151692	2.125995599339347	3.0705405147501192	5.580052238625948	
0.11097224023128566	0.1380723194399163	0.48325349858729433	0.5518381486641477	0.7843957000536419	1.5249815534914157	2.150478695068311	3.2650461954363985	5.301401841934488	
0.09716604472979715	0.14400347324980634	0.374809998928794	0.4868235208931912	1.1071388727888538	1.4682799485307558	2.3456054980974024	3.6024330405049945	6.044981668728703	
0.08182286258437223	0.17424784874843124	0.4042186698880971	0.5737639504242811	1.1057428391767175	1.5576021552549761	2.172155910915854	3.184230748446732	4.672897769842759	
0.08479533404864051	0.1570847875614443	0.35856004627257915	0.5218304459248155	1.00160285292475	1.3524199379388704	2.282150985370924	3.2847809184367227	7.1847736429777544	
0.08413758892013141	0.15328628636143463	0.3930469658047266	0.5673301285462315	1.0987074793808072	1.342816300622635	2.0761774284509977	3.5077149545543667	5.299303332566722	
0.13808722434864312	0.16081952100965743	0.469839209370521	0.5958410142242169	0.9786988224670241	1.3340579371158088	2.270664067047691	3.57257167642668	5.727769581146557	
0.0856790773296883	0.158508263931882	0.3493400469881177	0.6164349317158955	0.9234558674288141	1.2113086302095202	2.3639590767926864	3.7970059828172986	5.586306587631561	
0.11751977245982866	0.14209912814852743	0.3934465488209418	0.5981099426686144	1.0906065231431121	1.539156788353637	2.4635866031834257	3.108901834469993	5.162946064360325	
0.09942836587395282	0.1351493213802652	0.4385324194392595	0.6170895238556235	0.9065237669581481	1.4474461338573275	2.373479066593296	2.8669840484756106	6.602548410115572	
0.09443777497953554	0.16519516378210514	0.3876306987308338	0.517110940372692	1.0465646559255435	1.2171537270318629	2.2764115481801586	3.9506198010592515	6.892528497590268	
0.09319901840509542	0.10601554383934057	0.39601815143731794	0.782143407694413	0.9401551768069681	1.3113471936037562	1.9545102994012564	3.004326851971131	5.013413156370257	
0.0996126744606845	0.13415411575604508	0.34898439219624955	0.6285910164777467	0.9298878996048277	1.3847782901307908	2.0576833357398767	2.903224487558284	5.861279508134288	
0.1064391155640736	0.1380712416896469	0.3864442943951281	0.6433648170303737	1.0109611645343353	1.3542831065092937	2.0734750378357645	2.9729734607114904	5.4699622303596485	
0.09335522540513118	0.1640357838508707	0.4668773912496221	0.5829089369460452	0.970032393414525	1.293364299201093	2.303336003293876	3.328103424795915	6.729083989702727	
0.0857881225744177	0.16126108673570377	0.311586874580257	0.6580953068624208	0.9374507824550895	1.6077792470483794	2.023096814884532	3.050593675289363	6.839112287155773	
0.10459493995287186	0.16608148997680025	0.33474074799415876	0.745681612757849	0.7529602204431297	1.3224425310593277	2.2653630524370687	3.393972820844688	6.13740716394367	
0.09680880794753528	0.17317368253147766	0.3448563335860622	0.6061106504575885	0.9731067204414083	1.4064865449564106	2.4734501197283296	3.003416740159035	6.07387433862422	
0.10642123624239236	0.1593432383057147	0.4615396280853706	0.5167548239715263	0.9628977489263958	1.2014205866007188	1.9385076854156975	3.090840880828476	6.546105638352078	
0.11047741291124553	0.15228193013574903	0.3889687351010268	0.6423797510973914	0.9822319561883847	1.5812247434707631	2.537626635111244	3.5838840310295788	4.984705457203232	
0.09253772139092435	0.16224856887214162	0.2961362725505686	0.6493193977789194	0.9271499686307089	1.5655395940206516	2.107109791268932	3.1331798956011965	5.446500076228877	
0.09940578743781531	0.1690170204185636	0.3851212895603285	0.5460803740800099	1.1317713633540454	1.5233745216430454	2.1184341971518825	2.530181520579783	6.037862440687602	
0.11278581285824446	0.16233555586837817	0.35222759940207815	0.5959409406247668	0.9565442306468477	1.4988329605637813	2.286407164037055	2.800009459471955	5.17924069522131	
0.06976122048538456	0.14142002114151714	0.3322377754332077	0.6804116729346946	0.9491897993706275	1.6552350904089048	2.482877517620029	3.168036430562553	5.272319398502544	
0.1041520203691882	0.15416610301831749	0.36837039791575016	0.6132959413733153	0.9045445484409902	1.341177945775299	2.3500572141804037	3.96608640254695	5.5686306400370205	
0.08542932399678174	0.16240720409262552	0.40323887774268374	0.6972181819179446	0.9776251968078254	1.359859567817214	2.4203805291904494	3.5847265362332874	5.709391741534409	
0.09878289280134403	0.1551599572210974	0.3666494258122834	0.6403276232001743	1.0903550650317937	1.404614259713333	2.1780502473835854	3.241562387191998	5.917610208181921	
0.12323305873574252	0.16468650166601895	0.39086612369550666	0.576162491733872	0.908718957904767	1.1776687188059975	2.170971754281468	3.7390636349380797	5.794234458260423	
0.10064280228304567	0.13850796666101292	0.36713070033786843	0.55421295776072	1.0581065832723895	1.6165541251025475	2.3310866009293614	3.2966513748410184	5.637465591765892	
0.10992621245416499	0.14215987031989905	0.3651383723695622	0.5216680626106414	0.968477860618844	1.5054673903191687	1.9282169543894445	3.1125032233056706	5.851118086945872	
0.11917443413403812	0.14683712005301094	0.41554173246329584	0.5710589701652782	0.9333661544457597	1.5310031060439613	2.17375479253455	3.38201655744359	5.904885920774099	
0.10641848881902596	0.1470240788662958	0.39199613010571854	0.5282687574735057	0.8006215150994976	1.406304698199568	2.2690084957778605	3.244095058517792	5.810336365211207	
0.08329010092761563	0.1432581087592172	0.3995837887096905	0.633997380880838	0.9863127320773424	1.4035899682967607	2.433120086241437	3.382874149233326	7.242093404802161	
0.10172849882420382	0.15254309957085424	0.38542385324398215	0.5156221790739407	0.8018886955448813	1.515293498632987	2.1633113452803348	3.3783152299383197	5.623242456715696	
0.10825176545139291	0.16383216985177615	0.43885109797953814	0.6024600866761868	0.9699722074803202	1.4793687767173953	2.222227008490108	3.883966530240615	5.8173973321802634	
0.09506163855431898	0.14885677617634868	0.37154151748198977	0.5841387670293441	0.8923333286179461	1.466639384591039	2.097477424120423	3.58904962380086	6.18029426958067	
0.0828950905525492	0.12751227213690638	0.4060490779608152	0.5635687113290236	1.027016669667053	1.5680388700011885	1.642214912209761	3.2682846598006563	5.2568268583466615	
0.08946687186126251	0.15285900300068062	0.3939918874536231	0.5778113517721131	0.9946916287342549	1.3229739480006266	1.9594568626581619	3.465845164161908	6.136102522483999	
0.11842387396689505	0.1594181980403417	0.37265753162505744	0.5930898997575316	1.0084648068124542	1.5053437161467274	2.4928160522296787	3.4964039685722614	5.4401663560049185	
0.09027964946068533	0.15476956761536498	0.3583050888549065	0.5616734928325307	0.9907626125259703	1.373184471647792	2.0913455292184278	3.190221782479428	6.691242102525024	
