6	61
0	0	1	1	1	0	1	0	1	1	
0.3667690364825762	0.6126310601596031	0.9520632248394469	1.800356406170938	4.245507055092125	6.21649593996372	
0.37026453594141734	0.6496937476938709	0.8608879021547292	2.00284443252905	3.8695445944563427	6.323477407804971	
0.3966160697820431	0.5544400273436384	1.0447266915635078	2.3219670408195148	4.572226981653262	6.126395140442513	
0.3314894233840619	0.5218696647953791	0.9426799080289892	2.388774725582129	4.885760205191781	6.754747044999341	
0.3340965773294716	0.7103322926480959	0.8904931371766053	2.1605416480258217	4.369513759152685	5.447473319345595	
0.4595277235727544	0.7192597566951672	0.9330048199066373	1.6868679386579213	4.539465059042836	6.804818836244671	
0.34065133687010346	0.6501472076576394	0.7585229123960778	2.398311792305501	4.722594111818403	5.6120382958080395	
0.379535853405489	0.637671416720196	0.9018723477682026	2.2811411884961137	4.622850726405012	5.624534137727487	
0.38811500029534957	0.6587580152450846	0.8608051037443053	2.43978845856843	5.222004456846322	5.46648740925841	
0.40955804624132824	0.6888973984388878	1.0015410009988441	2.406208015313676	4.4357665708018805	5.884560763805695	
0.38029104721445467	0.6558128155474237	0.9620692823104223	2.3765959659082334	5.000868292413944	6.701621807246355	
0.36050445406920906	0.6107772982175875	1.0128910932062323	2.200814989353402	5.257961876003552	6.2167962117540645	
0.3645398740970468	0.7381372992093876	1.0555629898391334	2.168269161674731	4.120150490160933	5.757739130628527	
0.37786491299725966	0.6105802135409857	1.0406388109293263	2.0775475075781005	3.821175500292684	6.175619548397425	
0.3465486778544852	0.5303581724369515	0.8239493311823424	2.06978571750534	4.077567809525056	5.956772628212765	
0.38977683730172646	0.5725875051475172	1.062363825760759	1.885400760709924	5.3832090996952235	6.999397829996999	
0.4357304952380554	0.5945633598112916	0.9391333811384528	2.1325314388217382	4.421822591102755	5.626321393207734	
0.3612664052516142	0.6744361365424363	1.0481625537004435	2.199080646184398	4.635873369606993	6.021743824171214	
0.31682658981356365	0.6347614032500929	1.1101279564965214	1.8579397216356843	4.149622667517232	5.987493518453801	
0.47500552435094573	0.5492078216897124	0.8767842485158833	2.3587028538057915	3.4971275556849695	5.549552254168923	
0.42246115473188145	0.6304731410661059	0.8768577698500263	2.3799028673591596	4.9054703166124884	4.941685804815322	
0.4085141548896078	0.6078969446559829	0.9654193257665072	1.9659891260071927	5.248645209906335	5.680353236237813	
0.41937152995604726	0.5395128007962731	0.9966085197928943	2.427342514523429	4.679508479655084	6.082256521832214	
0.40416784971246983	0.48549466827961274	0.9894192922639456	2.7095919171776357	3.9298233137345298	5.177466738040603	
0.4163425629493479	0.5630187927256615	0.8724068419712138	2.2219461689972544	5.455463195893898	6.45027080831867	
0.43350268654536744	0.6526786694540719	0.9855043618713988	2.044100014086511	5.050891989251331	5.749220316458847	
0.3186014222451225	0.574501015233452	0.8441926057739917	2.0103178167835907	4.292153145242351	6.254866559238129	
0.38727832492544967	0.6418269399721	0.9861994646324236	2.318624008135783	4.261796714505158	5.585776722881453	
0.31260476563304956	0.6383832896933269	1.0229771856231025	2.2265962759782867	4.299668052220456	5.819445718600159	
0.3370485736054228	0.6035371966454042	1.024236655276465	2.1587478538849925	4.822473781618191	6.121864594144382	
0.3481814388557226	0.5709678850442562	0.8894611916581509	1.9021496241723197	5.240929250519587	6.0389264071723305	
0.30434402226298984	0.5174470032871227	1.035820309657024	1.7894522853529553	4.446555078307235	5.775325219384443	
0.33809540691422907	0.6452845316113998	0.926012998476891	2.20326011535101	5.273270706202974	4.912176327943094	
0.34110478965064883	0.5713020719304353	0.8904995226994958	2.3590337994308803	5.382335985289011	5.793202852801698	
0.39633484458675194	0.6050399818585974	0.8497005672736163	1.837585576487824	4.458647298489979	5.886751727222306	
0.3552139710349173	0.6060017943483091	0.9739730301853199	1.9667775386876338	4.591542128568179	4.880662037815597	
0.44487631793530646	0.5950685722795624	0.9663433830416633	1.789661529555346	5.031300903649364	5.870181369952823	
0.35148274561470694	0.6641163663697331	0.819973585182373	1.8627676532856419	4.7524688179468235	6.108548763258846	
0.3465977033941029	0.5979942780748643	0.9255763950982594	2.0215430699192107	4.570293608284516	5.55731692377914	
0.3652280839165175	0.5293887464749332	0.8921220089158667	2.514482175564172	4.323285222960073	5.64692902315883	
0.3328342682074206	0.4750667755540551	1.0279179505909184	2.205056757564641	4.643775984403039	5.199380971376302	
0.399653366026132	0.5860417817218178	0.8814288220815503	2.281768941015924	3.843743325370837	6.538235265131616	
0.39108616457976764	0.6859899285179722	0.8675990768306757	2.0137979824843795	4.381410589997511	5.86815914431007	
0.35150229792296267	0.5735933249022142	0.8712882404928	2.3513431396634172	4.526890837714852	6.132702539365495	
0.36901151458907105	0.6077873924116236	0.9395180744294384	1.6748492943328082	4.05224829784425	6.07404926388524	
0.37787361725319213	0.4980362435735363	0.8738432560958609	1.8366398008084672	4.894577658798639	5.95769723988285	
0.41645800777085434	0.682264516563438	0.8685154360412457	2.244908255626146	4.1263371629771255	6.341707551832117	
0.3956520433538365	0.5683086150248441	0.9777515405204645	2.282001058409277	4.646256004780294	6.445196164484381	
0.4250928288505395	0.5634685608030857	0.9362548312890595	2.2422775567419513	4.585364543090216	5.89400879122141	
0.3860456796335369	0.6199363637594008	0.9546318475583789	2.2358731297603174	4.584333543616861	6.0455396609923895	
0.4187900851445811	0.589253387434675	0.883066282231689	2.243023307774562	4.266578360177108	6.641380749872818	
0.4373700711483617	0.49029326149737523	0.9870274379544088	1.7277178878657955	4.564965777764978	6.354920414780249	
0.43872830268747837	0.6444094865820491	0.9677148891060218	2.062334087226627	4.0732111863293206	5.805516018823189	
0.3754742805267273	0.6751618483664055	0.8831811256442496	2.5843067238574102	4.61181495946064	6.883977272799427	
0.45126365559896825	0.5888963891195699	0.9479104525012404	2.4665823397781512	3.9992708927363934	5.039156820253964	
0.4316455273385221	0.5510231206949081	0.855197969788661	2.2335275805459336	4.901498936986798	5.696694788643454	
0.3954291788981499	0.5606376283432914	1.090406688865837	2.563228964374249	3.922281194850439	6.680780100448414	
0.39429156048258573	0.6309296277009337	0.9361699397548299	2.398526194001632	5.277260996962936	6.139410767369398	
0.4322392077998524	0.5898205692186582	1.2220782903139884	2.167340692202527	4.456846102364766	6.6473315729238465	
0.3892200497237748	0.7487484798100613	0.7889971002531263	2.3167973694940036	4.993027187046237	6.114895308538829	
0.37637779549311895	0.5725622381280885	0.9962535226506105	1.9252988846460195	4.277252548955236	6.532148921766889	
