9	84
0	1	1	1	1	1	1	1	1	1	
0.14887761222258197	0.3871151849464991	0.6727413891392356	1.1029766639340137	1.2747953835175965	2.364427259379526	3.1528969335593517	3.7779752592575058	5.021627482823076	
0.10968545670182585	0.42091750739906764	0.6269457103326699	1.0318535267666131	1.2043100028416907	2.2069080104932874	3.275819949751328	4.791104695785867	6.069211405640662	
0.13736079550673946	0.3270830565240429	0.5881638818801728	0.9795583903070267	1.2329657873523427	2.1880462597599233	3.607491366411784	4.532792816172017	6.200269415510624	
0.14666112062425662	0.4481683621707229	0.6157309651564313	1.0892317089502883	1.2681068187629216	2.203636272509787	3.392158126096871	4.837048460095573	7.0538915706956296	
0.1669501601521515	0.36810636002305197	0.6574135018204013	0.7461854879401429	1.5086203551016981	1.9894969767213875	2.7563046210745243	4.438517009140268	5.624694096383343	
0.14152306325619513	0.401326259873587	0.5572803614113241	0.9515501877463085	1.4254334785484404	1.8588640282203421	3.5774686852701683	4.4529542165953915	6.153788301266912	
0.13788783720074296	0.35597340127004296	0.5848405805763227	0.9684525170037382	1.479815391968957	2.1661323848999063	3.025733020994477	4.534197906401656	5.799639910421007	
0.1588292366357568	0.42128843164787305	0.5619247627622198	1.0186204240362107	1.511788924187796	1.7503906031800427	3.1877464011241394	4.5392493842975385	6.024751178824305	
0.1638334794594731	0.36974724899359546	0.5615517534372958	0.9355886384003684	1.453098801474837	2.106197152682458	2.8194602292815176	5.0247114069212895	5.879099862462985	
0.1281894207737421	0.28144382318456174	0.6027632250457013	1.010484096329485	1.6509013081100385	2.389572332252397	3.68842181964507	4.764867671470683	6.30889971322763	
0.15406218914468459	0.355464122209585	0.6280497155299289	0.9811931990133147	1.1279221719683736	2.2486796310689825	3.278851459168852	4.236264651927569	5.530758293122878	
0.1484330792369628	0.31844445631212287	0.5626261461076453	1.0685016024037397	1.5129409775575726	2.1770416764217178	3.0232948594727707	4.843843770820772	6.769869666712358	
0.1615985211007427	0.4043728350330681	0.6724673138416233	0.9174892575055617	1.0715933911592184	2.3142941256448935	3.208967504477564	4.707769951270204	7.457591039552948	
0.16702025819231445	0.3447038247352765	0.5712181784501635	0.8685978719549761	1.3998183613862267	2.430635067056697	2.5407510027838494	4.208603760745763	6.7265384374595625	
0.11947382376945448	0.3634739703037235	0.6556789354389553	0.9062408246825824	1.1380980603052429	2.0664719993334626	2.8601781272677433	4.728165169774495	6.482462104988466	
0.14725334167423548	0.3759402549715856	0.6512265253479952	1.0624577677560707	1.3249572177619844	2.060871132010051	2.837026805217427	4.114685983679147	6.284096861177174	
0.1366991137649425	0.4054839965916916	0.6064728737075994	0.9866449165690474	1.4914057738128534	2.0890909344440263	3.5404471327473552	4.270036425610481	6.030713763671265	
0.16217959305658108	0.4059504539578003	0.5796262309618526	0.8111347240985401	1.4765428950046773	2.016376140725136	3.124474813372811	5.035901354172939	6.29465378058496	
0.1673643786920417	0.3900064787449028	0.6905978796413026	0.8322167975042969	1.4726811510089277	2.069372207245524	2.8128686258553275	4.901084268847193	7.043956403825334	
0.13398110394271487	0.40582118766837005	0.5961804346384058	0.9785948869883319	1.4956256058758692	2.4893261905916786	2.850550516598633	5.028171289785907	6.360069608455107	
0.15860524220306071	0.336827698268084	0.5203407507176006	0.9781109075754268	1.5128916799104954	2.003956994113133	3.401856600500891	3.9242566703702724	5.802079787532465	
0.1275985418181601	0.4256112551507393	0.4831563537221602	0.9421653116415201	1.4136161011053299	2.170731906952592	3.583017521065119	4.430338980631532	4.946661937435606	
0.17010181787601905	0.35918468347247895	0.5845411408942206	1.0013989615913232	1.383810940619523	1.983636945145742	3.1794612312103054	3.956279660183456	6.3930143522316065	
0.13045970730504758	0.33847990155169516	0.5572733398731741	0.9167241605429564	1.3377926046015605	2.0601858895303464	3.643953962201702	4.687997846261789	5.937975168089974	
0.1693863903034389	0.42109857403179957	0.5770247475614199	0.8811122216726892	1.6016160597579334	2.1947217995409627	3.1402479897380244	3.8506499032730805	6.472437368827302	
0.12450574410939162	0.4513104297799354	0.5700669265934598	0.8247897707142715	1.3988491875606732	2.1575944292126596	2.5445169607968103	4.458428540822466	5.2381187296331895	
0.14697950479623326	0.39192107548750826	0.5749994094627179	0.8843103001596127	1.4166711079057168	2.0546383714567082	3.160824130622668	4.4532888546425085	6.135541263968843	
0.16394204828859069	0.42639596476622016	0.5920884511283238	0.9416666055179395	1.448673127507296	2.2652543699103607	3.1469805122504457	4.3316464806027435	5.78295603769225	
0.1460382672728164	0.4269069657151951	0.5142653086862689	0.9714619514908459	1.3154930684545278	2.3948417228861567	3.4150912942418623	4.120254131178721	6.301217379729772	
0.15199484636391686	0.3354785273190799	0.600572683936056	1.0352853838200373	1.44391137342374	2.1707322958541173	2.9809668422826503	3.8307621829316627	5.2852470095348885	
0.1563594135731212	0.3912960426457537	0.6211517352984336	1.0400300046454487	1.471067067217735	2.021692480259316	3.2538659375196985	4.326958893632741	5.699147311131768	
0.16260299160274516	0.3843223213988949	0.5602419943514266	1.0883725670230349	1.536398984227638	2.4623025092278543	3.213678742484585	4.167075529771634	5.171393289343882	
0.14269782947824924	0.4247684628779831	0.673200377965097	0.8884685062344363	1.3599737237622098	1.9319866025853705	3.664960428051363	4.1390600436992795	5.3502386807143845	
0.1515456383634759	0.3183602798111857	0.5761119304479	0.8915958379304693	1.3011409027722993	2.49036412356659	3.2416064049613857	4.7147837545327285	6.780366143950132	
0.154569775717945	0.3261971850248127	0.6201058117908795	0.9858911124969569	1.5200637860640576	2.2682302705724955	3.367046788744324	4.487107043276555	5.824600857790814	
0.16622449608464698	0.3652047762483234	0.7550745802184075	0.8185131822735512	1.6256655016535395	2.014149275055535	3.5483149858500544	4.054146163627058	7.0479801830316315	
0.1520673112890865	0.38370738793915893	0.5452452619225892	0.9712413459134309	1.2066641691524922	2.234014680689164	4.033252006366437	4.863592843427193	5.934908748202002	
0.18131628970254673	0.3866997394500323	0.4913665537766135	0.9216569534693789	1.3869759709391491	1.9739409456524304	3.4221831114422736	4.599282973300602	5.487755844153152	
0.11243156461937887	0.36964440154693257	0.5288519350222229	0.9505772575734451	1.5275876119847767	2.0232474438035966	3.007677963530033	3.7951172670627438	5.887291046799653	
0.14327432534139828	0.3421202235708144	0.5052919130302947	0.8557892777346852	1.3277345137412264	2.432829726931268	3.1864958125204303	5.004820681685089	7.144732633645109	
0.15931732292388462	0.330287490655914	0.6279508588353093	0.9970326820370472	1.3472671516472432	2.376258387310015	3.3840633251267787	4.08922746288081	6.588720556894031	
0.14472898175362972	0.4079350077162034	0.6342886135472314	0.8635778763306542	1.3147885785969724	2.28632859202106	3.592982670765729	4.246842379955684	6.1484931525884265	
0.13017433701422187	0.4044452560134433	0.5649489430699085	0.8477404240812848	1.498559937357115	2.277800518465855	2.9286675017908745	5.219992666952971	5.894115924201797	
0.13935505035434817	0.4411426264655999	0.5274634858940799	0.9261719898708528	1.4432649352774816	1.946375964150275	3.0837766535782953	3.6299584305730024	5.96725494794344	
0.133126093932218	0.38877734495764865	0.6442145666703792	0.976001649572767	1.3483604337795934	2.025071727387662	3.6136439112748633	3.811016757158992	5.982111634445508	
0.16670441389863042	0.40256189364206124	0.6554077678186875	0.892812455743454	1.4337650311619654	1.8087245691471514	3.3381536755893633	4.318822276006259	7.6275198151651225	
0.16418412912493482	0.3957426937724192	0.5483432278372112	1.0032307582217357	1.3419783641780296	1.9448888034839558	3.5313655644487083	4.363018806410554	6.040577473983399	
0.13989655997425587	0.3641498164333559	0.49112304968712506	0.8033367955776325	1.3706705395468433	2.0963470892993445	3.5811130422575976	4.338575630779149	6.808833107275602	
0.14769917743189168	0.3701228285200769	0.6074206943051959	0.9418954921940315	1.6307085629228237	1.6246974156184701	2.878255738981852	4.034016154834771	6.15468583908905	
0.15857495494929943	0.3750332288045079	0.50373211435644	0.9052623910810093	1.398773310735407	2.0209819978527013	2.8558558919247585	4.4969459981152875	5.726390014681852	
0.15299850346928542	0.38980421971905416	0.5456393759725741	1.0190395573881876	1.6644717187367748	2.2234415896135817	3.139607697576068	4.259752699498992	5.19522014256591	
0.13192208863974517	0.3579621485243344	0.665692156933367	1.140721875451867	1.1772898103700389	2.047568675780042	3.4140489496018183	3.6836692151274057	5.6982888632197986	
0.1469913034298211	0.36824349642795445	0.654950400924522	1.1053435949146315	1.4753396875348639	2.0852074200419497	3.012541371523292	5.020267143162552	6.182747467418233	
0.1581902659094739	0.34857483638247877	0.5795525176219296	0.7650596409605188	1.3609949968867618	2.422399834551143	3.126740369604458	4.712847970334522	5.57276251646012	
0.1385192677711189	0.4007535040522689	0.58976568043843	1.0204041313235654	1.4946040925423358	2.6349341836971405	2.7977313658280005	5.729435550529072	6.941317292918834	
0.15754439394175654	0.430131451482582	0.4734736647915071	0.9767006496631341	1.6779278887210558	2.3399821229598308	3.6715864402813194	4.4414329970412965	6.5895492976039804	
0.1644656438217086	0.37614875063142594	0.6993136254788533	0.8749814869375531	1.4380799308654808	2.0341313694702574	3.23221858693385	5.52334260993339	5.871381457375165	
0.15848477631126062	0.3957531641645415	0.6978033562170016	0.8462962929337787	1.4405213104742978	1.9306017014763337	3.2528223564297782	4.439217409155116	5.806215686913669	
0.12601676913925822	0.34665521548740075	0.6275018227707567	1.0085830405767802	1.452995532034609	2.2256630841570155	3.0872790479773116	4.798742568146661	6.394301842295043	
0.16704266996013048	0.3954613192842258	0.6291908026653683	0.9843479967895491	1.4653988240236122	2.1522688992417685	3.527344544614611	4.134675996047991	4.836287894880866	
0.1432953090472984	0.35521223904570653	0.47556523792549465	0.9650650232177618	1.4347144332345698	2.3756446215326257	3.6356396682989938	4.70528447124355	5.463132965729725	
0.15777459153207063	0.41876623476381364	0.5850943496485971	0.9829542194628895	1.42128491442961	2.4066927060853267	2.9448691468397437	5.027546109831909	5.323810487941079	
0.16832991874852468	0.3547843945091264	0.6790520077015625	0.9140885490529285	1.397790229766656	2.320282127434986	3.5753512692393103	4.9451936819454465	7.240395671883155	
0.15494226192063867	0.4068321365579286	0.6557064647462466	0.9412397685385322	1.327120328306674	2.3134427975613576	2.7908046603062644	3.963638396481764	6.458879347353986	
0.15645305649062205	0.3876663612410808	0.7005112261855945	0.8800703328989128	1.4748402156466933	1.9831830745201284	3.134475061376832	4.9802222731178	5.618791464324542	
0.15496385779835675	0.3367427124555401	0.6048704065507061	0.8471393786022268	1.6148465352696066	1.9930867008953932	3.2310559407078445	4.445315693197526	6.027165330455917	
0.1617364045523287	0.3700468393465645	0.5662705845813973	1.0827455817854494	1.229195539628099	2.497075062841199	2.891171617449053	4.751961062586865	6.314562674332555	
0.16026479866512203	0.4050756158986459	0.6441304557999911	0.9285522196890589	1.6860557003217778	1.8291767627961146	3.642759801803295	4.901269519927191	6.411634858707954	
0.17481579530505362	0.4190084988644515	0.5344553738679574	0.9158142415629403	1.203893012570095	1.8079184432983784	3.3480282934859042	4.515281525547178	5.692633933347296	
0.14917676209492226	0.4116786994715333	0.7328862001970285	0.9167403382099533	1.296928381842215	2.2742290768088345	3.0710072412821163	4.426808001623115	6.349701028909328	
0.1480914154575844	0.3553715359979233	0.6346537162835261	0.9177196472484521	1.5245751200226771	2.175110706355273	3.464155098974161	4.0556756239860805	6.420305798458788	
0.10252527304589108	0.36733328673458093	0.5772597359611124	1.1802338088010722	1.241132472683526	2.1874893106627455	3.013699495069495	4.592014990439879	6.650787045047137	
0.14513112181067991	0.2945849547258417	0.6120102547986555	0.8702388297274259	1.4682153614166686	2.588194051991316	2.933589393420365	3.685204104646041	6.479099050322464	
0.17117375342958197	0.42825660979869273	0.5405463539773251	1.0027669206447618	1.2491901775229204	2.2831176263576154	3.9552133310937747	4.607752361518825	5.770544224679482	
0.17464603045118401	0.4188898283975469	0.6132760195680019	0.9730533862479772	1.486672800465803	2.2330677311809524	3.2183003765446037	4.999031835529779	6.029644201348992	
0.14956199983721466	0.35710154687339174	0.5277039293256923	0.9178365383776209	1.2302590726673654	2.4498607530123646	3.196046214479201	5.440223846038986	5.250592104314736	
0.16274185909593425	0.3375149623876629	0.6284250701117277	0.9135825010258529	1.1972937799466468	2.049013265524817	3.2394051369428225	3.644653369198065	6.006424470545156	
0.14660546499019056	0.44788536042721916	0.5520068209775377	0.8117003140758363	1.0749437349761202	2.1957079341677592	3.0776226036276935	4.278272318998608	6.316935836477594	
0.14794587535160889	0.38520151926714674	0.5636488872060271	0.8835184784718102	1.3204222147188662	1.966612450173613	3.0364110698169116	4.09131539026404	6.171630512722159	
0.16604786331580376	0.3893143100438119	0.6580974415656063	0.7392664910687703	1.4886496975034271	2.1500870838686166	3.0578363555854233	4.397979711719729	5.83774187497115	
0.14559580394769306	0.3381783341712724	0.6457200045505435	0.8861460750105696	1.4013138984809184	1.8285894252521402	3.097121732190081	4.304069194142963	5.9325728191124405	
0.12578984871017065	0.33094983141421497	0.729543874452351	1.1219760148668192	1.441150905685922	2.0518831467660217	3.066714671072577	4.2542721357547055	6.619086853158833	
0.1516589277945221	0.37689073151841795	0.5833382262264337	1.0201658773971476	1.3412467230342027	2.2833257599430365	3.159339764292993	4.533564151541833	6.402521799003056	
0.146626626174636	0.3917607345954863	0.5994171792638239	1.007612162204551	1.5957004151888827	2.060349137696854	2.830804095692582	4.619695986329273	6.180189058687435	
