9	82
1	1	1	1	1	1	1	0	1	1	
0.08835914085958388	0.14585346339090055	0.37423421277077057	0.5240191127909964	0.9787048925458147	1.0501367427137465	2.4664426496114538	4.430079487113005	5.4362160878249846	
0.11433935881402801	0.12428813785556896	0.40509781226711417	0.6535502881663864	0.8569818686593846	1.3712692403247888	1.8603605260549385	4.489838756066982	6.593198556494212	
0.09823038049622734	0.17364598911721862	0.2799022468940742	0.5557497239487005	1.0438353128206501	1.3473746230387433	1.9380448669465196	4.0522036506462005	5.8199990728081215	
0.09504370141304685	0.1377242798693976	0.40152237358432014	0.6584554733081945	0.8257447514482795	1.4606424231241284	2.014756287729264	4.167576490662169	5.612207327552988	
0.11091986493447609	0.14899063623252976	0.3982415757264105	0.5219810631442093	0.9046353002272062	1.6052013020175362	2.2762660161290658	4.239585204962064	4.881407067983975	
0.08678468505806612	0.1256283131596718	0.41289064750042553	0.5182904214635567	0.8669093797915479	1.2534936050839784	2.191443678358346	5.221262331562636	5.9682449583496675	
0.10743023127774982	0.15181957665582022	0.37863707729837254	0.6984297747554111	1.059147949369193	1.5829994976404809	2.292485496297569	4.821314719888901	5.718524327017325	
0.10977888199428337	0.1646840142495588	0.3657273878837159	0.6396358058171783	0.9465604795074347	1.273049468990785	2.6141446610746555	4.358680083425019	6.8765375751635816	
0.11153847733125916	0.14738040181731887	0.4001031453527787	0.5865008590538221	0.8888327423379139	1.3051009585132702	1.969955632102771	5.012654965983981	5.853088513669414	
0.08185744661932057	0.14443630304829488	0.3501362455214929	0.5965276690184633	0.7313262695611423	1.344710971858518	1.9737561296791488	4.523506124178391	6.434781304568824	
0.1289796587480816	0.12811833707638695	0.32271846178810937	0.5780613179167248	0.7979991683550223	1.3656325518131938	2.471061372791677	4.620942908334725	5.350902207347453	
0.10443899110063737	0.16418472603889464	0.35343180035654664	0.5562918291089988	0.9284411315039893	1.6521012994586917	2.3359580222543324	4.512801857741436	6.782557459258406	
0.08554982928354671	0.15620290632724348	0.3476271815257818	0.5825172749159885	0.9770712380671643	1.291170043544534	2.3465999372716984	4.620548909773272	6.847293920873092	
0.09120204125856089	0.1314485246858181	0.3592753288032703	0.6147716750514031	1.0201071786709255	1.390137791460701	1.7258459446855687	4.114780264890342	5.160533622389263	
0.09272383287929425	0.14226856904416615	0.3202029872941933	0.6126337791674304	0.759699038195784	1.590176386254057	1.9250605462796315	5.074430502412324	6.357341014364333	
0.0942639160260245	0.16281042954330646	0.3903403204946399	0.6864021613817005	1.0452647810238749	1.5124737785933864	1.8927755903233823	4.201210072317226	5.787902926555208	
0.09978941112202627	0.14375039708687917	0.42066475346578736	0.638514383841401	0.8504038421458028	1.4721325545080601	2.2833832934316267	4.761064682654883	5.998104088095188	
0.089457742022517	0.15150566862343517	0.37909535102849284	0.6124663184973622	0.9873420505484104	1.4398642964782873	2.476172041842976	4.8594513166926045	5.941511336842342	
0.11276516632292455	0.15475608031793947	0.4546135773048253	0.5690133184277629	0.9258130427273017	1.6509903322585682	1.6192292735146927	4.220087462440664	5.356774649658243	
0.09039646701626054	0.1749225881320397	0.37626712650550137	0.618782931161121	0.8648879741695564	1.459115112419012	2.1114850223755077	4.004498699428433	5.8812729880826895	
0.09966092927774883	0.1457683113371491	0.3727302813220209	0.6399327966754166	0.9857178432728563	1.5830393841760635	2.3816121550336824	4.258237044808726	6.017782425464805	
0.0882612485237731	0.13440274776109098	0.37957556600999226	0.6179048857239126	1.0044515066341033	1.4940746737633346	2.6596063852571286	4.732417440672935	6.134918350937164	
0.09466059777760638	0.11779145132378264	0.3414667406327366	0.6031166117904047	1.1523515834622917	1.6079595080286475	2.18067597063475	4.456316610201414	6.4097547442506615	
0.09352882134920784	0.13241583954932246	0.36857296430294617	0.6155513473295137	0.8594355627682981	1.45011493274639	2.2069953949078944	3.9343869062758077	5.675424942655212	
0.10415242187740031	0.13144840267984342	0.44176965278880365	0.48854223169110755	0.8802286855934272	1.5800214993916344	2.264482245791281	3.8174663529416595	6.2365849491396945	
0.11768828201431672	0.16959794752800994	0.4122506006193859	0.5757372213477102	0.9741519344809237	1.3555093277823744	2.5180256445560647	4.06109939475564	6.265688929514761	
0.09171717404046223	0.15629573043759618	0.34751435680823345	0.5979572497488256	1.042839086573925	1.6012924052480755	1.9031004873599575	5.139420944314547	6.22230540781367	
0.09870635133297942	0.15372810954539545	0.4420732317150031	0.5988260913398172	1.0457144230374156	1.6030386589433336	2.3333128483991157	4.4253839353630005	5.828955694906014	
0.09847261611068531	0.13578503896441263	0.3790813388937802	0.561512541040359	0.9191718309348229	1.2033887809572963	2.071450309156512	4.703768173022855	6.37214706086626	
0.09243617134760507	0.1770941036523584	0.40827457519495974	0.5220744032418008	1.0148509338484335	1.2804295424105707	2.2652564335346526	4.4208772037517186	5.062989348580113	
0.09551606384157872	0.15260780586711453	0.36991141169805014	0.5827779341492468	0.9070240682045911	1.4377237761818307	2.3317532405350856	4.370391026736174	6.658039814074144	
0.09827253591160262	0.14013307902993496	0.3798960142146896	0.5509418784878821	0.8301351872204326	1.7173518036342992	2.0014875855184293	3.539081593492325	5.863236344707961	
0.09967417289570757	0.1505679196170379	0.3410884404845543	0.618005114698242	1.076520228770278	1.4793719587270189	2.4032094841479887	4.472604274728603	6.19094619285783	
0.09647214346313038	0.1381324491753329	0.4241481291054837	0.4783022236927368	0.8743925028482954	1.3266430939045304	2.1860301206961905	4.045855733869775	6.017901004202111	
0.10801409660983895	0.1338448075906102	0.34627553341591355	0.6135105608324388	1.074895349078933	1.4855213137233076	2.1283031845180638	4.646691031439497	6.651660008012996	
0.10156477696843202	0.1641193433151316	0.37915841289975943	0.5237275555557896	1.0543112084220978	1.491758044203381	2.1625928202902327	4.204895754145728	6.103792748329413	
0.11349256476505565	0.14818500089075937	0.3520093772235994	0.5195371479089074	0.9841821374538627	1.2365117458719086	2.0069796253181553	4.3729852322764495	5.348708258333347	
0.09571796239802652	0.15493750080401572	0.41104127756055686	0.4935716485356916	0.9185758970327292	1.6043999093222188	1.8140685983299436	5.056361202209102	6.553140881097237	
0.09567850684856763	0.1626131157692954	0.4067916879106253	0.5019739653801573	1.0025719960756785	1.4565571259847165	1.9951578567789943	4.862637362673466	6.339368539485164	
0.10568393018883436	0.15092757204013274	0.3685962781958499	0.5794198250899175	1.0044310063272572	1.5549420713927598	2.3916127962075815	3.2089744802031848	6.225413154547363	
0.08921536458444868	0.13719644783929083	0.36056342617575476	0.7029920246661417	0.7455471911999549	1.2707011058427142	2.1148986202397326	4.5007638623809	7.202611396787349	
0.1071723673484411	0.1531510702028129	0.4111729498209644	0.6535847379360448	0.7196162008510687	1.3156274556827057	1.953923951050202	4.676943178073339	6.3824110888760135	
0.12173957332059036	0.11918914215983595	0.4088934998056063	0.588521941016455	0.958771748742674	1.6654190331038514	2.270567009524408	4.398578963746943	5.567353488332995	
0.11201718318577124	0.153757217213039	0.39256329255051897	0.5957022046892306	0.8818393966915233	1.4904207696878484	2.015721633219719	4.554403513954326	6.602825889331717	
0.1056962720131275	0.146367916089038	0.3889995300549452	0.6167065188577118	1.092426533050611	1.1159324371412644	1.8867841250325736	4.62328078707379	5.672054599254151	
0.12185708271453344	0.1492299175409995	0.37874429822425926	0.6323361145954848	0.9575123655961845	1.451032254956836	2.1544630352809273	4.436768083650682	6.6210567536079115	
0.09658608775371386	0.15062602033063627	0.4471530404937028	0.6412893329307751	0.944515464446729	1.3890919287490013	1.9726551447114942	4.801574144354865	6.054016081750123	
0.0970481998098808	0.13047068502823472	0.3995802190259859	0.6721834635982752	0.8495267484925209	1.5151599507942741	2.444652246163481	4.05728511001943	6.105428926602895	
0.09844634403748849	0.13754256221136985	0.3506224166683225	0.5355466876504174	0.8482731347446678	1.5195916236555498	2.5232140440136406	4.493532837818219	6.05273403027327	
0.09126075869879816	0.13900197531720032	0.3775450770011547	0.5242747060308335	0.8470997999576082	1.3376300072383003	2.482100800389885	3.9778198865777443	5.822667899311888	
0.10719339099646913	0.14822667874344408	0.4069838069776398	0.5628446929046295	0.9346572992868093	1.2521713037357656	2.0951631669853854	4.3653978597781	6.852172815208084	
0.10167264480999878	0.15982572648897145	0.3964631009388947	0.5843948395169551	0.8836468000855414	1.2579068909375604	2.2673360760037293	4.437811692132961	5.984150469741175	
0.1009900209461939	0.16311618291216956	0.3346471461361228	0.5624114132565199	0.8991004851612234	1.4627678891906826	1.9897279835061692	4.278893464438918	6.033220339068554	
0.10797977898225018	0.15033579169793412	0.37196119607345474	0.5113123326194433	0.9246507325854993	1.5723589909657145	2.0162605349699523	5.15696970277314	5.531054441977316	
0.109598461693037	0.1446469397713967	0.37278991065673583	0.5898690601569789	0.7269433492083471	1.2907374122839845	2.1547124459103526	4.5254913644661885	5.640807687910341	
0.10827969810355986	0.1640386684552814	0.37664229006364625	0.5746954015284483	0.9664139942581689	1.4017309569484526	1.8186910990573781	4.446745230695354	6.4515740948211135	
0.10673737876338328	0.14006824315701158	0.3270310053357166	0.6372646577935943	0.9075108742729023	1.283070867620194	2.0897882995946997	4.674532582630109	6.643108276220102	
0.10318089091507382	0.14933810531609787	0.3844826342873311	0.6745036900972756	0.8556703602893571	1.3394399831597807	2.2056639343101434	4.563266459112817	6.29201505842711	
0.11238666986802322	0.1827392091502488	0.35297409251095907	0.5100291545532184	0.9322039519958746	1.4558982928759536	2.124041582393155	4.196555897414077	5.571059128531731	
0.08820294649504808	0.14210627626758002	0.3938433398021574	0.6740164803579963	0.8811134473286302	1.2029966600678255	2.4650322388869728	3.855456805076873	5.846795609828419	
0.10479696511094248	0.14636451571453502	0.39322117828735204	0.5876755298493868	0.9025012894350188	1.3415099566817628	2.5914525754368483	4.6745681801570145	6.619181418864733	
0.08829905307356249	0.14137752174363122	0.3812784760039444	0.607070671613529	0.8078415330390096	1.3901921054776196	2.0661054761716864	5.003745897035275	5.698041108389614	
0.0979517216221604	0.13467558483215464	0.40668632601117916	0.5843301945998407	0.9099386083385018	1.5669261498355287	2.033600009618668	4.458612803537596	5.583164047662299	
0.09659820255299967	0.1549723509758551	0.43418177473143477	0.5121874682823415	0.9009796124463557	1.5721988150295947	2.1720236406862754	5.4494345356127605	5.856964704155561	
0.10002044672540218	0.15665213998130886	0.3509583545415588	0.631542568972078	1.1247665719999562	1.5120297862919791	1.6339108504910298	4.336820122762425	4.656398079063621	
0.08471527752891089	0.1470622162833114	0.3568524764151814	0.5576759519229305	0.7944575162399776	1.3901211701055767	1.9405995179686082	5.11291466364367	6.161393866214514	
0.0955528972256821	0.15732538979977137	0.3392693523395403	0.5780084979111554	1.0207171677279554	1.6948706242797775	1.5733874726272534	3.647392101249385	5.78924893595358	
0.09118372340606332	0.16038223040595667	0.4478821608495499	0.5897732684512703	0.9862691789304674	1.5077865774212458	1.8108068457977193	4.926079074842652	5.684983013848364	
0.09492513147403009	0.14966958846951162	0.3863587471523493	0.5775192731998786	0.901667904274724	1.4198039722381133	1.6886625177655277	4.244037221361743	6.281204897821546	
0.1120647104750884	0.15941472140008214	0.3677967887928856	0.6321183168079071	0.9332350244578314	1.3858232484750481	2.1911040367211276	4.52762828866733	6.146412564213275	
0.10482808564345136	0.14495842865597608	0.41981446219098834	0.6438097091806073	0.9620701300759549	1.3271078548977837	2.0386477817522786	4.505549330473393	5.7839838899927365	
0.08783457840545654	0.15461190865165217	0.34576669390253995	0.6038278656788341	0.9366807911726741	1.3804150288838402	2.07479065878072	3.5625405114339848	6.0230039194354585	
0.09831349383154823	0.11721703088175332	0.38683886643439125	0.6571474069561413	0.9463004757183521	1.4652737608257955	2.3049458048049867	5.270152167769656	5.448532895741479	
0.1009414724644424	0.15772545514297026	0.4090419437634035	0.7257465314304369	0.8500548790569655	1.465072982871535	1.9286403755274202	4.194268021151832	5.795348013700095	
0.09157028480742554	0.12135536922721787	0.41192849396598097	0.6613787389674711	0.8214979072420198	1.3357777188787854	2.1512914847887545	3.907169488910445	6.619140947878687	
0.1004058002071016	0.14672623642720983	0.41732551721274463	0.5719480722419917	0.955863282763112	1.627942425877587	2.0925165160658787	4.801604246385269	5.558069026574442	
0.10626193399317485	0.14718626934974724	0.3985722850427737	0.5815596618060979	1.0056894304782147	1.438192187343116	2.5104918913331224	3.9723930742372975	5.942304381673429	
0.09925149203798277	0.1475106747819531	0.4282349756614295	0.6323762489246224	0.9079919734729032	1.4713688280043362	2.2469962808354147	4.8113861129032856	4.895941732447628	
0.09878539059556972	0.16002761050994938	0.3872196778043932	0.6250188647932727	0.8527328540224135	1.6836113477392851	2.2238917406878516	4.147838491401493	5.754214067249038	
0.09884859697975916	0.12856018665830118	0.3922162302156308	0.6590564005093379	1.064714224453903	1.549359173842281	2.292049130759528	5.155976229051041	5.205106875069026	
0.09483351026211029	0.1256698585320678	0.3728475340939632	0.5099782745531438	0.8891264188118994	1.4939626072779137	2.126201457998583	5.729577627375301	5.8894171515723075	
0.10384425160124354	0.15839823895694216	0.3738435253653114	0.5681545284132277	0.7627559307595092	1.1181627139774466	2.0091636830581994	4.111973735918646	7.52398642729325	
